0,-929
1,-466
2,-1048
3,-4452
4,-352
5,-3800
6,-820
7,-125
8,-75
9,-271
10,-125
11,-125
12,-125
13,-125
14,-125
15,-125
16,-125
17,-125
18,-125
19,-125
20,-125
21,-125
22,-125
23,-125
24,-125
25,-125
26,-125
27,-125
28,-125
29,-125
30,-125
31,-125
32,-125
33,-200
34,-125
35,-125
36,-125
37,-127
38,-125
39,-125
40,-125
41,-125
42,-125
43,-125
44,-125
45,-125
46,-125
47,-125
48,-125
49,-125
50,-125
51,-125
52,-125
53,-125
54,-125
55,-125
56,-125
57,-125
58,-125
59,-125
60,-125
61,-125
62,-125
63,-125
64,-125
65,-125
66,-125
67,-125
68,-125
69,-125
70,-125
71,-125
72,-125
73,-125
74,-125
75,-125
76,-125
77,-125
78,-125
79,-125
80,-125
81,-125
82,-125
83,-125
84,-125
85,-125
86,-125
87,-125
88,-125
89,-125
90,-125
91,-125
92,-125
93,-125
94,-125
95,-125
96,-125
97,-125
98,-125
99,-125
100,-125
101,-125
102,-125
103,-125
104,-125
105,-125
106,-125
107,-125
108,-125
109,-125
110,-125
111,-125
112,-125
113,-125
114,-125
115,-125
116,-125
117,-125
118,-125
119,-125
120,-125
121,-125
122,-125
123,-125
124,-125
125,-125
126,-125
127,-125
128,-125
129,-125
130,-125
131,-125
132,-125
133,-125
134,-125
135,-125
136,-125
137,-125
138,-125
139,-125
140,-125
141,-125
142,-125
143,-125
144,-125
145,-125
146,-125
147,-125
148,-125
149,-125
150,-125
151,-125
152,-125
153,-125
154,-125
155,-125
156,-125
157,-125
158,-125
159,-125
160,-125
161,-125
162,-125
163,-125
164,-125
165,-125
166,-125
167,-125
168,-125
169,-125
170,-125
171,-125
172,-125
173,-125
174,-125
175,-125
176,-125
177,-125
178,-125
179,-125
180,-125
181,-125
182,-125
183,-125
184,-125
185,-125
186,-125
187,-125
188,-125
189,-125
190,-125
191,-125
192,-125
193,-125
194,-125
195,-125
196,-125
197,-125
198,-125
199,-125
200,-125
201,-125
202,-125
203,-125
204,-125
205,-125
206,-125
207,-125
208,-125
209,-125
210,-125
211,-125
212,-125
213,-125
214,-125
215,-125
216,-125
217,-125
218,-125
219,-125
220,-125
221,-125
222,-125
223,-125
224,-125
225,-125
226,-125
227,-125
228,-125
229,-125
230,-125
231,-125
232,-125
233,-125
234,-125
235,-125
236,-125
237,-125
238,-125
239,-125
240,-125
241,-125
242,-125
243,-125
244,-125
245,-125
246,-125
247,-125
248,-125
249,-125
250,-125
251,-127
252,-125
253,-125
254,-125
255,-125
256,-125
257,-125
258,-125
259,-125
260,-125
261,-125
262,-125
263,-125
264,-125
265,-125
266,-125
267,-125
268,-125
269,-125
270,-125
271,-125
272,-125
273,-125
274,-125
275,-127
276,-125
277,-125
278,-125
279,-125
280,-125
281,-125
282,-125
283,-125
284,-125
285,-125
286,-125
287,-125
288,-125
289,-125
290,-125
291,-125
292,-125
293,-125
294,-125
295,-125
296,-125
297,-125
298,-125
299,-125
300,-125
301,-125
302,-125
303,-125
304,-125
305,-125
306,-125
307,-125
308,-125
309,-125
310,-125
311,-125
312,-125
313,-125
314,-125
315,-125
316,-125
317,-125
318,-125
319,-125
320,-125
321,-125
322,-125
323,-125
324,-125
325,-125
326,-125
327,-75
328,-125
329,-125
330,-125
331,-125
332,-125
333,-125
334,-125
335,-125
336,-125
337,-125
338,-125
339,-125
340,-125
341,-125
342,-125
343,-125
344,-125
345,-125
346,-125
347,-125
348,-125
349,-125
350,-125
351,-125
352,-125
353,-125
354,-125
355,-125
356,-125
357,-125
358,-125
359,-125
360,-125
361,-125
362,-125
363,-125
364,-125
365,-125
366,-127
367,-125
368,-125
369,-125
370,-125
371,-125
372,-125
373,-125
374,-125
375,-125
376,-125
377,-125
378,-125
379,-125
380,-125
381,-125
382,-125
383,-125
384,-125
385,-125
386,-125
387,-125
388,-125
389,-125
390,-125
391,-125
392,-125
393,-125
394,-125
395,-125
396,-125
397,-125
398,-125
399,-125
400,-125
401,-125
402,-125
403,-125
404,-125
405,-125
406,-125
407,-125
408,-125
409,-125
410,-125
411,-125
412,-125
413,-125
414,-125
415,-125
416,-125
417,-125
418,-125
419,-125
420,-125
421,-125
422,-125
423,-125
424,-125
425,-125
426,-125
427,-125
428,-125
429,-125
430,-125
431,-125
432,-125
433,-125
434,-125
435,-125
436,-125
437,-125
438,-125
439,-125
440,-125
441,-125
442,-125
443,-125
444,-125
445,-125
446,-125
447,-125
448,-125
449,-125
450,-125
451,-127
452,-125
453,-125
454,-125
455,-125
456,-125
457,-125
458,-125
459,-125
460,-125
461,-125
462,-125
463,-125
464,-125
465,-125
466,-125
467,-125
468,-125
469,-125
470,-125
471,-125
472,-125
473,-125
474,-125
475,-125
476,-125
477,-125
478,-125
479,-125
480,-125
481,-125
482,-125
483,-125
484,-125
485,-125
486,-125
487,-125
488,-125
489,-125
490,-125
491,-125
492,-125
493,-125
494,-125
495,-125
496,-125
497,-125
498,-175
499,-125
500,-125
501,-125
502,-125
503,-125
504,-125
505,-125
506,-125
507,-125
508,-125
509,-125
510,-125
511,-125
512,-125
513,-125
514,-125
515,-125
516,-125
517,-125
518,-125
519,-125
520,-125
521,-125
522,-125
523,-125
524,-125
525,-125
526,-125
527,-125
528,-125
529,-125
530,-125
531,-125
532,-125
533,-125
534,-125
535,-125
536,-125
537,-125
538,-125
539,-125
540,-125
541,-125
542,-125
543,-125
544,-125
545,-125
546,-125
547,-125
548,-125
549,-125
550,-125
551,-125
552,-125
553,-125
554,-125
555,-125
556,-125
557,-125
558,-125
559,-125
560,-125
561,-125
562,-125
563,-125
564,-125
565,-125
566,-125
567,-125
568,-125
569,-125
570,-125
571,-125
572,-125
573,-125
574,-125
575,-125
576,-125
577,-125
578,-125
579,-125
580,-125
581,-125
582,-125
583,-125
584,-125
585,-125
586,-125
587,-125
588,-125
589,-125
590,-125
591,-125
592,-125
593,-125
594,-125
595,-125
596,-125
597,-125
598,-125
599,-125
600,-125
601,-125
602,-125
603,-125
604,-125
605,-125
606,-125
607,-125
608,-125
609,-125
610,-125
611,-125
612,-125
613,-125
614,-125
615,-125
616,-125
617,-125
618,-125
619,-125
620,-125
621,-125
622,-125
623,-125
624,-125
625,-125
626,-125
627,-125
628,-125
629,-125
630,-125
631,-125
632,-125
633,-125
634,-125
635,-125
636,-125
637,-125
638,-125
639,-125
640,-125
641,-125
642,-125
643,-125
644,-125
645,-125
646,-125
647,-125
648,-125
649,-125
650,-125
651,-125
652,-125
653,-125
654,-125
655,-125
656,-125
657,-125
658,-125
659,-125
660,-125
661,-125
662,-125
663,-125
664,-125
665,-125
666,-125
667,-125
668,-125
669,-125
670,-125
671,-125
672,-125
673,-125
674,-125
675,-125
676,-125
677,-125
678,-125
679,-125
680,-125
681,-125
682,-127
683,-125
684,-125
685,-125
686,-125
687,-125
688,-125
689,-125
690,-125
691,-125
692,-125
693,-125
694,-125
695,-125
696,-125
697,-125
698,-125
699,-125
700,-125
701,-125
702,-125
703,-125
704,-125
705,-125
706,-125
707,-125
708,-125
709,-125
710,-125
711,-125
712,-125
713,-125
714,-125
715,-125
716,-125
717,-125
718,-125
719,-125
720,-125
721,-125
722,-125
723,-125
724,-125
725,-125
726,-125
727,-175
728,-125
729,-125
730,-175
731,-125
732,-125
733,-125
734,-125
735,-125
736,-125
737,-125
738,-125
739,-125
740,-125
741,-125
742,-125
743,-125
744,-125
745,-125
746,-125
747,-125
748,-125
749,-125
750,-125
751,-125
752,-125
753,-125
754,-125
755,-125
756,-125
757,-125
758,-125
759,-125
760,-125
761,-125
762,-125
763,-125
764,-125
765,-125
766,-125
767,-125
768,-125
769,-125
770,-125
771,-125
772,-125
773,-125
774,-125
775,-125
776,-125
777,-125
778,-125
779,-125
780,-125
781,-125
782,-125
783,-125
784,-125
785,-125
786,-125
787,-125
788,-127
789,-125
790,-125
791,-125
792,-125
793,-125
794,-125
795,-125
796,-125
797,-125
798,-125
799,-125
800,-125
801,-125
802,-125
803,-125
804,-125
805,-125
806,-125
807,-125
808,-125
809,-125
810,-125
811,-125
812,-125
813,-125
814,-125
815,-125
816,-125
817,-125
818,-125
819,-125
820,-125
821,-125
822,-125
823,-125
824,-125
825,-125
826,-125
827,-125
828,-125
829,-125
830,-125
831,-125
832,-125
833,-125
834,-125
835,-125
836,-125
837,-125
838,-125
839,-125
840,-125
841,-125
842,-125
843,-125
844,-125
845,-125
846,-125
847,-125
848,-125
849,-125
850,-175
851,-125
852,-75
853,-75
854,-75
855,-200
856,-75
857,-75
858,-75
859,-75
860,-75
861,-75
862,-75
863,-75
864,-75
865,-75
866,-75
867,-75
868,-75
869,-75
870,-75
871,-75
872,-75
873,-75
874,-75
875,-75
876,-75
877,-75
878,-75
879,-75
880,-75
881,-75
882,-75
883,-75
884,-75
885,-75
886,-75
887,-75
888,-75
889,-75
890,-75
891,-75
892,-75
893,-75
894,-75
895,-75
896,-75
897,-75
898,-75
899,-75
900,-75
901,-75
902,-75
903,-75
904,-75
905,-75
906,-75
907,-75
908,-75
909,-75
910,-75
911,-75
912,-75
913,-75
914,-75
915,-75
916,-75
917,-75
918,-75
919,-75
920,-75
921,-75
922,-75
923,-75
924,-75
925,-75
926,-75
927,-75
928,-75
929,-75
930,-75
931,-75
932,-75
933,-75
934,-75
935,-75
936,-75
937,-75
938,-75
939,-75
940,-75
941,-75
942,-75
943,-75
944,-75
945,-75
946,-75
947,-75
948,-75
949,-75
950,-75
951,-75
952,-75
953,-75
954,-75
955,-75
956,-75
957,-75
958,-75
959,-75
960,-75
961,-75
962,-75
963,-75
964,-75
965,-75
966,-75
967,-75
968,-75
969,-75
970,-75
971,-75
972,-75
973,-75
974,-75
975,-75
976,-75
977,-75
978,-75
979,-75
980,-75
981,-75
982,-75
983,-75
984,-75
985,-75
986,-75
987,-75
988,-75
989,-75
990,-75
991,-75
992,-75
993,-75
994,-75
995,-75
996,-75
997,-75
998,-75
999,-75
1000,-75
1001,-75
1002,-75
1003,-75
1004,-75
1005,-75
1006,-75
1007,-75
1008,-75
1009,-75
1010,-75
1011,-75
1012,-75
1013,-75
1014,-75
1015,-75
1016,-75
1017,-75
1018,-75
1019,-75
1020,-75
1021,-75
1022,-75
1023,-75
1024,-75
1025,-75
1026,-75
1027,-75
1028,-75
1029,-75
1030,-75
1031,-75
1032,-75
1033,-75
1034,-75
1035,-75
1036,-75
1037,-75
1038,-75
1039,-75
1040,-75
1041,-75
1042,-75
1043,-75
1044,-75
1045,-75
1046,-75
1047,-75
1048,-75
1049,-75
1050,-75
1051,-75
1052,-75
1053,-75
1054,-75
1055,-75
1056,-75
1057,-75
1058,-75
1059,-2187
1060,-75
1061,-75
1062,-75
1063,-75
1064,-125
1065,-75
1066,-75
1067,-75
1068,-75
1069,-75
1070,-75
1071,-75
1072,-75
1073,-75
1074,-75
1075,-75
1076,-75
1077,-75
1078,-75
1079,-75
1080,-75
1081,-75
1082,-75
1083,-75
1084,-75
1085,-75
1086,-75
1087,-75
1088,-75
1089,-75
1090,-75
1091,-75
1092,-75
1093,-75
1094,-75
1095,-75
1096,-75
1097,-75
1098,-75
1099,-75
1100,-75
1101,-75
1102,-75
1103,-75
1104,-75
1105,-75
1106,-75
1107,-75
1108,-75
1109,-200
1110,-75
1111,-75
1112,-75
1113,-75
1114,-75
1115,-75
1116,-75
1117,-75
1118,-75
1119,-75
1120,-75
1121,-75
1122,-75
1123,-75
1124,-75
1125,-75
1126,-75
1127,-75
1128,-75
1129,-75
1130,-75
1131,-75
1132,-75
1133,-75
1134,-75
1135,-75
1136,-75
1137,-75
1138,-75
1139,-75
1140,-75
1141,-75
1142,-75
1143,-75
1144,-75
1145,-75
1146,-75
1147,-75
1148,-75
1149,-75
1150,-75
1151,-75
1152,-75
1153,-75
1154,-75
1155,-75
1156,-75
1157,-75
1158,-75
1159,-75
1160,-75
1161,-75
1162,-75
1163,-75
1164,-75
1165,-75
1166,-75
1167,-75
1168,-75
1169,-75
1170,-75
1171,-75
1172,-75
1173,-75
1174,-75
1175,-75
1176,-75
1177,-75
1178,-75
1179,-75
1180,-75
1181,-75
1182,-75
1183,-75
1184,-75
1185,-75
1186,-75
1187,-75
1188,-75
1189,-75
1190,-75
1191,-75
1192,-75
1193,-75
1194,-75
1195,-75
1196,-75
1197,-75
1198,-75
1199,-75
1200,-75
1201,-75
1202,-75
1203,-75
1204,-75
1205,-75
1206,-75
1207,-75
1208,-75
1209,-75
1210,-75
1211,-75
1212,-75
1213,-75
1214,-75
1215,-75
1216,-75
1217,-75
1218,-75
1219,-75
1220,-75
1221,-75
1222,-75
1223,-75
1224,-75
1225,-75
1226,-75
1227,-75
1228,-75
1229,-75
1230,-75
1231,-75
1232,-75
1233,-75
1234,-75
1235,-75
1236,-75
1237,-75
1238,-75
1239,-75
1240,-75
1241,-75
1242,-75
1243,-75
1244,-75
1245,-75
1246,-75
1247,-75
1248,-75
1249,-75
1250,-75
1251,-75
1252,-75
1253,-75
1254,-75
1255,-75
1256,-75
1257,-75
1258,-75
1259,-75
1260,-75
1261,-75
1262,-75
1263,-75
1264,-75
1265,-75
1266,-75
1267,-75
1268,-75
1269,-75
1270,-75
1271,-75
1272,-75
1273,-75
1274,-75
1275,-75
1276,-75
1277,-75
1278,-75
1279,-75
1280,-75
1281,-75
1282,-75
1283,-75
1284,-75
1285,-75
1286,-75
1287,-75
1288,-75
1289,-75
1290,-75
1291,-75
1292,-75
1293,-75
1294,-75
1295,-75
1296,-75
1297,-75
1298,-75
1299,-75
1300,-75
1301,-75
1302,-75
1303,-75
1304,-75
1305,-75
1306,-75
1307,-75
1308,-75
1309,-75
1310,-75
1311,-75
1312,-75
1313,-75
1314,-75
1315,-77
1316,-75
1317,-75
1318,-75
1319,-75
1320,-75
1321,-75
1322,-75
1323,-75
1324,-75
1325,-75
1326,-75
1327,-75
1328,-75
1329,-75
1330,-75
1331,-75
1332,-75
1333,-75
1334,-75
1335,-75
1336,-75
1337,-75
1338,-75
1339,-75
1340,-75
1341,-75
1342,-75
1343,-75
1344,-75
1345,-75
1346,-75
1347,-75
1348,-75
1349,-75
1350,-75
1351,-75
1352,-75
1353,-75
1354,-75
1355,-75
1356,-75
1357,-75
1358,-75
1359,-75
1360,-75
1361,-75
1362,-75
1363,-75
1364,-75
1365,-75
1366,-75
1367,-75
1368,-75
1369,-75
1370,-75
1371,-75
1372,-75
1373,-75
1374,-75
1375,-75
1376,-75
1377,-75
1378,-75
1379,-75
1380,-75
1381,-75
1382,-75
1383,-75
1384,-75
1385,-75
1386,-75
1387,-75
1388,-75
1389,-75
1390,-75
1391,-75
1392,-75
1393,-75
1394,-75
1395,-75
1396,-75
1397,-75
1398,-75
1399,-75
1400,-75
1401,-75
1402,-75
1403,-75
1404,-75
1405,-75
1406,-75
1407,-75
1408,-75
1409,-75
1410,-75
1411,-75
1412,-75
1413,-75
1414,-75
1415,-75
1416,-75
1417,-125
1418,-125
1419,-75
1420,-75
1421,-75
1422,-75
1423,-75
1424,-75
1425,-75
1426,-75
1427,-75
1428,-75
1429,-75
1430,-75
1431,-75
1432,-75
1433,-75
1434,-75
1435,-75
1436,-75
1437,-75
1438,-75
1439,-75
1440,-75
1441,-75
1442,-75
1443,-75
1444,-75
1445,-75
1446,-75
1447,-75
1448,-75
1449,-853
1450,-75
1451,-75
1452,-75
1453,-75
1454,-75
1455,-75
1456,-75
1457,-75
1458,-75
1459,-75
1460,-75
1461,-75
1462,425
1463,-75
1464,-75
1465,-75
1466,-75
1467,-75
1468,-75
1469,-75
1470,-75
1471,-75
1472,-75
1473,-75
1474,-75
1475,-75
1476,-75
1477,-75
1478,-75
1479,-75
1480,-75
1481,-75
1482,-75
1483,-75
1484,-75
1485,-75
1486,-75
1487,-75
1488,-75
1489,-75
1490,-75
1491,-75
1492,-75
1493,-75
1494,-75
1495,-75
1496,-75
1497,-75
1498,-75
1499,-75
1500,-75
1501,-75
1502,-75
1503,-75
1504,-75
1505,-75
1506,-75
1507,-75
1508,-75
1509,-75
1510,-75
1511,-75
1512,-75
1513,-75
1514,-75
1515,-75
1516,-75
1517,-75
1518,-75
1519,-75
1520,-75
1521,-75
1522,-75
1523,-75
1524,-75
1525,-75
1526,-75
1527,-75
1528,-75
1529,-75
1530,-75
1531,-75
1532,-75
1533,-75
1534,-75
1535,-75
1536,-75
1537,-75
1538,-75
1539,-75
1540,-75
1541,-75
1542,-75
1543,-75
1544,-75
1545,-75
1546,-75
1547,-75
1548,-75
1549,-75
1550,-75
1551,-75
1552,-75
1553,-75
1554,-75
1555,-75
1556,-75
1557,-75
1558,-75
1559,-75
1560,-75
1561,-75
1562,-75
1563,-75
1564,-75
1565,-75
1566,-75
1567,-75
1568,-75
1569,-75
1570,-75
1571,-75
1572,-75
1573,-75
1574,-75
1575,-75
1576,-75
1577,-75
1578,-75
1579,-75
1580,-75
1581,-75
1582,-75
1583,-75
1584,-75
1585,-77
1586,-75
1587,-75
1588,-75
1589,-75
1590,-75
1591,-75
1592,-75
1593,-75
1594,-75
1595,-75
1596,-75
1597,-75
1598,-75
1599,-75
1600,-75
1601,-75
1602,-75
1603,-75
1604,-75
1605,-75
1606,-75
1607,-75
1608,-75
1609,-75
1610,-75
1611,-75
1612,-75
1613,-75
1614,-75
1615,-75
1616,-75
1617,-75
1618,-75
1619,-75
1620,-75
1621,-75
1622,-75
1623,-75
1624,-75
1625,-75
1626,-75
1627,-75
1628,-75
1629,-75
1630,-75
1631,-75
1632,-75
1633,-75
1634,-75
1635,-75
1636,-75
1637,-75
1638,-75
1639,-75
1640,-75
1641,-75
1642,-75
1643,-75
1644,-75
1645,-75
1646,-75
1647,-75
1648,-75
1649,-75
1650,-75
1651,-75
1652,-75
1653,-75
1654,-75
1655,-75
1656,-75
1657,-75
1658,-75
1659,-75
1660,-75
1661,-75
1662,-75
1663,-75
1664,-75
1665,-75
1666,-75
1667,-75
1668,-75
1669,-75
1670,-75
1671,-75
1672,-75
1673,-75
1674,-75
1675,-75
1676,-75
1677,-75
1678,-75
1679,-75
1680,-75
1681,-75
1682,-75
1683,-75
1684,-75
1685,-75
1686,-75
1687,-75
1688,-75
1689,-75
1690,-75
1691,-75
1692,-75
1693,-75
1694,-75
1695,-75
1696,-75
1697,-75
1698,-75
1699,-75
1700,-75
1701,-75
1702,-75
1703,-75
1704,-75
1705,-75
1706,-75
1707,-75
1708,-75
1709,-75
1710,-75
1711,-75
1712,-75
1713,-75
1714,-75
1715,-75
1716,-75
1717,-75
1718,-75
1719,-75
1720,-75
1721,-75
1722,-75
1723,-75
1724,-75
1725,-75
1726,-75
1727,-75
1728,-75
1729,-75
1730,-75
1731,-75
1732,-75
1733,-75
1734,-75
1735,-75
1736,-75
1737,-75
1738,-75
1739,-75
1740,-75
1741,-75
1742,-75
1743,-75
1744,-75
1745,-75
1746,-75
1747,-75
1748,-75
1749,-75
1750,-75
1751,-75
1752,-75
1753,-75
1754,-75
1755,-75
1756,-75
1757,-75
1758,-75
1759,-75
1760,-75
1761,-75
1762,-75
1763,-75
1764,-75
1765,-75
1766,-75
1767,-75
1768,-75
1769,-75
1770,-75
1771,-75
1772,-75
1773,-75
1774,-75
1775,-75
1776,-75
1777,-75
1778,-75
1779,-75
1780,-75
1781,-75
1782,-75
1783,-75
1784,-75
1785,-75
1786,-75
1787,-75
1788,-75
1789,-75
1790,-75
1791,-75
1792,-75
1793,-75
1794,-75
1795,-75
1796,-75
1797,-75
1798,-75
1799,-75
1800,-75
1801,-75
1802,-75
1803,-75
1804,-75
1805,-75
1806,-75
1807,-75
1808,-75
1809,-75
1810,-75
1811,-75
1812,-75
1813,-75
1814,-75
1815,-75
1816,-75
1817,-75
1818,-75
1819,-75
1820,-75
1821,-75
1822,-75
1823,-75
1824,-75
1825,-75
1826,-75
1827,-75
1828,-75
1829,-75
1830,-75
1831,-75
1832,-75
1833,-75
1834,-75
1835,-75
1836,-75
1837,-200
1838,-75
1839,-75
1840,-75
1841,-75
1842,-75
1843,-75
1844,-75
1845,-75
1846,-75
1847,-75
1848,-75
1849,-75
1850,-75
1851,-75
1852,-75
1853,-75
1854,-75
1855,-75
1856,-75
1857,-75
1858,-75
1859,-75
1860,-75
1861,-75
1862,-75
1863,-75
1864,-75
1865,-75
1866,-75
1867,-77
1868,-75
1869,-75
1870,-75
1871,-75
1872,-75
1873,-75
1874,-75
1875,-75
1876,-75
1877,-75
1878,-75
1879,-75
1880,-75
1881,-75
1882,-75
1883,-75
1884,-75
1885,-75
1886,-75
1887,-75
1888,-75
1889,-75
1890,-75
1891,-75
1892,-75
1893,-75
1894,-75
1895,-75
1896,-75
1897,-75
1898,-75
1899,-75
1900,-75
1901,-75
1902,-75
1903,-75
1904,-75
1905,-75
1906,-75
1907,-77
1908,-75
1909,-75
1910,-75
1911,-75
1912,-75
1913,-75
1914,-75
1915,-75
1916,-75
1917,-75
1918,-75
1919,-75
1920,-75
1921,-75
1922,-75
1923,-75
1924,-75
1925,-75
1926,-75
1927,-75
1928,-75
1929,-75
1930,-75
1931,-75
1932,-75
1933,-75
1934,-75
1935,-75
1936,-75
1937,-75
1938,-175
1939,-75
1940,-75
1941,-75
1942,-75
1943,-75
1944,-75
1945,-75
1946,675
1947,675
1948,675
1949,675
1950,675
1951,675
1952,675
1953,675
1954,675
1955,675
1956,675
1957,675
1958,675
1959,675
1960,675
1961,675
1962,675
1963,675
1964,675
1965,675
1966,675
1967,675
1968,675
1969,675
1970,675
1971,675
1972,675
1973,675
1974,675
1975,675
1976,675
1977,675
1978,675
1979,675
1980,675
1981,675
1982,675
1983,675
1984,675
1985,675
1986,675
1987,675
1988,675
1989,675
1990,675
1991,675
1992,675
1993,675
1994,675
1995,675
1996,675
1997,675
1998,675
1999,675
2000,675
2001,675
2002,675
2003,675
2004,675
2005,675
2006,675
2007,675
2008,675
2009,675
2010,675
2011,675
2012,675
2013,675
2014,675
2015,675
2016,675
2017,675
2018,675
2019,675
2020,675
2021,625
2022,675
2023,675
2024,675
2025,675
2026,675
2027,675
2028,675
2029,675
2030,675
2031,675
2032,675
2033,675
2034,675
2035,675
2036,675
2037,675
2038,675
2039,675
2040,675
2041,675
2042,675
2043,675
2044,675
2045,675
2046,675
2047,675
2048,675
2049,675
2050,675
2051,400
2052,675
2053,675
2054,675
2055,673
2056,675
2057,675
2058,400
2059,675
2060,675
2061,675
2062,675
2063,675
2064,675
2065,675
2066,675
2067,675
2068,675
2069,675
2070,675
2071,675
2072,675
2073,675
2074,675
2075,675
2076,675
2077,675
2078,675
2079,675
2080,675
2081,675
2082,675
2083,675
2084,-200
2085,675
2086,625
2087,675
2088,675
2089,675
2090,675
2091,675
2092,675
2093,625
2094,675
2095,675
2096,675
2097,675
2098,675
2099,675
2100,675
2101,675
2102,675
2103,675
2104,675
2105,675
2106,675
2107,675
2108,675
2109,675
2110,675
2111,675
2112,675
2113,675
2114,675
2115,675
2116,675
2117,575
2118,675
2119,675
2120,675
2121,675
2122,675
2123,675
2124,675
2125,675
2126,675
2127,675
2128,675
2129,675
2130,675
2131,675
2132,675
2133,675
2134,675
2135,675
2136,675
2137,625
2138,675
2139,675
2140,675
2141,625
2142,675
2143,675
2144,675
2145,675
2146,675
2147,675
2148,675
2149,675
2150,675
2151,675
2152,675
2153,675
2154,675
2155,675
2156,675
2157,675
2158,675
2159,675
2160,675
2161,675
2162,675
2163,675
2164,675
2165,675
2166,675
2167,675
2168,675
2169,675
2170,675
2171,675
2172,675
2173,675
2174,675
2175,673
2176,675
2177,675
2178,675
2179,675
2180,675
2181,675
2182,675
2183,675
2184,675
2185,675
2186,675
2187,675
2188,675
2189,675
2190,675
2191,675
2192,675
2193,675
2194,675
2195,675
2196,675
2197,675
2198,675
2199,359
2200,675
2201,675
2202,675
2203,675
2204,675
2205,675
2206,675
2207,675
2208,675
2209,675
2210,675
2211,675
2212,675
2213,675
2214,675
2215,675
2216,675
2217,675
2218,675
2219,675
2220,675
2221,675
2222,675
2223,675
2224,675
2225,675
2226,675
2227,675
2228,675
2229,675
2230,675
2231,675
2232,675
2233,675
2234,675
2235,675
2236,675
2237,675
2238,675
2239,675
2240,675
2241,675
2242,675
2243,675
2244,675
2245,675
2246,675
2247,675
2248,675
2249,675
2250,675
2251,675
2252,675
2253,675
2254,675
2255,675
2256,675
2257,675
2258,675
2259,675
2260,675
2261,675
2262,675
2263,675
2264,675
2265,675
2266,675
2267,675
2268,675
2269,675
2270,675
2271,675
2272,675
2273,675
2274,675
2275,675
2276,675
2277,675
2278,675
2279,675
2280,675
2281,675
2282,675
2283,675
2284,675
2285,675
2286,673
2287,675
2288,675
2289,675
2290,675
2291,675
2292,675
2293,675
2294,675
2295,675
2296,675
2297,675
2298,675
2299,675
2300,675
2301,675
2302,675
2303,675
2304,675
2305,625
2306,675
2307,675
2308,675
2309,675
2310,675
2311,675
2312,675
2313,675
2314,675
2315,675
2316,675
2317,675
2318,675
2319,675
2320,675
2321,675
2322,675
2323,675
2324,675
2325,675
2326,675
2327,675
2328,675
2329,675
2330,675
2331,675
2332,675
2333,675
2334,675
2335,675
2336,-200
2337,675
2338,675
2339,675
2340,675
2341,675
2342,675
2343,675
2344,675
2345,675
2346,675
2347,675
2348,675
2349,675
2350,675
2351,675
2352,675
2353,675
2354,675
2355,675
2356,675
2357,675
2358,675
2359,675
2360,675
2361,675
2362,675
2363,675
2364,675
2365,675
2366,675
2367,675
2368,675
2369,675
2370,675
2371,675
2372,675
2373,675
2374,675
2375,675
2376,675
2377,675
2378,675
2379,675
2380,675
2381,675
2382,675
2383,675
2384,675
2385,675
2386,675
2387,675
2388,675
2389,675
2390,675
2391,675
2392,675
2393,675
2394,675
2395,675
2396,675
2397,675
2398,675
2399,675
2400,675
2401,675
2402,675
2403,625
2404,-200
2405,675
2406,675
2407,675
2408,675
2409,675
2410,675
2411,675
2412,675
2413,675
2414,675
2415,675
2416,675
2417,675
2418,675
2419,675
2420,675
2421,675
2422,675
2423,675
2424,675
2425,675
2426,675
2427,675
2428,675
2429,675
2430,675
2431,675
2432,673
2433,-1071
2434,675
2435,675
2436,675
2437,675
2438,675
2439,675
2440,675
2441,675
2442,675
2443,675
2444,675
2445,675
2446,675
2447,675
2448,675
2449,675
2450,675
2451,675
2452,675
2453,675
2454,675
2455,675
2456,675
2457,675
2458,675
2459,675
2460,675
2461,675
2462,675
2463,675
2464,675
2465,675
2466,675
2467,675
2468,675
2469,675
2470,675
2471,675
2472,675
2473,675
2474,675
2475,675
2476,675
2477,675
2478,675
2479,675
2480,675
2481,675
2482,625
2483,675
2484,675
2485,675
2486,675
2487,675
2488,675
2489,675
2490,675
2491,675
2492,675
2493,675
2494,675
2495,675
2496,675
2497,675
2498,675
2499,675
2500,675
2501,675
2502,675
2503,675
2504,675
2505,675
2506,675
2507,675
2508,675
2509,675
2510,675
2511,675
2512,675
2513,675
2514,675
2515,675
2516,675
2517,675
2518,625
2519,-10275
2520,-1875
2521,-12450
2522,-10725
2523,-7777
2524,675
2525,-3275
2526,-775
2527,475
2528,-8977
2529,-12450
2530,-2525
2531,-375
2532,-12427
2533,-12450
2534,-12427
2535,-425
2536,-5225
2537,-2275
2538,-925
2539,-1425
2540,-12427
2541,-7712
2542,-6227
2543,-25
2544,-12427
2545,-6975
2546,-6525
2547,-1425
2548,-12450
2549,-9825
2550,-12404
2551,-12404
2552,-8777
2553,-525
2554,-1225
2555,-2325
2556,-6027
2557,-4377
2558,-675
2559,-12450
2560,-12450
2561,-4725
2562,-12404
2563,-5025
2564,-225
2565,-12450
2566,-3775
2567,-5875
2568,-12427
2569,-725
2570,-325
2571,-12450
2572,-11175
2573,375
2574,-1625
2575,-10977
2576,-5625
2577,-675
2578,-12404
2579,-2475
2580,-12450
2581,-9775
2582,-7825
2583,-777
2584,-9877
2585,-12427
2586,-12450
2587,-3275
2588,-12025
2589,-2125
2590,-7675
2591,-12450
2592,-12450
2593,-12427
2594,625
2595,625
2596,625
2597,625
2598,625
2599,625
2600,625
2601,625
2602,625
2603,625
2604,625
2605,625
2606,625
2607,625
2608,625
2609,625
2610,625
2611,625
2612,625
2613,625
2614,625
2615,625
2616,625
2617,625
2618,625
2619,625
2620,625
2621,625
2622,625
2623,625
2624,625
2625,625
2626,625
2627,625
2628,625
2629,625
2630,625
2631,625
2632,625
2633,625
2634,625
2635,625
2636,625
2637,625
2638,625
2639,625
2640,625
2641,625
2642,625
2643,625
2644,625
2645,625
2646,625
2647,625
2648,625
2649,625
2650,625
2651,625
2652,625
2653,625
2654,625
2655,625
2656,625
2657,625
2658,625
2659,625
2660,625
2661,625
2662,625
2663,625
2664,625
2665,625
2666,625
2667,625
2668,625
2669,625
2670,625
2671,625
2672,350
2673,625
2674,625
2675,525
2676,625
2677,-125
2678,625
2679,625
2680,625
2681,625
2682,625
2683,625
2684,625
2685,625
2686,625
2687,625
2688,625
2689,625
2690,625
2691,625
2692,625
2693,625
2694,625
2695,625
2696,625
2697,625
2698,625
2699,625
2700,625
2701,625
2702,625
2703,625
2704,625
2705,625
2706,625
2707,625
2708,625
2709,625
2710,625
2711,625
2712,625
2713,625
2714,625
2715,625
2716,625
2717,625
2718,625
2719,625
2720,625
2721,625
2722,625
2723,675
2724,625
2725,625
2726,625
2727,625
2728,625
2729,625
2730,625
2731,625
2732,625
2733,625
2734,625
2735,625
2736,625
2737,625
2738,625
2739,575
2740,625
2741,625
2742,625
2743,625
2744,625
2745,625
2746,625
2747,625
2748,625
2749,625
2750,625
2751,575
2752,625
2753,625
2754,625
2755,-125
2756,625
2757,625
2758,625
2759,625
2760,625
2761,625
2762,625
2763,625
2764,625
2765,625
2766,625
2767,625
2768,625
2769,625
2770,625
2771,625
2772,625
2773,625
2774,625
2775,625
2776,625
2777,625
2778,625
2779,625
2780,625
2781,625
2782,625
2783,625
2784,625
2785,625
2786,625
2787,625
2788,625
2789,625
2790,625
2791,625
2792,625
2793,625
2794,625
2795,575
2796,625
2797,625
2798,625
2799,625
2800,625
2801,625
2802,625
2803,625
2804,625
2805,625
2806,625
2807,625
2808,625
2809,625
2810,625
2811,625
2812,625
2813,625
2814,625
2815,625
2816,625
2817,625
2818,625
2819,625
2820,625
2821,625
2822,625
2823,625
2824,625
2825,625
2826,625
2827,625
2828,625
2829,625
2830,625
2831,625
2832,625
2833,625
2834,625
2835,625
2836,625
2837,625
2838,625
2839,625
2840,625
2841,625
2842,625
2843,375
2844,625
2845,575
2846,625
2847,625
2848,625
2849,625
2850,625
2851,375
2852,625
2853,625
2854,625
2855,625
2856,625
2857,575
2858,625
2859,625
2860,625
2861,625
2862,625
2863,625
2864,625
2865,625
2866,625
2867,625
2868,625
2869,625
2870,625
2871,625
2872,625
2873,625
2874,625
2875,625
2876,625
2877,625
2878,625
2879,625
2880,625
2881,625
2882,375
2883,625
2884,625
2885,625
2886,625
2887,625
2888,625
2889,625
2890,625
2891,625
2892,625
2893,675
2894,625
2895,625
2896,625
2897,625
2898,625
2899,625
2900,625
2901,625
2902,625
2903,575
2904,625
2905,625
2906,625
2907,625
2908,625
2909,625
2910,625
2911,625
2912,625
2913,625
2914,625
2915,625
2916,625
2917,625
2918,625
2919,625
2920,625
2921,625
2922,625
2923,625
2924,625
2925,625
2926,625
2927,625
2928,625
2929,625
2930,625
2931,625
2932,625
2933,625
2934,625
2935,625
2936,625
2937,625
2938,625
2939,625
2940,625
2941,625
2942,625
2943,625
2944,625
2945,625
2946,525
2947,625
2948,625
2949,625
2950,625
2951,623
2952,625
2953,625
2954,625
2955,625
2956,625
2957,625
2958,625
2959,625
2960,625
2961,625
2962,625
2963,625
2964,625
2965,625
2966,625
2967,625
2968,625
2969,625
2970,625
2971,625
2972,625
2973,625
2974,625
2975,625
2976,625
2977,625
2978,625
2979,625
2980,625
2981,625
2982,625
2983,625
2984,625
2985,625
2986,625
2987,625
2988,625
2989,625
2990,625
2991,625
2992,625
2993,625
2994,625
2995,625
2996,625
2997,625
2998,625
2999,625
3000,625
3001,625
3002,625
3003,625
3004,625
3005,625
3006,625
3007,625
3008,-1105
3009,625
3010,625
3011,625
3012,625
3013,625
3014,625
3015,625
3016,625
3017,625
3018,625
3019,625
3020,625
3021,625
3022,625
3023,625
3024,625
3025,625
3026,625
3027,625
3028,625
3029,625
3030,625
3031,625
3032,625
3033,625
3034,625
3035,625
3036,625
3037,625
3038,625
3039,625
3040,625
3041,625
3042,625
3043,625
3044,625
3045,625
3046,625
3047,625
3048,625
3049,625
3050,625
3051,625
3052,575
3053,625
3054,625
3055,625
3056,625
3057,625
3058,625
3059,625
3060,625
3061,625
3062,623
3063,625
3064,625
3065,625
3066,625
3067,625
3068,625
3069,625
3070,625
3071,625
3072,625
3073,625
3074,625
3075,625
3076,625
3077,625
3078,625
3079,625
3080,625
3081,625
3082,625
3083,625
3084,625
3085,625
3086,625
3087,625
3088,625
3089,625
3090,625
3091,625
3092,625
3093,625
3094,625
3095,625
3096,625
3097,625
3098,625
3099,625
3100,625
3101,-761
3102,625
3103,625
3104,625
3105,625
3106,625
3107,625
3108,625
3109,625
3110,625
3111,625
3112,625
3113,625
3114,625
3115,625
3116,625
3117,625
3118,-125
3119,625
3120,625
3121,625
3122,625
3123,625
3124,625
3125,625
3126,625
3127,625
3128,625
3129,-125
3130,625
3131,625
3132,625
3133,625
3134,625
3135,625
3136,625
3137,625
3138,625
3139,625
3140,625
3141,625
3142,625
3143,625
3144,625
3145,625
3146,625
3147,625
3148,625
3149,625
3150,625
3151,625
3152,625
3153,625
3154,625
3155,625
3156,625
3157,625
3158,625
3159,625
3160,625
3161,625
3162,625
3163,625
3164,625
3165,625
3166,625
3167,625
3168,625
3169,625
3170,625
3171,625
3172,625
3173,625
3174,625
3175,625
3176,625
3177,625
3178,625
3179,625
3180,625
3181,625
3182,625
3183,625
3184,625
3185,625
3186,625
3187,625
3188,625
3189,625
3190,625
3191,625
3192,625
3193,625
3194,625
3195,625
3196,625
3197,625
3198,625
3199,625
3200,625
3201,625
3202,625
3203,625
3204,625
3205,625
3206,625
3207,625
3208,625
3209,625
3210,625
3211,625
3212,625
3213,625
3214,625
3215,625
3216,625
3217,625
3218,625
3219,625
3220,625
3221,625
3222,625
3223,625
3224,625
3225,625
3226,625
3227,625
3228,625
3229,625
3230,625
3231,625
3232,625
3233,625
3234,625
3235,625
3236,625
3237,625
3238,625
3239,625
3240,625
3241,625
3242,625
3243,625
3244,625
3245,625
3246,625
3247,625
3248,625
3249,625
3250,625
3251,625
3252,625
3253,625
3254,625
3255,625
3256,625
3257,625
3258,625
3259,625
3260,625
3261,625
3262,625
3263,625
3264,625
3265,625
3266,625
3267,625
3268,625
3269,625
3270,625
3271,625
3272,625
3273,625
3274,625
3275,575
3276,625
3277,625
3278,625
3279,625
3280,625
3281,625
3282,623
3283,625
3284,625
3285,625
3286,625
3287,625
3288,625
3289,625
3290,625
3291,625
3292,625
3293,625
3294,625
3295,625
3296,625
3297,625
3298,625
3299,575
3300,625
3301,625
3302,625
3303,525
3304,625
3305,625
3306,625
3307,625
3308,625
3309,625
3310,625
3311,625
3312,625
3313,575
3314,625
3315,625
3316,625
3317,625
3318,625
3319,625
3320,625
3321,625
3322,625
3323,625
3324,625
3325,625
3326,625
3327,625
3328,625
3329,625
3330,625
3331,625
3332,625
3333,625
3334,625
3335,625
3336,625
3337,625
3338,625
3339,625
3340,625
3341,625
3342,625
3343,575
3344,625
3345,625
3346,625
3347,625
3348,625
3349,625
3350,625
3351,625
3352,625
3353,625
3354,625
3355,625
3356,625
3357,625
3358,625
3359,575
3360,625
3361,623
3362,625
3363,625
3364,625
3365,625
3366,625
3367,625
3368,625
3369,625
3370,625
3371,625
3372,625
3373,625
3374,625
3375,625
3376,625
3377,625
3378,625
3379,625
3380,625
3381,623
3382,625
3383,625
3384,625
3385,625
3386,525
3387,625
3388,625
3389,625
3390,625
3391,625
3392,625
3393,625
3394,625
3395,625
3396,625
3397,625
3398,625
3399,625
3400,625
3401,625
3402,625
3403,625
3404,625
3405,625
3406,625
3407,625
3408,625
3409,625
3410,625
3411,625
3412,625
3413,625
3414,625
3415,625
3416,625
3417,625
3418,625
3419,-125
3420,625
3421,625
3422,625
3423,625
3424,625
3425,625
3426,625
3427,625
3428,625
3429,625
3430,625
3431,625
3432,625
3433,625
3434,625
3435,625
3436,625
3437,625
3438,625
3439,625
3440,625
3441,625
3442,625
3443,625
3444,625
3445,625
3446,625
3447,625
3448,625
3449,625
3450,625
3451,625
3452,625
3453,575
3454,625
3455,625
3456,625
3457,625
3458,625
3459,625
3460,625
3461,625
3462,625
3463,625
3464,625
3465,625
3466,625
3467,625
3468,625
3469,625
3470,625
3471,625
3472,625
3473,625
3474,625
3475,625
3476,625
3477,625
3478,625
3479,575
3480,625
3481,625
3482,625
3483,625
3484,625
3485,625
3486,625
3487,625
3488,625
3489,625
3490,625
3491,625
3492,625
3493,625
3494,625
3495,625
3496,625
3497,625
3498,625
3499,625
3500,625
3501,623
3502,625
3503,625
3504,625
3505,625
3506,625
3507,625
3508,625
3509,625
3510,625
3511,625
3512,625
3513,625
3514,625
3515,625
3516,625
3517,625
3518,625
3519,625
3520,623
3521,625
3522,625
3523,625
3524,625
3525,625
3526,625
3527,625
3528,625
3529,625
3530,625
3531,625
3532,625
3533,625
3534,625
3535,625
3536,625
3537,625
3538,625
3539,625
3540,625
3541,625
3542,625
3543,625
3544,625
3545,625
3546,625
3547,625
3548,625
3549,625
3550,625
3551,625
3552,625
3553,625
3554,625
3555,625
3556,625
3557,625
3558,625
3559,625
3560,625
3561,625
3562,625
3563,625
3564,625
3565,625
3566,625
3567,625
3568,625
3569,625
3570,625
3571,625
3572,625
3573,625
3574,625
3575,625
3576,625
3577,625
3578,625
3579,625
3580,625
3581,625
3582,625
3583,625
3584,625
3585,625
3586,625
3587,625
3588,625
3589,625
3590,625
3591,625
3592,675
3593,625
3594,625
3595,625
3596,625
3597,625
3598,625
3599,625
3600,625
3601,625
3602,625
3603,625
3604,625
3605,625
3606,625
3607,625
3608,623
3609,625
3610,625
3611,625
3612,625
3613,625
3614,625
3615,625
3616,625
3617,625
3618,625
3619,575
3620,625
3621,625
3622,625
3623,623
3624,625
3625,625
3626,625
3627,625
3628,625
3629,625
3630,625
3631,625
3632,623
3633,625
3634,625
3635,625
3636,625
3637,625
3638,625
3639,525
3640,625
3641,625
3642,625
3643,625
3644,625
3645,625
3646,625
3647,625
3648,625
3649,625
3650,625
3651,625
3652,625
3653,625
3654,625
3655,625
3656,625
3657,625
3658,625
3659,625
3660,625
3661,625
3662,625
3663,625
3664,625
3665,625
3666,625
3667,625
3668,625
3669,625
3670,625
3671,625
3672,625
3673,625
3674,625
3675,625
3676,625
3677,625
3678,625
3679,625
3680,625
3681,625
3682,625
3683,625
3684,625
3685,625
3686,625
3687,625
3688,625
3689,625
3690,575
3691,625
3692,625
3693,625
3694,625
3695,625
3696,625
3697,625
3698,625
3699,625
3700,625
3701,625
3702,625
3703,625
3704,625
3705,625
3706,625
3707,625
3708,625
3709,625
3710,625
3711,625
3712,625
3713,625
3714,625
3715,625
3716,625
3717,625
3718,625
3719,625
3720,625
3721,625
3722,625
3723,625
3724,575
3725,525
3726,625
3727,625
3728,625
3729,625
3730,625
3731,625
3732,625
3733,625
3734,625
3735,625
3736,575
3737,625
3738,625
3739,625
3740,625
3741,625
3742,623
3743,625
3744,625
3745,625
3746,625
3747,625
3748,625
3749,625
3750,625
3751,575
3752,625
3753,625
3754,625
3755,625
3756,625
3757,625
3758,625
3759,625
3760,625
3761,625
3762,625
3763,625
3764,625
3765,625
3766,625
3767,625
3768,625
3769,625
3770,625
3771,625
3772,625
3773,625
3774,625
3775,625
3776,625
3777,625
3778,625
3779,625
3780,625
3781,625
3782,625
3783,625
3784,625
3785,625
3786,625
3787,625
3788,625
3789,625
3790,625
3791,625
3792,625
3793,625
3794,625
3795,625
3796,625
3797,625
3798,625
3799,625
3800,625
3801,625
3802,625
3803,625
3804,625
3805,575
3806,625
3807,625
3808,625
3809,625
3810,625
3811,625
3812,625
3813,625
3814,625
3815,625
3816,625
3817,625
3818,625
3819,625
3820,625
3821,625
3822,625
3823,625
3824,625
3825,625
3826,-125
3827,625
3828,625
3829,625
3830,625
3831,625
3832,625
3833,625
3834,625
3835,625
3836,625
3837,575
3838,625
3839,625
3840,625
3841,625
3842,625
3843,625
3844,625
3845,625
3846,625
3847,625
3848,625
3849,625
3850,625
3851,625
3852,625
3853,625
3854,625
3855,625
3856,625
3857,625
3858,625
3859,625
3860,625
3861,625
3862,625
3863,625
3864,625
3865,625
3866,625
3867,625
3868,625
3869,625
3870,625
3871,625
3872,625
3873,625
3874,625
3875,625
3876,625
3877,625
3878,625
3879,625
3880,625
3881,625
3882,625
3883,625
3884,625
3885,625
3886,625
3887,625
3888,625
3889,625
3890,625
3891,625
3892,625
3893,625
3894,625
3895,625
3896,625
3897,625
3898,575
3899,625
3900,625
3901,625
3902,625
3903,625
3904,625
3905,625
3906,625
3907,625
3908,625
3909,625
3910,625
3911,625
3912,625
3913,625
3914,625
3915,625
3916,625
3917,625
3918,625
3919,625
3920,625
3921,625
3922,625
3923,625
3924,625
3925,625
3926,625
3927,625
3928,625
3929,625
3930,625
3931,625
3932,625
3933,625
3934,625
3935,625
3936,625
3937,625
3938,625
3939,625
3940,625
3941,625
3942,625
3943,625
3944,575
3945,625
3946,623
3947,625
3948,625
3949,625
3950,625
3951,625
3952,625
3953,625
3954,350
3955,625
3956,625
3957,625
3958,625
3959,625
3960,625
3961,625
3962,625
3963,625
3964,625
3965,625
3966,625
3967,625
3968,625
3969,625
3970,625
3971,625
3972,625
3973,625
3974,625
3975,625
3976,625
3977,625
3978,625
3979,625
3980,625
3981,625
3982,625
3983,625
3984,625
3985,625
3986,625
3987,625
3988,625
3989,625
3990,625
3991,625
3992,625
3993,625
3994,625
3995,625
3996,625
3997,625
3998,625
3999,625
4000,625
4001,625
4002,575
4003,625
4004,625
4005,625
4006,575
4007,625
4008,625
4009,625
4010,625
4011,625
4012,625
4013,625
4014,625
4015,625
4016,625
4017,625
4018,625
4019,625
4020,625
4021,625
4022,625
4023,625
4024,625
4025,625
4026,625
4027,625
4028,625
4029,625
4030,625
4031,625
4032,625
4033,625
4034,625
4035,625
4036,625
4037,625
4038,625
4039,625
4040,625
4041,625
4042,625
4043,625
4044,625
4045,625
4046,623
4047,625
4048,625
4049,625
4050,625
4051,625
4052,625
4053,-125
4054,625
4055,625
4056,625
4057,625
4058,625
4059,625
4060,625
4061,625
4062,625
4063,625
4064,625
4065,625
4066,625
4067,625
4068,625
4069,625
4070,625
4071,625
4072,625
4073,625
4074,625
4075,625
4076,625
4077,625
4078,625
4079,625
4080,625
4081,625
4082,625
4083,625
4084,625
4085,625
4086,625
4087,625
4088,625
4089,625
4090,575
4091,625
4092,625
4093,625
4094,625
4095,625
4096,625
4097,625
4098,600
4099,625
4100,625
4101,625
4102,625
4103,625
4104,625
4105,625
4106,625
4107,625
4108,575
4109,625
4110,625
4111,625
4112,625
4113,625
4114,625
4115,625
4116,575
4117,625
4118,625
4119,625
4120,625
4121,625
4122,625
4123,625
4124,625
4125,625
4126,625
4127,625
4128,625
4129,625
4130,625
4131,625
4132,625
4133,625
4134,625
4135,625
4136,625
4137,625
4138,-200
4139,625
4140,625
4141,625
4142,625
4143,625
4144,625
4145,625
4146,625
4147,625
4148,625
4149,625
4150,625
4151,625
4152,625
4153,625
4154,625
4155,625
4156,625
4157,625
4158,625
4159,625
4160,625
4161,575
4162,625
4163,625
4164,625
4165,625
4166,625
4167,625
4168,625
4169,625
4170,625
4171,625
4172,625
4173,625
4174,525
4175,625
4176,625
4177,625
4178,625
4179,625
4180,625
4181,625
4182,625
4183,625
4184,625
4185,625
4186,625
4187,625
4188,625
4189,625
4190,625
4191,625
4192,575
4193,625
4194,625
4195,625
4196,625
4197,625
4198,625
4199,625
4200,625
4201,625
4202,625
4203,625
4204,625
4205,625
4206,625
4207,625
4208,625
4209,625
4210,625
4211,625
4212,625
4213,625
4214,625
4215,625
4216,625
4217,625
4218,625
4219,625
4220,625
4221,625
4222,625
4223,625
4224,625
4225,625
4226,625
4227,525
4228,625
4229,625
4230,625
4231,625
4232,-200
4233,625
4234,625
4235,625
4236,625
4237,625
4238,625
4239,600
4240,625
4241,625
4242,625
4243,625
4244,625
4245,625
4246,625
4247,625
4248,625
4249,625
4250,625
4251,625
4252,625
4253,625
4254,625
4255,625
4256,625
4257,625
4258,625
4259,625
4260,625
4261,625
4262,625
4263,625
4264,625
4265,625
4266,575
4267,625
4268,625
4269,625
4270,625
4271,625
4272,625
4273,625
4274,625
4275,625
4276,-125
4277,625
4278,625
4279,625
4280,625
4281,625
4282,625
4283,625
4284,625
4285,625
4286,625
4287,625
4288,625
4289,625
4290,625
4291,625
4292,625
4293,625
4294,625
4295,625
4296,625
4297,625
4298,575
4299,625
4300,625
4301,625
4302,350
4303,625
4304,625
4305,625
4306,625
4307,625
4308,625
4309,625
4310,625
4311,625
4312,625
4313,525
4314,625
4315,625
4316,625
4317,625
4318,625
4319,625
4320,625
4321,625
4322,625
4323,625
4324,625
4325,625
4326,625
4327,575
4328,625
4329,625
4330,625
4331,625
4332,625
4333,625
4334,625
4335,625
4336,625
4337,625
4338,625
4339,625
4340,625
4341,625
4342,625
4343,625
4344,625
4345,625
4346,625
4347,625
4348,625
4349,625
4350,625
4351,625
4352,625
4353,625
4354,625
4355,625
4356,625
4357,625
4358,625
4359,625
4360,625
4361,625
4362,625
4363,625
4364,625
4365,625
4366,625
4367,625
4368,625
4369,625
4370,625
4371,625
4372,625
4373,625
4374,625
4375,625
4376,625
4377,625
4378,625
4379,375
4380,625
4381,625
4382,625
4383,625
4384,625
4385,625
4386,625
4387,625
4388,623
4389,625
4390,625
4391,625
4392,625
4393,625
4394,625
4395,625
4396,625
4397,625
4398,625
4399,625
4400,625
4401,625
4402,625
4403,625
4404,625
4405,625
4406,625
4407,625
4408,625
4409,625
4410,625
4411,625
4412,625
4413,625
4414,625
4415,625
4416,625
4417,575
4418,625
4419,625
4420,625
4421,625
4422,625
4423,625
4424,625
4425,625
4426,625
4427,625
4428,625
4429,625
4430,625
4431,625
4432,625
4433,625
4434,625
4435,625
4436,625
4437,575
4438,625
4439,625
4440,625
4441,625
4442,625
4443,575
4444,625
4445,625
4446,625
4447,625
4448,625
4449,625
4450,625
4451,625
4452,625
4453,625
4454,625
4455,625
4456,625
4457,625
4458,625
4459,625
4460,625
4461,625
4462,625
4463,625
4464,625
4465,625
4466,625
4467,625
4468,625
4469,625
4470,625
4471,625
4472,625
4473,625
4474,625
4475,625
4476,625
4477,625
4478,625
4479,625
4480,625
4481,625
4482,625
4483,625
4484,625
4485,625
4486,625
4487,625
4488,625
4489,625
4490,625
4491,625
4492,625
4493,625
4494,625
4495,625
4496,625
4497,625
4498,625
4499,575
4500,625
4501,625
4502,625
4503,625
4504,625
4505,625
4506,625
4507,575
4508,625
4509,625
4510,625
4511,625
4512,625
4513,625
4514,-200
4515,623
4516,625
4517,625
4518,625
4519,625
4520,625
4521,625
4522,575
4523,625
4524,575
4525,625
4526,625
4527,625
4528,625
4529,625
4530,625
4531,625
4532,625
4533,625
4534,625
4535,625
4536,625
4537,625
4538,625
4539,625
4540,625
4541,625
4542,625
4543,625
4544,625
4545,625
4546,625
4547,625
4548,625
4549,625
4550,625
4551,625
4552,625
4553,625
4554,625
4555,625
4556,625
4557,625
4558,625
4559,625
4560,625
4561,625
4562,625
4563,625
4564,625
4565,575
4566,675
4567,625
4568,625
4569,625
4570,625
4571,625
4572,625
4573,625
4574,625
4575,625
4576,625
4577,625
4578,625
4579,625
4580,625
4581,625
4582,575
4583,625
4584,625
4585,625
4586,625
4587,625
4588,625
4589,625
4590,625
4591,625
4592,625
4593,625
4594,625
4595,625
4596,625
4597,625
4598,625
4599,625
4600,623
4601,625
4602,625
4603,625
4604,625
4605,625
4606,625
4607,625
4608,625
4609,625
4610,625
4611,625
4612,625
4613,625
4614,625
4615,625
4616,625
4617,625
4618,625
4619,625
4620,625
4621,625
4622,625
4623,625
4624,625
4625,625
4626,625
4627,625
4628,625
4629,625
4630,625
4631,625
4632,625
4633,625
4634,625
4635,625
4636,625
4637,625
4638,625
4639,625
4640,625
4641,625
4642,625
4643,625
4644,625
4645,625
4646,625
4647,625
4648,625
4649,625
4650,625
4651,625
4652,625
4653,625
4654,625
4655,625
4656,625
4657,625
4658,625
4659,625
4660,625
4661,625
4662,625
4663,625
4664,625
4665,625
4666,625
4667,575
4668,625
4669,625
4670,625
4671,625
4672,625
4673,625
4674,625
4675,575
4676,625
4677,625
4678,625
4679,525
4680,625
4681,625
4682,625
4683,625
4684,625
4685,625
4686,625
4687,625
4688,625
4689,625
4690,625
4691,625
4692,625
4693,625
4694,625
4695,625
4696,625
4697,625
4698,625
4699,625
4700,625
4701,625
4702,625
4703,625
4704,625
4705,625
4706,525
4707,625
4708,625
4709,625
4710,625
4711,625
4712,625
4713,625
4714,625
4715,625
4716,625
4717,625
4718,625
4719,625
4720,625
4721,625
4722,625
4723,625
4724,625
4725,625
4726,625
4727,625
4728,625
4729,-200
4730,625
4731,625
4732,625
4733,625
4734,625
4735,625
4736,625
4737,600
4738,625
4739,625
4740,625
4741,625
4742,625
4743,623
4744,625
4745,625
4746,625
4747,625
4748,625
4749,625
4750,625
4751,625
4752,625
4753,625
4754,625
4755,625
4756,625
4757,625
4758,625
4759,625
4760,625
4761,625
4762,625
4763,625
4764,625
4765,625
4766,625
4767,625
4768,625
4769,625
4770,625
4771,625
4772,625
4773,625
4774,625
4775,625
4776,625
4777,625
4778,625
4779,625
4780,575
4781,625
4782,625
4783,625
4784,625
4785,625
4786,625
4787,625
4788,625
4789,625
4790,625
4791,625
4792,625
4793,625
4794,625
4795,625
4796,625
4797,625
4798,625
4799,625
4800,623
4801,625
4802,625
4803,625
4804,625
4805,625
4806,625
4807,625
4808,625
4809,625
4810,625
4811,625
4812,625
4813,625
4814,625
4815,625
4816,625
4817,625
4818,625
4819,525
4820,623
4821,625
4822,625
4823,625
4824,625
4825,575
4826,625
4827,625
4828,625
4829,625
4830,625
4831,625
4832,625
4833,625
4834,625
4835,625
4836,625
4837,625
4838,625
4839,625
4840,625
4841,625
4842,625
4843,625
4844,625
4845,625
4846,625
4847,625
4848,625
4849,625
4850,625
4851,625
4852,625
4853,625
4854,625
4855,625
4856,625
4857,575
4858,625
4859,625
4860,625
4861,625
4862,625
4863,625
4864,625
4865,625
4866,575
4867,625
4868,625
4869,625
4870,625
4871,625
4872,625
4873,625
4874,625
4875,625
4876,625
4877,625
4878,625
4879,625
4880,625
4881,625
4882,625
4883,625
4884,625
4885,625
4886,625
4887,625
4888,625
4889,625
4890,625
4891,625
4892,625
4893,625
4894,625
4895,625
4896,625
4897,625
4898,575
4899,625
4900,625
4901,625
4902,625
4903,625
4904,525
4905,625
4906,625
4907,625
4908,625
4909,625
4910,625
4911,625
4912,625
4913,625
4914,625
4915,625
4916,625
4917,625
4918,625
4919,625
4920,625
4921,625
4922,625
4923,625
4924,625
4925,625
4926,625
4927,625
4928,625
4929,625
4930,625
4931,625
4932,625
4933,625
4934,625
4935,625
4936,625
4937,625
4938,625
4939,625
4940,625
4941,625
4942,625
4943,625
4944,625
4945,625
4946,625
4947,625
4948,625
4949,625
4950,625
4951,625
4952,625
4953,625
4954,625
4955,625
4956,625
4957,625
4958,625
4959,625
4960,625
4961,625
4962,625
4963,625
4964,625
4965,625
4966,625
4967,625
4968,625
4969,625
4970,625
4971,625
4972,625
4973,575
4974,625
4975,625
4976,625
4977,625
4978,625
4979,625
4980,625
4981,625
4982,625
4983,625
4984,625
4985,625
4986,625
4987,625
4988,625
4989,623
4990,625
4991,625
4992,625
4993,625
4994,625
4995,625
4996,625
4997,625
4998,625
4999,625
5000,625
5001,625
5002,600
5003,625
5004,625
5005,625
5006,575
5007,625
5008,625
5009,625
5010,625
5011,625
5012,575
5013,625
5014,625
5015,625
5016,625
5017,625
5018,625
5019,-125
5020,625
5021,625
5022,625
5023,625
5024,625
5025,625
5026,623
5027,625
5028,625
5029,625
5030,625
5031,625
5032,625
5033,625
5034,625
5035,625
5036,625
5037,625
5038,625
5039,625
5040,625
5041,625
5042,625
5043,625
5044,625
5045,625
5046,625
5047,625
5048,625
5049,625
5050,625
5051,625
5052,625
5053,625
5054,625
5055,625
5056,625
5057,625
5058,625
5059,625
5060,625
5061,625
5062,625
5063,625
5064,625
5065,625
5066,625
5067,625
5068,625
5069,625
5070,625
5071,625
5072,625
5073,575
5074,625
5075,625
5076,625
5077,625
5078,625
5079,625
5080,625
5081,625
5082,625
5083,625
5084,625
5085,625
5086,625
5087,625
5088,625
5089,625
5090,625
5091,625
5092,625
5093,625
5094,625
5095,625
5096,623
5097,625
5098,625
5099,625
5100,625
5101,625
5102,625
5103,625
5104,625
5105,625
5106,625
5107,625
5108,625
5109,625
5110,625
5111,625
5112,625
5113,625
5114,625
5115,625
5116,625
5117,625
5118,625
5119,625
5120,575
5121,625
5122,625
5123,625
5124,625
5125,625
5126,625
5127,625
5128,625
5129,-125
5130,625
5131,625
5132,623
5133,625
5134,625
5135,625
5136,625
5137,625
5138,625
5139,625
5140,625
5141,625
5142,625
5143,625
5144,625
5145,625
5146,625
5147,625
5148,625
5149,625
5150,625
5151,625
5152,625
5153,625
5154,625
5155,625
5156,625
5157,625
5158,625
5159,625
5160,625
5161,625
5162,625
5163,625
5164,625
5165,625
5166,625
5167,625
5168,625
5169,625
5170,625
5171,625
5172,625
5173,625
5174,625
5175,623
5176,625
5177,625
5178,625
5179,625
5180,625
5181,625
5182,625
5183,625
5184,625
5185,625
5186,625
5187,625
5188,625
5189,625
5190,625
5191,625
5192,625
5193,625
5194,625
5195,575
5196,625
5197,625
5198,625
5199,625
5200,625
5201,625
5202,625
5203,625
5204,625
5205,625
5206,625
5207,625
5208,625
5209,625
5210,625
5211,625
5212,625
5213,625
5214,350
5215,625
5216,625
5217,625
5218,625
5219,623
5220,625
5221,625
5222,625
5223,625
5224,625
5225,625
5226,625
5227,623
5228,625
5229,625
5230,625
5231,625
5232,625
5233,625
5234,625
5235,625
5236,625
5237,625
5238,625
5239,625
5240,625
5241,575
5242,625
5243,625
5244,625
5245,625
5246,625
5247,625
5248,625
5249,625
5250,625
5251,625
5252,625
5253,625
5254,625
5255,625
5256,350
5257,625
5258,625
5259,-125
5260,625
5261,575
5262,625
5263,625
5264,625
5265,625
5266,625
5267,625
5268,625
5269,625
5270,625
5271,625
5272,625
5273,625
5274,625
5275,625
5276,625
5277,625
5278,625
5279,625
5280,625
5281,625
5282,625
5283,625
5284,625
5285,625
5286,625
5287,625
5288,-125
5289,625
5290,625
5291,625
5292,625
5293,625
5294,625
5295,625
5296,625
5297,575
5298,623
5299,625
5300,625
5301,625
5302,625
5303,625
5304,625
5305,625
5306,625
5307,625
5308,625
5309,625
5310,625
5311,575
5312,575
5313,625
5314,625
5315,625
5316,625
5317,625
5318,625
5319,625
5320,625
5321,575
5322,625
5323,600
5324,625
5325,625
5326,625
5327,625
5328,625
5329,625
5330,625
5331,625
5332,625
5333,625
5334,625
5335,625
5336,625
5337,625
5338,625
5339,625
5340,625
5341,625
5342,625
5343,600
5344,625
5345,625
5346,625
5347,625
5348,625
5349,625
5350,625
5351,625
5352,625
5353,625
5354,625
5355,625
5356,625
5357,625
5358,625
5359,625
5360,625
5361,625
5362,625
5363,625
5364,625
5365,625
5366,625
5367,625
5368,625
5369,623
5370,625
5371,625
5372,625
5373,625
5374,675
5375,625
5376,625
5377,625
5378,625
5379,625
5380,625
5381,625
5382,625
5383,625
5384,625
5385,625
5386,625
5387,625
5388,625
5389,625
5390,625
5391,625
5392,625
5393,625
5394,625
5395,625
5396,625
5397,625
5398,625
5399,625
5400,625
5401,625
5402,575
5403,625
5404,625
5405,625
5406,625
5407,623
5408,625
5409,625
5410,625
5411,625
5412,625
5413,625
5414,625
5415,625
5416,625
5417,625
5418,625
5419,625
5420,625
5421,625
5422,625
5423,625
5424,625
5425,625
5426,625
5427,625
5428,625
5429,623
5430,625
5431,625
5432,625
5433,625
5434,625
5435,625
5436,625
5437,625
5438,625
5439,625
5440,625
5441,575
5442,625
5443,625
5444,625
5445,625
5446,625
5447,625
5448,625
5449,625
5450,625
5451,625
5452,625
5453,625
5454,625
5455,625
5456,625
5457,625
5458,625
5459,625
5460,625
5461,625
5462,625
5463,625
5464,625
5465,625
5466,625
5467,575
5468,-125
5469,625
5470,625
5471,625
5472,625
5473,625
5474,625
5475,625
5476,625
5477,625
5478,625
5479,625
5480,625
5481,625
5482,625
5483,625
5484,625
5485,625
5486,625
5487,625
5488,625
5489,625
5490,625
5491,625
5492,625
5493,625
5494,625
5495,625
5496,625
5497,625
5498,625
5499,625
5500,625
5501,625
5502,625
5503,575
5504,625
5505,625
5506,625
5507,625
5508,625
5509,625
5510,625
5511,625
5512,625
5513,575
5514,625
5515,625
5516,623
5517,625
5518,375
5519,625
5520,625
5521,625
5522,625
5523,625
5524,625
5525,625
5526,625
5527,625
5528,625
5529,625
5530,575
5531,625
5532,625
5533,625
5534,625
5535,625
5536,625
5537,625
5538,625
5539,625
5540,625
5541,625
5542,625
5543,625
5544,625
5545,675
5546,625
5547,625
5548,625
5549,625
5550,625
5551,625
5552,625
5553,625
5554,625
5555,625
5556,625
5557,625
5558,625
5559,625
5560,625
5561,625
5562,625
5563,625
5564,625
5565,625
5566,625
5567,625
5568,625
5569,625
5570,625
5571,625
5572,625
5573,625
5574,625
5575,625
5576,625
5577,625
5578,625
5579,625
5580,625
5581,625
5582,625
5583,625
5584,625
5585,625
5586,625
5587,625
5588,625
5589,625
5590,625
5591,625
5592,625
5593,625
5594,625
5595,625
5596,625
5597,625
5598,625
5599,625
5600,375
5601,625
5602,625
5603,625
5604,625
5605,625
5606,625
5607,625
5608,625
5609,625
5610,625
5611,625
5612,625
5613,625
5614,625
5615,625
5616,625
5617,625
5618,625
5619,625
5620,625
5621,625
5622,575
5623,625
5624,625
5625,625
5626,625
5627,625
5628,625
5629,625
5630,625
5631,625
5632,625
5633,625
5634,625
5635,625
5636,625
5637,625
5638,625
5639,625
5640,625
5641,625
5642,625
5643,625
5644,625
5645,625
5646,625
5647,625
5648,625
5649,625
5650,625
5651,625
5652,625
5653,625
5654,625
5655,350
5656,625
5657,625
5658,625
5659,625
5660,625
5661,625
5662,625
5663,625
5664,625
5665,625
5666,625
5667,625
5668,625
5669,625
5670,625
5671,625
5672,625
5673,625
5674,625
5675,625
5676,625
5677,625
5678,625
5679,625
5680,625
5681,625
5682,625
5683,625
5684,625
5685,625
5686,625
5687,625
5688,525
5689,625
5690,625
5691,625
5692,625
5693,625
5694,625
5695,625
5696,625
5697,625
5698,625
5699,625
5700,625
5701,625
5702,625
5703,625
5704,625
5705,625
5706,625
5707,625
5708,625
5709,625
5710,625
5711,625
5712,625
5713,625
5714,625
5715,625
5716,623
5717,625
5718,625
5719,625
5720,625
5721,625
5722,625
5723,625
5724,625
5725,625
5726,623
5727,625
5728,625
5729,625
5730,625
5731,625
5732,625
5733,625
5734,625
5735,625
5736,625
5737,625
5738,625
5739,625
5740,625
5741,575
5742,625
5743,625
5744,625
5745,625
5746,625
5747,625
5748,625
5749,625
5750,625
5751,625
5752,625
5753,625
5754,625
5755,625
5756,625
5757,625
5758,625
5759,625
5760,625
5761,625
5762,625
5763,625
5764,625
5765,625
5766,625
5767,625
5768,625
5769,625
5770,625
5771,625
5772,625
5773,625
5774,625
5775,625
5776,625
5777,625
5778,625
5779,625
5780,625
5781,625
5782,625
5783,625
5784,575
5785,625
5786,625
5787,625
5788,625
5789,625
5790,625
5791,625
5792,625
5793,625
5794,625
5795,525
5796,625
5797,625
5798,625
5799,625
5800,625
5801,675
5802,625
5803,625
5804,625
5805,625
5806,625
5807,625
5808,625
5809,625
5810,625
5811,625
5812,625
5813,625
5814,625
5815,625
5816,625
5817,625
5818,625
5819,625
5820,625
5821,625
5822,625
5823,625
5824,625
5825,625
5826,625
5827,625
5828,625
5829,625
5830,625
5831,625
5832,625
5833,625
5834,625
5835,625
5836,625
5837,625
5838,625
5839,625
5840,625
5841,625
5842,625
5843,625
5844,625
5845,625
5846,625
5847,625
5848,625
5849,625
5850,625
5851,625
5852,625
5853,625
5854,625
5855,625
5856,625
5857,625
5858,625
5859,625
5860,625
5861,625
5862,625
5863,625
5864,625
5865,625
5866,625
5867,625
5868,625
5869,625
5870,625
5871,625
5872,625
5873,625
5874,625
5875,625
5876,625
5877,625
5878,625
5879,625
5880,625
5881,625
5882,625
5883,625
5884,625
5885,625
5886,625
5887,625
5888,625
5889,625
5890,625
5891,625
5892,625
5893,625
5894,625
5895,625
5896,625
5897,625
5898,625
5899,625
5900,625
5901,625
5902,625
5903,625
5904,625
5905,625
5906,625
5907,625
5908,625
5909,625
5910,625
5911,625
5912,625
5913,625
5914,625
5915,625
5916,625
5917,625
5918,625
5919,625
5920,575
5921,625
5922,625
5923,625
5924,625
5925,625
5926,625
5927,625
5928,625
5929,625
5930,625
5931,625
5932,625
5933,625
5934,625
5935,625
5936,625
5937,625
5938,625
5939,625
5940,625
5941,625
5942,625
5943,625
5944,625
5945,625
5946,625
5947,625
5948,625
5949,350
5950,625
5951,625
5952,625
5953,625
5954,623
5955,625
5956,625
5957,625
5958,625
5959,625
5960,625
5961,625
5962,625
5963,625
5964,625
5965,625
5966,525
5967,625
5968,625
5969,625
5970,625
5971,625
5972,625
5973,625
5974,625
5975,625
5976,625
5977,625
5978,625
5979,625
5980,625
5981,625
5982,625
5983,625
5984,625
5985,625
5986,625
5987,625
5988,625
5989,625
5990,625
5991,625
5992,625
5993,-200
5994,625
5995,525
5996,625
5997,625
5998,625
5999,625
6000,625
6001,625
6002,625
6003,625
6004,-200
6005,625
6006,625
6007,625
6008,625
6009,625
6010,625
6011,625
6012,625
6013,625
6014,625
6015,625
6016,625
6017,625
6018,625
6019,625
6020,625
6021,625
6022,625
6023,625
6024,625
6025,625
6026,625
6027,525
6028,625
6029,675
6030,625
6031,625
6032,625
6033,625
6034,625
6035,625
6036,625
6037,625
6038,625
6039,625
6040,625
6041,625
6042,625
6043,625
6044,625
6045,625
6046,625
6047,625
6048,625
6049,625
6050,625
6051,625
6052,625
6053,625
6054,625
6055,625
6056,625
6057,625
6058,625
6059,625
6060,625
6061,625
6062,625
6063,625
6064,625
6065,625
6066,625
6067,625
6068,625
6069,625
6070,625
6071,625
6072,625
6073,625
6074,625
6075,625
6076,625
6077,625
6078,625
6079,625
6080,625
6081,625
6082,625
6083,-200
6084,625
6085,625
6086,375
6087,625
6088,625
6089,575
6090,625
6091,625
6092,625
6093,625
6094,625
6095,625
6096,625
6097,625
6098,625
6099,625
6100,625
6101,625
6102,625
6103,625
6104,625
6105,623
6106,625
6107,625
6108,625
6109,625
6110,625
6111,625
6112,625
6113,625
6114,625
6115,625
6116,625
6117,625
6118,625
6119,625
6120,625
6121,625
6122,625
6123,625
6124,625
6125,625
6126,625
6127,623
6128,625
6129,625
6130,625
6131,625
6132,625
6133,625
6134,625
6135,625
6136,625
6137,625
6138,625
6139,625
6140,625
6141,625
6142,625
6143,625
6144,625
6145,625
6146,625
6147,625
6148,625
6149,625
6150,625
6151,625
6152,625
6153,625
6154,623
6155,625
6156,625
6157,625
6158,625
6159,625
6160,625
6161,625
6162,625
6163,625
6164,625
6165,625
6166,625
6167,625
6168,623
6169,625
6170,625
6171,625
6172,625
6173,625
6174,625
6175,625
6176,625
6177,625
6178,625
6179,625
6180,625
6181,625
6182,625
6183,625
6184,625
6185,625
6186,625
6187,625
6188,625
6189,625
6190,625
6191,625
6192,625
6193,625
6194,625
6195,625
6196,625
6197,625
6198,625
6199,625
6200,625
6201,625
6202,623
6203,625
6204,625
6205,625
6206,575
6207,-125
6208,623
6209,625
6210,625
6211,625
6212,625
6213,525
6214,625
6215,625
6216,625
6217,625
6218,625
6219,625
6220,625
6221,625
6222,625
6223,625
6224,625
6225,575
6226,625
6227,625
6228,625
6229,625
6230,625
6231,625
6232,625
6233,625
6234,625
6235,625
6236,625
6237,625
6238,625
6239,625
6240,625
6241,625
6242,625
6243,625
6244,625
6245,625
6246,625
6247,625
6248,625
6249,625
6250,625
6251,625
6252,625
6253,625
6254,625
6255,625
6256,625
6257,625
6258,625
6259,625
6260,625
6261,625
6262,625
6263,625
6264,625
6265,625
6266,625
6267,625
6268,625
6269,625
6270,625
6271,625
6272,625
6273,625
6274,625
6275,625
6276,623
6277,625
6278,625
6279,625
6280,625
6281,625
6282,625
6283,625
6284,625
6285,625
6286,625
6287,623
6288,625
6289,625
6290,623
6291,625
6292,625
6293,625
6294,625
6295,625
6296,625
6297,625
6298,625
6299,625
6300,625
6301,525
6302,625
6303,625
6304,625
6305,625
6306,625
6307,625
6308,625
6309,625
6310,625
6311,625
6312,625
6313,625
6314,625
6315,625
6316,625
6317,575
6318,625
6319,625
6320,575
6321,625
6322,625
6323,625
6324,625
6325,625
6326,625
6327,625
6328,625
6329,625
6330,625
6331,625
6332,625
6333,625
6334,625
6335,625
6336,625
6337,625
6338,625
6339,625
6340,625
6341,625
6342,625
6343,625
6344,625
6345,525
6346,625
6347,625
6348,625
6349,625
6350,625
6351,625
6352,625
6353,625
6354,625
6355,625
6356,625
6357,625
6358,625
6359,625
6360,625
6361,625
6362,625
6363,625
6364,625
6365,625
6366,625
6367,625
6368,625
6369,625
6370,625
6371,625
6372,625
6373,625
6374,625
6375,625
6376,625
6377,625
6378,625
6379,625
6380,625
6381,625
6382,625
6383,625
6384,625
6385,625
6386,625
6387,625
6388,625
6389,625
6390,625
6391,625
6392,625
6393,625
6394,625
6395,625
6396,625
6397,625
6398,625
6399,625
6400,625
6401,625
6402,625
6403,625
6404,625
6405,625
6406,625
6407,625
6408,625
6409,625
6410,625
6411,625
6412,625
6413,625
6414,625
6415,625
6416,625
6417,625
6418,625
6419,625
6420,623
6421,625
6422,625
6423,625
6424,625
6425,625
6426,625
6427,625
6428,625
6429,625
6430,625
6431,625
6432,625
6433,625
6434,625
6435,625
6436,625
6437,625
6438,625
6439,625
6440,625
6441,625
6442,625
6443,575
6444,625
6445,625
6446,625
6447,625
6448,625
6449,625
6450,625
6451,625
6452,625
6453,625
6454,625
6455,625
6456,625
6457,625
6458,625
6459,625
6460,625
6461,625
6462,625
6463,625
6464,625
6465,625
6466,625
6467,625
6468,625
6469,625
6470,625
6471,625
6472,625
6473,625
6474,625
6475,625
6476,625
6477,625
6478,600
6479,625
6480,625
6481,625
6482,625
6483,625
6484,625
6485,625
6486,625
6487,625
6488,625
6489,625
6490,625
6491,625
6492,625
6493,625
6494,625
6495,625
6496,625
6497,625
6498,575
6499,625
6500,625
6501,625
6502,625
6503,625
6504,625
6505,625
6506,625
6507,625
6508,575
6509,625
6510,625
6511,625
6512,625
6513,625
6514,625
6515,625
6516,625
6517,625
6518,625
6519,625
6520,625
6521,625
6522,625
6523,625
6524,625
6525,625
6526,625
6527,625
6528,625
6529,625
6530,625
6531,625
6532,625
6533,625
6534,625
6535,625
6536,625
6537,625
6538,625
6539,625
6540,625
6541,625
6542,625
6543,625
6544,625
6545,625
6546,625
6547,625
6548,625
6549,600
6550,625
6551,625
6552,625
6553,675
6554,625
6555,575
6556,625
6557,625
6558,625
6559,625
6560,625
6561,625
6562,625
6563,625
6564,625
6565,625
6566,625
6567,575
6568,625
6569,625
6570,625
6571,625
6572,625
6573,625
6574,625
6575,625
6576,375
6577,625
6578,625
6579,625
6580,375
6581,625
6582,625
6583,625
6584,625
6585,625
6586,625
6587,625
6588,625
6589,625
6590,625
6591,625
6592,625
6593,625
6594,625
6595,625
6596,625
6597,625
6598,625
6599,625
6600,625
6601,625
6602,625
6603,625
6604,625
6605,625
6606,625
6607,625
6608,625
6609,625
6610,625
6611,625
6612,625
6613,625
6614,625
6615,625
6616,625
6617,625
6618,625
6619,625
6620,625
6621,625
6622,625
6623,625
6624,625
6625,625
6626,625
6627,625
6628,625
6629,625
6630,625
6631,625
6632,625
6633,625
6634,625
6635,625
6636,625
6637,625
6638,625
6639,625
6640,625
6641,625
6642,625
6643,625
6644,625
6645,625
6646,625
6647,625
6648,625
6649,625
6650,625
6651,625
6652,625
6653,625
6654,625
6655,625
6656,625
6657,623
6658,625
6659,625
6660,625
6661,625
6662,625
6663,625
6664,625
6665,625
6666,625
6667,625
6668,625
6669,625
6670,625
6671,625
6672,625
6673,623
6674,625
6675,625
6676,625
6677,625
6678,625
6679,625
6680,625
6681,625
6682,625
6683,625
6684,625
6685,625
6686,625
6687,625
6688,625
6689,625
6690,625
6691,625
6692,625
6693,625
6694,625
6695,625
6696,625
6697,625
6698,625
6699,625
6700,625
6701,625
6702,625
6703,625
6704,625
6705,625
6706,625
6707,625
6708,625
6709,625
6710,625
6711,625
6712,625
6713,625
6714,625
6715,625
6716,625
6717,625
6718,625
6719,625
6720,625
6721,625
6722,625
6723,625
6724,525
6725,625
6726,625
6727,625
6728,625
6729,625
6730,625
6731,625
6732,625
6733,625
6734,625
6735,625
6736,625
6737,625
6738,625
6739,625
6740,625
6741,625
6742,575
6743,625
6744,625
6745,625
6746,525
6747,625
6748,625
6749,625
6750,625
6751,625
6752,625
6753,625
6754,625
6755,625
6756,625
6757,625
6758,625
6759,625
6760,625
6761,625
6762,625
6763,600
6764,625
6765,625
6766,625
6767,625
6768,625
6769,625
6770,625
6771,625
6772,625
6773,625
6774,625
6775,623
6776,525
6777,625
6778,625
6779,625
6780,625
6781,625
6782,625
6783,625
6784,625
6785,625
6786,625
6787,625
6788,625
6789,625
6790,625
6791,625
6792,625
6793,625
6794,625
6795,575
6796,625
6797,625
6798,625
6799,625
6800,625
6801,625
6802,625
6803,675
6804,625
6805,625
6806,625
6807,625
6808,625
6809,625
6810,625
6811,625
6812,625
6813,625
6814,625
6815,625
6816,625
6817,625
6818,625
6819,625
6820,625
6821,625
6822,625
6823,625
6824,625
6825,625
6826,625
6827,675
6828,625
6829,625
6830,625
6831,625
6832,623
6833,625
6834,625
6835,625
6836,625
6837,625
6838,625
6839,625
6840,625
6841,625
6842,625
6843,625
6844,625
6845,575
6846,625
6847,625
6848,625
6849,625
6850,625
6851,625
6852,625
6853,625
6854,625
6855,625
6856,625
6857,625
6858,625
6859,625
6860,625
6861,625
6862,625
6863,625
6864,625
6865,625
6866,625
6867,625
6868,625
6869,625
6870,625
6871,625
6872,625
6873,625
6874,625
6875,623
6876,625
6877,625
6878,625
6879,625
6880,625
6881,625
6882,625
6883,625
6884,625
6885,625
6886,625
6887,625
6888,625
6889,625
6890,625
6891,625
6892,625
6893,625
6894,625
6895,625
6896,625
6897,625
6898,625
6899,625
6900,625
6901,625
6902,625
6903,625
6904,625
6905,625
6906,625
6907,-200
6908,625
6909,625
6910,625
6911,625
6912,625
6913,625
6914,625
6915,625
6916,625
6917,621
6918,625
6919,625
6920,625
6921,625
6922,625
6923,625
6924,625
6925,625
6926,625
6927,625
6928,625
6929,625
6930,625
6931,625
6932,625
6933,625
6934,625
6935,625
6936,625
6937,625
6938,625
6939,625
6940,575
6941,625
6942,625
6943,625
6944,625
6945,625
6946,625
6947,575
6948,625
6949,625
6950,625
6951,625
6952,625
6953,625
6954,625
6955,625
6956,625
6957,625
6958,625
6959,625
6960,625
6961,625
6962,625
6963,625
6964,625
6965,625
6966,625
6967,625
6968,575
6969,625
6970,625
6971,625
6972,625
6973,625
6974,625
6975,625
6976,625
6977,625
6978,625
6979,625
6980,625
6981,625
6982,625
6983,625
6984,625
6985,625
6986,625
6987,625
6988,625
6989,625
6990,625
6991,625
6992,625
6993,625
6994,625
6995,625
6996,625
6997,625
6998,575
6999,625
7000,625
7001,625
7002,625
7003,625
7004,625
7005,625
7006,625
7007,625
7008,625
7009,625
7010,625
7011,625
7012,625
7013,625
7014,625
7015,625
7016,625
7017,625
7018,625
7019,625
7020,625
7021,625
7022,625
7023,625
7024,625
7025,623
7026,625
7027,625
7028,625
7029,625
7030,625
7031,625
7032,625
7033,-125
7034,-200
7035,625
7036,625
7037,625
7038,625
7039,625
7040,625
7041,625
7042,625
7043,625
7044,625
7045,625
7046,625
7047,625
7048,623
7049,625
7050,625
7051,625
7052,625
7053,625
7054,625
7055,625
7056,625
7057,625
7058,-200
7059,625
7060,625
7061,625
7062,625
7063,625
7064,625
7065,625
7066,625
7067,625
7068,625
7069,625
7070,625
7071,625
7072,625
7073,625
7074,625
7075,625
7076,625
7077,625
7078,625
7079,625
7080,625
7081,625
7082,625
7083,625
7084,625
7085,625
7086,625
7087,625
7088,625
7089,625
7090,625
7091,625
7092,625
7093,625
7094,625
7095,625
7096,625
7097,625
7098,625
7099,625
7100,625
7101,625
7102,625
7103,625
7104,625
7105,625
7106,625
7107,625
7108,625
7109,625
7110,625
7111,625
7112,625
7113,625
7114,625
7115,625
7116,625
7117,625
7118,625
7119,625
7120,623
7121,625
7122,625
7123,625
7124,625
7125,625
7126,625
7127,625
7128,625
7129,625
7130,625
7131,525
7132,625
7133,625
7134,625
7135,625
7136,625
7137,625
7138,625
7139,625
7140,625
7141,625
7142,625
7143,623
7144,625
7145,625
7146,625
7147,625
7148,625
7149,625
7150,625
7151,625
7152,625
7153,625
7154,625
7155,625
7156,625
7157,625
7158,625
7159,625
7160,625
7161,625
7162,625
7163,625
7164,625
7165,625
7166,625
7167,625
7168,625
7169,625
7170,625
7171,625
7172,625
7173,625
7174,625
7175,625
7176,625
7177,625
7178,625
7179,625
7180,625
7181,625
7182,625
7183,625
7184,625
7185,625
7186,625
7187,625
7188,625
7189,625
7190,625
7191,625
7192,625
7193,625
7194,625
7195,625
7196,625
7197,625
7198,625
7199,625
7200,625
7201,625
7202,625
7203,625
7204,625
7205,625
7206,625
7207,625
7208,625
7209,575
7210,625
7211,625
7212,525
7213,625
7214,625
7215,625
7216,625
7217,625
7218,625
7219,625
7220,625
7221,625
7222,625
7223,625
7224,625
7225,625
7226,625
7227,625
7228,625
7229,625
7230,625
7231,625
7232,625
7233,625
7234,625
7235,625
7236,625
7237,625
7238,625
7239,625
7240,625
7241,625
7242,625
7243,625
7244,625
7245,625
7246,625
7247,625
7248,625
7249,625
7250,625
7251,675
7252,625
7253,623
7254,625
7255,625
7256,625
7257,625
7258,625
7259,625
7260,625
7261,575
7262,625
7263,625
7264,625
7265,625
7266,625
7267,625
7268,625
7269,625
7270,625
7271,625
7272,625
7273,625
7274,625
7275,625
7276,625
7277,625
7278,625
7279,575
7280,625
7281,625
7282,625
7283,625
7284,575
7285,625
7286,625
7287,625
7288,-125
7289,625
7290,625
7291,625
7292,625
7293,625
7294,625
7295,625
7296,625
7297,625
7298,625
7299,625
7300,625
7301,625
7302,525
7303,625
7304,625
7305,625
7306,575
7307,625
7308,625
7309,625
7310,625
7311,625
7312,625
7313,625
7314,625
7315,625
7316,625
7317,625
7318,625
7319,625
7320,625
7321,625
7322,625
7323,625
7324,625
7325,525
7326,625
7327,625
7328,625
7329,625
7330,625
7331,625
7332,625
7333,600
7334,625
7335,625
7336,625
7337,625
7338,625
7339,623
7340,625
7341,625
7342,625
7343,625
7344,625
7345,625
7346,625
7347,625
7348,625
7349,625
7350,625
7351,625
7352,625
7353,625
7354,625
7355,625
7356,625
7357,625
7358,625
7359,625
7360,625
7361,625
7362,625
7363,575
7364,625
7365,625
7366,625
7367,625
7368,625
7369,623
7370,625
7371,625
7372,625
7373,625
7374,625
7375,625
7376,625
7377,625
7378,625
7379,573
7380,625
7381,625
7382,625
7383,625
7384,625
7385,625
7386,625
7387,625
7388,625
7389,625
7390,625
7391,625
7392,625
7393,625
7394,625
7395,625
7396,625
7397,625
7398,625
7399,625
7400,625
7401,625
7402,625
7403,625
7404,625
7405,625
7406,625
7407,625
7408,625
7409,625
7410,625
7411,625
7412,623
7413,625
7414,625
7415,625
7416,525
7417,625
7418,625
7419,625
7420,625
7421,625
7422,625
7423,625
7424,625
7425,625
7426,625
7427,625
7428,625
7429,675
7430,625
7431,625
7432,625
7433,625
7434,625
7435,625
7436,625
7437,625
7438,625
7439,625
7440,625
7441,625
7442,625
7443,625
7444,625
7445,625
7446,625
7447,625
7448,625
7449,625
7450,625
7451,525
7452,625
7453,625
7454,625
7455,625
7456,625
7457,625
7458,625
7459,625
7460,625
7461,625
7462,625
7463,625
7464,625
7465,625
7466,625
7467,625
7468,625
7469,625
7470,625
7471,625
7472,625
7473,625
7474,625
7475,625
7476,625
7477,575
7478,625
7479,625
7480,625
7481,625
7482,625
7483,625
7484,625
7485,623
7486,625
7487,625
7488,625
7489,625
7490,625
7491,625
7492,625
7493,625
7494,625
7495,625
7496,625
7497,625
7498,625
7499,625
7500,625
7501,625
7502,625
7503,625
7504,625
7505,625
7506,625
7507,625
7508,625
7509,625
7510,625
7511,625
7512,625
7513,625
7514,625
7515,625
7516,625
7517,625
7518,625
7519,625
7520,625
7521,625
7522,625
7523,625
7524,625
7525,625
7526,625
7527,625
7528,625
7529,625
7530,625
7531,625
7532,625
7533,625
7534,625
7535,625
7536,625
7537,625
7538,625
7539,625
7540,625
7541,625
7542,625
7543,625
7544,625
7545,625
7546,625
7547,625
7548,625
7549,625
7550,625
7551,575
7552,625
7553,625
7554,625
7555,625
7556,625
7557,625
7558,625
7559,600
7560,625
7561,625
7562,625
7563,575
7564,625
7565,625
7566,625
7567,625
7568,625
7569,625
7570,625
7571,625
7572,625
7573,625
7574,625
7575,625
7576,625
7577,625
7578,625
7579,625
7580,625
7581,625
7582,625
7583,625
7584,625
7585,575
7586,625
7587,625
7588,625
7589,625
7590,625
7591,625
7592,625
7593,625
7594,625
7595,625
7596,625
7597,625
7598,625
7599,625
7600,625
7601,625
7602,625
7603,625
7604,625
7605,575
7606,625
7607,625
7608,625
7609,625
7610,625
7611,625
7612,625
7613,625
7614,625
7615,625
7616,625
7617,625
7618,625
7619,625
7620,625
7621,625
7622,625
7623,625
7624,625
7625,623
7626,625
7627,625
7628,625
7629,625
7630,625
7631,625
7632,625
7633,625
7634,625
7635,625
7636,625
7637,625
7638,625
7639,625
7640,625
7641,625
7642,625
7643,625
7644,625
7645,625
7646,625
7647,625
7648,625
7649,625
7650,625
7651,625
7652,625
7653,625
7654,625
7655,625
7656,625
7657,625
7658,625
7659,625
7660,625
7661,625
7662,625
7663,625
7664,625
7665,625
7666,625
7667,625
7668,625
7669,625
7670,625
7671,625
7672,625
7673,625
7674,625
7675,575
7676,625
7677,625
7678,625
7679,625
7680,625
7681,625
7682,625
7683,625
7684,625
7685,625
7686,625
7687,625
7688,625
7689,625
7690,625
7691,625
7692,625
7693,625
7694,625
7695,625
7696,625
7697,625
7698,625
7699,625
7700,625
7701,625
7702,625
7703,625
7704,625
7705,625
7706,625
7707,625
7708,625
7709,625
7710,625
7711,625
7712,625
7713,625
7714,625
7715,625
7716,625
7717,575
7718,625
7719,625
7720,575
7721,625
7722,625
7723,625
7724,625
7725,625
7726,625
7727,625
7728,625
7729,625
7730,625
7731,625
7732,625
7733,625
7734,625
7735,625
7736,625
7737,625
7738,625
7739,625
7740,625
7741,625
7742,625
7743,625
7744,625
7745,625
7746,625
7747,625
7748,625
7749,623
7750,625
7751,625
7752,625
7753,625
7754,625
7755,625
7756,625
7757,625
7758,675
7759,625
7760,625
7761,625
7762,625
7763,625
7764,625
7765,625
7766,625
7767,625
7768,623
7769,625
7770,625
7771,625
7772,625
7773,625
7774,625
7775,625
7776,625
7777,625
7778,625
7779,625
7780,625
7781,625
7782,625
7783,625
7784,625
7785,625
7786,625
7787,625
7788,625
7789,625
7790,625
7791,625
7792,625
7793,625
7794,625
7795,625
7796,625
7797,625
7798,625
7799,625
7800,625
7801,625
7802,625
7803,625
7804,625
7805,625
7806,625
7807,625
7808,625
7809,625
7810,625
7811,625
7812,625
7813,625
7814,625
7815,625
7816,625
7817,625
7818,625
7819,625
7820,625
7821,625
7822,625
7823,625
7824,625
7825,625
7826,625
7827,625
7828,625
7829,625
7830,625
7831,625
7832,575
7833,625
7834,625
7835,625
7836,625
7837,625
7838,625
7839,625
7840,625
7841,625
7842,625
7843,625
7844,625
7845,625
7846,575
7847,625
7848,625
7849,625
7850,625
7851,625
7852,625
7853,525
7854,625
7855,625
7856,625
7857,625
7858,625
7859,625
7860,625
7861,625
7862,625
7863,625
7864,625
7865,625
7866,625
7867,625
7868,625
7869,625
7870,625
7871,625
7872,625
7873,625
7874,625
7875,625
7876,625
7877,625
7878,625
7879,625
7880,625
7881,625
7882,625
7883,625
7884,625
7885,625
7886,625
7887,625
7888,625
7889,623
7890,625
7891,625
7892,675
7893,525
7894,625
7895,625
7896,625
7897,625
7898,625
7899,625
7900,625
7901,625
7902,625
7903,625
7904,625
7905,625
7906,625
7907,625
7908,625
7909,625
7910,625
7911,625
7912,625
7913,625
7914,625
7915,625
7916,625
7917,625
7918,625
7919,625
7920,625
7921,625
7922,625
7923,625
7924,625
7925,625
7926,625
7927,625
7928,575
7929,625
7930,625
7931,625
7932,625
7933,623
7934,625
7935,625
7936,625
7937,625
7938,625
7939,625
7940,625
7941,575
7942,625
7943,625
7944,625
7945,625
7946,625
7947,625
7948,625
7949,625
7950,625
7951,625
7952,625
7953,625
7954,625
7955,625
7956,625
7957,625
7958,625
7959,625
7960,575
7961,625
7962,625
7963,625
7964,625
7965,575
7966,625
7967,625
7968,625
7969,575
7970,625
7971,625
7972,625
7973,625
7974,625
7975,625
7976,625
7977,625
7978,625
7979,625
7980,625
7981,625
7982,625
7983,625
7984,625
7985,625
7986,625
7987,625
7988,625
7989,625
7990,625
7991,625
7992,625
7993,625
7994,625
7995,625
7996,625
7997,625
7998,575
7999,625
8000,625
8001,625
8002,625
8003,625
8004,625
8005,625
8006,625
8007,625
8008,625
8009,625
8010,625
8011,625
8012,625
8013,625
8014,625
8015,625
8016,625
8017,625
8018,625
8019,625
8020,625
8021,625
8022,625
8023,625
8024,625
8025,625
8026,625
8027,625
8028,625
8029,625
8030,625
8031,625
8032,625
8033,625
8034,625
8035,625
8036,625
8037,625
8038,625
8039,625
8040,625
8041,625
8042,625
8043,625
8044,625
8045,625
8046,625
8047,625
8048,625
8049,625
8050,625
8051,625
8052,625
8053,625
8054,625
8055,625
8056,625
8057,525
8058,525
8059,625
8060,625
8061,625
8062,625
8063,625
8064,625
8065,625
8066,625
8067,625
8068,625
8069,625
8070,625
8071,625
8072,625
8073,525
8074,625
8075,625
8076,625
8077,625
8078,625
8079,625
8080,625
8081,625
8082,625
8083,625
8084,625
8085,625
8086,625
8087,625
8088,625
8089,625
8090,625
8091,625
8092,625
8093,625
8094,625
8095,625
8096,625
8097,625
8098,625
8099,625
8100,625
8101,625
8102,625
8103,625
8104,625
8105,625
8106,625
8107,625
8108,625
8109,625
8110,625
8111,625
8112,625
8113,625
8114,625
8115,625
8116,625
8117,625
8118,625
8119,625
8120,625
8121,625
8122,625
8123,625
8124,625
8125,625
8126,625
8127,625
8128,625
8129,625
8130,625
8131,625
8132,625
8133,625
8134,625
8135,625
8136,625
8137,625
8138,623
8139,625
8140,625
8141,625
8142,625
8143,625
8144,625
8145,625
8146,625
8147,625
8148,625
8149,625
8150,625
8151,625
8152,625
8153,625
8154,625
8155,625
8156,625
8157,625
8158,625
8159,625
8160,625
8161,625
8162,625
8163,625
8164,575
8165,625
8166,625
8167,625
8168,625
8169,625
8170,625
8171,625
8172,625
8173,625
8174,625
8175,625
8176,625
8177,625
8178,625
8179,625
8180,625
8181,625
8182,625
8183,625
8184,625
8185,625
8186,625
8187,625
8188,625
8189,625
8190,625
8191,625
8192,625
8193,625
8194,625
8195,625
8196,625
8197,625
8198,625
8199,625
8200,625
8201,625
8202,625
8203,625
8204,575
8205,625
8206,625
8207,625
8208,625
8209,625
8210,625
8211,625
8212,625
8213,625
8214,625
8215,625
8216,625
8217,625
8218,625
8219,625
8220,625
8221,625
8222,625
8223,625
8224,625
8225,625
8226,625
8227,625
8228,625
8229,625
8230,625
8231,625
8232,625
8233,625
8234,625
8235,625
8236,625
8237,625
8238,625
8239,625
8240,625
8241,625
8242,625
8243,625
8244,625
8245,625
8246,625
8247,625
8248,625
8249,625
8250,625
8251,625
8252,625
8253,625
8254,625
8255,625
8256,625
8257,625
8258,625
8259,625
8260,625
8261,625
8262,625
8263,625
8264,625
8265,625
8266,625
8267,625
8268,625
8269,625
8270,625
8271,625
8272,575
8273,625
8274,625
8275,625
8276,625
8277,625
8278,625
8279,625
8280,625
8281,625
8282,625
8283,625
8284,625
8285,625
8286,625
8287,625
8288,625
8289,625
8290,625
8291,625
8292,625
8293,625
8294,625
8295,625
8296,625
8297,625
8298,625
8299,625
8300,625
8301,625
8302,625
8303,625
8304,625
8305,625
8306,625
8307,625
8308,625
8309,625
8310,625
8311,625
8312,675
8313,575
8314,625
8315,625
8316,625
8317,625
8318,-125
8319,625
8320,625
8321,625
8322,625
8323,625
8324,625
8325,625
8326,625
8327,625
8328,625
8329,625
8330,625
8331,625
8332,625
8333,625
8334,625
8335,625
8336,625
8337,625
8338,625
8339,625
8340,625
8341,625
8342,625
8343,625
8344,625
8345,625
8346,625
8347,625
8348,625
8349,625
8350,625
8351,625
8352,625
8353,625
8354,625
8355,625
8356,625
8357,625
8358,625
8359,625
8360,625
8361,625
8362,625
8363,625
8364,625
8365,625
8366,625
8367,625
8368,625
8369,625
8370,625
8371,625
8372,625
8373,625
8374,625
8375,625
8376,625
8377,625
8378,625
8379,625
8380,625
8381,625
8382,600
8383,625
8384,625
8385,625
8386,625
8387,625
8388,625
8389,625
8390,625
8391,575
8392,625
8393,625
8394,625
8395,625
8396,625
8397,625
8398,575
8399,625
8400,625
8401,625
8402,625
8403,625
8404,625
8405,625
8406,625
8407,625
8408,350
8409,625
8410,625
8411,625
8412,625
8413,625
8414,625
8415,625
8416,525
8417,625
8418,525
8419,625
8420,625
8421,625
8422,625
8423,625
8424,625
8425,625
8426,625
8427,625
8428,625
8429,625
8430,625
8431,625
8432,625
8433,625
8434,625
8435,625
8436,625
8437,625
8438,625
8439,625
8440,625
8441,625
8442,625
8443,625
8444,625
8445,625
8446,625
8447,625
8448,625
8449,625
8450,625
8451,625
8452,623
8453,575
8454,625
8455,625
8456,625
8457,625
8458,625
8459,625
8460,625
8461,625
8462,625
8463,625
8464,625
8465,625
8466,625
8467,625
8468,625
8469,625
8470,625
8471,625
8472,625
8473,625
8474,625
8475,625
8476,625
8477,625
8478,625
8479,625
8480,625
8481,625
8482,625
8483,625
8484,625
8485,625
8486,625
8487,625
8488,625
8489,625
8490,625
8491,625
8492,625
8493,625
8494,625
8495,625
8496,623
8497,625
8498,625
8499,625
8500,625
8501,625
8502,525
8503,625
8504,625
8505,625
8506,625
8507,625
8508,625
8509,625
8510,625
8511,625
8512,625
8513,625
8514,625
8515,625
8516,625
8517,625
8518,625
8519,625
8520,625
8521,625
8522,625
8523,625
8524,625
8525,625
8526,625
8527,625
8528,625
8529,625
8530,625
8531,625
8532,625
8533,625
8534,625
8535,625
8536,625
8537,625
8538,625
8539,625
8540,625
8541,625
8542,625
8543,625
8544,625
8545,375
8546,625
8547,625
8548,625
8549,625
8550,625
8551,625
8552,625
8553,625
8554,625
8555,625
8556,625
8557,625
8558,625
8559,625
8560,625
8561,625
8562,625
8563,625
8564,625
8565,625
8566,625
8567,625
8568,625
8569,625
8570,625
8571,625
8572,625
8573,625
8574,625
8575,625
8576,600
8577,625
8578,625
8579,625
8580,625
8581,625
8582,625
8583,625
8584,625
8585,625
8586,625
8587,625
8588,625
8589,625
8590,625
8591,625
8592,625
8593,625
8594,625
8595,625
8596,625
8597,625
8598,625
8599,625
8600,625
8601,625
8602,625
8603,625
8604,625
8605,625
8606,625
8607,625
8608,625
8609,625
8610,625
8611,625
8612,625
8613,625
8614,625
8615,625
8616,625
8617,625
8618,625
8619,625
8620,625
8621,625
8622,625
8623,625
8624,625
8625,625
8626,625
8627,525
8628,623
8629,575
8630,623
8631,625
8632,625
8633,625
8634,625
8635,625
8636,625
8637,625
8638,625
8639,625
8640,625
8641,625
8642,625
8643,625
8644,625
8645,625
8646,625
8647,625
8648,625
8649,625
8650,625
8651,625
8652,625
8653,625
8654,625
8655,625
8656,625
8657,625
8658,625
8659,625
8660,625
8661,625
8662,625
8663,625
8664,625
8665,625
8666,625
8667,625
8668,625
8669,625
8670,625
8671,625
8672,625
8673,625
8674,625
8675,625
8676,625
8677,625
8678,625
8679,625
8680,625
8681,625
8682,625
8683,625
8684,625
8685,625
8686,625
8687,625
8688,625
8689,625
8690,625
8691,625
8692,625
8693,625
8694,625
8695,625
8696,625
8697,625
8698,625
8699,625
8700,625
8701,625
8702,625
8703,625
8704,625
8705,625
8706,623
8707,625
8708,625
8709,625
8710,625
8711,625
8712,625
8713,625
8714,625
8715,625
8716,625
8717,625
8718,625
8719,625
8720,625
8721,625
8722,625
8723,625
8724,625
8725,625
8726,625
8727,625
8728,625
8729,625
8730,625
8731,625
8732,625
8733,625
8734,625
8735,625
8736,625
8737,625
8738,625
8739,625
8740,625
8741,525
8742,625
8743,625
8744,625
8745,625
8746,625
8747,625
8748,625
8749,625
8750,625
8751,625
8752,625
8753,625
8754,625
8755,625
8756,625
8757,625
8758,625
8759,625
8760,625
8761,625
8762,625
8763,625
8764,625
8765,625
8766,625
8767,625
8768,625
8769,575
8770,625
8771,625
8772,625
8773,625
8774,625
8775,625
8776,625
8777,625
8778,625
8779,625
8780,625
8781,623
8782,625
8783,625
8784,625
8785,625
8786,625
8787,625
8788,625
8789,625
8790,625
8791,625
8792,625
8793,625
8794,625
8795,625
8796,625
8797,625
8798,625
8799,625
8800,625
8801,-125
8802,625
8803,625
8804,625
8805,625
8806,625
8807,625
8808,625
8809,625
8810,625
8811,625
8812,625
8813,625
8814,625
8815,625
8816,625
8817,625
8818,625
8819,625
8820,625
8821,625
8822,575
8823,625
8824,625
8825,625
8826,625
8827,625
8828,625
8829,625
8830,625
8831,625
8832,625
8833,625
8834,625
8835,625
8836,625
8837,625
8838,625
8839,625
8840,625
8841,625
8842,625
8843,625
8844,625
8845,625
8846,625
8847,625
8848,625
8849,625
8850,625
8851,625
8852,625
8853,625
8854,625
8855,625
8856,625
8857,625
8858,625
8859,625
8860,575
8861,625
8862,625
8863,625
8864,625
8865,625
8866,625
8867,625
8868,625
8869,625
8870,625
8871,625
8872,625
8873,625
8874,625
8875,625
8876,625
8877,625
8878,625
8879,625
8880,625
8881,625
8882,625
8883,625
8884,625
8885,625
8886,625
8887,625
8888,625
8889,625
8890,625
8891,625
8892,625
8893,625
8894,625
8895,625
8896,625
8897,625
8898,625
8899,625
8900,625
8901,625
8902,625
8903,625
8904,625
8905,-125
8906,623
8907,625
8908,625
8909,625
8910,625
8911,625
8912,625
8913,625
8914,625
8915,625
8916,575
8917,625
8918,625
8919,625
8920,625
8921,625
8922,625
8923,625
8924,625
8925,625
8926,625
8927,625
8928,625
8929,625
8930,625
8931,625
8932,575
8933,625
8934,625
8935,575
8936,625
8937,625
8938,625
8939,625
8940,625
8941,625
8942,625
8943,625
8944,-125
8945,625
8946,625
8947,625
8948,625
8949,625
8950,625
8951,625
8952,625
8953,625
8954,625
8955,625
8956,625
8957,625
8958,625
8959,625
8960,623
8961,625
8962,625
8963,625
8964,625
8965,625
8966,625
8967,625
8968,625
8969,625
8970,600
8971,625
8972,625
8973,625
8974,625
8975,625
8976,625
8977,625
8978,625
8979,625
8980,625
8981,625
8982,625
8983,625
8984,625
8985,625
8986,625
8987,625
8988,625
8989,625
8990,625
8991,625
8992,625
8993,625
8994,625
8995,625
8996,625
8997,625
8998,625
8999,625
9000,625
9001,625
9002,625
9003,625
9004,625
9005,625
9006,625
9007,625
9008,625
9009,625
9010,625
9011,625
9012,625
9013,-125
9014,625
9015,625
9016,625
9017,625
9018,625
9019,625
9020,625
9021,625
9022,625
9023,625
9024,625
9025,625
9026,625
9027,625
9028,625
9029,625
9030,625
9031,625
9032,625
9033,525
9034,625
9035,625
9036,625
9037,625
9038,625
9039,625
9040,625
9041,625
9042,625
9043,625
9044,625
9045,625
9046,625
9047,625
9048,625
9049,625
9050,625
9051,625
9052,625
9053,625
9054,575
9055,625
9056,625
9057,625
9058,625
9059,625
9060,625
9061,625
9062,625
9063,625
9064,625
9065,625
9066,625
9067,625
9068,625
9069,625
9070,625
9071,625
9072,625
9073,625
9074,625
9075,625
9076,625
9077,625
9078,625
9079,625
9080,625
9081,625
9082,625
9083,625
9084,625
9085,575
9086,625
9087,625
9088,625
9089,625
9090,625
9091,625
9092,625
9093,625
9094,625
9095,625
9096,625
9097,575
9098,625
9099,625
9100,625
9101,623
9102,625
9103,625
9104,575
9105,625
9106,625
9107,625
9108,625
9109,625
9110,625
9111,625
9112,625
9113,625
9114,625
9115,625
9116,625
9117,625
9118,625
9119,625
9120,625
9121,625
9122,625
9123,625
9124,625
9125,625
9126,625
9127,625
9128,625
9129,625
9130,625
9131,625
9132,625
9133,625
9134,625
9135,625
9136,625
9137,625
9138,625
9139,625
9140,625
9141,625
9142,625
9143,625
9144,625
9145,625
9146,625
9147,625
9148,625
9149,625
9150,625
9151,625
9152,625
9153,625
9154,625
9155,625
9156,625
9157,625
9158,625
9159,625
9160,625
9161,625
9162,625
9163,625
9164,625
9165,625
9166,625
9167,625
9168,625
9169,625
9170,625
9171,625
9172,625
9173,625
9174,625
9175,625
9176,625
9177,525
9178,625
9179,625
9180,625
9181,625
9182,625
9183,625
9184,625
9185,625
9186,625
9187,625
9188,625
9189,625
9190,625
9191,625
9192,625
9193,625
9194,625
9195,625
9196,625
9197,625
9198,625
9199,625
9200,625
9201,625
9202,625
9203,625
9204,625
9205,625
9206,625
9207,625
9208,625
9209,625
9210,625
9211,625
9212,625
9213,625
9214,625
9215,625
9216,625
9217,625
9218,625
9219,625
9220,625
9221,625
9222,625
9223,625
9224,625
9225,625
9226,625
9227,625
9228,625
9229,625
9230,625
9231,625
9232,625
9233,625
9234,625
9235,625
9236,625
9237,625
9238,625
9239,525
9240,625
9241,625
9242,625
9243,625
9244,625
9245,625
9246,625
9247,625
9248,625
9249,625
9250,625
9251,625
9252,625
9253,625
9254,625
9255,625
9256,625
9257,625
9258,625
9259,625
9260,625
9261,625
9262,625
9263,625
9264,625
9265,625
9266,625
9267,625
9268,625
9269,625
9270,625
9271,625
9272,625
9273,625
9274,625
9275,625
9276,625
9277,625
9278,625
9279,625
9280,625
9281,625
9282,625
9283,625
9284,625
9285,625
9286,625
9287,625
9288,625
9289,625
9290,625
9291,625
9292,625
9293,625
9294,625
9295,625
9296,625
9297,625
9298,625
9299,625
9300,625
9301,625
9302,623
9303,625
9304,625
9305,625
9306,625
9307,625
9308,625
9309,625
9310,625
9311,625
9312,625
9313,625
9314,625
9315,625
9316,625
9317,625
9318,625
9319,625
9320,625
9321,625
9322,625
9323,625
9324,625
9325,625
9326,625
9327,625
9328,-125
9329,625
9330,625
9331,625
9332,623
9333,625
9334,625
9335,625
9336,625
9337,625
9338,625
9339,625
9340,625
9341,625
9342,625
9343,625
9344,625
9345,625
9346,625
9347,625
9348,625
9349,625
9350,625
9351,625
9352,625
9353,625
9354,575
9355,625
9356,625
9357,525
9358,625
9359,625
9360,625
9361,625
9362,625
9363,625
9364,625
9365,625
9366,625
9367,625
9368,625
9369,625
9370,625
9371,625
9372,625
9373,625
9374,625
9375,625
9376,625
9377,625
9378,625
9379,625
9380,625
9381,625
9382,625
9383,625
9384,625
9385,625
9386,625
9387,625
9388,525
9389,625
9390,625
9391,625
9392,625
9393,625
9394,625
9395,625
9396,625
9397,625
9398,625
9399,625
9400,625
9401,625
9402,625
9403,625
9404,625
9405,625
9406,625
9407,625
9408,625
9409,625
9410,625
9411,625
9412,625
9413,625
9414,625
9415,625
9416,625
9417,625
9418,625
9419,625
9420,625
9421,625
9422,525
9423,625
9424,625
9425,625
9426,625
9427,625
9428,625
9429,625
9430,625
9431,625
9432,625
9433,625
9434,625
9435,625
9436,625
9437,625
9438,575
9439,625
9440,625
9441,625
9442,625
9443,625
9444,625
9445,625
9446,625
9447,625
9448,625
9449,625
9450,625
9451,625
9452,625
9453,625
9454,625
9455,675
9456,625
9457,625
9458,625
9459,625
9460,575
9461,625
9462,625
9463,625
9464,625
9465,625
9466,625
9467,625
9468,625
9469,625
9470,625
9471,575
9472,625
9473,625
9474,625
9475,625
9476,625
9477,625
9478,575
9479,625
9480,625
9481,625
9482,-125
9483,625
9484,625
9485,625
9486,625
9487,375
9488,625
9489,625
9490,625
9491,625
9492,625
9493,525
9494,623
9495,625
9496,625
9497,625
9498,625
9499,625
9500,625
9501,625
9502,625
9503,625
9504,625
9505,625
9506,625
9507,625
9508,525
9509,625
9510,575
9511,625
9512,625
9513,625
9514,625
9515,625
9516,625
9517,625
9518,625
9519,625
9520,575
9521,625
9522,625
9523,623
9524,625
9525,625
9526,625
9527,625
9528,625
9529,625
9530,625
9531,625
9532,625
9533,625
9534,625
9535,625
9536,625
9537,625
9538,625
9539,625
9540,625
9541,625
9542,625
9543,625
9544,625
9545,625
9546,625
9547,625
9548,625
9549,625
9550,625
9551,625
9552,625
9553,625
9554,625
9555,625
9556,625
9557,625
9558,625
9559,625
9560,625
9561,625
9562,625
9563,625
9564,625
9565,625
9566,625
9567,625
9568,625
9569,625
9570,625
9571,625
9572,625
9573,623
9574,625
9575,625
9576,625
9577,625
9578,625
9579,625
9580,625
9581,625
9582,625
9583,625
9584,625
9585,625
9586,625
9587,625
9588,625
9589,625
9590,625
9591,625
9592,625
9593,625
9594,625
9595,625
9596,625
9597,625
9598,625
9599,625
9600,625
9601,625
9602,625
9603,625
9604,625
9605,625
9606,625
9607,625
9608,625
9609,625
9610,625
9611,625
9612,625
9613,575
9614,625
9615,625
9616,625
9617,625
9618,625
9619,625
9620,625
9621,625
9622,625
9623,625
9624,625
9625,625
9626,625
9627,625
9628,625
9629,625
9630,623
9631,625
9632,625
9633,625
9634,625
9635,625
9636,575
9637,625
9638,575
9639,625
9640,625
9641,625
9642,625
9643,625
9644,625
9645,625
9646,625
9647,625
9648,625
9649,625
9650,625
9651,625
9652,625
9653,625
9654,625
9655,625
9656,625
9657,625
9658,625
9659,625
9660,625
9661,625
9662,625
9663,625
9664,525
9665,623
9666,525
9667,625
9668,625
9669,625
9670,625
9671,625
9672,625
9673,625
9674,625
9675,625
9676,625
9677,625
9678,625
9679,625
9680,625
9681,625
9682,625
9683,625
9684,625
9685,625
9686,625
9687,625
9688,625
9689,625
9690,625
9691,625
9692,625
9693,625
9694,625
9695,625
9696,625
9697,625
9698,625
9699,625
9700,625
9701,625
9702,623
9703,625
9704,625
9705,625
9706,625
9707,625
9708,625
9709,625
9710,625
9711,625
9712,625
9713,625
9714,625
9715,625
9716,625
9717,625
9718,625
9719,623
9720,625
9721,625
9722,625
9723,625
9724,625
9725,625
9726,625
9727,625
9728,625
9729,625
9730,625
9731,625
9732,625
9733,625
9734,625
9735,625
9736,625
9737,625
9738,625
9739,625
9740,625
9741,625
9742,625
9743,625
9744,625
9745,625
9746,625
9747,625
9748,625
9749,625
9750,625
9751,625
9752,625
9753,625
9754,625
9755,625
9756,625
9757,625
9758,625
9759,625
9760,625
9761,625
9762,625
9763,625
9764,625
9765,625
9766,625
9767,625
9768,625
9769,625
9770,625
9771,625
9772,625
9773,625
9774,625
9775,625
9776,625
9777,625
9778,625
9779,625
9780,625
9781,625
9782,625
9783,625
9784,625
9785,625
9786,625
9787,625
9788,625
9789,625
9790,625
9791,625
9792,625
9793,625
9794,625
9795,625
9796,625
9797,625
9798,625
9799,625
9800,625
9801,625
9802,625
9803,625
9804,625
9805,625
9806,625
9807,625
9808,625
9809,575
9810,625
9811,625
9812,625
9813,625
9814,625
9815,625
9816,625
9817,625
9818,625
9819,625
9820,625
9821,625
9822,625
9823,625
9824,625
9825,625
9826,625
9827,625
9828,625
9829,625
9830,625
9831,625
9832,625
9833,625
9834,625
9835,625
9836,625
9837,625
9838,625
9839,625
9840,625
9841,625
9842,625
9843,625
9844,625
9845,625
9846,625
9847,625
9848,625
9849,575
9850,625
9851,625
9852,625
9853,625
9854,625
9855,625
9856,625
9857,625
9858,625
9859,625
9860,625
9861,625
9862,575
9863,625
9864,625
9865,625
9866,625
9867,625
9868,625
9869,625
9870,625
9871,625
9872,625
9873,625
9874,625
9875,625
9876,625
9877,625
9878,625
9879,625
9880,625
9881,625
9882,625
9883,625
9884,625
9885,625
9886,625
9887,625
9888,625
9889,625
9890,625
9891,625
9892,625
9893,625
9894,625
9895,525
9896,625
9897,625
9898,625
9899,625
9900,625
9901,625
9902,625
9903,525
9904,625
9905,625
9906,625
9907,625
9908,625
9909,625
9910,625
9911,625
9912,625
9913,625
9914,625
9915,625
9916,625
9917,625
9918,625
9919,575
9920,625
9921,625
9922,625
9923,625
9924,625
9925,625
9926,625
9927,625
9928,625
9929,625
9930,625
9931,623
9932,625
9933,625
9934,625
9935,625
9936,625
9937,625
9938,625
9939,625
9940,625
9941,625
9942,625
9943,625
9944,625
9945,625
9946,625
9947,625
9948,625
9949,625
9950,625
9951,-125
9952,625
9953,625
9954,625
9955,625
9956,625
9957,625
9958,625
9959,625
9960,625
9961,625
9962,625
9963,625
9964,625
9965,625
9966,625
9967,625
9968,625
9969,625
9970,625
9971,625
9972,625
9973,625
9974,525
9975,625
9976,625
9977,625
9978,625
9979,625
9980,625
9981,625
9982,625
9983,625
9984,625
9985,625
9986,625
9987,625
9988,625
9989,625
9990,625
9991,625
9992,625
9993,525
9994,625
9995,625
9996,625
9997,625
9998,625
9999,625
[[(4, 4), 0, -25], [(3, 4), 2, 50], [(3, 3), 1, -25], [(4, 3), 2, -25], [(4, 2), 0, 50], [(3, 2), 2, 250], [(3, 1), 0, 250], [(2, 1), 2, -25], [(2, 0), 0, -25], [(1, 0), 0, 150]]