0,-154
1,323
2,325
3,-5875
4,-1002
5,-1209
6,-9023
7,-2744
8,-2623
9,-3423
10,-1048
11,-1061
12,-284
13,156
14,74
15,-9529
16,-366
17,-6061
18,122
19,156
20,-6378
21,200
22,200
23,200
24,-300
25,-300
26,-300
27,-300
28,-300
29,-300
30,-300
31,-300
32,-300
33,-300
34,-300
35,-704
36,-12502
37,-1303
38,-719
39,-29
40,-1002
41,-483
42,35
43,-1002
44,-1002
45,186
46,-922
47,-395
48,-594
49,-395
50,-229
51,-944
52,-573
53,-1154
54,-1002
55,-322
56,-1258
57,-577
58,-1002
59,-1002
60,-1162
61,-1002
62,-99
63,-161
64,-107
65,-17
66,113
67,-37
68,-7
69,-1002
70,-1002
71,-395
72,177
73,-624
74,-1002
75,-247
76,-722
77,-1002
78,-323
79,-149
80,-460
81,-642
82,-462
83,-524
84,189
85,-481
86,-610
87,-155
88,-668
89,49
90,-358
91,-285
92,-514
93,5
94,-191
95,-494
96,-490
97,-1240
98,-223
99,-978
100,-378
101,-304
102,-249
103,9
104,81
105,-612
106,-1002
107,217
108,-1002
109,-620
110,-1002
111,-1002
112,217
113,121
114,-1002
115,-1062
116,-139
117,-1058
118,-438
119,-371
120,23
121,-145
122,-764
123,-666
124,-671
125,-636
126,-553
127,129
128,-553
129,-510
130,-578
131,155
132,-727
133,-928
134,-524
135,-592
136,-93
137,-1180
138,-123
139,-391
140,-193
141,-302
142,-856
143,-631
144,-1002
145,-648
146,-412
147,-956
148,141
149,-670
150,-1002
151,-840
152,-726
153,139
154,-269
155,-994
156,159
157,-1002
158,-757
159,-135
160,-600
161,-3
162,-546
163,-205
164,-446
165,-267
166,199
167,-1118
168,41
169,-153
170,-263
171,-1128
172,-1002
173,-510
174,-1002
175,-954
176,-1002
177,-734
178,-467
179,-310
180,31
181,-704
182,-512
183,-169
184,49
185,-199
186,163
187,-415
188,-211
189,-1002
190,-456
191,-1182
192,35
193,-1002
194,-255
195,-457
196,-694
197,-157
198,-473
199,-1002
200,-1002
201,-6056
202,-121
203,-300
204,-1002
205,-1002
206,-454
207,-496
208,-1002
209,39
210,-776
211,-302
212,-938
213,-428
214,-565
215,-1150
216,-1002
217,-45
218,-538
219,-223
220,-686
221,167
222,-304
223,-636
224,-450
225,-1000
226,-1042
227,-1002
228,-11674
229,-9552
230,-5532
231,124
232,166
233,-312
234,-545
235,-95
236,-1002
237,-738
238,-756
239,-1156
240,-1000
241,-528
242,-27
243,63
244,-1238
245,179
246,219
247,217
248,-1002
249,-87
250,-1002
251,-1002
252,-163
253,-861
254,86
255,-644
256,-29
257,143
258,-704
259,-1002
260,-408
261,-362
262,199
263,-23
264,-800
265,187
266,-368
267,-675
268,-1128
269,-584
270,135
271,-574
272,-1002
273,-1002
274,175
275,71
276,-95
277,-373
278,15
279,-1002
280,-770
281,-171
282,-117
283,-1050
284,-802
285,-1002
286,-792
287,-520
288,-1002
289,141
290,59
291,3
292,225
293,225
294,225
295,225
296,225
297,225
298,225
299,225
300,225
301,225
302,225
303,225
304,225
305,225
306,225
307,225
308,225
309,225
310,225
311,225
312,225
313,-125
314,225
315,225
316,225
317,225
318,225
319,225
320,175
321,-12450
322,-8868
323,-7425
324,-559
325,-266
326,-1002
327,-318
328,-1002
329,57
330,-176
331,-312
332,-1002
333,-376
334,-285
335,25
336,-572
337,-555
338,-1002
339,-428
340,-674
341,-437
342,-1002
343,-149
344,-630
345,-483
346,-1002
347,-1006
348,-369
349,-1002
350,-1002
351,191
352,-625
353,-778
354,-1188
355,-465
356,-328
357,-358
358,65
359,-580
360,3
361,-1002
362,-458
363,-854
364,-708
365,-745
366,85
367,159
368,-425
369,-476
370,-383
371,-677
372,-606
373,-432
374,225
375,225
376,225
377,225
378,225
379,225
380,225
381,225
382,125
383,225
384,225
385,225
386,225
387,225
388,225
389,225
390,225
391,225
392,225
393,225
394,225
395,225
396,225
397,225
398,225
399,225
400,0
401,225
402,225
403,225
404,225
405,225
406,225
407,225
408,225
409,225
410,225
411,225
412,225
413,225
414,225
415,225
416,225
417,225
418,225
419,225
420,225
421,225
422,225
423,225
424,-225
425,-225
426,225
427,225
428,225
429,225
430,225
431,225
432,225
433,225
434,225
435,225
436,225
437,225
438,225
439,225
440,225
441,225
442,225
443,225
444,225
445,225
446,225
447,225
448,225
449,225
450,225
451,225
452,225
453,225
454,225
455,225
456,225
457,225
458,225
459,225
460,225
461,225
462,225
463,225
464,225
465,225
466,225
467,225
468,225
469,225
470,225
471,225
472,225
473,225
474,225
475,225
476,225
477,225
478,225
479,225
480,225
481,225
482,225
483,225
484,225
485,225
486,225
487,225
488,225
489,225
490,-25
491,225
492,225
493,225
494,225
495,225
496,225
497,225
498,225
499,225
500,225
501,225
502,225
503,225
504,225
505,225
506,225
507,225
508,225
509,225
510,225
511,225
512,225
513,225
514,225
515,225
516,225
517,225
518,225
519,225
520,225
521,225
522,225
523,225
524,225
525,225
526,225
527,225
528,225
529,225
530,200
531,225
532,225
533,225
534,225
535,225
536,225
537,225
538,225
539,225
540,225
541,225
542,225
543,225
544,225
545,225
546,225
547,225
548,225
549,225
550,225
551,225
552,225
553,225
554,225
555,225
556,225
557,225
558,225
559,225
560,225
561,225
562,225
563,225
564,225
565,225
566,225
567,225
568,225
569,225
570,225
571,225
572,225
573,225
574,225
575,225
576,225
577,225
578,225
579,225
580,225
581,225
582,225
583,225
584,225
585,225
586,225
587,225
588,225
589,225
590,225
591,173
592,225
593,225
594,225
595,225
596,225
597,225
598,225
599,225
600,225
601,225
602,225
603,223
604,225
605,225
606,225
607,225
608,225
609,225
610,225
611,225
612,225
613,53
614,225
615,225
616,225
617,225
618,225
619,225
620,225
621,225
622,225
623,225
624,225
625,225
626,225
627,225
628,225
629,225
630,225
631,225
632,223
633,225
634,225
635,225
636,175
637,225
638,225
639,225
640,225
641,225
642,175
643,225
644,223
645,225
646,225
647,225
648,225
649,225
650,225
651,225
652,225
653,225
654,225
655,225
656,225
657,225
658,225
659,225
660,225
661,225
662,225
663,225
664,225
665,225
666,225
667,225
668,225
669,225
670,225
671,225
672,225
673,225
674,225
675,225
676,225
677,225
678,225
679,225
680,225
681,225
682,225
683,225
684,225
685,225
686,225
687,225
688,225
689,225
690,225
691,225
692,225
693,225
694,225
695,225
696,225
697,225
698,225
699,225
700,225
701,225
702,225
703,225
704,225
705,225
706,225
707,225
708,225
709,225
710,225
711,225
712,225
713,175
714,225
715,225
716,225
717,225
718,225
719,225
720,225
721,225
722,225
723,225
724,225
725,225
726,225
727,225
728,225
729,225
730,225
731,225
732,225
733,225
734,225
735,225
736,225
737,225
738,225
739,225
740,225
741,225
742,225
743,225
744,225
745,225
746,225
747,225
748,225
749,225
750,225
751,225
752,225
753,225
754,225
755,225
756,225
757,223
758,225
759,225
760,225
761,225
762,225
763,223
764,225
765,225
766,225
767,225
768,225
769,225
770,225
771,225
772,225
773,225
774,225
775,225
776,175
777,225
778,225
779,225
780,225
781,225
782,225
783,225
784,225
785,225
786,225
787,175
788,225
789,225
790,225
791,225
792,225
793,225
794,225
795,225
796,225
797,225
798,225
799,223
800,-1226
801,175
802,225
803,225
804,225
805,225
806,225
807,225
808,225
809,225
810,225
811,225
812,225
813,225
814,225
815,225
816,225
817,225
818,175
819,225
820,225
821,225
822,225
823,225
824,225
825,225
826,225
827,225
828,225
829,225
830,225
831,225
832,225
833,225
834,225
835,225
836,225
837,225
838,225
839,225
840,225
841,225
842,225
843,225
844,225
845,225
846,225
847,225
848,225
849,225
850,225
851,225
852,225
853,225
854,225
855,-125
856,225
857,225
858,225
859,225
860,225
861,225
862,225
863,225
864,225
865,225
866,225
867,225
868,225
869,225
870,225
871,225
872,223
873,225
874,225
875,225
876,225
877,225
878,225
879,225
880,225
881,225
882,225
883,225
884,225
885,225
886,225
887,225
888,225
889,225
890,225
891,225
892,225
893,-125
894,225
895,225
896,225
897,225
898,225
899,225
900,225
901,225
902,225
903,225
904,225
905,225
906,225
907,225
908,225
909,225
910,225
911,225
912,225
913,225
914,225
915,225
916,225
917,225
918,225
919,225
920,225
921,225
922,225
923,225
924,225
925,225
926,225
927,225
928,225
929,225
930,225
931,225
932,175
933,225
934,225
935,225
936,223
937,225
938,225
939,225
940,225
941,225
942,225
943,225
944,225
945,225
946,225
947,225
948,225
949,225
950,225
951,225
952,225
953,225
954,223
955,225
956,223
957,225
958,225
959,225
960,225
961,225
962,225
963,225
964,225
965,225
966,225
967,225
968,225
969,225
970,225
971,225
972,225
973,225
974,225
975,225
976,225
977,223
978,225
979,225
980,225
981,225
982,225
983,225
984,225
985,175
986,225
987,225
988,225
989,225
990,225
991,225
992,225
993,225
994,225
995,225
996,225
997,225
998,225
999,225
1000,225
1001,225
1002,225
1003,225
1004,225
1005,225
1006,225
1007,225
1008,225
1009,225
1010,225
1011,225
1012,225
1013,225
1014,223
1015,13
1016,-996
1017,225
1018,225
1019,175
1020,225
1021,225
1022,225
1023,225
1024,225
1025,225
1026,225
1027,225
1028,225
1029,225
1030,225
1031,225
1032,225
1033,223
1034,225
1035,225
1036,225
1037,225
1038,225
1039,225
1040,225
1041,225
1042,225
1043,225
1044,225
1045,225
1046,225
1047,225
1048,225
1049,225
1050,225
1051,225
1052,225
1053,225
1054,225
1055,225
1056,225
1057,225
1058,225
1059,225
1060,-722
1061,225
1062,225
1063,225
1064,225
1065,225
1066,-25
1067,225
1068,225
1069,225
1070,225
1071,225
1072,225
1073,225
1074,175
1075,-699
1076,225
1077,225
1078,225
1079,225
1080,225
1081,225
1082,225
1083,225
1084,225
1085,-928
1086,225
1087,225
1088,225
1089,225
1090,225
1091,225
1092,225
1093,225
1094,225
1095,225
1096,175
1097,25
1098,-7325
1099,-1226
1100,225
1101,225
1102,225
1103,225
1104,175
1105,225
1106,225
1107,225
1108,225
1109,225
1110,225
1111,225
1112,225
1113,225
1114,225
1115,225
1116,225
1117,225
1118,225
1119,225
1120,225
1121,223
1122,225
1123,225
1124,225
1125,225
1126,225
1127,225
1128,225
1129,225
1130,225
1131,225
1132,225
1133,225
1134,225
1135,225
1136,225
1137,225
1138,225
1139,225
1140,225
1141,225
1142,225
1143,225
1144,225
1145,225
1146,225
1147,225
1148,225
1149,225
1150,225
1151,175
1152,225
1153,225
1154,225
1155,225
1156,225
1157,225
1158,225
1159,225
1160,225
1161,225
1162,225
1163,225
1164,-125
1165,175
1166,175
1167,225
1168,225
1169,225
1170,225
1171,225
1172,225
1173,225
1174,225
1175,225
1176,225
1177,225
1178,225
1179,225
1180,225
1181,225
1182,225
1183,225
1184,225
1185,225
1186,225
1187,225
1188,225
1189,225
1190,225
1191,225
1192,225
1193,225
1194,225
1195,225
1196,225
1197,225
1198,225
1199,225
1200,225
1201,225
1202,225
1203,225
1204,225
1205,225
1206,225
1207,225
1208,225
1209,225
1210,225
1211,175
1212,225
1213,225
1214,225
1215,225
1216,225
1217,225
1218,225
1219,225
1220,-125
1221,225
1222,225
1223,225
1224,225
1225,225
1226,225
1227,225
1228,225
1229,225
1230,225
1231,225
1232,225
1233,225
1234,225
1235,225
1236,225
1237,225
1238,225
1239,225
1240,225
1241,225
1242,225
1243,225
1244,225
1245,225
1246,225
1247,-125
1248,225
1249,225
1250,225
1251,125
1252,225
1253,225
1254,225
1255,225
1256,225
1257,225
1258,225
1259,223
1260,225
1261,225
1262,225
1263,225
1264,225
1265,225
1266,225
1267,225
1268,225
1269,225
1270,225
1271,225
1272,225
1273,225
1274,225
1275,225
1276,225
1277,225
1278,225
1279,225
1280,225
1281,225
1282,225
1283,225
1284,225
1285,225
1286,225
1287,225
1288,225
1289,225
1290,225
1291,225
1292,225
1293,225
1294,225
1295,225
1296,225
1297,225
1298,225
1299,225
1300,225
1301,225
1302,225
1303,-12427
1304,225
1305,225
1306,225
1307,225
1308,225
1309,225
1310,225
1311,225
1312,225
1313,225
1314,225
1315,225
1316,225
1317,225
1318,225
1319,225
1320,225
1321,223
1322,225
1323,225
1324,225
1325,225
1326,225
1327,225
1328,225
1329,225
1330,225
1331,225
1332,225
1333,225
1334,225
1335,225
1336,225
1337,225
1338,225
1339,175
1340,225
1341,225
1342,225
1343,225
1344,225
1345,225
1346,225
1347,-175
1348,225
1349,225
1350,225
1351,225
1352,225
1353,225
1354,225
1355,225
1356,225
1357,225
1358,225
1359,225
1360,225
1361,225
1362,225
1363,225
1364,225
1365,225
1366,225
1367,225
1368,225
1369,225
1370,225
1371,225
1372,225
1373,225
1374,225
1375,225
1376,225
1377,225
1378,225
1379,225
1380,225
1381,225
1382,225
1383,225
1384,225
1385,225
1386,225
1387,225
1388,225
1389,225
1390,225
1391,225
1392,223
1393,225
1394,225
1395,225
1396,225
1397,175
1398,225
1399,225
1400,225
1401,225
1402,225
1403,223
1404,225
1405,225
1406,225
1407,225
1408,175
1409,225
1410,225
1411,225
1412,225
1413,225
1414,225
1415,225
1416,175
1417,225
1418,225
1419,225
1420,225
1421,225
1422,225
1423,225
1424,225
1425,125
1426,225
1427,225
1428,225
1429,225
1430,225
1431,225
1432,225
1433,225
1434,225
1435,225
1436,225
1437,225
1438,225
1439,225
1440,225
1441,225
1442,225
1443,225
1444,223
1445,225
1446,225
1447,225
1448,225
1449,225
1450,225
1451,225
1452,225
1453,225
1454,225
1455,225
1456,225
1457,225
1458,-225
1459,225
1460,223
1461,225
1462,225
1463,225
1464,225
1465,225
1466,225
1467,225
1468,225
1469,225
1470,225
1471,225
1472,225
1473,225
1474,225
1475,225
1476,225
1477,225
1478,225
1479,225
1480,225
1481,225
1482,225
1483,225
1484,225
1485,225
1486,225
1487,223
1488,225
1489,225
1490,225
1491,125
1492,225
1493,225
1494,225
1495,225
1496,225
1497,225
1498,225
1499,225
1500,225
1501,225
1502,225
1503,225
1504,225
1505,175
1506,225
1507,225
1508,225
1509,225
1510,225
1511,225
1512,225
1513,-831
1514,225
1515,225
1516,225
1517,225
1518,225
1519,225
1520,225
1521,225
1522,225
1523,225
1524,225
1525,225
1526,225
1527,225
1528,225
1529,225
1530,225
1531,225
1532,225
1533,75
1534,225
1535,225
1536,225
1537,225
1538,125
1539,225
1540,225
1541,225
1542,225
1543,225
1544,225
1545,225
1546,225
1547,225
1548,225
1549,225
1550,225
1551,225
1552,225
1553,225
1554,225
1555,225
1556,225
1557,225
1558,225
1559,225
1560,225
1561,225
1562,225
1563,225
1564,225
1565,225
1566,225
1567,225
1568,225
1569,225
1570,223
1571,225
1572,225
1573,225
1574,225
1575,225
1576,225
1577,225
1578,225
1579,225
1580,225
1581,225
1582,225
1583,225
1584,225
1585,225
1586,225
1587,225
1588,225
1589,225
1590,0
1591,225
1592,225
1593,225
1594,225
1595,225
1596,-25
1597,225
1598,225
1599,225
1600,225
1601,225
1602,225
1603,225
1604,225
1605,225
1606,175
1607,225
1608,225
1609,225
1610,225
1611,225
1612,225
1613,225
1614,225
1615,225
1616,225
1617,175
1618,225
1619,225
1620,225
1621,225
1622,175
1623,225
1624,225
1625,225
1626,225
1627,225
1628,225
1629,225
1630,225
1631,-225
1632,225
1633,225
1634,225
1635,225
1636,225
1637,225
1638,225
1639,225
1640,225
1641,225
1642,225
1643,225
1644,225
1645,225
1646,225
1647,225
1648,225
1649,225
1650,225
1651,225
1652,225
1653,225
1654,175
1655,225
1656,225
1657,225
1658,225
1659,225
1660,225
1661,225
1662,225
1663,225
1664,225
1665,225
1666,175
1667,225
1668,225
1669,225
1670,225
1671,225
1672,225
1673,225
1674,225
1675,225
1676,225
1677,225
1678,225
1679,225
1680,225
1681,225
1682,225
1683,225
1684,225
1685,225
1686,225
1687,225
1688,225
1689,225
1690,225
1691,225
1692,225
1693,223
1694,225
1695,225
1696,225
1697,225
1698,225
1699,225
1700,225
1701,225
1702,175
1703,225
1704,225
1705,225
1706,225
1707,225
1708,225
1709,225
1710,225
1711,225
1712,225
1713,225
1714,225
1715,225
1716,225
1717,225
1718,225
1719,175
1720,225
1721,225
1722,225
1723,225
1724,225
1725,225
1726,225
1727,225
1728,225
1729,225
1730,225
1731,225
1732,225
1733,225
1734,225
1735,225
1736,225
1737,223
1738,225
1739,225
1740,225
1741,225
1742,225
1743,225
1744,225
1745,175
1746,225
1747,225
1748,225
1749,225
1750,225
1751,225
1752,225
1753,225
1754,225
1755,225
1756,225
1757,223
1758,225
1759,225
1760,225
1761,225
1762,225
1763,225
1764,344
1765,225
1766,225
1767,225
1768,225
1769,225
1770,225
1771,225
1772,225
1773,225
1774,225
1775,225
1776,225
1777,225
1778,225
1779,225
1780,225
1781,225
1782,175
1783,225
1784,-676
1785,225
1786,225
1787,225
1788,225
1789,275
1790,225
1791,225
1792,175
1793,225
1794,225
1795,225
1796,225
1797,225
1798,225
1799,225
1800,225
1801,225
1802,225
1803,225
1804,225
1805,225
1806,225
1807,225
1808,225
1809,225
1810,225
1811,225
1812,225
1813,225
1814,225
1815,225
1816,225
1817,225
1818,225
1819,225
1820,225
1821,225
1822,225
1823,225
1824,225
1825,225
1826,225
1827,225
1828,225
1829,225
1830,225
1831,225
1832,200
1833,225
1834,225
1835,225
1836,225
1837,225
1838,225
1839,175
1840,225
1841,225
1842,0
1843,225
1844,225
1845,225
1846,225
1847,225
1848,225
1849,225
1850,225
1851,225
1852,225
1853,225
1854,225
1855,225
1856,225
1857,225
1858,175
1859,225
1860,225
1861,225
1862,225
1863,225
1864,225
1865,225
1866,225
1867,225
1868,225
1869,200
1870,225
1871,225
1872,225
1873,225
1874,175
1875,225
1876,225
1877,225
1878,225
1879,225
1880,225
1881,225
1882,0
1883,225
1884,200
1885,225
1886,-125
1887,225
1888,225
1889,225
1890,225
1891,225
1892,225
1893,225
1894,225
1895,225
1896,225
1897,225
1898,225
1899,225
1900,225
1901,225
1902,225
1903,225
1904,225
1905,225
1906,225
1907,225
1908,225
1909,225
1910,225
1911,225
1912,225
1913,225
1914,225
1915,225
1916,225
1917,225
1918,225
1919,225
1920,225
1921,225
1922,225
1923,225
1924,225
1925,225
1926,225
1927,225
1928,225
1929,225
1930,225
1931,225
1932,225
1933,225
1934,225
1935,225
1936,225
1937,225
1938,225
1939,225
1940,225
1941,225
1942,225
1943,225
1944,225
1945,225
1946,225
1947,225
1948,225
1949,225
1950,225
1951,225
1952,225
1953,225
1954,225
1955,225
1956,225
1957,225
1958,225
1959,225
1960,225
1961,225
1962,225
1963,225
1964,225
1965,225
1966,225
1967,225
1968,225
1969,225
1970,225
1971,225
1972,225
1973,225
1974,225
1975,225
1976,225
1977,225
1978,225
1979,225
1980,225
1981,175
1982,225
1983,225
1984,225
1985,225
1986,225
1987,225
1988,175
1989,225
1990,225
1991,225
1992,225
1993,225
1994,225
1995,225
1996,-125
1997,225
1998,225
1999,225
2000,225
2001,225
2002,225
2003,225
2004,225
2005,225
2006,225
2007,-25
2008,225
2009,225
2010,223
2011,225
2012,225
2013,225
2014,225
2015,225
2016,225
2017,225
2018,223
2019,225
2020,225
2021,225
2022,225
2023,225
2024,225
2025,225
2026,225
2027,225
2028,225
2029,225
2030,225
2031,225
2032,225
2033,225
2034,225
2035,225
2036,225
2037,225
2038,225
2039,-125
2040,225
2041,225
2042,225
2043,225
2044,225
2045,225
2046,225
2047,225
2048,225
2049,225
2050,225
2051,225
2052,225
2053,225
2054,225
2055,225
2056,125
2057,225
2058,225
2059,225
2060,225
2061,225
2062,225
2063,225
2064,225
2065,225
2066,225
2067,225
2068,225
2069,225
2070,275
2071,225
2072,225
2073,225
2074,225
2075,225
2076,225
2077,225
2078,225
2079,225
2080,225
2081,225
2082,225
2083,225
2084,225
2085,175
2086,225
2087,175
2088,225
2089,175
2090,225
2091,225
2092,225
2093,225
2094,225
2095,225
2096,225
2097,225
2098,225
2099,225
2100,225
2101,225
2102,225
2103,225
2104,225
2105,225
2106,225
2107,225
2108,225
2109,225
2110,225
2111,225
2112,225
2113,225
2114,225
2115,225
2116,225
2117,225
2118,225
2119,225
2120,225
2121,225
2122,225
2123,225
2124,225
2125,-250
2126,225
2127,225
2128,-225
2129,225
2130,225
2131,225
2132,225
2133,225
2134,175
2135,225
2136,225
2137,225
2138,225
2139,225
2140,225
2141,125
2142,225
2143,225
2144,225
2145,225
2146,225
2147,225
2148,225
2149,225
2150,225
2151,225
2152,225
2153,225
2154,225
2155,225
2156,225
2157,225
2158,225
2159,225
2160,225
2161,225
2162,225
2163,225
2164,225
2165,225
2166,225
2167,175
2168,225
2169,225
2170,225
2171,225
2172,225
2173,225
2174,225
2175,225
2176,225
2177,225
2178,225
2179,225
2180,225
2181,225
2182,225
2183,225
2184,225
2185,225
2186,225
2187,225
2188,225
2189,225
2190,225
2191,225
2192,225
2193,225
2194,225
2195,225
2196,225
2197,225
2198,225
2199,225
2200,225
2201,225
2202,225
2203,225
2204,225
2205,225
2206,225
2207,225
2208,225
2209,225
2210,225
2211,225
2212,225
2213,225
2214,225
2215,225
2216,225
2217,225
2218,225
2219,225
2220,225
2221,225
2222,225
2223,225
2224,225
2225,175
2226,225
2227,225
2228,175
2229,225
2230,225
2231,225
2232,225
2233,175
2234,225
2235,225
2236,225
2237,225
2238,225
2239,225
2240,225
2241,225
2242,225
2243,225
2244,225
2245,225
2246,225
2247,175
2248,225
2249,225
2250,225
2251,225
2252,225
2253,225
2254,225
2255,225
2256,225
2257,225
2258,225
2259,225
2260,225
2261,225
2262,225
2263,225
2264,225
2265,225
2266,225
2267,225
2268,225
2269,225
2270,225
2271,225
2272,225
2273,225
2274,225
2275,225
2276,225
2277,225
2278,225
2279,225
2280,175
2281,-25
2282,225
2283,225
2284,-175
2285,225
2286,225
2287,225
2288,175
2289,225
2290,225
2291,225
2292,175
2293,225
2294,225
2295,225
2296,225
2297,-75
2298,225
2299,225
2300,225
2301,225
2302,225
2303,225
2304,225
2305,225
2306,225
2307,225
2308,225
2309,225
2310,225
2311,225
2312,223
2313,225
2314,225
2315,225
2316,225
2317,225
2318,225
2319,225
2320,225
2321,225
2322,225
2323,225
2324,225
2325,225
2326,225
2327,225
2328,225
2329,225
2330,225
2331,225
2332,225
2333,223
2334,225
2335,175
2336,225
2337,225
2338,225
2339,225
2340,225
2341,225
2342,225
2343,225
2344,225
2345,225
2346,225
2347,225
2348,225
2349,225
2350,225
2351,225
2352,225
2353,225
2354,225
2355,225
2356,225
2357,225
2358,225
2359,225
2360,-175
2361,225
2362,225
2363,225
2364,225
2365,225
2366,225
2367,225
2368,225
2369,225
2370,225
2371,225
2372,225
2373,225
2374,225
2375,225
2376,200
2377,225
2378,225
2379,225
2380,175
2381,225
2382,225
2383,225
2384,225
2385,225
2386,225
2387,225
2388,225
2389,225
2390,225
2391,225
2392,225
2393,225
2394,225
2395,225
2396,225
2397,225
2398,225
2399,225
2400,225
2401,225
2402,223
2403,225
2404,225
2405,225
2406,225
2407,225
2408,225
2409,225
2410,225
2411,225
2412,225
2413,225
2414,225
2415,225
2416,225
2417,225
2418,225
2419,225
2420,225
2421,225
2422,225
2423,225
2424,225
2425,225
2426,225
2427,225
2428,225
2429,225
2430,225
2431,225
2432,225
2433,225
2434,225
2435,225
2436,225
2437,225
2438,225
2439,225
2440,225
2441,225
2442,225
2443,225
2444,225
2445,225
2446,225
2447,225
2448,225
2449,225
2450,225
2451,225
2452,225
2453,225
2454,225
2455,225
2456,225
2457,225
2458,225
2459,225
2460,225
2461,175
2462,225
2463,225
2464,175
2465,225
2466,225
2467,225
2468,225
2469,225
2470,225
2471,225
2472,225
2473,225
2474,225
2475,225
2476,225
2477,225
2478,225
2479,225
2480,225
2481,225
2482,225
2483,225
2484,225
2485,225
2486,225
2487,225
2488,225
2489,225
2490,225
2491,225
2492,225
2493,225
2494,225
2495,225
2496,-905
2497,225
2498,225
2499,225
2500,225
2501,225
2502,225
2503,225
2504,225
2505,225
2506,225
2507,175
2508,225
2509,225
2510,225
2511,223
2512,225
2513,225
2514,225
2515,225
2516,225
2517,225
2518,225
2519,225
2520,225
2521,225
2522,225
2523,225
2524,225
2525,225
2526,225
2527,225
2528,225
2529,175
2530,225
2531,225
2532,225
2533,225
2534,225
2535,225
2536,225
2537,225
2538,225
2539,225
2540,225
2541,225
2542,225
2543,225
2544,225
2545,225
2546,225
2547,225
2548,225
2549,225
2550,225
2551,225
2552,225
2553,225
2554,225
2555,225
2556,225
2557,225
2558,225
2559,225
2560,225
2561,225
2562,225
2563,225
2564,225
2565,225
2566,225
2567,225
2568,225
2569,225
2570,225
2571,225
2572,225
2573,225
2574,225
2575,225
2576,225
2577,225
2578,225
2579,225
2580,225
2581,225
2582,225
2583,225
2584,225
2585,225
2586,225
2587,225
2588,225
2589,225
2590,225
2591,225
2592,225
2593,225
2594,225
2595,225
2596,225
2597,175
2598,225
2599,225
2600,225
2601,225
2602,225
2603,225
2604,225
2605,225
2606,225
2607,225
2608,225
2609,225
2610,225
2611,175
2612,225
2613,175
2614,225
2615,225
2616,225
2617,225
2618,225
2619,225
2620,175
2621,225
2622,225
2623,225
2624,225
2625,225
2626,225
2627,225
2628,225
2629,225
2630,225
2631,225
2632,225
2633,-250
2634,225
2635,225
2636,225
2637,225
2638,225
2639,225
2640,225
2641,225
2642,225
2643,225
2644,225
2645,225
2646,225
2647,225
2648,225
2649,225
2650,225
2651,225
2652,225
2653,225
2654,225
2655,225
2656,225
2657,225
2658,175
2659,225
2660,225
2661,225
2662,225
2663,225
2664,225
2665,225
2666,225
2667,225
2668,225
2669,225
2670,225
2671,225
2672,225
2673,223
2674,225
2675,225
2676,225
2677,175
2678,225
2679,225
2680,225
2681,225
2682,225
2683,225
2684,225
2685,225
2686,225
2687,225
2688,225
2689,225
2690,225
2691,225
2692,225
2693,225
2694,225
2695,225
2696,225
2697,225
2698,225
2699,225
2700,225
2701,225
2702,225
2703,225
2704,225
2705,225
2706,225
2707,225
2708,225
2709,225
2710,225
2711,225
2712,225
2713,225
2714,-225
2715,175
2716,225
2717,225
2718,175
2719,225
2720,225
2721,225
2722,225
2723,225
2724,225
2725,225
2726,225
2727,225
2728,225
2729,125
2730,225
2731,225
2732,175
2733,225
2734,225
2735,225
2736,225
2737,225
2738,225
2739,225
2740,225
2741,225
2742,225
2743,225
2744,225
2745,225
2746,225
2747,225
2748,225
2749,225
2750,225
2751,225
2752,225
2753,225
2754,225
2755,225
2756,225
2757,223
2758,223
2759,225
2760,225
2761,225
2762,225
2763,225
2764,225
2765,225
2766,225
2767,225
2768,225
2769,225
2770,225
2771,225
2772,223
2773,225
2774,175
2775,225
2776,225
2777,225
2778,225
2779,225
2780,225
2781,225
2782,225
2783,225
2784,225
2785,225
2786,225
2787,225
2788,225
2789,225
2790,225
2791,225
2792,225
2793,225
2794,225
2795,225
2796,225
2797,225
2798,225
2799,225
2800,225
2801,225
2802,225
2803,225
2804,225
2805,221
2806,225
2807,225
2808,225
2809,225
2810,225
2811,-250
2812,225
2813,225
2814,225
2815,225
2816,225
2817,225
2818,225
2819,225
2820,225
2821,225
2822,225
2823,225
2824,225
2825,225
2826,225
2827,225
2828,-905
2829,225
2830,225
2831,125
2832,225
2833,225
2834,225
2835,225
2836,225
2837,225
2838,225
2839,225
2840,225
2841,225
2842,225
2843,225
2844,225
2845,225
2846,225
2847,225
2848,225
2849,225
2850,175
2851,225
2852,225
2853,225
2854,225
2855,225
2856,225
2857,225
2858,225
2859,225
2860,225
2861,225
2862,225
2863,225
2864,225
2865,225
2866,225
2867,225
2868,225
2869,225
2870,225
2871,225
2872,225
2873,225
2874,225
2875,225
2876,225
2877,225
2878,225
2879,225
2880,225
2881,225
2882,225
2883,225
2884,225
2885,225
2886,225
2887,225
2888,223
2889,225
2890,225
2891,225
2892,225
2893,225
2894,225
2895,225
2896,225
2897,225
2898,225
2899,225
2900,225
2901,225
2902,173
2903,225
2904,225
2905,225
2906,225
2907,225
2908,225
2909,225
2910,225
2911,225
2912,225
2913,225
2914,225
2915,225
2916,225
2917,225
2918,225
2919,225
2920,225
2921,225
2922,225
2923,225
2924,225
2925,225
2926,225
2927,225
2928,225
2929,225
2930,225
2931,225
2932,-225
2933,225
2934,225
2935,225
2936,225
2937,225
2938,225
2939,225
2940,225
2941,225
2942,225
2943,225
2944,225
2945,225
2946,225
2947,225
2948,225
2949,225
2950,225
2951,225
2952,225
2953,225
2954,225
2955,225
2956,225
2957,200
2958,225
2959,225
2960,225
2961,225
2962,225
2963,225
2964,175
2965,225
2966,-25
2967,225
2968,225
2969,225
2970,225
2971,225
2972,225
2973,225
2974,225
2975,225
2976,225
2977,225
2978,225
2979,225
2980,225
2981,225
2982,225
2983,225
2984,225
2985,225
2986,225
2987,225
2988,225
2989,225
2990,225
2991,225
2992,225
2993,225
2994,225
2995,225
2996,225
2997,225
2998,225
2999,225
3000,225
3001,225
3002,225
3003,225
3004,225
3005,225
3006,225
3007,225
3008,225
3009,225
3010,225
3011,175
3012,225
3013,225
3014,175
3015,225
3016,225
3017,225
3018,225
3019,225
3020,225
3021,225
3022,175
3023,225
3024,225
3025,225
3026,225
3027,225
3028,225
3029,225
3030,225
3031,225
3032,225
3033,225
3034,225
3035,225
3036,225
3037,225
3038,225
3039,225
3040,225
3041,225
3042,225
3043,225
3044,225
3045,225
3046,225
3047,225
3048,225
3049,225
3050,175
3051,225
3052,225
3053,225
3054,225
3055,225
3056,225
3057,225
3058,225
3059,225
3060,225
3061,225
3062,225
3063,225
3064,225
3065,125
3066,225
3067,225
3068,225
3069,225
3070,225
3071,225
3072,225
3073,225
3074,225
3075,225
3076,225
3077,225
3078,225
3079,225
3080,225
3081,225
3082,225
3083,225
3084,225
3085,225
3086,225
3087,225
3088,223
3089,225
3090,225
3091,225
3092,225
3093,225
3094,225
3095,225
3096,225
3097,-175
3098,175
3099,225
3100,225
3101,225
3102,-250
3103,225
3104,225
3105,225
3106,225
3107,225
3108,225
3109,225
3110,225
3111,225
3112,175
3113,225
3114,225
3115,225
3116,225
3117,225
3118,225
3119,225
3120,225
3121,225
3122,225
3123,225
3124,225
3125,225
3126,225
3127,225
3128,225
3129,225
3130,225
3131,225
3132,225
3133,225
3134,225
3135,225
3136,225
3137,225
3138,225
3139,225
3140,225
3141,225
3142,225
3143,225
3144,225
3145,225
3146,225
3147,225
3148,225
3149,225
3150,225
3151,225
3152,225
3153,225
3154,225
3155,225
3156,225
3157,225
3158,225
3159,225
3160,225
3161,225
3162,225
3163,225
3164,225
3165,225
3166,225
3167,225
3168,225
3169,225
3170,225
3171,225
3172,225
3173,225
3174,225
3175,225
3176,225
3177,225
3178,225
3179,225
3180,225
3181,225
3182,225
3183,225
3184,225
3185,175
3186,225
3187,225
3188,225
3189,225
3190,0
3191,225
3192,225
3193,225
3194,225
3195,225
3196,225
3197,223
3198,225
3199,125
3200,-25
3201,225
3202,225
3203,225
3204,225
3205,225
3206,225
3207,225
3208,225
3209,225
3210,225
3211,225
3212,225
3213,225
3214,175
3215,223
3216,225
3217,225
3218,225
3219,225
3220,225
3221,225
3222,225
3223,225
3224,225
3225,225
3226,225
3227,225
3228,225
3229,225
3230,225
3231,225
3232,225
3233,225
3234,225
3235,225
3236,225
3237,225
3238,225
3239,225
3240,225
3241,225
3242,225
3243,225
3244,225
3245,225
3246,225
3247,225
3248,225
3249,225
3250,225
3251,225
3252,225
3253,225
3254,225
3255,225
3256,225
3257,225
3258,225
3259,125
3260,175
3261,225
3262,225
3263,-25
3264,225
3265,225
3266,225
3267,225
3268,225
3269,225
3270,225
3271,225
3272,225
3273,225
3274,225
3275,225
3276,225
3277,225
3278,225
3279,225
3280,225
3281,225
3282,225
3283,225
3284,223
3285,225
3286,225
3287,225
3288,225
3289,225
3290,225
3291,225
3292,225
3293,225
3294,225
3295,225
3296,225
3297,225
3298,225
3299,225
3300,225
3301,225
3302,225
3303,225
3304,225
3305,225
3306,225
3307,225
3308,225
3309,225
3310,225
3311,225
3312,225
3313,225
3314,225
3315,225
3316,225
3317,225
3318,225
3319,225
3320,225
3321,225
3322,225
3323,225
3324,225
3325,225
3326,225
3327,225
3328,225
3329,225
3330,225
3331,175
3332,225
3333,225
3334,175
3335,225
3336,225
3337,225
3338,225
3339,225
3340,225
3341,225
3342,225
3343,225
3344,225
3345,225
3346,225
3347,225
3348,225
3349,225
3350,225
3351,225
3352,225
3353,225
3354,225
3355,225
3356,225
3357,225
3358,175
3359,225
3360,225
3361,225
3362,225
3363,225
3364,225
3365,225
3366,225
3367,225
3368,225
3369,225
3370,225
3371,225
3372,225
3373,225
3374,225
3375,225
3376,225
3377,225
3378,125
3379,225
3380,225
3381,225
3382,225
3383,225
3384,225
3385,225
3386,225
3387,225
3388,225
3389,225
3390,225
3391,225
3392,175
3393,225
3394,225
3395,225
3396,225
3397,225
3398,225
3399,225
3400,225
3401,225
3402,225
3403,225
3404,125
3405,225
3406,225
3407,225
3408,225
3409,225
3410,225
3411,225
3412,225
3413,175
3414,225
3415,225
3416,225
3417,225
3418,225
3419,225
3420,225
3421,225
3422,225
3423,225
3424,225
3425,225
3426,225
3427,225
3428,225
3429,225
3430,225
3431,225
3432,225
3433,225
3434,225
3435,225
3436,225
3437,225
3438,225
3439,225
3440,225
3441,225
3442,225
3443,225
3444,225
3445,225
3446,225
3447,225
3448,225
3449,225
3450,225
3451,175
3452,225
3453,225
3454,225
3455,225
3456,225
3457,225
3458,225
3459,225
3460,225
3461,225
3462,225
3463,225
3464,225
3465,225
3466,225
3467,225
3468,225
3469,225
3470,225
3471,223
3472,225
3473,225
3474,225
3475,225
3476,225
3477,225
3478,225
3479,225
3480,225
3481,225
3482,225
3483,225
3484,225
3485,225
3486,225
3487,225
3488,225
3489,225
3490,225
3491,-125
3492,225
3493,225
3494,225
3495,225
3496,225
3497,223
3498,225
3499,225
3500,225
3501,225
3502,225
3503,225
3504,225
3505,225
3506,225
3507,225
3508,225
3509,225
3510,225
3511,225
3512,225
3513,225
3514,225
3515,225
3516,225
3517,200
3518,225
3519,225
3520,225
3521,225
3522,225
3523,225
3524,225
3525,225
3526,225
3527,225
3528,225
3529,225
3530,225
3531,225
3532,225
3533,225
3534,225
3535,225
3536,225
3537,225
3538,225
3539,175
3540,225
3541,225
3542,225
3543,175
3544,225
3545,225
3546,225
3547,225
3548,225
3549,175
3550,225
3551,225
3552,225
3553,225
3554,225
3555,225
3556,225
3557,225
3558,225
3559,225
3560,225
3561,225
3562,225
3563,225
3564,225
3565,225
3566,225
3567,225
3568,225
3569,225
3570,225
3571,225
3572,225
3573,225
3574,225
3575,225
3576,225
3577,225
3578,225
3579,225
3580,225
3581,225
3582,225
3583,225
3584,225
3585,225
3586,225
3587,225
3588,225
3589,225
3590,225
3591,225
3592,225
3593,225
3594,175
3595,225
3596,225
3597,225
3598,225
3599,225
3600,225
3601,225
3602,225
3603,225
3604,200
3605,225
3606,225
3607,225
3608,225
3609,225
3610,225
3611,225
3612,225
3613,225
3614,225
3615,225
3616,225
3617,225
3618,225
3619,225
3620,225
3621,225
3622,225
3623,225
3624,225
3625,225
3626,225
3627,225
3628,225
3629,225
3630,225
3631,225
3632,225
3633,225
3634,225
3635,225
3636,225
3637,225
3638,225
3639,225
3640,225
3641,225
3642,225
3643,225
3644,225
3645,225
3646,225
3647,225
3648,225
3649,225
3650,225
3651,225
3652,225
3653,225
3654,225
3655,225
3656,225
3657,225
3658,225
3659,225
3660,125
3661,225
3662,-175
3663,225
3664,225
3665,225
3666,225
3667,225
3668,225
3669,225
3670,225
3671,225
3672,75
3673,225
3674,225
3675,175
3676,225
3677,225
3678,225
3679,225
3680,225
3681,225
3682,225
3683,225
3684,225
3685,225
3686,225
3687,225
3688,225
3689,225
3690,225
3691,225
3692,225
3693,225
3694,225
3695,225
3696,225
3697,225
3698,225
3699,225
3700,225
3701,225
3702,225
3703,-275
3704,225
3705,225
3706,225
3707,225
3708,225
3709,225
3710,225
3711,225
3712,225
3713,225
3714,225
3715,225
3716,225
3717,225
3718,225
3719,225
3720,-125
3721,225
3722,225
3723,225
3724,225
3725,225
3726,-225
3727,225
3728,225
3729,225
3730,225
3731,225
3732,225
3733,225
3734,225
3735,225
3736,225
3737,223
3738,225
3739,225
3740,225
3741,225
3742,225
3743,225
3744,225
3745,225
3746,225
3747,225
3748,225
3749,225
3750,225
3751,225
3752,225
3753,225
3754,225
3755,225
3756,225
3757,225
3758,225
3759,225
3760,225
3761,225
3762,225
3763,175
3764,175
3765,225
3766,225
3767,225
3768,225
3769,225
3770,225
3771,225
3772,225
3773,225
3774,225
3775,225
3776,225
3777,225
3778,175
3779,225
3780,225
3781,225
3782,175
3783,225
3784,225
3785,225
3786,225
3787,225
3788,225
3789,225
3790,225
3791,200
3792,225
3793,225
3794,225
3795,225
3796,225
3797,225
3798,225
3799,225
3800,225
3801,225
3802,225
3803,225
3804,225
3805,225
3806,225
3807,225
3808,225
3809,225
3810,225
3811,225
3812,225
3813,225
3814,225
3815,225
3816,225
3817,225
3818,225
3819,225
3820,-75
3821,225
3822,225
3823,225
3824,225
3825,225
3826,225
3827,225
3828,225
3829,225
3830,225
3831,225
3832,225
3833,225
3834,225
3835,223
3836,225
3837,223
3838,225
3839,225
3840,225
3841,225
3842,225
3843,225
3844,225
3845,225
3846,225
3847,225
3848,225
3849,225
3850,225
3851,225
3852,225
3853,225
3854,225
3855,225
3856,225
3857,225
3858,225
3859,225
3860,225
3861,225
3862,225
3863,225
3864,225
3865,225
3866,225
3867,225
3868,225
3869,225
3870,175
3871,225
3872,225
3873,225
3874,-175
3875,225
3876,225
3877,225
3878,225
3879,225
3880,-175
3881,225
3882,225
3883,225
3884,225
3885,225
3886,225
3887,225
3888,225
3889,225
3890,225
3891,225
3892,225
3893,225
3894,225
3895,225
3896,225
3897,225
3898,225
3899,225
3900,225
3901,225
3902,225
3903,225
3904,225
3905,225
3906,225
3907,225
3908,175
3909,223
3910,225
3911,225
3912,225
3913,225
3914,-183
3915,225
3916,225
3917,225
3918,225
3919,225
3920,225
3921,225
3922,225
3923,225
3924,225
3925,225
3926,225
3927,225
3928,225
3929,225
3930,225
3931,225
3932,225
3933,225
3934,225
3935,225
3936,225
3937,225
3938,225
3939,225
3940,225
3941,175
3942,225
3943,-1111
3944,225
3945,225
3946,225
3947,225
3948,225
3949,225
3950,225
3951,225
3952,225
3953,225
3954,225
3955,225
3956,225
3957,225
3958,225
3959,225
3960,225
3961,225
3962,225
3963,225
3964,225
3965,225
3966,225
3967,225
3968,0
3969,225
3970,225
3971,225
3972,225
3973,225
3974,225
3975,225
3976,225
3977,225
3978,225
3979,225
3980,225
3981,175
3982,225
3983,225
3984,225
3985,225
3986,225
3987,225
3988,225
3989,225
3990,225
3991,225
3992,225
3993,225
3994,225
3995,225
3996,225
3997,225
3998,225
3999,225
4000,225
4001,225
4002,225
4003,225
4004,225
4005,225
4006,225
4007,225
4008,225
4009,225
4010,75
4011,225
4012,225
4013,225
4014,225
4015,225
4016,225
4017,225
4018,225
4019,225
4020,225
4021,225
4022,225
4023,225
4024,225
4025,225
4026,225
4027,225
4028,225
4029,225
4030,225
4031,225
4032,175
4033,225
4034,225
4035,275
4036,225
4037,225
4038,225
4039,225
4040,225
4041,225
4042,225
4043,225
4044,225
4045,225
4046,225
4047,225
4048,225
4049,223
4050,225
4051,225
4052,225
4053,225
4054,225
4055,225
4056,225
4057,225
4058,225
4059,225
4060,225
4061,225
4062,225
4063,225
4064,225
4065,225
4066,225
4067,225
4068,225
4069,225
4070,225
4071,225
4072,225
4073,225
4074,225
4075,225
4076,223
4077,225
4078,225
4079,225
4080,225
4081,225
4082,225
4083,225
4084,225
4085,225
4086,225
4087,225
4088,225
4089,225
4090,225
4091,225
4092,225
4093,225
4094,225
4095,225
4096,225
4097,225
4098,225
4099,225
4100,225
4101,225
4102,225
4103,225
4104,225
4105,225
4106,225
4107,225
4108,225
4109,225
4110,225
4111,225
4112,175
4113,225
4114,225
4115,225
4116,225
4117,225
4118,225
4119,225
4120,225
4121,225
4122,225
4123,225
4124,225
4125,225
4126,225
4127,225
4128,225
4129,225
4130,225
4131,225
4132,225
4133,225
4134,225
4135,225
4136,225
4137,225
4138,225
4139,225
4140,175
4141,225
4142,225
4143,225
4144,225
4145,225
4146,225
4147,225
4148,225
4149,225
4150,225
4151,225
4152,225
4153,225
4154,225
4155,225
4156,225
4157,225
4158,225
4159,225
4160,225
4161,225
4162,225
4163,225
4164,225
4165,225
4166,223
4167,225
4168,225
4169,225
4170,225
4171,225
4172,225
4173,225
4174,225
4175,225
4176,225
4177,225
4178,225
4179,225
4180,225
4181,225
4182,225
4183,225
4184,225
4185,225
4186,225
4187,225
4188,225
4189,225
4190,225
4191,225
4192,225
4193,225
4194,225
4195,225
4196,225
4197,225
4198,225
4199,225
4200,225
4201,225
4202,225
4203,225
4204,225
4205,225
4206,225
4207,225
4208,225
4209,225
4210,225
4211,225
4212,225
4213,225
4214,225
4215,225
4216,225
4217,225
4218,-75
4219,225
4220,225
4221,225
4222,225
4223,225
4224,225
4225,225
4226,225
4227,225
4228,-225
4229,225
4230,225
4231,225
4232,225
4233,225
4234,225
4235,225
4236,225
4237,225
4238,225
4239,225
4240,225
4241,225
4242,225
4243,225
4244,225
4245,225
4246,225
4247,225
4248,225
4249,225
4250,225
4251,225
4252,225
4253,225
4254,225
4255,225
4256,225
4257,225
4258,225
4259,225
4260,225
4261,225
4262,225
4263,225
4264,225
4265,225
4266,225
4267,225
4268,225
4269,225
4270,225
4271,225
4272,225
4273,225
4274,225
4275,225
4276,225
4277,225
4278,225
4279,225
4280,225
4281,225
4282,225
4283,225
4284,225
4285,225
4286,225
4287,225
4288,225
4289,225
4290,225
4291,225
4292,225
4293,225
4294,225
4295,225
4296,225
4297,225
4298,225
4299,225
4300,225
4301,225
4302,225
4303,225
4304,225
4305,225
4306,225
4307,223
4308,225
4309,225
4310,225
4311,225
4312,225
4313,225
4314,225
4315,225
4316,225
4317,225
4318,225
4319,225
4320,225
4321,225
4322,225
4323,225
4324,225
4325,225
4326,225
4327,225
4328,175
4329,225
4330,225
4331,225
4332,225
4333,175
4334,225
4335,225
4336,225
4337,225
4338,225
4339,225
4340,225
4341,225
4342,225
4343,225
4344,225
4345,225
4346,225
4347,225
4348,225
4349,225
4350,225
4351,225
4352,225
4353,225
4354,225
4355,175
4356,225
4357,225
4358,225
4359,225
4360,225
4361,225
4362,225
4363,225
4364,225
4365,225
4366,-175
4367,225
4368,225
4369,225
4370,225
4371,225
4372,225
4373,225
4374,225
4375,225
4376,225
4377,225
4378,225
4379,225
4380,225
4381,225
4382,225
4383,225
4384,225
4385,225
4386,225
4387,225
4388,225
4389,225
4390,225
4391,225
4392,225
4393,225
4394,225
4395,225
4396,225
4397,225
4398,225
4399,225
4400,225
4401,225
4402,225
4403,225
4404,175
4405,225
4406,225
4407,225
4408,225
4409,225
4410,225
4411,225
4412,225
4413,225
4414,225
4415,225
4416,225
4417,225
4418,-461
4419,175
4420,225
4421,225
4422,225
4423,225
4424,225
4425,225
4426,223
4427,225
4428,225
4429,225
4430,225
4431,225
4432,225
4433,225
4434,225
4435,225
4436,225
4437,225
4438,175
4439,225
4440,225
4441,223
4442,225
4443,225
4444,225
4445,225
4446,225
4447,225
4448,225
4449,225
4450,225
4451,225
4452,225
4453,225
4454,225
4455,225
4456,225
4457,225
4458,225
4459,225
4460,225
4461,225
4462,225
4463,225
4464,225
4465,225
4466,225
4467,225
4468,225
4469,225
4470,225
4471,225
4472,225
4473,225
4474,225
4475,225
4476,225
4477,225
4478,225
4479,225
4480,225
4481,225
4482,225
4483,225
4484,225
4485,225
4486,225
4487,225
4488,225
4489,225
4490,225
4491,225
4492,225
4493,225
4494,225
4495,225
4496,225
4497,225
4498,225
4499,225
4500,225
4501,225
4502,225
4503,225
4504,225
4505,225
4506,225
4507,225
4508,225
4509,225
4510,225
4511,225
4512,225
4513,225
4514,225
4515,225
4516,225
4517,225
4518,225
4519,225
4520,225
4521,225
4522,225
4523,225
4524,225
4525,225
4526,225
4527,225
4528,225
4529,225
4530,225
4531,225
4532,225
4533,225
4534,225
4535,225
4536,225
4537,225
4538,225
4539,225
4540,225
4541,225
4542,225
4543,225
4544,225
4545,225
4546,225
4547,225
4548,225
4549,225
4550,225
4551,225
4552,225
4553,225
4554,225
4555,225
4556,225
4557,225
4558,225
4559,225
4560,225
4561,225
4562,225
4563,225
4564,225
4565,225
4566,225
4567,225
4568,225
4569,225
4570,225
4571,225
4572,225
4573,225
4574,225
4575,225
4576,225
4577,225
4578,225
4579,225
4580,225
4581,225
4582,225
4583,225
4584,225
4585,225
4586,225
4587,225
4588,225
4589,225
4590,225
4591,225
4592,225
4593,225
4594,225
4595,225
4596,225
4597,225
4598,225
4599,225
4600,225
4601,225
4602,225
4603,225
4604,225
4605,225
4606,225
4607,225
4608,225
4609,225
4610,225
4611,225
4612,225
4613,225
4614,225
4615,225
4616,225
4617,225
4618,225
4619,225
4620,225
4621,225
4622,225
4623,225
4624,225
4625,225
4626,225
4627,225
4628,225
4629,225
4630,225
4631,225
4632,225
4633,225
4634,225
4635,225
4636,225
4637,225
4638,175
4639,225
4640,225
4641,225
4642,225
4643,225
4644,225
4645,225
4646,225
4647,225
4648,225
4649,225
4650,225
4651,225
4652,175
4653,225
4654,225
4655,225
4656,225
4657,225
4658,225
4659,-175
4660,225
4661,225
4662,225
4663,225
4664,225
4665,225
4666,225
4667,225
4668,225
4669,225
4670,225
4671,225
4672,225
4673,225
4674,225
4675,225
4676,225
4677,225
4678,225
4679,225
4680,225
4681,225
4682,225
4683,225
4684,225
4685,225
4686,225
4687,225
4688,225
4689,225
4690,225
4691,225
4692,225
4693,225
4694,225
4695,225
4696,225
4697,225
4698,225
4699,225
4700,225
4701,225
4702,225
4703,225
4704,225
4705,225
4706,225
4707,225
4708,225
4709,225
4710,225
4711,225
4712,225
4713,225
4714,225
4715,175
4716,225
4717,225
4718,225
4719,225
4720,225
4721,225
4722,225
4723,225
4724,225
4725,225
4726,225
4727,225
4728,225
4729,175
4730,225
4731,225
4732,225
4733,225
4734,225
4735,225
4736,225
4737,225
4738,225
4739,225
4740,225
4741,225
4742,225
4743,225
4744,225
4745,225
4746,225
4747,225
4748,225
4749,225
4750,225
4751,225
4752,225
4753,225
4754,225
4755,225
4756,225
4757,225
4758,225
4759,225
4760,225
4761,225
4762,225
4763,225
4764,225
4765,225
4766,225
4767,225
4768,225
4769,225
4770,225
4771,223
4772,-225
4773,225
4774,225
4775,175
4776,225
4777,-25
4778,225
4779,225
4780,225
4781,225
4782,225
4783,225
4784,225
4785,225
4786,225
4787,225
4788,225
4789,225
4790,225
4791,225
4792,225
4793,225
4794,225
4795,225
4796,-125
4797,225
4798,225
4799,225
4800,225
4801,225
4802,225
4803,225
4804,225
4805,225
4806,175
4807,225
4808,225
4809,225
4810,223
4811,225
4812,225
4813,-250
4814,225
4815,225
4816,-125
4817,225
4818,225
4819,225
4820,225
4821,225
4822,225
4823,225
4824,225
4825,225
4826,225
4827,225
4828,225
4829,225
4830,225
4831,225
4832,225
4833,225
4834,225
4835,225
4836,225
4837,225
4838,225
4839,225
4840,225
4841,225
4842,225
4843,225
4844,225
4845,225
4846,225
4847,225
4848,225
4849,225
4850,225
4851,225
4852,225
4853,225
4854,225
4855,225
4856,225
4857,225
4858,225
4859,225
4860,225
4861,225
4862,225
4863,225
4864,225
4865,225
4866,225
4867,225
4868,225
4869,225
4870,225
4871,225
4872,225
4873,225
4874,225
4875,225
4876,225
4877,225
4878,225
4879,225
4880,225
4881,225
4882,175
4883,225
4884,225
4885,225
4886,225
4887,225
4888,225
4889,225
4890,225
4891,225
4892,225
4893,225
4894,225
4895,223
4896,225
4897,225
4898,225
4899,167
4900,225
4901,225
4902,225
4903,225
4904,225
4905,225
4906,225
4907,225
4908,-225
4909,225
4910,225
4911,225
4912,225
4913,225
4914,225
4915,225
4916,225
4917,225
4918,225
4919,225
4920,225
4921,225
4922,225
4923,225
4924,225
4925,225
4926,223
4927,225
4928,225
4929,225
4930,225
4931,225
4932,225
4933,223
4934,225
4935,225
4936,225
4937,225
4938,225
4939,225
4940,225
4941,225
4942,225
4943,225
4944,225
4945,225
4946,225
4947,223
4948,225
4949,225
4950,225
4951,225
4952,225
4953,225
4954,225
4955,225
4956,225
4957,223
4958,225
4959,225
4960,225
4961,225
4962,225
4963,175
4964,225
4965,225
4966,225
4967,225
4968,225
4969,225
4970,225
4971,225
4972,225
4973,225
4974,125
4975,225
4976,-175
4977,225
4978,225
4979,225
4980,225
4981,225
4982,225
4983,225
4984,225
4985,225
4986,225
4987,225
4988,-225
4989,225
4990,225
4991,225
4992,225
4993,225
4994,225
4995,225
4996,225
4997,225
4998,225
4999,225
5000,225
5001,225
5002,225
5003,225
5004,225
5005,225
5006,225
5007,175
5008,225
5009,225
5010,225
5011,225
5012,225
5013,225
5014,225
5015,225
5016,125
5017,225
5018,225
5019,225
5020,225
5021,225
5022,225
5023,225
5024,225
5025,225
5026,225
5027,225
5028,225
5029,225
5030,225
5031,225
5032,225
5033,225
5034,225
5035,225
5036,225
5037,225
5038,225
5039,225
5040,225
5041,225
5042,225
5043,225
5044,225
5045,225
5046,225
5047,-25
5048,225
5049,225
5050,225
5051,225
5052,225
5053,225
5054,225
5055,225
5056,223
5057,225
5058,225
5059,225
5060,225
5061,175
5062,225
5063,225
5064,125
5065,225
5066,225
5067,225
5068,225
5069,225
5070,225
5071,225
5072,225
5073,225
5074,225
5075,225
5076,225
5077,225
5078,225
5079,225
5080,225
5081,225
5082,225
5083,225
5084,225
5085,225
5086,223
5087,225
5088,275
5089,225
5090,225
5091,225
5092,225
5093,225
5094,225
5095,225
5096,225
5097,225
5098,225
5099,225
5100,225
5101,225
5102,225
5103,225
5104,225
5105,225
5106,225
5107,225
5108,225
5109,225
5110,225
5111,225
5112,225
5113,225
5114,225
5115,225
5116,225
5117,225
5118,225
5119,225
5120,225
5121,175
5122,225
5123,225
5124,225
5125,225
5126,225
5127,225
5128,225
5129,225
5130,225
5131,225
5132,225
5133,225
5134,225
5135,225
5136,225
5137,225
5138,225
5139,225
5140,225
5141,225
5142,225
5143,225
5144,225
5145,225
5146,225
5147,225
5148,225
5149,225
5150,225
5151,225
5152,225
5153,225
5154,225
5155,225
5156,225
5157,225
5158,225
5159,223
5160,225
5161,225
5162,225
5163,225
5164,225
5165,225
5166,225
5167,225
5168,225
5169,225
5170,225
5171,225
5172,225
5173,225
5174,225
5175,225
5176,175
5177,225
5178,225
5179,225
5180,125
5181,225
5182,225
5183,225
5184,225
5185,225
5186,225
5187,225
5188,225
5189,225
5190,225
5191,225
5192,225
5193,225
5194,225
5195,-175
5196,225
5197,225
5198,225
5199,225
5200,225
5201,225
5202,225
5203,223
5204,225
5205,225
5206,225
5207,225
5208,225
5209,225
5210,225
5211,225
5212,225
5213,225
5214,225
5215,225
5216,225
5217,225
5218,225
5219,225
5220,225
5221,225
5222,225
5223,225
5224,225
5225,225
5226,225
5227,225
5228,225
5229,225
5230,225
5231,225
5232,200
5233,225
5234,225
5235,225
5236,225
5237,225
5238,225
5239,225
5240,225
5241,225
5242,225
5243,175
5244,175
5245,225
5246,175
5247,225
5248,225
5249,225
5250,225
5251,225
5252,225
5253,225
5254,225
5255,225
5256,225
5257,225
5258,225
5259,-175
5260,225
5261,225
5262,225
5263,225
5264,225
5265,225
5266,225
5267,225
5268,225
5269,225
5270,225
5271,225
5272,225
5273,225
5274,225
5275,225
5276,225
5277,225
5278,225
5279,225
5280,225
5281,225
5282,225
5283,225
5284,225
5285,225
5286,225
5287,225
5288,225
5289,225
5290,225
5291,225
5292,225
5293,225
5294,225
5295,225
5296,225
5297,225
5298,225
5299,225
5300,225
5301,225
5302,225
5303,225
5304,225
5305,225
5306,225
5307,225
5308,223
5309,225
5310,225
5311,225
5312,225
5313,225
5314,225
5315,225
5316,225
5317,225
5318,225
5319,225
5320,225
5321,225
5322,225
5323,225
5324,225
5325,225
5326,225
5327,225
5328,225
5329,225
5330,225
5331,225
5332,275
5333,225
5334,225
5335,225
5336,225
5337,225
5338,225
5339,225
5340,225
5341,225
5342,225
5343,225
5344,225
5345,225
5346,225
5347,225
5348,225
5349,225
5350,225
5351,225
5352,225
5353,225
5354,225
5355,225
5356,225
5357,225
5358,225
5359,-25
5360,225
5361,225
5362,225
5363,225
5364,225
5365,225
5366,225
5367,225
5368,225
5369,225
5370,225
5371,225
5372,225
5373,225
5374,225
5375,225
5376,225
5377,225
5378,225
5379,175
5380,225
5381,225
5382,225
5383,225
5384,125
5385,225
5386,225
5387,225
5388,225
5389,225
5390,225
5391,225
5392,225
5393,225
5394,225
5395,225
5396,225
5397,225
5398,225
5399,225
5400,225
5401,225
5402,225
5403,225
5404,225
5405,225
5406,225
5407,225
5408,225
5409,225
5410,225
5411,225
5412,225
5413,225
5414,225
5415,225
5416,225
5417,225
5418,225
5419,225
5420,225
5421,225
5422,225
5423,225
5424,225
5425,225
5426,225
5427,125
5428,225
5429,225
5430,225
5431,225
5432,225
5433,225
5434,225
5435,225
5436,225
5437,225
5438,225
5439,225
5440,225
5441,225
5442,225
5443,225
5444,225
5445,225
5446,225
5447,225
5448,225
5449,225
5450,225
5451,175
5452,225
5453,225
5454,225
5455,225
5456,225
5457,225
5458,225
5459,225
5460,225
5461,225
5462,225
5463,225
5464,225
5465,225
5466,225
5467,225
5468,225
5469,225
5470,225
5471,225
5472,225
5473,225
5474,225
5475,225
5476,225
5477,225
5478,225
5479,225
5480,225
5481,225
5482,175
5483,225
5484,225
5485,225
5486,225
5487,225
5488,225
5489,225
5490,223
5491,225
5492,225
5493,225
5494,225
5495,225
5496,225
5497,225
5498,225
5499,225
5500,225
5501,225
5502,225
5503,225
5504,225
5505,225
5506,225
5507,225
5508,225
5509,225
5510,225
5511,225
5512,225
5513,225
5514,225
5515,225
5516,225
5517,225
5518,175
5519,225
5520,225
5521,223
5522,225
5523,225
5524,225
5525,225
5526,225
5527,225
5528,225
5529,225
5530,225
5531,225
5532,225
5533,225
5534,225
5535,225
5536,225
5537,225
5538,225
5539,225
5540,225
5541,225
5542,225
5543,225
5544,225
5545,225
5546,225
5547,225
5548,225
5549,225
5550,225
5551,225
5552,225
5553,225
5554,225
5555,225
5556,225
5557,225
5558,225
5559,225
5560,225
5561,225
5562,225
5563,225
5564,225
5565,225
5566,225
5567,225
5568,225
5569,225
5570,225
5571,225
5572,225
5573,225
5574,225
5575,225
5576,-25
5577,225
5578,225
5579,225
5580,225
5581,225
5582,225
5583,225
5584,225
5585,225
5586,225
5587,225
5588,225
5589,225
5590,223
5591,225
5592,225
5593,225
5594,225
5595,225
5596,225
5597,225
5598,225
5599,225
5600,225
5601,225
5602,225
5603,225
5604,223
5605,225
5606,225
5607,-928
5608,225
5609,225
5610,225
5611,225
5612,225
5613,225
5614,175
5615,225
5616,225
5617,225
5618,225
5619,225
5620,225
5621,225
5622,225
5623,225
5624,225
5625,225
5626,225
5627,225
5628,225
5629,225
5630,225
5631,225
5632,225
5633,175
5634,225
5635,225
5636,225
5637,225
5638,225
5639,225
5640,225
5641,225
5642,175
5643,225
5644,225
5645,225
5646,225
5647,225
5648,225
5649,225
5650,225
5651,225
5652,223
5653,225
5654,225
5655,225
5656,225
5657,225
5658,225
5659,225
5660,225
5661,225
5662,225
5663,225
5664,225
5665,225
5666,225
5667,-175
5668,225
5669,175
5670,225
5671,225
5672,225
5673,225
5674,225
5675,225
5676,225
5677,225
5678,225
5679,225
5680,225
5681,225
5682,225
5683,225
5684,225
5685,225
5686,225
5687,175
5688,225
5689,225
5690,225
5691,225
5692,225
5693,225
5694,225
5695,225
5696,225
5697,225
5698,225
5699,225
5700,225
5701,225
5702,225
5703,225
5704,225
5705,225
5706,225
5707,225
5708,225
5709,225
5710,225
5711,225
5712,225
5713,225
5714,225
5715,225
5716,-177
5717,225
5718,225
5719,225
5720,225
5721,125
5722,225
5723,175
5724,225
5725,225
5726,225
5727,225
5728,225
5729,225
5730,225
5731,225
5732,225
5733,225
5734,-928
5735,225
5736,225
5737,225
5738,221
5739,225
5740,225
5741,225
5742,225
5743,225
5744,225
5745,225
5746,225
5747,225
5748,225
5749,225
5750,225
5751,225
5752,225
5753,225
5754,225
5755,-225
5756,225
5757,225
5758,225
5759,225
5760,225
5761,225
5762,225
5763,225
5764,225
5765,225
5766,225
5767,225
5768,225
5769,225
5770,225
5771,225
5772,225
5773,225
5774,225
5775,225
5776,225
5777,225
5778,225
5779,225
5780,225
5781,225
5782,225
5783,225
5784,225
5785,225
5786,225
5787,225
5788,225
5789,225
5790,225
5791,225
5792,225
5793,225
5794,225
5795,225
5796,225
5797,225
5798,225
5799,225
5800,225
5801,275
5802,225
5803,225
5804,225
5805,175
5806,223
5807,225
5808,225
5809,225
5810,225
5811,225
5812,225
5813,125
5814,225
5815,225
5816,225
5817,225
5818,225
5819,225
5820,225
5821,225
5822,-75
5823,225
5824,225
5825,225
5826,225
5827,225
5828,225
5829,225
5830,225
5831,225
5832,225
5833,225
5834,225
5835,225
5836,225
5837,225
5838,225
5839,225
5840,225
5841,225
5842,225
5843,225
5844,225
5845,225
5846,175
5847,225
5848,225
5849,225
5850,225
5851,225
5852,225
5853,225
5854,225
5855,225
5856,225
5857,225
5858,225
5859,225
5860,225
5861,225
5862,225
5863,225
5864,225
5865,225
5866,225
5867,225
5868,225
5869,225
5870,225
5871,223
5872,225
5873,225
5874,225
5875,225
5876,225
5877,223
5878,225
5879,225
5880,225
5881,225
5882,225
5883,225
5884,225
5885,225
5886,175
5887,225
5888,225
5889,225
5890,225
5891,225
5892,225
5893,225
5894,225
5895,225
5896,225
5897,225
5898,225
5899,225
5900,225
5901,225
5902,225
5903,225
5904,225
5905,225
5906,225
5907,225
5908,225
5909,225
5910,225
5911,225
5912,225
5913,225
5914,225
5915,225
5916,225
5917,225
5918,225
5919,225
5920,175
5921,225
5922,225
5923,225
5924,225
5925,225
5926,225
5927,225
5928,225
5929,225
5930,225
5931,225
5932,225
5933,225
5934,225
5935,225
5936,225
5937,225
5938,223
5939,223
5940,225
5941,225
5942,225
5943,225
5944,125
5945,225
5946,225
5947,225
5948,225
5949,225
5950,225
5951,225
5952,-250
5953,225
5954,225
5955,175
5956,225
5957,225
5958,225
5959,225
5960,225
5961,225
5962,225
5963,225
5964,225
5965,225
5966,225
5967,225
5968,225
5969,225
5970,225
5971,225
5972,225
5973,225
5974,225
5975,225
5976,225
5977,225
5978,225
5979,225
5980,223
5981,225
5982,225
5983,225
5984,225
5985,225
5986,225
5987,225
5988,225
5989,225
5990,225
5991,225
5992,225
5993,225
5994,175
5995,225
5996,225
5997,225
5998,225
5999,225
6000,225
6001,225
6002,225
6003,225
6004,225
6005,225
6006,225
6007,223
6008,225
6009,225
6010,225
6011,225
6012,-417
6013,225
6014,225
6015,225
6016,225
6017,225
6018,225
6019,225
6020,225
6021,225
6022,225
6023,225
6024,225
6025,225
6026,225
6027,225
6028,225
6029,225
6030,175
6031,225
6032,225
6033,225
6034,225
6035,225
6036,225
6037,225
6038,225
6039,225
6040,225
6041,225
6042,225
6043,225
6044,225
6045,225
6046,225
6047,175
6048,225
6049,225
6050,225
6051,225
6052,225
6053,225
6054,225
6055,225
6056,-125
6057,225
6058,225
6059,225
6060,225
6061,225
6062,225
6063,225
6064,225
6065,225
6066,225
6067,225
6068,225
6069,225
6070,225
6071,225
6072,225
6073,225
6074,225
6075,225
6076,225
6077,225
6078,225
6079,225
6080,225
6081,225
6082,225
6083,225
6084,225
6085,225
6086,225
6087,225
6088,225
6089,225
6090,225
6091,225
6092,225
6093,200
6094,225
6095,225
6096,225
6097,225
6098,225
6099,225
6100,175
6101,225
6102,225
6103,225
6104,223
6105,225
6106,175
6107,225
6108,225
6109,225
6110,225
6111,225
6112,225
6113,225
6114,223
6115,225
6116,225
6117,225
6118,225
6119,225
6120,225
6121,225
6122,225
6123,225
6124,225
6125,225
6126,225
6127,225
6128,225
6129,225
6130,225
6131,225
6132,225
6133,-125
6134,225
6135,225
6136,225
6137,225
6138,225
6139,225
6140,225
6141,225
6142,175
6143,225
6144,225
6145,225
6146,225
6147,225
6148,225
6149,225
6150,225
6151,225
6152,-225
6153,225
6154,225
6155,225
6156,225
6157,225
6158,225
6159,225
6160,225
6161,225
6162,225
6163,225
6164,225
6165,175
6166,225
6167,225
6168,225
6169,225
6170,225
6171,225
6172,225
6173,225
6174,225
6175,225
6176,225
6177,225
6178,225
6179,225
6180,225
6181,225
6182,225
6183,225
6184,225
6185,225
6186,225
6187,275
6188,225
6189,225
6190,225
6191,225
6192,225
6193,225
6194,225
6195,225
6196,225
6197,225
6198,225
6199,225
6200,225
6201,225
6202,225
6203,225
6204,225
6205,225
6206,225
6207,225
6208,225
6209,225
6210,225
6211,225
6212,225
6213,175
6214,225
6215,225
6216,225
6217,223
6218,225
6219,225
6220,225
6221,225
6222,225
6223,175
6224,225
6225,225
6226,225
6227,-75
6228,225
6229,225
6230,225
6231,175
6232,225
6233,225
6234,225
6235,225
6236,223
6237,225
6238,225
6239,225
6240,225
6241,225
6242,225
6243,225
6244,225
6245,225
6246,225
6247,225
6248,225
6249,225
6250,225
6251,225
6252,225
6253,223
6254,225
6255,225
6256,225
6257,225
6258,225
6259,225
6260,225
6261,225
6262,-225
6263,225
6264,225
6265,225
6266,225
6267,225
6268,225
6269,225
6270,225
6271,225
6272,225
6273,225
6274,225
6275,225
6276,225
6277,225
6278,225
6279,225
6280,225
6281,225
6282,125
6283,225
6284,225
6285,225
6286,225
6287,225
6288,225
6289,225
6290,225
6291,225
6292,225
6293,225
6294,225
6295,225
6296,225
6297,225
6298,225
6299,225
6300,225
6301,225
6302,225
6303,225
6304,225
6305,225
6306,225
6307,225
6308,225
6309,225
6310,225
6311,225
6312,175
6313,225
6314,225
6315,225
6316,225
6317,225
6318,225
6319,225
6320,225
6321,200
6322,225
6323,225
6324,225
6325,225
6326,225
6327,225
6328,225
6329,225
6330,225
6331,225
6332,225
6333,225
6334,225
6335,225
6336,225
6337,175
6338,225
6339,225
6340,225
6341,225
6342,225
6343,225
6344,225
6345,225
6346,225
6347,225
6348,225
6349,225
6350,225
6351,225
6352,225
6353,225
6354,225
6355,225
6356,225
6357,-75
6358,225
6359,225
6360,225
6361,225
6362,225
6363,225
6364,225
6365,225
6366,225
6367,200
6368,225
6369,225
6370,225
6371,225
6372,225
6373,225
6374,225
6375,225
6376,225
6377,225
6378,225
6379,225
6380,225
6381,225
6382,225
6383,225
6384,225
6385,225
6386,225
6387,225
6388,225
6389,225
6390,225
6391,225
6392,225
6393,225
6394,225
6395,225
6396,225
6397,225
6398,225
6399,225
6400,225
6401,225
6402,225
6403,225
6404,225
6405,225
6406,225
6407,225
6408,225
6409,225
6410,125
6411,225
6412,225
6413,225
6414,225
6415,225
6416,225
6417,225
6418,225
6419,225
6420,225
6421,225
6422,225
6423,225
6424,225
6425,225
6426,225
6427,225
6428,225
6429,225
6430,225
6431,225
6432,225
6433,225
6434,225
6435,225
6436,225
6437,225
6438,225
6439,225
6440,225
6441,225
6442,175
6443,225
6444,225
6445,225
6446,225
6447,225
6448,225
6449,225
6450,225
6451,225
6452,225
6453,225
6454,225
6455,225
6456,225
6457,225
6458,225
6459,225
6460,225
6461,225
6462,225
6463,225
6464,225
6465,225
6466,225
6467,225
6468,225
6469,225
6470,275
6471,225
6472,225
6473,225
6474,225
6475,225
6476,225
6477,225
6478,225
6479,225
6480,225
6481,225
6482,225
6483,225
6484,225
6485,175
6486,225
6487,225
6488,225
6489,225
6490,225
6491,225
6492,225
6493,225
6494,225
6495,225
6496,225
6497,225
6498,225
6499,225
6500,225
6501,225
6502,225
6503,225
6504,225
6505,225
6506,225
6507,225
6508,175
6509,225
6510,225
6511,225
6512,225
6513,225
6514,225
6515,225
6516,225
6517,225
6518,225
6519,225
6520,225
6521,225
6522,225
6523,225
6524,225
6525,225
6526,225
6527,225
6528,225
6529,225
6530,225
6531,225
6532,225
6533,225
6534,225
6535,225
6536,225
6537,225
6538,225
6539,225
6540,225
6541,225
6542,225
6543,225
6544,225
6545,225
6546,225
6547,225
6548,225
6549,225
6550,225
6551,225
6552,225
6553,225
6554,225
6555,225
6556,225
6557,225
6558,225
6559,225
6560,225
6561,225
6562,225
6563,225
6564,225
6565,225
6566,225
6567,225
6568,225
6569,223
6570,225
6571,225
6572,225
6573,225
6574,225
6575,225
6576,225
6577,275
6578,225
6579,225
6580,225
6581,225
6582,225
6583,225
6584,225
6585,225
6586,225
6587,225
6588,225
6589,225
6590,225
6591,225
6592,225
6593,125
6594,225
6595,225
6596,225
6597,225
6598,225
6599,225
6600,225
6601,225
6602,225
6603,225
6604,225
6605,225
6606,225
6607,225
6608,225
6609,225
6610,225
6611,225
6612,225
6613,225
6614,225
6615,225
6616,225
6617,225
6618,225
6619,225
6620,175
6621,225
6622,225
6623,225
6624,225
6625,225
6626,225
6627,225
6628,225
6629,225
6630,225
6631,225
6632,225
6633,225
6634,225
6635,225
6636,225
6637,225
6638,225
6639,-139
6640,225
6641,223
6642,125
6643,225
6644,225
6645,225
6646,225
6647,225
6648,0
6649,225
6650,225
6651,225
6652,225
6653,225
6654,225
6655,225
6656,225
6657,225
6658,225
6659,225
6660,225
6661,225
6662,225
6663,223
6664,225
6665,225
6666,225
6667,225
6668,175
6669,225
6670,225
6671,225
6672,225
6673,225
6674,225
6675,225
6676,225
6677,225
6678,225
6679,225
6680,225
6681,225
6682,225
6683,225
6684,225
6685,225
6686,225
6687,225
6688,225
6689,225
6690,225
6691,225
6692,225
6693,225
6694,225
6695,225
6696,225
6697,225
6698,175
6699,225
6700,225
6701,-451
6702,225
6703,225
6704,225
6705,225
6706,225
6707,225
6708,225
6709,225
6710,225
6711,225
6712,225
6713,225
6714,225
6715,175
6716,225
6717,225
6718,225
6719,225
6720,225
6721,225
6722,225
6723,223
6724,225
6725,225
6726,225
6727,225
6728,225
6729,225
6730,225
6731,225
6732,225
6733,225
6734,225
6735,225
6736,225
6737,225
6738,225
6739,223
6740,225
6741,225
6742,-109
6743,225
6744,225
6745,225
6746,225
6747,0
6748,225
6749,225
6750,225
6751,225
6752,225
6753,225
6754,225
6755,225
6756,225
6757,225
6758,225
6759,225
6760,225
6761,225
6762,223
6763,225
6764,225
6765,225
6766,225
6767,225
6768,225
6769,225
6770,225
6771,225
6772,225
6773,225
6774,225
6775,225
6776,225
6777,225
6778,225
6779,225
6780,225
6781,225
6782,225
6783,225
6784,225
6785,225
6786,225
6787,225
6788,225
6789,225
6790,225
6791,225
6792,225
6793,-25
6794,225
6795,225
6796,225
6797,225
6798,225
6799,225
6800,225
6801,225
6802,225
6803,225
6804,225
6805,225
6806,225
6807,225
6808,225
6809,225
6810,225
6811,175
6812,225
6813,225
6814,225
6815,225
6816,225
6817,225
6818,225
6819,225
6820,225
6821,225
6822,225
6823,225
6824,225
6825,225
6826,225
6827,225
6828,225
6829,225
6830,225
6831,225
6832,225
6833,225
6834,225
6835,225
6836,225
6837,225
6838,225
6839,225
6840,225
6841,225
6842,225
6843,225
6844,225
6845,225
6846,225
6847,-25
6848,225
6849,225
6850,225
6851,225
6852,225
6853,175
6854,225
6855,225
6856,225
6857,225
6858,225
6859,225
6860,225
6861,225
6862,225
6863,225
6864,225
6865,225
6866,225
6867,225
6868,225
6869,225
6870,225
6871,225
6872,225
6873,225
6874,225
6875,225
6876,223
6877,225
6878,225
6879,225
6880,225
6881,225
6882,225
6883,225
6884,225
6885,225
6886,225
6887,225
6888,225
6889,225
6890,225
6891,225
6892,225
6893,225
6894,225
6895,225
6896,225
6897,225
6898,225
6899,225
6900,225
6901,225
6902,225
6903,225
6904,225
6905,225
6906,225
6907,225
6908,225
6909,225
6910,225
6911,225
6912,225
6913,225
6914,225
6915,225
6916,225
6917,225
6918,225
6919,225
6920,225
6921,225
6922,225
6923,225
6924,225
6925,225
6926,225
6927,225
6928,225
6929,225
6930,175
6931,225
6932,225
6933,225
6934,-175
6935,225
6936,225
6937,225
6938,225
6939,225
6940,225
6941,225
6942,225
6943,225
6944,225
6945,225
6946,225
6947,225
6948,225
6949,225
6950,225
6951,225
6952,225
6953,225
6954,225
6955,225
6956,225
6957,225
6958,225
6959,225
6960,200
6961,225
6962,225
6963,225
6964,225
6965,225
6966,225
6967,225
6968,225
6969,225
6970,225
6971,225
6972,225
6973,225
6974,225
6975,225
6976,225
6977,225
6978,225
6979,225
6980,225
6981,225
6982,225
6983,225
6984,225
6985,225
6986,225
6987,225
6988,225
6989,225
6990,225
6991,223
6992,225
6993,225
6994,225
6995,225
6996,225
6997,225
6998,225
6999,225
7000,225
7001,225
7002,225
7003,225
7004,225
7005,225
7006,225
7007,225
7008,225
7009,225
7010,225
7011,225
7012,225
7013,225
7014,175
7015,225
7016,225
7017,225
7018,225
7019,225
7020,225
7021,225
7022,225
7023,225
7024,225
7025,225
7026,225
7027,225
7028,225
7029,225
7030,225
7031,225
7032,225
7033,175
7034,225
7035,225
7036,225
7037,225
7038,225
7039,225
7040,225
7041,225
7042,225
7043,225
7044,225
7045,225
7046,225
7047,225
7048,225
7049,225
7050,225
7051,225
7052,225
7053,225
7054,225
7055,225
7056,225
7057,225
7058,225
7059,225
7060,225
7061,225
7062,225
7063,223
7064,225
7065,225
7066,175
7067,225
7068,225
7069,225
7070,225
7071,225
7072,225
7073,225
7074,225
7075,225
7076,225
7077,225
7078,-175
7079,225
7080,225
7081,225
7082,225
7083,225
7084,225
7085,225
7086,225
7087,225
7088,225
7089,225
7090,225
7091,225
7092,225
7093,225
7094,225
7095,225
7096,225
7097,225
7098,225
7099,225
7100,225
7101,225
7102,225
7103,225
7104,175
7105,225
7106,225
7107,225
7108,225
7109,225
7110,175
7111,225
7112,225
7113,225
7114,225
7115,225
7116,225
7117,225
7118,225
7119,225
7120,225
7121,225
7122,225
7123,225
7124,175
7125,225
7126,225
7127,125
7128,225
7129,225
7130,-250
7131,225
7132,225
7133,225
7134,225
7135,225
7136,-75
7137,225
7138,225
7139,225
7140,225
7141,225
7142,225
7143,225
7144,225
7145,225
7146,225
7147,225
7148,225
7149,225
7150,225
7151,225
7152,175
7153,225
7154,225
7155,225
7156,225
7157,225
7158,225
7159,225
7160,225
7161,225
7162,225
7163,225
7164,225
7165,225
7166,225
7167,175
7168,225
7169,225
7170,225
7171,225
7172,225
7173,225
7174,225
7175,225
7176,223
7177,225
7178,225
7179,225
7180,225
7181,225
7182,225
7183,225
7184,225
7185,225
7186,225
7187,225
7188,225
7189,165
7190,225
7191,225
7192,225
7193,225
7194,225
7195,225
7196,225
7197,225
7198,225
7199,175
7200,225
7201,225
7202,225
7203,225
7204,225
7205,225
7206,225
7207,275
7208,225
7209,225
7210,225
7211,225
7212,225
7213,225
7214,225
7215,225
7216,225
7217,225
7218,225
7219,225
7220,225
7221,225
7222,225
7223,225
7224,225
7225,225
7226,225
7227,225
7228,225
7229,225
7230,225
7231,225
7232,225
7233,225
7234,225
7235,225
7236,225
7237,225
7238,225
7239,225
7240,225
7241,225
7242,225
7243,225
7244,225
7245,225
7246,225
7247,225
7248,223
7249,225
7250,225
7251,225
7252,225
7253,225
7254,225
7255,225
7256,225
7257,225
7258,225
7259,225
7260,225
7261,225
7262,225
7263,223
7264,225
7265,225
7266,225
7267,225
7268,225
7269,225
7270,225
7271,225
7272,225
7273,225
7274,225
7275,225
7276,225
7277,225
7278,225
7279,225
7280,225
7281,225
7282,225
7283,225
7284,225
7285,225
7286,225
7287,225
7288,225
7289,225
7290,225
7291,175
7292,225
7293,225
7294,225
7295,225
7296,225
7297,225
7298,225
7299,225
7300,0
7301,225
7302,225
7303,225
7304,225
7305,225
7306,225
7307,225
7308,225
7309,225
7310,225
7311,225
7312,225
7313,225
7314,225
7315,225
7316,225
7317,225
7318,225
7319,225
7320,225
7321,225
7322,225
7323,175
7324,225
7325,225
7326,225
7327,225
7328,225
7329,225
7330,225
7331,225
7332,225
7333,225
7334,225
7335,225
7336,175
7337,225
7338,225
7339,225
7340,225
7341,225
7342,0
7343,225
7344,225
7345,225
7346,225
7347,225
7348,225
7349,225
7350,225
7351,225
7352,225
7353,225
7354,225
7355,225
7356,225
7357,225
7358,225
7359,225
7360,225
7361,225
7362,225
7363,225
7364,225
7365,225
7366,225
7367,225
7368,175
7369,225
7370,225
7371,225
7372,225
7373,225
7374,223
7375,225
7376,225
7377,175
7378,225
7379,225
7380,225
7381,225
7382,225
7383,225
7384,225
7385,225
7386,225
7387,225
7388,225
7389,225
7390,225
7391,225
7392,225
7393,225
7394,225
7395,225
7396,225
7397,225
7398,225
7399,225
7400,225
7401,225
7402,225
7403,225
7404,225
7405,225
7406,225
7407,225
7408,225
7409,225
7410,225
7411,225
7412,225
7413,175
7414,225
7415,225
7416,225
7417,225
7418,225
7419,225
7420,225
7421,175
7422,225
7423,225
7424,225
7425,225
7426,225
7427,225
7428,225
7429,200
7430,225
7431,225
7432,225
7433,225
7434,225
7435,175
7436,225
7437,225
7438,225
7439,225
7440,225
7441,225
7442,225
7443,225
7444,225
7445,225
7446,225
7447,225
7448,225
7449,225
7450,225
7451,225
7452,225
7453,225
7454,225
7455,225
7456,225
7457,225
7458,225
7459,225
7460,225
7461,225
7462,225
7463,225
7464,225
7465,225
7466,175
7467,225
7468,225
7469,225
7470,225
7471,225
7472,225
7473,225
7474,225
7475,225
7476,225
7477,225
7478,225
7479,225
7480,225
7481,225
7482,225
7483,225
7484,225
7485,225
7486,225
7487,225
7488,225
7489,225
7490,225
7491,175
7492,225
7493,225
7494,225
7495,225
7496,225
7497,225
7498,225
7499,225
7500,225
7501,225
7502,225
7503,225
7504,225
7505,225
7506,225
7507,223
7508,225
7509,225
7510,225
7511,225
7512,225
7513,175
7514,225
7515,225
7516,225
7517,225
7518,225
7519,225
7520,225
7521,225
7522,225
7523,225
7524,225
7525,225
7526,225
7527,225
7528,225
7529,225
7530,225
7531,225
7532,225
7533,225
7534,225
7535,225
7536,225
7537,225
7538,225
7539,225
7540,225
7541,225
7542,225
7543,225
7544,225
7545,225
7546,225
7547,225
7548,225
7549,225
7550,225
7551,225
7552,225
7553,225
7554,225
7555,225
7556,225
7557,225
7558,225
7559,225
7560,225
7561,225
7562,225
7563,225
7564,225
7565,225
7566,225
7567,225
7568,225
7569,225
7570,225
7571,225
7572,225
7573,225
7574,225
7575,225
7576,225
7577,225
7578,225
7579,225
7580,225
7581,225
7582,175
7583,225
7584,225
7585,225
7586,225
7587,225
7588,225
7589,225
7590,225
7591,125
7592,225
7593,225
7594,225
7595,225
7596,225
7597,175
7598,225
7599,225
7600,225
7601,225
7602,225
7603,225
7604,225
7605,225
7606,225
7607,225
7608,225
7609,225
7610,225
7611,225
7612,225
7613,225
7614,225
7615,225
7616,225
7617,175
7618,225
7619,225
7620,225
7621,225
7622,225
7623,225
7624,225
7625,225
7626,225
7627,225
7628,225
7629,225
7630,225
7631,225
7632,225
7633,225
7634,225
7635,225
7636,225
7637,225
7638,225
7639,125
7640,225
7641,225
7642,225
7643,225
7644,225
7645,225
7646,175
7647,225
7648,225
7649,225
7650,225
7651,225
7652,225
7653,225
7654,225
7655,225
7656,225
7657,225
7658,225
7659,225
7660,225
7661,225
7662,225
7663,225
7664,225
7665,225
7666,225
7667,225
7668,225
7669,125
7670,225
7671,225
7672,225
7673,225
7674,225
7675,225
7676,225
7677,225
7678,225
7679,225
7680,225
7681,225
7682,225
7683,225
7684,225
7685,225
7686,225
7687,225
7688,225
7689,225
7690,225
7691,225
7692,225
7693,225
7694,173
7695,225
7696,225
7697,225
7698,225
7699,225
7700,223
7701,225
7702,225
7703,-25
7704,225
7705,225
7706,225
7707,225
7708,225
7709,225
7710,225
7711,225
7712,225
7713,225
7714,225
7715,225
7716,225
7717,225
7718,225
7719,225
7720,225
7721,225
7722,225
7723,225
7724,225
7725,225
7726,225
7727,225
7728,225
7729,225
7730,225
7731,225
7732,225
7733,225
7734,225
7735,225
7736,225
7737,225
7738,225
7739,-250
7740,225
7741,225
7742,225
7743,225
7744,225
7745,225
7746,225
7747,225
7748,225
7749,225
7750,225
7751,225
7752,225
7753,225
7754,225
7755,225
7756,225
7757,225
7758,225
7759,225
7760,225
7761,225
7762,225
7763,225
7764,225
7765,225
7766,225
7767,225
7768,225
7769,225
7770,225
7771,225
7772,225
7773,225
7774,225
7775,225
7776,225
7777,225
7778,225
7779,225
7780,225
7781,225
7782,225
7783,225
7784,225
7785,225
7786,225
7787,225
7788,225
7789,223
7790,225
7791,175
7792,225
7793,225
7794,225
7795,225
7796,225
7797,225
7798,275
7799,225
7800,225
7801,225
7802,225
7803,225
7804,225
7805,225
7806,225
7807,225
7808,225
7809,225
7810,225
7811,225
7812,225
7813,225
7814,225
7815,225
7816,175
7817,225
7818,225
7819,225
7820,225
7821,225
7822,225
7823,225
7824,175
7825,225
7826,225
7827,225
7828,225
7829,225
7830,225
7831,225
7832,225
7833,225
7834,225
7835,225
7836,225
7837,225
7838,225
7839,225
7840,225
7841,223
7842,225
7843,225
7844,225
7845,225
7846,175
7847,225
7848,225
7849,225
7850,225
7851,225
7852,225
7853,225
7854,275
7855,225
7856,225
7857,225
7858,225
7859,225
7860,175
7861,225
7862,225
7863,225
7864,225
7865,225
7866,225
7867,225
7868,-25
7869,225
7870,225
7871,225
7872,225
7873,225
7874,225
7875,225
7876,225
7877,175
7878,225
7879,225
7880,225
7881,225
7882,225
7883,225
7884,225
7885,225
7886,225
7887,175
7888,225
7889,225
7890,225
7891,225
7892,225
7893,225
7894,225
7895,225
7896,225
7897,225
7898,225
7899,225
7900,175
7901,225
7902,225
7903,225
7904,-225
7905,225
7906,225
7907,225
7908,225
7909,225
7910,225
7911,225
7912,225
7913,225
7914,225
7915,225
7916,225
7917,225
7918,225
7919,225
7920,225
7921,225
7922,225
7923,225
7924,225
7925,225
7926,225
7927,225
7928,225
7929,225
7930,225
7931,225
7932,225
7933,225
7934,225
7935,225
7936,225
7937,225
7938,225
7939,225
7940,225
7941,225
7942,225
7943,225
7944,125
7945,225
7946,225
7947,225
7948,225
7949,225
7950,225
7951,225
7952,225
7953,225
7954,225
7955,225
7956,225
7957,225
7958,225
7959,225
7960,225
7961,225
7962,225
7963,225
7964,225
7965,225
7966,225
7967,225
7968,-957
7969,225
7970,225
7971,225
7972,225
7973,225
7974,125
7975,225
7976,225
7977,225
7978,225
7979,225
7980,225
7981,225
7982,225
7983,225
7984,225
7985,225
7986,225
7987,225
7988,225
7989,225
7990,225
7991,225
7992,225
7993,225
7994,225
7995,225
7996,225
7997,225
7998,225
7999,225
8000,225
8001,225
8002,225
8003,225
8004,225
8005,225
8006,225
8007,225
8008,225
8009,225
8010,225
8011,225
8012,225
8013,225
8014,225
8015,225
8016,225
8017,225
8018,225
8019,225
8020,225
8021,225
8022,225
8023,225
8024,225
8025,225
8026,225
8027,225
8028,225
8029,225
8030,225
8031,225
8032,225
8033,225
8034,225
8035,225
8036,225
8037,225
8038,223
8039,225
8040,225
8041,225
8042,225
8043,125
8044,225
8045,225
8046,225
8047,225
8048,225
8049,225
8050,225
8051,225
8052,225
8053,225
8054,225
8055,225
8056,225
8057,125
8058,225
8059,225
8060,225
8061,225
8062,225
8063,225
8064,225
8065,225
8066,225
8067,175
8068,225
8069,225
8070,225
8071,225
8072,225
8073,225
8074,225
8075,225
8076,225
8077,225
8078,225
8079,225
8080,225
8081,225
8082,225
8083,225
8084,225
8085,225
8086,225
8087,225
8088,225
8089,225
8090,225
8091,225
8092,225
8093,225
8094,225
8095,225
8096,225
8097,225
8098,225
8099,225
8100,225
8101,0
8102,225
8103,225
8104,225
8105,225
8106,225
8107,225
8108,225
8109,225
8110,225
8111,225
8112,225
8113,225
8114,225
8115,225
8116,225
8117,225
8118,223
8119,225
8120,225
8121,225
8122,225
8123,225
8124,225
8125,225
8126,225
8127,175
8128,225
8129,225
8130,225
8131,225
8132,225
8133,225
8134,225
8135,225
8136,225
8137,225
8138,175
8139,225
8140,225
8141,225
8142,225
8143,225
8144,225
8145,225
8146,225
8147,225
8148,225
8149,225
8150,225
8151,225
8152,225
8153,225
8154,225
8155,225
8156,225
8157,225
8158,175
8159,225
8160,225
8161,225
8162,225
8163,225
8164,225
8165,223
8166,225
8167,225
8168,225
8169,225
8170,225
8171,225
8172,225
8173,225
8174,225
8175,225
8176,225
8177,225
8178,225
8179,225
8180,225
8181,225
8182,225
8183,225
8184,225
8185,225
8186,225
8187,275
8188,225
8189,225
8190,125
8191,225
8192,225
8193,225
8194,225
8195,225
8196,225
8197,225
8198,175
8199,225
8200,225
8201,225
8202,225
8203,225
8204,225
8205,225
8206,225
8207,225
8208,225
8209,225
8210,225
8211,225
8212,225
8213,225
8214,225
8215,225
8216,225
8217,225
8218,175
8219,225
8220,225
8221,225
8222,225
8223,225
8224,225
8225,225
8226,225
8227,225
8228,225
8229,225
8230,-225
8231,225
8232,225
8233,225
8234,225
8235,225
8236,225
8237,225
8238,225
8239,225
8240,225
8241,225
8242,225
8243,225
8244,225
8245,223
8246,225
8247,225
8248,225
8249,225
8250,225
8251,225
8252,225
8253,225
8254,223
8255,225
8256,225
8257,225
8258,225
8259,225
8260,225
8261,225
8262,225
8263,225
8264,225
8265,225
8266,225
8267,225
8268,225
8269,225
8270,225
8271,225
8272,225
8273,225
8274,225
8275,225
8276,225
8277,225
8278,225
8279,225
8280,225
8281,225
8282,225
8283,225
8284,225
8285,225
8286,225
8287,225
8288,225
8289,225
8290,225
8291,225
8292,225
8293,225
8294,225
8295,225
8296,225
8297,225
8298,225
8299,225
8300,225
8301,125
8302,225
8303,225
8304,225
8305,225
8306,225
8307,225
8308,-50
8309,225
8310,225
8311,225
8312,225
8313,225
8314,223
8315,225
8316,225
8317,225
8318,225
8319,225
8320,225
8321,225
8322,225
8323,200
8324,225
8325,175
8326,225
8327,225
8328,225
8329,225
8330,225
8331,225
8332,223
8333,225
8334,225
8335,225
8336,225
8337,225
8338,225
8339,225
8340,225
8341,225
8342,225
8343,225
8344,223
8345,225
8346,225
8347,225
8348,225
8349,225
8350,225
8351,225
8352,225
8353,175
8354,225
8355,-75
8356,225
8357,225
8358,225
8359,225
8360,225
8361,225
8362,225
8363,225
8364,225
8365,225
8366,225
8367,225
8368,225
8369,225
8370,225
8371,225
8372,225
8373,225
8374,225
8375,225
8376,225
8377,225
8378,225
8379,225
8380,225
8381,225
8382,225
8383,225
8384,225
8385,225
8386,225
8387,225
8388,175
8389,225
8390,225
8391,225
8392,225
8393,225
8394,225
8395,225
8396,223
8397,225
8398,225
8399,225
8400,225
8401,225
8402,225
8403,225
8404,225
8405,225
8406,225
8407,225
8408,225
8409,225
8410,225
8411,225
8412,225
8413,175
8414,225
8415,225
8416,225
8417,225
8418,225
8419,225
8420,223
8421,225
8422,225
8423,225
8424,225
8425,225
8426,225
8427,225
8428,225
8429,225
8430,225
8431,225
8432,225
8433,225
8434,225
8435,225
8436,225
8437,225
8438,225
8439,175
8440,175
8441,225
8442,225
8443,225
8444,225
8445,225
8446,223
8447,225
8448,225
8449,225
8450,225
8451,225
8452,225
8453,225
8454,225
8455,225
8456,175
8457,225
8458,225
8459,225
8460,225
8461,225
8462,225
8463,225
8464,225
8465,225
8466,225
8467,225
8468,225
8469,225
8470,-175
8471,225
8472,225
8473,225
8474,225
8475,225
8476,225
8477,225
8478,225
8479,225
8480,225
8481,225
8482,225
8483,225
8484,225
8485,225
8486,225
8487,225
8488,225
8489,225
8490,125
8491,225
8492,225
8493,225
8494,225
8495,225
8496,225
8497,225
8498,225
8499,225
8500,225
8501,225
8502,225
8503,225
8504,225
8505,225
8506,225
8507,225
8508,225
8509,225
8510,225
8511,225
8512,225
8513,225
8514,225
8515,225
8516,175
8517,225
8518,225
8519,225
8520,225
8521,225
8522,225
8523,225
8524,225
8525,225
8526,225
8527,225
8528,225
8529,225
8530,175
8531,225
8532,225
8533,225
8534,225
8535,225
8536,225
8537,225
8538,225
8539,225
8540,225
8541,225
8542,225
8543,225
8544,225
8545,225
8546,225
8547,225
8548,225
8549,225
8550,225
8551,225
8552,225
8553,225
8554,225
8555,225
8556,225
8557,225
8558,225
8559,225
8560,225
8561,225
8562,225
8563,225
8564,225
8565,225
8566,225
8567,225
8568,225
8569,225
8570,225
8571,225
8572,225
8573,225
8574,225
8575,225
8576,225
8577,225
8578,225
8579,225
8580,225
8581,225
8582,225
8583,225
8584,225
8585,225
8586,225
8587,225
8588,225
8589,175
8590,225
8591,225
8592,225
8593,175
8594,225
8595,225
8596,225
8597,225
8598,225
8599,225
8600,225
8601,225
8602,225
8603,225
8604,225
8605,225
8606,223
8607,225
8608,225
8609,225
8610,225
8611,225
8612,225
8613,225
8614,225
8615,175
8616,225
8617,225
8618,225
8619,175
8620,225
8621,225
8622,225
8623,225
8624,225
8625,225
8626,225
8627,225
8628,225
8629,225
8630,225
8631,225
8632,225
8633,225
8634,225
8635,225
8636,225
8637,225
8638,225
8639,175
8640,225
8641,225
8642,225
8643,225
8644,225
8645,225
8646,225
8647,225
8648,225
8649,225
8650,225
8651,175
8652,225
8653,225
8654,225
8655,225
8656,225
8657,225
8658,225
8659,225
8660,175
8661,225
8662,225
8663,225
8664,225
8665,225
8666,225
8667,225
8668,225
8669,225
8670,225
8671,225
8672,225
8673,225
8674,225
8675,225
8676,225
8677,225
8678,225
8679,225
8680,225
8681,225
8682,225
8683,225
8684,225
8685,225
8686,225
8687,225
8688,225
8689,225
8690,225
8691,225
8692,225
8693,-125
8694,225
8695,225
8696,225
8697,223
8698,225
8699,225
8700,225
8701,225
8702,225
8703,225
8704,225
8705,225
8706,225
8707,225
8708,225
8709,225
8710,225
8711,225
8712,225
8713,225
8714,225
8715,225
8716,225
8717,225
8718,225
8719,225
8720,-225
8721,225
8722,225
8723,225
8724,225
8725,225
8726,225
8727,225
8728,225
8729,225
8730,225
8731,225
8732,225
8733,225
8734,225
8735,225
8736,225
8737,225
8738,225
8739,225
8740,225
8741,225
8742,225
8743,225
8744,225
8745,225
8746,225
8747,225
8748,225
8749,225
8750,225
8751,225
8752,225
8753,225
8754,225
8755,225
8756,225
8757,225
8758,225
8759,225
8760,225
8761,225
8762,225
8763,225
8764,225
8765,225
8766,225
8767,225
8768,225
8769,225
8770,225
8771,225
8772,225
8773,225
8774,225
8775,225
8776,225
8777,225
8778,225
8779,225
8780,225
8781,225
8782,225
8783,225
8784,225
8785,225
8786,225
8787,225
8788,225
8789,225
8790,225
8791,225
8792,175
8793,200
8794,225
8795,223
8796,225
8797,225
8798,225
8799,175
8800,225
8801,225
8802,225
8803,225
8804,225
8805,225
8806,225
8807,225
8808,175
8809,225
8810,223
8811,225
8812,175
8813,225
8814,225
8815,225
8816,225
8817,225
8818,225
8819,225
8820,225
8821,225
8822,175
8823,225
8824,225
8825,225
8826,225
8827,225
8828,225
8829,225
8830,225
8831,225
8832,225
8833,225
8834,225
8835,125
8836,225
8837,225
8838,225
8839,225
8840,225
8841,225
8842,225
8843,225
8844,225
8845,225
8846,225
8847,225
8848,225
8849,225
8850,225
8851,225
8852,225
8853,225
8854,225
8855,225
8856,225
8857,225
8858,225
8859,225
8860,225
8861,225
8862,225
8863,225
8864,175
8865,223
8866,225
8867,225
8868,225
8869,225
8870,225
8871,225
8872,225
8873,225
8874,225
8875,225
8876,175
8877,225
8878,225
8879,225
8880,225
8881,225
8882,175
8883,225
8884,225
8885,225
8886,225
8887,225
8888,225
8889,225
8890,225
8891,225
8892,225
8893,225
8894,225
8895,225
8896,225
8897,225
8898,225
8899,225
8900,225
8901,225
8902,225
8903,225
8904,225
8905,225
8906,225
8907,225
8908,175
8909,225
8910,225
8911,225
8912,225
8913,225
8914,225
8915,225
8916,175
8917,225
8918,225
8919,225
8920,225
8921,225
8922,225
8923,225
8924,225
8925,225
8926,225
8927,225
8928,225
8929,225
8930,225
8931,225
8932,225
8933,225
8934,225
8935,223
8936,225
8937,225
8938,225
8939,225
8940,225
8941,225
8942,225
8943,225
8944,225
8945,225
8946,225
8947,225
8948,225
8949,225
8950,225
8951,125
8952,225
8953,225
8954,225
8955,225
8956,225
8957,225
8958,-227
8959,225
8960,225
8961,225
8962,225
8963,225
8964,125
8965,225
8966,173
8967,225
8968,225
8969,225
8970,225
8971,225
8972,225
8973,225
8974,225
8975,225
8976,225
8977,225
8978,225
8979,225
8980,225
8981,225
8982,225
8983,225
8984,225
8985,225
8986,225
8987,225
8988,225
8989,225
8990,225
8991,225
8992,225
8993,225
8994,225
8995,225
8996,225
8997,225
8998,225
8999,225
9000,225
9001,225
9002,225
9003,225
9004,225
9005,225
9006,225
9007,223
9008,225
9009,225
9010,225
9011,225
9012,225
9013,225
9014,225
9015,225
9016,225
9017,225
9018,225
9019,225
9020,225
9021,225
9022,225
9023,225
9024,225
9025,225
9026,225
9027,225
9028,225
9029,225
9030,225
9031,175
9032,225
9033,225
9034,225
9035,225
9036,225
9037,225
9038,225
9039,225
9040,225
9041,225
9042,175
9043,225
9044,225
9045,225
9046,225
9047,225
9048,225
9049,225
9050,225
9051,225
9052,225
9053,225
9054,225
9055,225
9056,225
9057,225
9058,225
9059,175
9060,225
9061,200
9062,225
9063,225
9064,225
9065,225
9066,225
9067,225
9068,225
9069,175
9070,225
9071,225
9072,225
9073,225
9074,225
9075,175
9076,225
9077,225
9078,225
9079,225
9080,225
9081,225
9082,225
9083,225
9084,225
9085,225
9086,225
9087,225
9088,225
9089,225
9090,225
9091,225
9092,225
9093,225
9094,175
9095,225
9096,225
9097,225
9098,225
9099,225
9100,225
9101,225
9102,225
9103,225
9104,225
9105,175
9106,225
9107,225
9108,225
9109,225
9110,225
9111,225
9112,225
9113,225
9114,225
9115,225
9116,-75
9117,225
9118,225
9119,225
9120,225
9121,225
9122,225
9123,225
9124,225
9125,225
9126,225
9127,225
9128,225
9129,225
9130,225
9131,225
9132,225
9133,225
9134,225
9135,225
9136,223
9137,225
9138,225
9139,225
9140,225
9141,225
9142,225
9143,225
9144,225
9145,225
9146,225
9147,225
9148,225
9149,225
9150,225
9151,225
9152,225
9153,225
9154,225
9155,225
9156,225
9157,225
9158,225
9159,225
9160,225
9161,225
9162,225
9163,225
9164,225
9165,225
9166,225
9167,225
9168,225
9169,225
9170,225
9171,225
9172,225
9173,225
9174,225
9175,225
9176,225
9177,225
9178,225
9179,225
9180,225
9181,225
9182,225
9183,225
9184,225
9185,225
9186,225
9187,225
9188,225
9189,175
9190,175
9191,225
9192,225
9193,175
9194,225
9195,225
9196,225
9197,225
9198,225
9199,225
9200,225
9201,225
9202,225
9203,225
9204,225
9205,225
9206,225
9207,225
9208,225
9209,225
9210,225
9211,175
9212,225
9213,225
9214,225
9215,225
9216,225
9217,225
9218,225
9219,225
9220,225
9221,225
9222,225
9223,225
9224,225
9225,225
9226,225
9227,225
9228,225
9229,225
9230,225
9231,225
9232,225
9233,225
9234,225
9235,225
9236,225
9237,225
9238,225
9239,225
9240,225
9241,225
9242,225
9243,225
9244,225
9245,225
9246,225
9247,225
9248,225
9249,225
9250,225
9251,225
9252,225
9253,225
9254,225
9255,225
9256,225
9257,225
9258,225
9259,225
9260,225
9261,225
9262,225
9263,225
9264,225
9265,225
9266,225
9267,125
9268,225
9269,225
9270,225
9271,175
9272,225
9273,225
9274,225
9275,225
9276,225
9277,225
9278,225
9279,225
9280,225
9281,225
9282,225
9283,225
9284,225
9285,225
9286,225
9287,225
9288,225
9289,225
9290,225
9291,225
9292,225
9293,225
9294,225
9295,225
9296,225
9297,225
9298,225
9299,225
9300,225
9301,225
9302,225
9303,225
9304,225
9305,225
9306,225
9307,225
9308,225
9309,225
9310,225
9311,225
9312,225
9313,225
9314,225
9315,225
9316,225
9317,225
9318,225
9319,225
9320,225
9321,225
9322,225
9323,225
9324,225
9325,225
9326,225
9327,225
9328,225
9329,225
9330,225
9331,225
9332,225
9333,225
9334,225
9335,275
9336,225
9337,225
9338,225
9339,225
9340,225
9341,225
9342,225
9343,225
9344,225
9345,225
9346,225
9347,225
9348,225
9349,225
9350,225
9351,225
9352,225
9353,225
9354,225
9355,125
9356,225
9357,225
9358,225
9359,225
9360,225
9361,225
9362,225
9363,225
9364,225
9365,225
9366,225
9367,225
9368,225
9369,225
9370,225
9371,225
9372,225
9373,225
9374,225
9375,225
9376,225
9377,225
9378,225
9379,225
9380,225
9381,225
9382,225
9383,225
9384,225
9385,225
9386,225
9387,225
9388,225
9389,225
9390,225
9391,225
9392,225
9393,225
9394,225
9395,225
9396,225
9397,225
9398,225
9399,223
9400,225
9401,225
9402,225
9403,225
9404,225
9405,225
9406,225
9407,225
9408,225
9409,225
9410,225
9411,225
9412,225
9413,225
9414,225
9415,225
9416,225
9417,225
9418,225
9419,225
9420,225
9421,225
9422,225
9423,225
9424,225
9425,225
9426,225
9427,225
9428,225
9429,225
9430,225
9431,225
9432,225
9433,225
9434,225
9435,225
9436,225
9437,225
9438,225
9439,225
9440,225
9441,225
9442,225
9443,225
9444,225
9445,173
9446,225
9447,225
9448,225
9449,225
9450,225
9451,225
9452,225
9453,175
9454,225
9455,225
9456,225
9457,225
9458,225
9459,225
9460,225
9461,225
9462,225
9463,225
9464,225
9465,225
9466,175
9467,225
9468,225
9469,225
9470,225
9471,225
9472,225
9473,225
9474,175
9475,225
9476,225
9477,225
9478,225
9479,225
9480,225
9481,225
9482,225
9483,225
9484,225
9485,225
9486,225
9487,225
9488,225
9489,225
9490,175
9491,225
9492,225
9493,225
9494,225
9495,125
9496,225
9497,225
9498,225
9499,225
9500,225
9501,225
9502,225
9503,225
9504,225
9505,225
9506,225
9507,225
9508,225
9509,225
9510,225
9511,225
9512,225
9513,225
9514,225
9515,225
9516,225
9517,225
9518,225
9519,225
9520,225
9521,225
9522,225
9523,225
9524,225
9525,225
9526,225
9527,225
9528,225
9529,225
9530,225
9531,225
9532,225
9533,225
9534,225
9535,175
9536,225
9537,225
9538,225
9539,225
9540,225
9541,225
9542,225
9543,225
9544,225
9545,225
9546,225
9547,225
9548,225
9549,225
9550,225
9551,225
9552,225
9553,225
9554,225
9555,225
9556,225
9557,225
9558,225
9559,225
9560,225
9561,225
9562,225
9563,225
9564,225
9565,225
9566,225
9567,225
9568,225
9569,225
9570,225
9571,225
9572,225
9573,225
9574,225
9575,225
9576,225
9577,225
9578,225
9579,225
9580,225
9581,225
9582,175
9583,225
9584,225
9585,225
9586,225
9587,225
9588,225
9589,225
9590,225
9591,225
9592,175
9593,225
9594,225
9595,225
9596,225
9597,225
9598,225
9599,225
9600,125
9601,225
9602,225
9603,225
9604,225
9605,225
9606,225
9607,225
9608,225
9609,225
9610,225
9611,225
9612,225
9613,225
9614,225
9615,225
9616,225
9617,225
9618,225
9619,225
9620,225
9621,225
9622,225
9623,225
9624,225
9625,225
9626,225
9627,225
9628,225
9629,225
9630,225
9631,225
9632,225
9633,225
9634,225
9635,225
9636,225
9637,225
9638,225
9639,225
9640,225
9641,225
9642,225
9643,225
9644,225
9645,-75
9646,225
9647,225
9648,225
9649,225
9650,225
9651,225
9652,175
9653,225
9654,225
9655,225
9656,225
9657,225
9658,175
9659,225
9660,225
9661,225
9662,225
9663,225
9664,225
9665,225
9666,223
9667,225
9668,225
9669,225
9670,225
9671,175
9672,225
9673,223
9674,225
9675,225
9676,225
9677,225
9678,225
9679,225
9680,225
9681,225
9682,225
9683,225
9684,225
9685,225
9686,225
9687,225
9688,225
9689,225
9690,225
9691,225
9692,225
9693,225
9694,225
9695,225
9696,225
9697,225
9698,225
9699,225
9700,225
9701,225
9702,225
9703,225
9704,225
9705,225
9706,225
9707,225
9708,175
9709,225
9710,225
9711,225
9712,175
9713,225
9714,225
9715,225
9716,225
9717,225
9718,225
9719,0
9720,225
9721,225
9722,225
9723,225
9724,225
9725,175
9726,200
9727,225
9728,225
9729,225
9730,225
9731,225
9732,225
9733,225
9734,225
9735,225
9736,225
9737,225
9738,225
9739,225
9740,225
9741,225
9742,225
9743,225
9744,225
9745,225
9746,225
9747,225
9748,225
9749,225
9750,225
9751,225
9752,225
9753,225
9754,225
9755,225
9756,225
9757,225
9758,225
9759,225
9760,225
9761,225
9762,225
9763,225
9764,225
9765,225
9766,225
9767,225
9768,225
9769,225
9770,225
9771,225
9772,225
9773,225
9774,225
9775,225
9776,225
9777,225
9778,225
9779,225
9780,225
9781,225
9782,225
9783,225
9784,225
9785,225
9786,225
9787,225
9788,225
9789,225
9790,225
9791,225
9792,225
9793,225
9794,225
9795,225
9796,225
9797,200
9798,223
9799,225
9800,225
9801,225
9802,175
9803,225
9804,225
9805,225
9806,225
9807,225
9808,225
9809,225
9810,225
9811,225
9812,225
9813,225
9814,225
9815,225
9816,225
9817,225
9818,225
9819,225
9820,225
9821,225
9822,225
9823,225
9824,225
9825,225
9826,225
9827,225
9828,225
9829,225
9830,225
9831,225
9832,225
9833,225
9834,225
9835,225
9836,225
9837,225
9838,225
9839,225
9840,225
9841,225
9842,225
9843,225
9844,225
9845,225
9846,225
9847,225
9848,225
9849,225
9850,225
9851,225
9852,225
9853,225
9854,225
9855,225
9856,225
9857,225
9858,225
9859,225
9860,225
9861,225
9862,225
9863,225
9864,225
9865,225
9866,225
9867,225
9868,225
9869,225
9870,225
9871,225
9872,223
9873,225
9874,225
9875,225
9876,225
9877,225
9878,125
9879,225
9880,225
9881,175
9882,225
9883,225
9884,225
9885,225
9886,225
9887,225
9888,225
9889,225
9890,225
9891,223
9892,225
9893,225
9894,225
9895,225
9896,225
9897,225
9898,225
9899,225
9900,225
9901,225
9902,225
9903,225
9904,225
9905,225
9906,225
9907,225
9908,225
9909,225
9910,225
9911,225
9912,225
9913,225
9914,225
9915,225
9916,225
9917,225
9918,225
9919,225
9920,225
9921,225
9922,225
9923,225
9924,175
9925,225
9926,225
9927,225
9928,225
9929,225
9930,225
9931,225
9932,225
9933,-225
9934,225
9935,225
9936,225
9937,225
9938,225
9939,225
9940,225
9941,225
9942,225
9943,225
9944,225
9945,225
9946,225
9947,225
9948,225
9949,225
9950,225
9951,225
9952,225
9953,225
9954,225
9955,225
9956,225
9957,225
9958,225
9959,225
9960,225
9961,225
9962,225
9963,225
9964,225
9965,225
9966,225
9967,225
9968,225
9969,225
9970,225
9971,225
9972,225
9973,225
9974,225
9975,225
9976,225
9977,225
9978,225
9979,225
9980,225
9981,225
9982,225
9983,225
9984,225
9985,225
9986,225
9987,225
9988,225
9989,225
9990,225
9991,225
9992,225
9993,225
9994,225
9995,225
9996,225
9997,175
9998,225
9999,225
[[(4, 4), 2, -25], [(4, 3), 0, 50], [(3, 3), 3, -25], [(3, 4), 0, -25], [(2, 4), 0, -25], [(1, 4), 2, -25], [(1, 3), 2, -25], [(1, 2), 2, -25], [(1, 1), 1, 250], [(2, 1), 2, -25], [(2, 0), 0, -25], [(1, 0), 0, 150]]