0,-297
1,-75
2,-12525
3,-3227
4,-771
5,-4505
6,-1002
7,-303
8,-629
9,-1002
10,-157
11,-215
12,-1002
13,-1002
14,-55
15,-875
16,-1002
17,-1002
18,-1002
19,-441
20,-761
21,-29
22,-875
23,-279
24,-289
25,-1002
26,-75
27,-903
28,-591
29,-405
30,-1002
31,-151
32,-1002
33,-765
34,-845
35,-1002
36,-137
37,-35
38,-73
39,-405
40,-781
41,-713
42,-1002
43,-1002
44,-395
45,-165
46,-265
47,-119
48,-965
49,-135
50,-1002
51,-559
52,-361
53,-651
54,-487
55,-1002
56,-307
57,-747
58,-381
59,-661
60,-133
61,-163
62,-123
63,-351
64,-181
65,-249
66,-981
67,-191
68,-715
69,-1002
70,-897
71,-57
72,-181
73,-457
74,-167
75,-97
76,-121
77,-1002
78,-413
79,-167
80,-701
81,-1002
82,-69
83,-341
84,-801
85,-67
86,-215
87,-1002
88,-1002
89,-165
90,-1002
91,-85
92,-181
93,-103
94,-71
95,-159
96,-997
97,-241
98,-361
99,-1002
100,-71
101,-413
102,-1002
103,-393
104,-101
105,-865
106,-501
107,-1002
108,-365
109,-815
110,-1002
111,-131
112,-301
113,-233
114,-177
115,-341
116,-923
117,-115
118,-327
119,-57
120,-383
121,-315
122,-1002
123,-337
124,-241
125,-335
126,-837
127,-1002
128,-365
129,-605
130,-1002
131,-39
132,-1002
133,-109
134,-493
135,-175
136,-1002
137,-1002
138,-149
139,-683
140,-105
141,-177
142,-1002
143,-1002
144,-1002
145,-855
146,-211
147,-587
148,-831
149,-665
150,-795
151,-425
152,-43
153,-563
154,-643
155,-393
156,-413
157,-1163
158,-49
159,-551
160,-1002
161,-813
162,-31
163,-499
164,-313
165,-675
166,-535
167,-143
168,-91
169,-1002
170,-441
171,-283
172,-657
173,-533
174,-61
175,-613
176,-207
177,-135
178,-383
179,-225
180,-251
181,-555
182,-225
183,-313
184,-219
185,-275
186,-99
187,-609
188,-29
189,-59
190,-589
191,-117
192,-1002
193,-831
194,-1002
195,-1002
196,-609
197,-1002
198,-973
199,-1002
200,-143
201,-1002
202,-1002
203,-867
204,-449
205,-955
206,-461
207,-725
208,-1002
209,-245
210,-1002
211,-311
212,-321
213,-29
214,-69
215,-411
216,-1002
217,-941
218,-407
219,-625
220,-215
221,-39
222,-403
223,-345
224,-395
225,-85
226,-231
227,-897
228,-485
229,-589
230,-421
231,-831
232,-175
233,-767
234,-1002
235,-429
236,-183
237,-279
238,-649
239,-407
240,-491
241,-1002
242,-1140
243,-485
244,-297
245,-595
246,-1002
247,-25
248,-1002
249,-1002
250,-103
251,-421
252,-593
253,-101
254,-251
255,-1002
256,-329
257,-1163
258,-1163
259,-945
260,-855
261,-845
262,-1002
263,-427
264,-1002
265,-347
266,-419
267,-1002
268,-425
269,-1002
270,-321
271,-631
272,-291
273,-437
274,-545
275,-223
276,-1003
277,-325
278,-149
279,-665
280,-1002
281,-255
282,-99
283,-1232
284,-141
285,-461
286,-223
287,-73
288,-1002
289,-33
290,-217
291,-375
292,-239
293,-959
294,-943
295,-979
296,-101
297,-861
298,-299
299,-945
300,-47
301,-971
302,-437
303,-397
304,-29
305,-83
306,-1002
307,-1002
308,-325
309,-91
310,-1002
311,-529
312,-293
313,-515
314,-309
315,-99
316,-179
317,-921
318,-305
319,-125
320,-657
321,-39
322,-129
323,-133
324,-613
325,-641
326,-533
327,-571
328,-333
329,-361
330,-111
331,-397
332,-1002
333,-543
334,-355
335,-411
336,-1002
337,-51
338,-389
339,-267
340,-437
341,-169
342,-223
343,-111
344,-115
345,-619
346,-661
347,-135
348,-1002
349,-89
350,-143
351,-839
352,-393
353,-55
354,-123
355,-1001
356,-365
357,-325
358,-599
359,-1011
360,-915
361,-51
362,-463
363,-839
364,-393
365,-1002
366,-1002
367,-425
368,-651
369,-365
370,-287
371,-59
372,-931
373,-489
374,-391
375,-1002
376,-319
377,-201
378,-147
379,-675
380,-39
381,-533
382,-1002
383,-499
384,-837
385,-871
386,-209
387,-115
388,-1002
389,-579
390,-1002
391,-91
392,-621
393,-1002
394,-619
395,-1002
396,-749
397,-685
398,-557
399,-1002
400,-407
401,-453
402,-381
403,-1002
404,-277
405,-1002
406,-289
407,-383
408,-239
409,-1002
410,-73
411,-207
412,-41
413,-229
414,-279
415,-1002
416,-289
417,-939
418,-81
419,-111
420,-555
421,-1002
422,-361
423,-881
424,-513
425,-807
426,-287
427,-1002
428,-407
429,-117
430,-205
431,-331
432,-771
433,-71
434,-1002
435,-155
436,-77
437,-327
438,-645
439,-49
440,-355
441,-995
442,-49
443,-123
444,-253
445,-35
446,-31
447,-1002
448,-717
449,-87
450,-197
451,-233
452,-209
453,-25
454,-507
455,-55
456,-357
457,-1002
458,-173
459,-509
460,-131
461,-227
462,-25
463,-707
464,-133
465,-543
466,-251
467,-47
468,-1002
469,-595
470,-375
471,-109
472,-321
473,-79
474,-1002
475,-457
476,-1002
477,-1002
478,-1002
479,-473
480,-141
481,-801
482,-477
483,-735
484,-59
485,-713
486,-31
487,-115
488,-267
489,-71
490,-1002
491,-1002
492,-265
493,-451
494,-269
495,-385
496,-311
497,-1002
498,-203
499,-83
[[(4, 4), 1, -2], [(4, 4), 1, -2], [(4, 4), 1, -2], [(4, 4), 1, -2], [(4, 4), 1, -2], [(4, 4), 1, -2], [(4, 4), 1, -2], [(4, 4), 1, -2], [(4, 4), 1, -2], [(4, 4), 1, -2], [(4, 4), 1, -2], [(4, 4), 1, -2], [(4, 4), 1, -2], [(4, 4), 1, -2], [(4, 4), 1, -2], [(4, 4), 1, -2], [(4, 4), 1, -2], [(4, 4), 1, -2], [(4, 4), 1, -2], [(4, 4), 1, -2], [(4, 4), 1, -2], [(4, 4), 1, -2], [(4, 4), 1, -2], [(4, 4), 1, -2], [(4, 4), 1, -2], [(4, 4), 1, -2], [(4, 4), 1, -2], [(4, 4), 1, -2], [(4, 4), 1, -2], [(4, 4), 1, -2], [(4, 4), 1, -2], [(4, 4), 1, -2], [(4, 4), 1, -2], [(4, 4), 1, -2], [(4, 4), 1, -2], [(4, 4), 1, -2], [(4, 4), 1, -2], [(4, 4), 1, -2], [(4, 4), 1, -2], [(4, 4), 1, -2], [(4, 4), 1, -2], [(4, 4), 1, -2], [(4, 4), 1, -2], [(4, 4), 1, -2], [(4, 4), 1, -2], [(4, 4), 1, -2], [(4, 4), 1, -2], [(4, 4), 1, -2], [(4, 4), 1, -2], [(4, 4), 1, -2], [(4, 4), 1, -2], [(4, 4), 1, -2], [(4, 4), 1, -2], [(4, 4), 1, -2], [(4, 4), 1, -2], [(4, 4), 1, -2], [(4, 4), 1, -2], [(4, 4), 1, -2], [(4, 4), 1, -2], [(4, 4), 1, -2], [(4, 4), 1, -2], [(4, 4), 1, -2], [(4, 4), 1, -2], [(4, 4), 1, -2], [(4, 4), 1, -2], [(4, 4), 1, -2], [(4, 4), 1, -2], [(4, 4), 1, -2], [(4, 4), 1, -2], [(4, 4), 1, -2], [(4, 4), 1, -2], [(4, 4), 1, -2], [(4, 4), 1, -2], [(4, 4), 1, -2], [(4, 4), 1, -2], [(4, 4), 1, -2], [(4, 4), 1, -2], [(4, 4), 1, -2], [(4, 4), 1, -2], [(4, 4), 1, -2], [(4, 4), 1, -2], [(4, 4), 1, -2], [(4, 4), 1, -2], [(4, 4), 1, -2], [(4, 4), 1, -2], [(4, 4), 1, -2], [(4, 4), 1, -2], [(4, 4), 1, -2], [(4, 4), 1, -2], [(4, 4), 1, -2], [(4, 4), 1, -2], [(4, 4), 2, -25], [(4, 3), 0, -25], [(3, 3), 0, -25], [(2, 3), 0, -25], [(1, 3), 0, -25], [(0, 3), 2, -25], [(0, 2), 2, -25], [(0, 1), 2, 150]]