0,-587
1,210
2,-1071
3,-1025
4,-452
5,-257
6,-1071
7,-320
8,-1025
9,-1048
10,-978
11,-784
12,-790
13,-1002
14,-1094
15,-3274
16,-1025
17,-1071
18,-1071
19,-1002
20,-1048
21,-1002
22,-773
23,-996
24,-1025
25,-440
26,-1025
27,-1002
28,-525
29,-1002
30,-393
31,-1025
32,-1004
33,-1025
34,-1025
35,-1094
36,-1002
37,-1025
38,-1048
39,-177
40,-493
41,-1002
42,-1019
43,-1025
44,-737
45,-356
46,-1002
47,-1094
48,-695
49,-1025
50,-1002
51,-1094
52,-541
53,-1002
54,-1025
55,-1002
56,-1002
57,-761
58,-1002
59,-1002
60,-1025
61,-1002
62,-1002
63,-481
64,-1002
65,-661
66,-1025
67,-1048
68,-1048
69,-1002
70,-1048
71,-1025
72,-447
73,-338
74,-275
75,-1025
76,-1002
77,-1002
78,-1094
79,-1002
80,-1002
81,-1048
82,-1002
83,-1048
84,-707
85,-688
86,-1002
87,-285
88,-197
89,-1172
90,-1002
91,-1069
92,-774
93,-283
94,-161
95,-778
96,-487
97,-1025
98,-313
99,-517
100,-349
101,-231
102,-1002
103,-647
104,-647
105,-537
106,-1002
107,-145
108,-441
109,-836
110,-553
111,-1002
112,-1025
113,-1002
114,-1060
115,-691
116,-1002
117,-549
118,-1002
119,-1025
120,-193
121,-1085
122,-897
123,-330
124,-1002
125,-331
126,-1025
127,-1002
128,-541
129,-1025
130,-1002
131,-1002
132,-666
133,-889
134,-1025
135,-377
136,-1002
137,-239
138,-735
139,-701
140,-1025
141,-477
142,-817
143,-1025
144,-803
145,-1014
146,-937
147,-1048
148,-1025
149,-337
150,-950
151,-1071
152,-333
153,-1002
154,-189
155,-133
156,-557
157,-1025
158,-417
159,-379
160,-139
161,-573
162,-1002
163,-997
164,-1025
165,-441
166,-481
167,-1002
168,-579
169,-1002
170,-1002
171,-597
172,-1014
173,-705
174,-461
175,-767
176,-1048
177,-1002
178,-1025
179,-1002
180,-235
181,-1025
182,-557
183,-211
184,-981
185,-1002
186,-486
187,-912
188,-1002
189,-613
190,-205
191,-1048
192,-983
193,-845
194,-347
195,-375
196,-593
197,-549
198,-277
199,-803
200,-751
201,-487
202,-825
203,-1071
204,-277
205,-457
206,-1002
207,-353
208,-851
209,-261
210,-251
211,-1109
212,-269
213,-1002
214,-1002
215,-609
216,-435
217,-233
218,-231
219,-1041
220,-631
221,-173
222,-407
223,-333
224,-1002
225,-587
226,-801
227,-605
228,-149
229,-1002
230,-953
231,-1097
232,-1002
233,-309
234,-1039
235,-625
236,-141
237,-1115
238,-235
239,-1051
240,-193
241,-733
242,-139
243,-651
244,-835
245,-905
246,-1002
247,-1002
248,-421
249,-549
250,-915
251,-975
252,-495
253,-571
254,-1002
255,-823
256,-203
257,-231
258,-611
259,-967
260,-1039
261,-1002
262,-1002
263,-1002
264,-245
265,-777
266,-173
267,-1002
268,-131
269,-281
270,-473
271,-1002
272,-1002
273,-181
274,-443
275,-583
276,-315
277,-1002
278,-205
279,-427
280,-335
281,-393
282,-285
283,-293
284,-203
285,-1002
286,-379
287,-353
288,-257
289,-135
290,-871
291,-337
292,-799
293,-549
294,-543
295,-131
296,-207
297,-1002
298,-161
299,-183
300,-189
301,-465
302,-193
303,-811
304,-949
305,-317
306,-367
307,-437
308,-509
309,-701
310,-151
311,-855
312,-303
313,-549
314,-229
315,-597
316,-563
317,-1002
318,-399
319,-865
320,-213
321,-1002
322,-243
323,-289
324,-1051
325,-729
326,-613
327,-493
328,-629
329,-159
330,-587
331,-507
332,-271
333,-1002
334,-277
335,-999
336,-407
337,-693
338,-909
339,-283
340,-1002
341,-499
342,-183
343,-175
344,-369
345,-345
346,-785
347,-681
348,-911
349,-1002
350,-1002
351,-995
352,-907
353,-475
354,-981
355,-1002
356,-1002
357,-139
358,-319
359,-153
360,-1002
361,-215
362,-693
363,-773
364,-615
365,-183
366,-461
367,-195
368,-1002
369,-175
370,-1002
371,-197
372,-433
373,-245
374,-131
375,-247
376,-1002
377,-1002
378,-1002
379,-1002
380,-315
381,-599
382,-1077
383,-519
384,-271
385,-1002
386,-1002
387,-731
388,-1002
389,-225
390,-1002
391,-283
392,-799
393,-687
394,-719
395,-1002
396,-661
397,-411
398,-717
399,-247
400,-157
401,-823
402,-385
403,-1097
404,-731
405,-1095
406,-857
407,-1002
408,-1063
409,-949
410,-819
411,-259
412,-319
413,-1002
414,-1002
415,-1002
416,-1121
417,-153
418,-855
419,-1079
420,-613
421,-147
422,-1002
423,-515
424,-353
425,-427
426,-1002
427,-965
428,-235
429,-335
430,-427
431,-1002
432,-263
433,-641
434,-1063
435,-1002
436,-637
437,-1002
438,-1002
439,-497
440,-845
441,-519
442,-169
443,-189
444,-185
445,-345
446,-525
447,-241
448,-457
449,-609
450,-333
451,-629
452,-519
453,-507
454,-619
455,-309
456,-585
457,-293
458,-1048
459,-971
460,-589
461,-327
462,-1002
463,-449
464,-267
465,-285
466,-197
467,-1002
468,-285
469,-217
470,-807
471,-321
472,-533
473,-1002
474,-1001
475,-387
476,-1002
477,-331
478,-1002
479,-391
480,-129
481,-233
482,-229
483,-1002
484,-939
485,-435
486,-1002
487,-1053
488,-423
489,-159
490,-279
491,-705
492,-157
493,-335
494,-257
495,-1002
496,-1002
497,-213
498,-1002
499,-293
500,-177
501,-379
502,-815
503,-611
504,-893
505,-197
506,-519
507,-1002
508,-1002
509,-547
510,-637
511,-1002
512,-455
513,-473
514,-301
515,-151
516,-185
517,-1002
518,-529
519,-839
520,-1002
521,-1089
522,-605
523,-411
524,-269
525,-343
526,-1002
527,-609
528,-297
529,-287
530,-295
531,-1002
532,-625
533,-277
534,-541
535,-757
536,-681
537,-1002
538,-527
539,-439
540,-547
541,-637
542,-299
543,-283
544,-1033
545,-913
546,-173
547,-1003
548,-1002
549,-607
550,-331
551,-687
552,-239
553,-167
554,-1002
555,-817
556,-717
557,-343
558,-1002
559,-1002
560,-615
561,-161
562,-493
563,-283
564,-669
565,-449
566,-147
567,-1002
568,-1002
569,-517
570,-1002
571,-291
572,-227
573,-253
574,-321
575,-663
576,-1007
577,-745
578,-663
579,-339
580,-393
581,-1002
582,-743
583,-515
584,-217
585,-395
586,-827
587,-509
588,-937
589,-361
590,-723
591,-173
592,-405
593,-1017
594,-793
595,-131
596,-329
597,-509
598,-1002
599,-155
600,-237
601,-745
602,-1002
603,-623
604,-555
605,-271
606,-645
607,-489
608,-253
609,-1002
610,-227
611,-615
612,-203
613,-425
614,-469
615,-1021
616,-303
617,-435
618,-377
619,-835
620,-915
621,-283
622,-199
623,-465
624,-1035
625,-213
626,-1002
627,-809
628,-347
629,-225
630,-921
631,-327
632,-219
633,-181
634,-853
635,-169
636,-771
637,-717
638,-363
639,-435
640,-387
641,-1067
642,-493
643,-1002
644,-787
645,-657
646,-799
647,-483
648,-165
649,-377
650,-541
651,-509
652,-137
653,-1002
654,-439
655,-363
656,-1002
657,-201
658,-1002
659,-373
660,-1002
661,-515
662,-227
663,-459
664,-389
665,-591
666,-601
667,-651
668,-555
669,-293
670,-1002
671,-1002
672,-555
673,-175
674,-593
675,-337
676,-751
677,-173
678,-297
679,-319
680,-131
681,-175
682,-243
683,-263
684,-375
685,-125
686,-359
687,-451
688,-1002
689,-1002
690,-205
691,-865
692,-1002
693,-177
694,-277
695,-739
696,-433
697,-1002
698,-515
699,-187
700,-337
701,-1002
702,-407
703,-673
704,-1002
705,-1002
706,-191
707,-1002
708,-131
709,-1002
710,-1002
711,-781
712,-745
713,-125
714,-187
715,-225
716,-283
717,-329
718,-793
719,-1051
720,-1002
721,-1002
722,-401
723,-837
724,-1025
725,-345
726,-1002
727,-231
728,-611
729,-435
730,-1002
731,-1002
732,-417
733,-385
734,-377
735,-169
736,-1002
737,-973
738,-1049
739,-795
740,-1002
741,-1002
742,-1002
743,-1002
744,-1002
745,-1002
746,-339
747,-153
748,-677
749,-237
750,-153
751,-1002
752,-163
753,-1002
754,-933
755,-1002
756,-667
757,-607
758,-1002
759,-435
760,-295
761,-573
762,-461
763,-405
764,-345
765,-1002
766,-485
767,-357
768,-243
769,-397
770,-577
771,-1002
772,-1107
773,-453
774,-1002
775,-709
776,-565
777,-1002
778,-127
779,-389
780,-135
781,-957
782,-457
783,-291
784,-237
785,-271
786,-851
787,-143
788,-349
789,-443
790,-979
791,-239
792,-975
793,-1023
794,-257
795,-499
796,-1002
797,-1041
798,-259
799,-309
800,-233
801,-987
802,-409
803,-477
804,-179
805,-449
806,-147
807,-1002
808,-141
809,-315
810,-701
811,-1002
812,-747
813,-249
814,-1002
815,-1002
816,-145
817,-1002
818,-481
819,-1002
820,-203
821,-189
822,-267
823,-659
824,-713
825,-1002
826,-211
827,-707
828,-199
829,-629
830,-909
831,-627
832,-413
833,-1002
834,-225
835,-535
836,-853
837,-295
838,-161
839,-1002
840,-227
841,-317
842,-863
843,-263
844,-265
845,-1002
846,-167
847,-1002
848,-341
849,-1013
850,-341
851,-1002
852,-327
853,-395
854,-401
855,-1002
856,-409
857,-965
858,-139
859,-729
860,-521
861,-281
862,-1002
863,-201
864,-143
865,-175
866,-235
867,-391
868,-425
869,-675
870,-135
871,-889
872,-343
873,-1002
874,-871
875,-793
876,-681
877,-1002
878,-1073
879,-1065
880,-383
881,-1002
882,-571
883,-131
884,-409
885,-269
886,-431
887,-127
888,-1019
889,-1002
890,-695
891,-293
892,-347
893,-655
894,-637
895,-331
896,-839
897,-409
898,-199
899,-263
900,-357
901,-833
902,-395
903,-605
904,-1002
905,-1002
906,-297
907,-555
908,-813
909,-845
910,-665
911,-631
912,-1002
913,-225
914,-539
915,-1002
916,-1115
917,-677
918,-303
919,-423
920,-527
921,-1002
922,-411
923,-133
924,-197
925,-437
926,-283
927,-611
928,-451
929,-135
930,-1002
931,-243
932,-797
933,-759
934,-1002
935,-149
936,-971
937,-125
938,-593
939,-1002
940,-1002
941,-125
942,-421
943,-371
944,-431
945,-313
946,-137
947,-331
948,-261
949,-675
950,-265
951,-177
952,-261
953,-885
954,-509
955,-143
956,-209
957,-479
958,-399
959,-281
960,-481
961,-171
962,-985
963,-203
964,-215
965,-1002
966,-305
967,-183
968,-213
969,-321
970,-157
971,-609
972,-219
973,-227
974,-1011
975,-649
976,-1002
977,-397
978,-125
979,-735
980,-429
981,-1002
982,-707
983,-369
984,-151
985,-213
986,-287
987,-1002
988,-317
989,-817
990,-229
991,-391
992,-439
993,-173
994,-627
995,-211
996,-199
997,-365
998,-445
999,-413
1000,-261
1001,-681
1002,-151
1003,-523
1004,-311
1005,-359
1006,-457
1007,-469
1008,-483
1009,-479
1010,-299
1011,-917
1012,-399
1013,-437
1014,-549
1015,-951
1016,-151
1017,-799
1018,-301
1019,-149
1020,-321
1021,-1002
1022,-917
1023,-439
1024,-1002
1025,-377
1026,-877
1027,-609
1028,-707
1029,-407
1030,-623
1031,-1002
1032,-185
1033,-1002
1034,-981
1035,-1002
1036,-745
1037,-419
1038,-371
1039,-173
1040,-193
1041,-417
1042,-479
1043,-539
1044,-905
1045,-639
1046,-895
1047,-579
1048,-331
1049,-965
1050,-1002
1051,-1002
1052,-201
1053,-983
1054,-147
1055,-471
1056,-399
1057,-459
1058,-671
1059,-1075
1060,-1015
1061,-885
1062,-511
1063,-401
1064,-1002
1065,-1089
1066,-1002
1067,-1002
1068,-411
1069,-185
1070,-193
1071,-155
1072,-425
1073,-1002
1074,-727
1075,-637
1076,-1003
1077,-611
1078,-1002
1079,-977
1080,-1002
1081,-575
1082,-639
1083,-759
1084,-1093
1085,-279
1086,-611
1087,-1002
1088,-601
1089,-259
1090,-1002
1091,-1009
1092,-239
1093,-697
1094,-1002
1095,-163
1096,-1002
1097,-135
1098,-293
1099,-215
1100,-127
1101,-655
1102,-1002
1103,-383
1104,-205
1105,-1002
1106,-963
1107,-1002
1108,-171
1109,-339
1110,-1063
1111,-1047
1112,-191
1113,-193
1114,-221
1115,-1002
1116,-331
1117,-125
1118,-441
1119,-469
1120,-313
1121,-213
1122,-141
1123,-231
1124,-169
1125,-777
1126,-1002
1127,-507
1128,-1002
1129,-561
1130,-671
1131,-525
1132,-647
1133,-313
1134,-399
1135,-261
1136,-955
1137,-777
1138,-1002
1139,-223
1140,-577
1141,-1002
1142,-477
1143,-1002
1144,-959
1145,-591
1146,-297
1147,-317
1148,-731
1149,-703
1150,-305
1151,-237
1152,-1073
1153,-155
1154,-303
1155,-1105
1156,-733
1157,-679
1158,-441
1159,-249
1160,-221
1161,-927
1162,-573
1163,-237
1164,-1002
1165,-1002
1166,-467
1167,-503
1168,-507
1169,-625
1170,-1057
1171,-597
1172,-511
1173,-505
1174,-923
1175,-1002
1176,-495
1177,-447
1178,-1002
1179,-799
1180,-177
1181,-197
1182,-653
1183,-131
1184,-133
1185,-1002
1186,-231
1187,-235
1188,-315
1189,-157
1190,-267
1191,-657
1192,-869
1193,-247
1194,-1002
1195,-305
1196,-141
1197,-747
1198,-1089
1199,-539
1200,-1002
1201,-225
1202,-185
1203,-413
1204,-753
1205,-601
1206,-227
1207,-247
1208,-1073
1209,-1002
1210,-523
1211,-335
1212,-429
1213,-215
1214,-221
1215,-601
1216,-283
1217,-1002
1218,-133
1219,-393
1220,-1002
1221,-709
1222,-563
1223,-765
1224,-1002
1225,-129
1226,-449
1227,-427
1228,-525
1229,-815
1230,-1002
1231,-949
1232,-847
1233,-579
1234,-1002
1235,-1021
1236,-361
1237,-1051
1238,-333
1239,-1002
1240,-983
1241,-567
1242,-385
1243,-137
1244,-133
1245,-1002
1246,-615
1247,-175
1248,-1119
1249,-1002
1250,-149
1251,-417
1252,-257
1253,-593
1254,-413
1255,-1002
1256,-893
1257,-1002
1258,-587
1259,-229
1260,-949
1261,-175
1262,-467
1263,-1027
1264,-697
1265,-1002
1266,-1002
1267,-149
1268,-1002
1269,-1002
1270,-247
1271,-481
1272,-773
1273,-927
1274,-655
1275,-1002
1276,-365
1277,-259
1278,-211
1279,-417
1280,-259
1281,-431
1282,-1002
1283,-139
1284,-931
1285,-1002
1286,-243
1287,-291
1288,-153
1289,-147
1290,-819
1291,-757
1292,-357
1293,-515
1294,-619
1295,-555
1296,-773
1297,-671
1298,-277
1299,-1002
1300,-443
1301,-155
1302,-1002
1303,-977
1304,-1002
1305,-839
1306,-145
1307,-141
1308,-163
1309,-889
1310,-1103
1311,-507
1312,-475
1313,-249
1314,-593
1315,-1002
1316,-511
1317,-1002
1318,-173
1319,-1002
1320,-645
1321,-523
1322,-909
1323,-381
1324,-331
1325,-465
1326,-999
1327,-1002
1328,-1002
1329,-141
1330,-261
1331,-587
1332,-493
1333,-821
1334,-287
1335,-695
1336,-391
1337,-557
1338,-729
1339,-339
1340,-343
1341,-619
1342,-799
1343,-1048
1344,-581
1345,-665
1346,-423
1347,-451
1348,-235
1349,-999
1350,-403
1351,-183
1352,-545
1353,-249
1354,-169
1355,-769
1356,-809
1357,-283
1358,-951
1359,-135
1360,-651
1361,-1002
1362,-533
1363,-503
1364,-777
1365,-1002
1366,-371
1367,-419
1368,-1002
1369,-193
1370,-931
1371,-637
1372,-955
1373,-785
1374,-681
1375,-1002
1376,-471
1377,-125
1378,-1085
1379,-425
1380,-1002
1381,-421
1382,-967
1383,-545
1384,-1002
1385,-441
1386,-371
1387,-183
1388,-791
1389,-453
1390,-1002
1391,-1002
1392,-853
1393,-1021
1394,-199
1395,-169
1396,-863
1397,-513
1398,-413
1399,-325
1400,-1002
1401,-145
1402,-1002
1403,-1002
1404,-979
1405,-585
1406,-245
1407,-601
1408,-555
1409,-1002
1410,-303
1411,-205
1412,-547
1413,-175
1414,-903
1415,-307
1416,-263
1417,-1002
1418,-1017
1419,-1002
1420,-295
1421,-179
1422,-319
1423,-1103
1424,-609
1425,-1002
1426,-431
1427,-1002
1428,-193
1429,-1073
1430,-981
1431,-861
1432,-563
1433,-1002
1434,-757
1435,-669
1436,-397
1437,-169
1438,-487
1439,-201
1440,-887
1441,-489
1442,-409
1443,-1002
1444,-305
1445,-1002
1446,-141
1447,-1002
1448,-231
1449,-1002
1450,-1002
1451,-171
1452,-357
1453,-627
1454,-175
1455,-285
1456,-163
1457,-1002
1458,-339
1459,-499
1460,-379
1461,-1002
1462,-277
1463,-873
1464,-307
1465,-1002
1466,-641
1467,-783
1468,-1002
1469,-823
1470,-1061
1471,-293
1472,-1002
1473,-967
1474,-753
1475,-231
1476,-217
1477,-935
1478,-679
1479,-263
1480,-353
1481,-151
1482,-253
1483,-1002
1484,-449
1485,-133
1486,-1002
1487,-789
1488,-153
1489,-323
1490,-1002
1491,-197
1492,-1002
1493,-133
1494,-377
1495,-403
1496,-263
1497,-141
1498,-883
1499,-611
1500,-1121
1501,-987
1502,-441
1503,-309
1504,-657
1505,-1002
1506,-849
1507,-373
1508,-555
1509,-883
1510,-737
1511,-199
1512,-821
1513,-1002
1514,-329
1515,-375
1516,-691
1517,-221
1518,-937
1519,-125
1520,-1002
1521,-965
1522,-315
1523,-1002
1524,-515
1525,-775
1526,-1002
1527,-753
1528,-213
1529,-885
1530,-685
1531,-187
1532,-373
1533,-1002
1534,-1087
1535,-1099
1536,-1089
1537,-1002
1538,-977
1539,-191
1540,-381
1541,-1002
1542,-477
1543,-807
1544,-371
1545,-991
1546,-185
1547,-305
1548,-165
1549,-483
1550,-223
1551,-855
1552,-1002
1553,-197
1554,-203
1555,-905
1556,-139
1557,-317
1558,-1002
1559,-757
1560,-597
1561,-1002
1562,-973
1563,-653
1564,-227
1565,-925
1566,-135
1567,-725
1568,-341
1569,-137
1570,-1002
1571,-373
1572,-1002
1573,-493
1574,-361
1575,-589
1576,-489
1577,-127
1578,-1002
1579,-1002
1580,-835
1581,-1002
1582,-295
1583,-661
1584,-1002
1585,-221
1586,-159
1587,-171
1588,-689
1589,-399
1590,-269
1591,-263
1592,-749
1593,-269
1594,-283
1595,-1085
1596,-387
1597,-471
1598,-341
1599,-233
1600,-379
1601,-173
1602,-395
1603,-1002
1604,-133
1605,-1002
1606,-1002
1607,-129
1608,-307
1609,-699
1610,-1067
1611,-265
1612,-157
1613,-1081
1614,-195
1615,-625
1616,-739
1617,-471
1618,-1002
1619,-1002
1620,-137
1621,-441
1622,-491
1623,-401
1624,-1002
1625,-1025
1626,-669
1627,-793
1628,-901
1629,-1015
1630,-219
1631,-929
1632,-653
1633,-153
1634,-663
1635,-1002
1636,-671
1637,-1002
1638,-1002
1639,-227
1640,-167
1641,-219
1642,-569
1643,-215
1644,-1002
1645,-313
1646,-1002
1647,-245
1648,-1002
1649,-991
1650,-273
1651,-279
1652,-783
1653,-143
1654,-469
1655,-325
1656,-1002
1657,-615
1658,-231
1659,-1002
1660,-209
1661,-867
1662,-1002
1663,-153
1664,-211
1665,-1002
1666,-565
1667,-259
1668,-161
1669,-701
1670,-765
1671,-945
1672,-279
1673,-1002
1674,-1002
1675,-265
1676,-1002
1677,-771
1678,-659
1679,-543
1680,-1002
1681,-1002
1682,-859
1683,-1002
1684,-721
1685,-543
1686,-1002
1687,-807
1688,-797
1689,-911
1690,-209
1691,-763
1692,-305
1693,-315
1694,-479
1695,-1002
1696,-179
1697,-671
1698,-1011
1699,-613
1700,-505
1701,-289
1702,-397
1703,-1002
1704,-525
1705,-335
1706,-623
1707,-459
1708,-401
1709,-199
1710,-1015
1711,-353
1712,-427
1713,-1002
1714,-1002
1715,-183
1716,-269
1717,-857
1718,-485
1719,-141
1720,-893
1721,-651
1722,-457
1723,-713
1724,-159
1725,-409
1726,-1002
1727,-467
1728,-599
1729,-275
1730,-931
1731,-623
1732,-155
1733,-225
1734,-773
1735,-705
1736,-587
1737,-857
1738,-321
1739,-1002
1740,-239
1741,-539
1742,527
1743,381
1744,581
1745,279
1746,-1002
1747,453
1748,631
1749,-1002
1750,165
1751,-1002
1752,563
1753,467
1754,563
1755,-109
1756,529
1757,-153
1758,349
1759,-1002
1760,547
1761,-189
1762,675
1763,-417
1764,-167
1765,-81
1766,-1002
1767,509
1768,413
1769,593
1770,195
1771,-23
1772,615
1773,657
1774,-1002
1775,39
1776,-191
1777,633
1778,545
1779,-1002
1780,-23
1781,1
1782,39
1783,337
1784,493
1785,33
1786,209
1787,-291
1788,219
1789,257
1790,403
1791,383
1792,439
1793,187
1794,437
1795,335
1796,-1002
1797,-1002
1798,87
1799,-67
1800,173
1801,565
1802,645
1803,159
1804,291
1805,73
1806,-1002
1807,669
1808,-1002
1809,-1002
1810,257
1811,231
1812,-1002
1813,589
1814,467
1815,-1002
1816,497
1817,-1002
1818,305
1819,-1002
1820,-1002
1821,-45
1822,579
1823,59
1824,-1002
1825,-1002
1826,-259
1827,643
1828,491
1829,-1002
1830,-417
1831,449
1832,567
1833,-463
1834,-1002
1835,407
1836,313
1837,189
1838,253
1839,553
1840,119
1841,-1002
1842,631
1843,-463
1844,157
1845,-1002
1846,-1002
1847,225
1848,-1002
1849,-163
1850,481
1851,81
1852,297
1853,-1002
1854,-271
1855,435
1856,597
1857,-1002
1858,501
1859,607
1860,303
1861,-55
1862,113
1863,111
1864,225
1865,377
1866,629
1867,-157
1868,123
1869,143
1870,617
1871,173
1872,187
1873,671
1874,439
1875,655
1876,603
1877,439
1878,657
1879,625
1880,-1002
1881,67
1882,649
1883,415
1884,307
1885,509
1886,447
1887,163
1888,669
1889,427
1890,587
1891,605
1892,559
1893,-229
1894,651
1895,-127
1896,303
1897,455
1898,-1002
1899,-1002
1900,-1002
1901,639
1902,533
1903,-225
1904,175
1905,-45
1906,-1002
1907,645
1908,533
1909,-1002
1910,503
1911,-255
1912,329
1913,389
1914,465
1915,283
1916,183
1917,-259
1918,575
1919,-1002
1920,497
1921,-1002
1922,301
1923,-3
1924,-1002
1925,185
1926,167
1927,409
1928,139
1929,507
1930,673
1931,335
1932,117
1933,427
1934,393
1935,161
1936,449
1937,315
1938,163
1939,95
1940,307
1941,-1002
1942,-5
1943,269
1944,605
1945,-691
1946,469
1947,-1002
1948,565
1949,227
1950,-101
1951,349
1952,633
1953,495
1954,-231
1955,675
1956,675
1957,675
1958,-75
1959,675
1960,675
1961,675
1962,675
1963,675
1964,675
1965,675
1966,675
1967,675
1968,675
1969,673
1970,675
1971,675
1972,675
1973,675
1974,675
1975,675
1976,675
1977,675
1978,675
1979,675
1980,675
1981,675
1982,675
1983,675
1984,675
1985,675
1986,675
1987,675
1988,675
1989,675
1990,675
1991,675
1992,675
1993,675
1994,675
1995,675
1996,675
1997,675
1998,675
1999,675
2000,675
2001,675
2002,675
2003,675
2004,675
2005,675
2006,675
2007,675
2008,675
2009,675
2010,675
2011,675
2012,675
2013,675
2014,675
2015,675
2016,675
2017,675
2018,675
2019,675
2020,675
2021,675
2022,675
2023,675
2024,675
2025,623
2026,675
2027,675
2028,675
2029,675
2030,675
2031,675
2032,675
2033,675
2034,675
2035,675
2036,675
2037,675
2038,675
2039,675
2040,675
2041,675
2042,675
2043,675
2044,675
2045,675
2046,-75
2047,675
2048,675
2049,675
2050,625
2051,675
2052,675
2053,675
2054,675
2055,673
2056,675
2057,675
2058,675
2059,675
2060,675
2061,675
2062,675
2063,675
2064,675
2065,675
2066,675
2067,675
2068,675
2069,675
2070,675
2071,675
2072,675
2073,675
2074,625
2075,675
2076,675
2077,675
2078,675
2079,675
2080,675
2081,675
2082,675
2083,675
2084,675
2085,675
2086,675
2087,675
2088,675
2089,675
2090,675
2091,675
2092,675
2093,675
2094,675
2095,675
2096,675
2097,675
2098,675
2099,675
2100,675
2101,675
2102,675
2103,675
2104,675
2105,675
2106,675
2107,675
2108,675
2109,675
2110,675
2111,675
2112,675
2113,675
2114,675
2115,675
2116,675
2117,675
2118,675
2119,675
2120,675
2121,625
2122,675
2123,675
2124,675
2125,675
2126,675
2127,675
2128,675
2129,675
2130,675
2131,675
2132,675
2133,675
2134,675
2135,675
2136,675
2137,675
2138,675
2139,675
2140,675
2141,675
2142,675
2143,675
2144,675
2145,673
2146,673
2147,675
2148,675
2149,675
2150,675
2151,675
2152,675
2153,675
2154,675
2155,675
2156,675
2157,675
2158,675
2159,675
2160,675
2161,675
2162,675
2163,675
2164,675
2165,675
2166,675
2167,675
2168,675
2169,675
2170,675
2171,675
2172,675
2173,675
2174,675
2175,675
2176,675
2177,675
2178,675
2179,675
2180,675
2181,675
2182,675
2183,675
2184,675
2185,675
2186,675
2187,675
2188,675
2189,675
2190,675
2191,675
2192,675
2193,625
2194,675
2195,675
2196,675
2197,675
2198,675
2199,675
2200,675
2201,675
2202,675
2203,675
2204,675
2205,675
2206,675
2207,675
2208,675
2209,675
2210,425
2211,675
2212,675
2213,675
2214,675
2215,675
2216,675
2217,675
2218,675
2219,675
2220,675
2221,625
2222,675
2223,675
2224,675
2225,675
2226,675
2227,675
2228,675
2229,675
2230,675
2231,675
2232,675
2233,675
2234,675
2235,675
2236,675
2237,675
2238,673
2239,675
2240,675
2241,675
2242,675
2243,395
2244,675
2245,675
2246,675
2247,675
2248,675
2249,675
2250,675
2251,675
2252,675
2253,675
2254,675
2255,675
2256,675
2257,675
2258,675
2259,675
2260,675
2261,675
2262,675
2263,675
2264,675
2265,675
2266,675
2267,675
2268,675
2269,675
2270,675
2271,675
2272,675
2273,675
2274,675
2275,675
2276,675
2277,675
2278,675
2279,675
2280,675
2281,675
2282,675
2283,675
2284,675
2285,675
2286,675
2287,675
2288,675
2289,625
2290,675
2291,675
2292,675
2293,675
2294,675
2295,675
2296,675
2297,675
2298,675
2299,675
2300,675
2301,675
2302,675
2303,675
2304,675
2305,675
2306,675
2307,675
2308,675
2309,675
2310,675
2311,675
2312,675
2313,675
2314,675
2315,675
2316,675
2317,675
2318,675
2319,675
2320,675
2321,675
2322,675
2323,675
2324,675
2325,675
2326,675
2327,675
2328,675
2329,675
2330,675
2331,673
2332,675
2333,675
2334,675
2335,675
2336,675
2337,675
2338,675
2339,675
2340,675
2341,675
2342,675
2343,675
2344,675
2345,675
2346,675
2347,675
2348,675
2349,675
2350,675
2351,675
2352,675
2353,675
2354,675
2355,675
2356,675
2357,675
2358,675
2359,675
2360,625
2361,675
2362,675
2363,675
2364,675
2365,675
2366,675
2367,675
2368,675
2369,675
2370,675
2371,675
2372,675
2373,675
2374,675
2375,675
2376,675
2377,675
2378,675
2379,675
2380,-125
2381,675
2382,675
2383,625
2384,675
2385,675
2386,675
2387,675
2388,675
2389,675
2390,675
2391,675
2392,675
2393,675
2394,675
2395,675
2396,675
2397,675
2398,675
2399,675
2400,675
2401,675
2402,675
2403,675
2404,675
2405,675
2406,675
2407,675
2408,675
2409,675
2410,675
2411,675
2412,675
2413,675
2414,675
2415,675
2416,675
2417,675
2418,675
2419,675
2420,675
2421,675
2422,675
2423,675
2424,675
2425,675
2426,675
2427,675
2428,675
2429,675
2430,675
2431,675
2432,675
2433,675
2434,675
2435,675
2436,675
2437,675
2438,675
2439,675
2440,675
2441,675
2442,675
2443,675
2444,675
2445,675
2446,156
2447,673
2448,675
2449,675
2450,675
2451,675
2452,675
2453,675
2454,675
2455,675
2456,675
2457,675
2458,675
2459,675
2460,675
2461,675
2462,675
2463,675
2464,675
2465,675
2466,675
2467,675
2468,675
2469,675
2470,675
2471,675
2472,675
2473,675
2474,675
2475,675
2476,675
2477,675
2478,675
2479,675
2480,675
2481,675
2482,675
2483,675
2484,675
2485,675
2486,675
2487,675
2488,675
2489,675
2490,675
2491,675
2492,675
2493,675
2494,675
2495,675
2496,675
2497,675
2498,675
2499,675
2500,675
2501,675
2502,675
2503,675
2504,675
2505,675
2506,675
2507,675
2508,675
2509,675
2510,675
2511,675
2512,675
2513,675
2514,675
2515,675
2516,675
2517,675
2518,675
2519,675
2520,675
2521,675
2522,675
2523,675
2524,675
2525,675
2526,675
2527,675
2528,675
2529,675
2530,675
2531,675
2532,675
2533,675
2534,675
2535,675
2536,675
2537,675
2538,675
2539,675
2540,675
2541,675
2542,675
2543,675
2544,675
2545,675
2546,675
2547,675
2548,675
2549,-84
2550,675
2551,675
2552,675
2553,675
2554,675
2555,675
2556,675
2557,675
2558,675
2559,675
2560,675
2561,675
2562,675
2563,675
2564,675
2565,675
2566,675
2567,675
2568,675
2569,675
2570,675
2571,675
2572,675
2573,675
2574,675
2575,675
2576,675
2577,675
2578,675
2579,675
2580,675
2581,675
2582,675
2583,675
2584,675
2585,675
2586,675
2587,675
2588,675
2589,675
2590,625
2591,675
2592,675
2593,675
2594,675
2595,673
2596,625
2597,675
2598,675
2599,675
2600,675
2601,675
2602,675
2603,675
2604,675
2605,673
2606,675
2607,675
2608,675
2609,675
2610,675
2611,675
2612,675
2613,675
2614,675
2615,675
2616,675
2617,675
2618,675
2619,675
2620,675
2621,675
2622,675
2623,675
2624,675
2625,675
2626,675
2627,675
2628,675
2629,675
2630,675
2631,675
2632,675
2633,675
2634,675
2635,675
2636,675
2637,675
2638,675
2639,675
2640,625
2641,675
2642,675
2643,675
2644,675
2645,675
2646,675
2647,675
2648,675
2649,675
2650,675
2651,675
2652,675
2653,673
2654,675
2655,675
2656,675
2657,675
2658,675
2659,675
2660,675
2661,675
2662,675
2663,675
2664,675
2665,675
2666,675
2667,675
2668,675
2669,675
2670,675
2671,675
2672,675
2673,675
2674,675
2675,675
2676,675
2677,-23
2678,675
2679,625
2680,675
2681,675
2682,675
2683,675
2684,675
2685,675
2686,675
2687,675
2688,675
2689,675
2690,675
2691,675
2692,675
2693,675
2694,675
2695,675
2696,675
2697,675
2698,625
2699,675
2700,675
2701,675
2702,625
2703,675
2704,675
2705,675
2706,675
2707,675
2708,675
2709,675
2710,675
2711,675
2712,675
2713,675
2714,675
2715,675
2716,675
2717,675
2718,675
2719,625
2720,675
2721,675
2722,675
2723,675
2724,675
2725,675
2726,675
2727,675
2728,675
2729,675
2730,675
2731,675
2732,675
2733,675
2734,227
2735,675
2736,675
2737,675
2738,675
2739,675
2740,675
2741,675
2742,675
2743,675
2744,575
2745,675
2746,675
2747,675
2748,675
2749,675
2750,675
2751,675
2752,625
2753,675
2754,675
2755,675
2756,675
2757,675
2758,675
2759,675
2760,675
2761,675
2762,675
2763,675
2764,675
2765,675
2766,675
2767,675
2768,675
2769,675
2770,675
2771,675
2772,675
2773,675
2774,675
2775,675
2776,675
2777,675
2778,675
2779,675
2780,675
2781,675
2782,675
2783,675
2784,675
2785,675
2786,675
2787,675
2788,675
2789,675
2790,675
2791,675
2792,675
2793,675
2794,675
2795,675
2796,675
2797,675
2798,625
2799,675
2800,675
2801,675
2802,675
2803,675
2804,675
2805,675
2806,675
2807,675
2808,675
2809,675
2810,675
2811,675
2812,675
2813,675
2814,675
2815,-75
2816,675
2817,675
2818,675
2819,675
2820,675
2821,675
2822,675
2823,675
2824,675
2825,675
2826,675
2827,675
2828,675
2829,675
2830,675
2831,675
2832,675
2833,675
2834,675
2835,675
2836,675
2837,675
2838,675
2839,675
2840,675
2841,675
2842,675
2843,675
2844,675
2845,675
2846,675
2847,675
2848,675
2849,675
2850,675
2851,625
2852,675
2853,675
2854,675
2855,675
2856,675
2857,675
2858,675
2859,675
2860,675
2861,675
2862,675
2863,675
2864,675
2865,675
2866,675
2867,675
2868,675
2869,675
2870,675
2871,675
2872,675
2873,675
2874,675
2875,675
2876,675
2877,675
2878,675
2879,675
2880,675
2881,675
2882,675
2883,675
2884,675
2885,675
2886,675
2887,675
2888,673
2889,675
2890,675
2891,675
2892,675
2893,675
2894,675
2895,675
2896,675
2897,675
2898,675
2899,675
2900,675
2901,675
2902,675
2903,675
2904,675
2905,675
2906,675
2907,675
2908,675
2909,675
2910,675
2911,675
2912,675
2913,675
2914,675
2915,675
2916,673
2917,675
2918,675
2919,675
2920,675
2921,675
2922,675
2923,675
2924,675
2925,675
2926,675
2927,675
2928,675
2929,675
2930,675
2931,675
2932,675
2933,675
2934,675
2935,675
2936,675
2937,675
2938,675
2939,675
2940,675
2941,675
2942,675
2943,675
2944,675
2945,675
2946,675
2947,675
2948,675
2949,675
2950,675
2951,675
2952,675
2953,675
2954,675
2955,563
2956,675
2957,675
2958,675
2959,675
2960,675
2961,675
2962,675
2963,675
2964,675
2965,675
2966,675
2967,675
2968,675
2969,675
2970,675
2971,675
2972,675
2973,675
2974,675
2975,675
2976,675
2977,675
2978,675
2979,675
2980,675
2981,675
2982,675
2983,675
2984,675
2985,675
2986,675
2987,675
2988,675
2989,675
2990,675
2991,675
2992,675
2993,675
2994,675
2995,675
2996,675
2997,675
2998,675
2999,675
3000,675
3001,675
3002,675
3003,675
3004,675
3005,675
3006,675
3007,675
3008,675
3009,675
3010,675
3011,675
3012,675
3013,675
3014,675
3015,675
3016,675
3017,675
3018,675
3019,675
3020,675
3021,675
3022,675
3023,675
3024,675
3025,675
3026,675
3027,673
3028,675
3029,675
3030,675
3031,675
3032,675
3033,675
3034,675
3035,675
3036,675
3037,675
3038,675
3039,675
3040,675
3041,675
3042,675
3043,675
3044,675
3045,675
3046,675
3047,675
3048,675
3049,675
3050,675
3051,675
3052,19
3053,675
3054,675
3055,675
3056,675
3057,675
3058,675
3059,675
3060,675
3061,675
3062,675
3063,675
3064,675
3065,625
3066,675
3067,675
3068,675
3069,675
3070,675
3071,675
3072,675
3073,675
3074,675
3075,675
3076,675
3077,675
3078,675
3079,675
3080,675
3081,675
3082,675
3083,675
3084,675
3085,675
3086,675
3087,675
3088,675
3089,675
3090,675
3091,675
3092,675
3093,675
3094,675
3095,675
3096,675
3097,675
3098,675
3099,675
3100,675
3101,675
3102,675
3103,675
3104,675
3105,675
3106,675
3107,675
3108,675
3109,675
3110,675
3111,675
3112,675
3113,675
3114,675
3115,675
3116,675
3117,675
3118,675
3119,675
3120,675
3121,675
3122,675
3123,675
3124,675
3125,675
3126,675
3127,675
3128,675
3129,625
3130,675
3131,675
3132,675
3133,675
3134,675
3135,675
3136,675
3137,675
3138,675
3139,675
3140,675
3141,675
3142,675
3143,675
3144,675
3145,675
3146,675
3147,675
3148,675
3149,675
3150,675
3151,675
3152,675
3153,675
3154,675
3155,675
3156,675
3157,675
3158,675
3159,675
3160,425
3161,675
3162,675
3163,675
3164,675
3165,675
3166,675
3167,675
3168,675
3169,675
3170,675
3171,675
3172,675
3173,675
3174,675
3175,675
3176,675
3177,675
3178,675
3179,675
3180,675
3181,675
3182,675
3183,675
3184,675
3185,675
3186,675
3187,675
3188,675
3189,675
3190,675
3191,675
3192,675
3193,675
3194,675
3195,675
3196,675
3197,625
3198,675
3199,675
3200,675
3201,675
3202,675
3203,675
3204,675
3205,675
3206,675
3207,675
3208,675
3209,675
3210,675
3211,675
3212,675
3213,675
3214,675
3215,675
3216,675
3217,675
3218,675
3219,675
3220,675
3221,675
3222,675
3223,675
3224,675
3225,675
3226,675
3227,675
3228,675
3229,675
3230,675
3231,675
3232,675
3233,675
3234,675
3235,675
3236,675
3237,675
3238,675
3239,675
3240,675
3241,625
3242,675
3243,675
3244,675
3245,675
3246,625
3247,675
3248,625
3249,675
3250,675
3251,675
3252,675
3253,675
3254,675
3255,675
3256,675
3257,675
3258,625
3259,675
3260,675
3261,675
3262,675
3263,675
3264,675
3265,675
3266,675
3267,675
3268,675
3269,675
3270,675
3271,675
3272,675
3273,675
3274,675
3275,675
3276,675
3277,675
3278,675
3279,675
3280,675
3281,675
3282,675
3283,675
3284,675
3285,675
3286,675
3287,675
3288,675
3289,675
3290,675
3291,675
3292,675
3293,675
3294,675
3295,675
3296,675
3297,675
3298,675
3299,675
3300,675
3301,675
3302,675
3303,675
3304,675
3305,675
3306,675
3307,675
3308,675
3309,675
3310,675
3311,675
3312,675
3313,675
3314,675
3315,675
3316,-125
3317,675
3318,675
3319,675
3320,675
3321,675
3322,675
3323,675
3324,675
3325,675
3326,675
3327,675
3328,675
3329,675
3330,675
3331,675
3332,675
3333,675
3334,675
3335,675
3336,575
3337,675
3338,675
3339,675
3340,675
3341,675
3342,675
3343,675
3344,625
3345,675
3346,675
3347,675
3348,675
3349,675
3350,675
3351,675
3352,675
3353,675
3354,675
3355,675
3356,675
3357,675
3358,675
3359,675
3360,675
3361,625
3362,675
3363,675
3364,675
3365,675
3366,675
3367,675
3368,675
3369,675
3370,675
3371,675
3372,675
3373,675
3374,675
3375,675
3376,675
3377,675
3378,675
3379,675
3380,675
3381,675
3382,675
3383,675
3384,675
3385,675
3386,675
3387,675
3388,675
3389,675
3390,675
3391,675
3392,675
3393,675
3394,675
3395,675
3396,675
3397,675
3398,675
3399,675
3400,675
3401,675
3402,625
3403,675
3404,675
3405,675
3406,675
3407,675
3408,675
3409,675
3410,675
3411,675
3412,675
3413,675
3414,675
3415,675
3416,675
3417,625
3418,675
3419,675
3420,675
3421,675
3422,675
3423,675
3424,675
3425,675
3426,675
3427,675
3428,675
3429,675
3430,675
3431,673
3432,675
3433,675
3434,675
3435,675
3436,675
3437,675
3438,675
3439,675
3440,675
3441,675
3442,675
3443,675
3444,675
3445,675
3446,675
3447,675
3448,575
3449,675
3450,675
3451,675
3452,675
3453,675
3454,675
3455,675
3456,675
3457,675
3458,675
3459,675
3460,675
3461,675
3462,675
3463,675
3464,625
3465,675
3466,675
3467,675
3468,675
3469,675
3470,675
3471,675
3472,675
3473,675
3474,675
3475,675
3476,675
3477,675
3478,675
3479,675
3480,675
3481,675
3482,675
3483,675
3484,675
3485,675
3486,675
3487,675
3488,675
3489,675
3490,675
3491,675
3492,675
3493,675
3494,675
3495,675
3496,675
3497,675
3498,276
3499,675
3500,675
3501,675
3502,675
3503,675
3504,675
3505,675
3506,675
3507,675
3508,675
3509,675
3510,675
3511,675
3512,675
3513,675
3514,675
3515,675
3516,675
3517,675
3518,675
3519,675
3520,675
3521,675
3522,675
3523,675
3524,675
3525,675
3526,675
3527,675
3528,675
3529,675
3530,675
3531,675
3532,675
3533,675
3534,675
3535,675
3536,675
3537,673
3538,675
3539,675
3540,675
3541,675
3542,675
3543,675
3544,675
3545,675
3546,675
3547,675
3548,675
3549,675
3550,675
3551,675
3552,675
3553,675
3554,675
3555,675
3556,675
3557,675
3558,675
3559,675
3560,675
3561,675
3562,675
3563,675
3564,675
3565,675
3566,675
3567,675
3568,675
3569,675
3570,675
3571,675
3572,675
3573,675
3574,675
3575,675
3576,675
3577,675
3578,675
3579,675
3580,675
3581,675
3582,675
3583,675
3584,675
3585,675
3586,675
3587,675
3588,675
3589,675
3590,675
3591,675
3592,675
3593,-125
3594,625
3595,675
3596,675
3597,675
3598,675
3599,675
3600,673
3601,675
3602,675
3603,675
3604,675
3605,675
3606,675
3607,675
3608,675
3609,675
3610,675
3611,675
3612,675
3613,675
3614,675
3615,675
3616,675
3617,675
3618,675
3619,675
3620,675
3621,675
3622,675
3623,675
3624,675
3625,675
3626,675
3627,675
3628,675
3629,675
3630,675
3631,675
3632,675
3633,675
3634,675
3635,81
3636,675
3637,675
3638,675
3639,675
3640,675
3641,675
3642,675
3643,675
3644,675
3645,675
3646,675
3647,675
3648,675
3649,675
3650,675
3651,675
3652,675
3653,675
3654,675
3655,675
3656,675
3657,675
3658,675
3659,673
3660,675
3661,675
3662,675
3663,675
3664,675
3665,675
3666,675
3667,675
3668,675
3669,675
3670,675
3671,675
3672,675
3673,675
3674,675
3675,675
3676,675
3677,675
3678,675
3679,675
3680,675
3681,675
3682,675
3683,675
3684,675
3685,675
3686,675
3687,675
3688,675
3689,675
3690,675
3691,-944
3692,675
3693,675
3694,675
3695,675
3696,675
3697,675
3698,675
3699,675
3700,675
3701,675
3702,675
3703,675
3704,675
3705,675
3706,675
3707,675
3708,675
3709,675
3710,675
3711,675
3712,675
3713,675
3714,675
3715,675
3716,675
3717,625
3718,675
3719,675
3720,675
3721,675
3722,675
3723,675
3724,675
3725,675
3726,675
3727,675
3728,675
3729,425
3730,675
3731,625
3732,675
3733,675
3734,675
3735,675
3736,675
3737,675
3738,675
3739,675
3740,675
3741,675
3742,675
3743,675
3744,675
3745,675
3746,675
3747,675
3748,675
3749,675
3750,675
3751,675
3752,675
3753,675
3754,675
3755,675
3756,675
3757,675
3758,675
3759,675
3760,675
3761,675
3762,625
3763,675
3764,675
3765,675
3766,675
3767,675
3768,675
3769,675
3770,675
3771,625
3772,675
3773,675
3774,675
3775,675
3776,675
3777,675
3778,675
3779,675
3780,675
3781,675
3782,675
3783,675
3784,675
3785,675
3786,675
3787,675
3788,675
3789,675
3790,675
3791,675
3792,675
3793,675
3794,675
3795,675
3796,675
3797,675
3798,675
3799,675
3800,675
3801,675
3802,675
3803,675
3804,675
3805,675
3806,675
3807,675
3808,675
3809,675
3810,675
3811,675
3812,675
3813,675
3814,675
3815,675
3816,675
3817,675
3818,675
3819,675
3820,675
3821,675
3822,675
3823,675
3824,675
3825,675
3826,675
3827,675
3828,675
3829,675
3830,675
3831,675
3832,673
3833,675
3834,675
3835,675
3836,675
3837,675
3838,675
3839,675
3840,675
3841,675
3842,675
3843,675
3844,675
3845,675
3846,673
3847,675
3848,675
3849,675
3850,675
3851,675
3852,675
3853,675
3854,675
3855,675
3856,675
3857,675
3858,-75
3859,675
3860,675
3861,675
3862,675
3863,675
3864,675
3865,675
3866,675
3867,675
3868,675
3869,675
3870,675
3871,675
3872,625
3873,675
3874,675
3875,675
3876,675
3877,675
3878,675
3879,675
3880,675
3881,675
3882,675
3883,675
3884,675
3885,675
3886,675
3887,675
3888,675
3889,675
3890,675
3891,675
3892,675
3893,675
3894,675
3895,625
3896,675
3897,675
3898,675
3899,675
3900,675
3901,675
3902,675
3903,675
3904,675
3905,675
3906,675
3907,675
3908,675
3909,575
3910,675
3911,675
3912,675
3913,675
3914,675
3915,675
3916,675
3917,675
3918,675
3919,675
3920,675
3921,675
3922,675
3923,675
3924,675
3925,675
3926,675
3927,675
3928,675
3929,675
3930,675
3931,675
3932,675
3933,675
3934,675
3935,675
3936,675
3937,675
3938,675
3939,675
3940,675
3941,675
3942,675
3943,675
3944,675
3945,675
3946,675
3947,675
3948,675
3949,675
3950,625
3951,675
3952,675
3953,675
3954,675
3955,675
3956,675
3957,675
3958,675
3959,675
3960,675
3961,675
3962,675
3963,425
3964,675
3965,675
3966,675
3967,675
3968,675
3969,675
3970,675
3971,675
3972,675
3973,675
3974,675
3975,675
3976,675
3977,675
3978,675
3979,675
3980,675
3981,675
3982,675
3983,675
3984,675
3985,675
3986,675
3987,675
3988,675
3989,675
3990,675
3991,675
3992,673
3993,675
3994,675
3995,675
3996,675
3997,675
3998,675
3999,675
4000,675
4001,675
4002,675
4003,675
4004,675
4005,675
4006,675
4007,675
4008,675
4009,675
4010,675
4011,675
4012,675
4013,675
4014,675
4015,675
4016,675
4017,675
4018,675
4019,675
4020,675
4021,675
4022,675
4023,675
4024,675
4025,675
4026,675
4027,675
4028,675
4029,675
4030,675
4031,675
4032,673
4033,675
4034,675
4035,675
4036,675
4037,675
4038,675
4039,675
4040,673
4041,675
4042,675
4043,675
4044,675
4045,675
4046,675
4047,271
4048,675
4049,675
4050,675
4051,675
4052,675
4053,675
4054,675
4055,675
4056,675
4057,675
4058,675
4059,675
4060,675
4061,675
4062,675
4063,675
4064,675
4065,675
4066,675
4067,675
4068,675
4069,675
4070,675
4071,675
4072,675
4073,675
4074,675
4075,675
4076,675
4077,675
4078,675
4079,675
4080,675
4081,675
4082,675
4083,675
4084,675
4085,675
4086,675
4087,675
4088,675
4089,675
4090,675
4091,675
4092,675
4093,675
4094,675
4095,625
4096,675
4097,675
4098,675
4099,675
4100,675
4101,675
4102,675
4103,675
4104,675
4105,675
4106,675
4107,675
4108,675
4109,675
4110,675
4111,675
4112,675
4113,675
4114,675
4115,675
4116,675
4117,675
4118,675
4119,675
4120,675
4121,675
4122,675
4123,675
4124,675
4125,675
4126,675
4127,675
4128,675
4129,675
4130,675
4131,675
4132,675
4133,675
4134,675
4135,675
4136,675
4137,675
4138,675
4139,675
4140,675
4141,675
4142,675
4143,675
4144,675
4145,675
4146,675
4147,675
4148,675
4149,675
4150,675
4151,675
4152,575
4153,675
4154,675
4155,675
4156,675
4157,675
4158,675
4159,675
4160,675
4161,675
4162,675
4163,675
4164,675
4165,675
4166,675
4167,675
4168,675
4169,675
4170,675
4171,675
4172,675
4173,675
4174,675
4175,675
4176,675
4177,675
4178,675
4179,675
4180,675
4181,675
4182,675
4183,675
4184,675
4185,675
4186,675
4187,675
4188,675
4189,675
4190,675
4191,625
4192,675
4193,675
4194,675
4195,675
4196,673
4197,675
4198,675
4199,675
4200,675
4201,675
4202,675
4203,675
4204,675
4205,675
4206,675
4207,675
4208,675
4209,675
4210,675
4211,675
4212,675
4213,675
4214,675
4215,675
4216,675
4217,675
4218,675
4219,675
4220,675
4221,675
4222,675
4223,675
4224,625
4225,675
4226,675
4227,675
4228,675
4229,675
4230,675
4231,675
4232,675
4233,675
4234,625
4235,675
4236,675
4237,675
4238,675
4239,675
4240,675
4241,675
4242,675
4243,675
4244,675
4245,675
4246,675
4247,425
4248,675
4249,675
4250,675
4251,675
4252,675
4253,675
4254,675
4255,675
4256,675
4257,675
4258,675
4259,675
4260,675
4261,675
4262,675
4263,675
4264,675
4265,675
4266,675
4267,675
4268,675
4269,675
4270,675
4271,675
4272,675
4273,675
4274,675
4275,675
4276,675
4277,675
4278,675
4279,675
4280,675
4281,675
4282,675
4283,675
4284,675
4285,675
4286,675
4287,675
4288,675
4289,675
4290,675
4291,675
4292,675
4293,675
4294,675
4295,675
4296,675
4297,675
4298,675
4299,675
4300,675
4301,675
4302,625
4303,675
4304,675
4305,675
4306,675
4307,675
4308,675
4309,675
4310,675
4311,675
4312,675
4313,675
4314,675
4315,675
4316,675
4317,675
4318,675
4319,675
4320,675
4321,675
4322,625
4323,675
4324,675
4325,675
4326,675
4327,675
4328,675
4329,675
4330,675
4331,675
4332,675
4333,675
4334,675
4335,675
4336,675
4337,675
4338,675
4339,675
4340,675
4341,675
4342,675
4343,675
4344,675
4345,675
4346,675
4347,675
4348,625
4349,675
4350,673
4351,675
4352,675
4353,675
4354,-125
4355,675
4356,675
4357,675
4358,675
4359,675
4360,675
4361,675
4362,675
4363,675
4364,675
4365,675
4366,675
4367,675
4368,675
4369,625
4370,675
4371,675
4372,675
4373,675
4374,675
4375,675
4376,675
4377,675
4378,675
4379,675
4380,675
4381,675
4382,675
4383,675
4384,675
4385,675
4386,675
4387,675
4388,675
4389,675
4390,675
4391,675
4392,675
4393,675
4394,675
4395,675
4396,675
4397,675
4398,675
4399,675
4400,675
4401,675
4402,675
4403,675
4404,675
4405,675
4406,675
4407,675
4408,675
4409,675
4410,675
4411,675
4412,675
4413,675
4414,675
4415,675
4416,675
4417,675
4418,675
4419,675
4420,675
4421,675
4422,675
4423,675
4424,675
4425,675
4426,675
4427,675
4428,675
4429,675
4430,675
4431,675
4432,675
4433,675
4434,675
4435,675
4436,675
4437,675
4438,675
4439,675
4440,675
4441,675
4442,675
4443,675
4444,675
4445,675
4446,675
4447,675
4448,675
4449,675
4450,675
4451,675
4452,675
4453,675
4454,675
4455,675
4456,675
4457,675
4458,675
4459,675
4460,675
4461,675
4462,675
4463,675
4464,675
4465,675
4466,675
4467,675
4468,675
4469,675
4470,675
4471,675
4472,675
4473,675
4474,675
4475,675
4476,675
4477,675
4478,675
4479,675
4480,625
4481,675
4482,675
4483,675
4484,675
4485,675
4486,675
4487,675
4488,675
4489,675
4490,675
4491,675
4492,675
4493,675
4494,675
4495,675
4496,675
4497,675
4498,675
4499,675
4500,675
4501,675
4502,675
4503,675
4504,675
4505,675
4506,675
4507,675
4508,675
4509,675
4510,675
4511,675
4512,675
4513,675
4514,675
4515,675
4516,675
4517,673
4518,675
4519,675
4520,673
4521,675
4522,675
4523,675
4524,625
4525,675
4526,675
4527,675
4528,675
4529,675
4530,675
4531,675
4532,675
4533,675
4534,675
4535,675
4536,675
4537,675
4538,675
4539,675
4540,675
4541,675
4542,675
4543,675
4544,675
4545,675
4546,673
4547,675
4548,675
4549,675
4550,675
4551,675
4552,675
4553,675
4554,675
4555,675
4556,675
4557,675
4558,675
4559,675
4560,675
4561,675
4562,675
4563,675
4564,675
4565,675
4566,675
4567,675
4568,675
4569,675
4570,675
4571,675
4572,675
4573,675
4574,675
4575,675
4576,675
4577,675
4578,673
4579,675
4580,675
4581,675
4582,675
4583,675
4584,675
4585,675
4586,625
4587,675
4588,675
4589,675
4590,675
4591,675
4592,675
4593,675
4594,675
4595,675
4596,675
4597,675
4598,625
4599,675
4600,675
4601,675
4602,675
4603,675
4604,675
4605,625
4606,675
4607,675
4608,675
4609,675
4610,675
4611,675
4612,675
4613,675
4614,675
4615,675
4616,675
4617,675
4618,675
4619,675
4620,675
4621,675
4622,675
4623,675
4624,675
4625,675
4626,675
4627,675
4628,675
4629,675
4630,675
4631,675
4632,675
4633,675
4634,675
4635,675
4636,675
4637,675
4638,675
4639,675
4640,675
4641,675
4642,675
4643,675
4644,675
4645,675
4646,675
4647,675
4648,675
4649,675
4650,675
4651,675
4652,675
4653,675
4654,675
4655,675
4656,675
4657,675
4658,675
4659,675
4660,675
4661,675
4662,675
4663,675
4664,675
4665,675
4666,675
4667,675
4668,675
4669,675
4670,675
4671,675
4672,675
4673,675
4674,675
4675,675
4676,675
4677,675
4678,675
4679,675
4680,675
4681,675
4682,675
4683,675
4684,675
4685,675
4686,675
4687,675
4688,675
4689,675
4690,675
4691,675
4692,675
4693,675
4694,675
4695,675
4696,675
4697,675
4698,675
4699,675
4700,675
4701,675
4702,675
4703,675
4704,675
4705,675
4706,675
4707,675
4708,675
4709,675
4710,675
4711,675
4712,675
4713,675
4714,675
4715,675
4716,675
4717,675
4718,675
4719,675
4720,675
4721,675
4722,675
4723,675
4724,675
4725,675
4726,675
4727,675
4728,675
4729,675
4730,675
4731,675
4732,675
4733,675
4734,675
4735,675
4736,675
4737,675
4738,675
4739,675
4740,675
4741,675
4742,675
4743,675
4744,675
4745,675
4746,675
4747,675
4748,675
4749,675
4750,675
4751,675
4752,675
4753,675
4754,675
4755,675
4756,675
4757,675
4758,675
4759,675
4760,675
4761,675
4762,675
4763,675
4764,675
4765,675
4766,675
4767,675
4768,675
4769,675
4770,675
4771,675
4772,675
4773,675
4774,675
4775,675
4776,675
4777,675
4778,675
4779,675
4780,675
4781,675
4782,675
4783,675
4784,675
4785,675
4786,675
4787,675
4788,675
4789,675
4790,675
4791,675
4792,675
4793,675
4794,673
4795,675
4796,675
4797,675
4798,675
4799,625
4800,675
4801,675
4802,675
4803,675
4804,675
4805,675
4806,675
4807,675
4808,675
4809,675
4810,675
4811,675
4812,675
4813,675
4814,675
4815,675
4816,675
4817,675
4818,675
4819,675
4820,675
4821,625
4822,675
4823,675
4824,675
4825,675
4826,675
4827,675
4828,675
4829,675
4830,675
4831,675
4832,675
4833,675
4834,675
4835,675
4836,675
4837,675
4838,675
4839,675
4840,675
4841,675
4842,675
4843,675
4844,675
4845,675
4846,675
4847,675
4848,675
4849,675
4850,675
4851,675
4852,675
4853,675
4854,675
4855,675
4856,675
4857,675
4858,675
4859,675
4860,675
4861,675
4862,675
4863,675
4864,675
4865,675
4866,675
4867,675
4868,675
4869,675
4870,675
4871,675
4872,675
4873,675
4874,675
4875,675
4876,675
4877,675
4878,675
4879,675
4880,675
4881,675
4882,675
4883,675
4884,675
4885,675
4886,675
4887,675
4888,675
4889,675
4890,675
4891,675
4892,675
4893,675
4894,675
4895,675
4896,675
4897,675
4898,675
4899,675
4900,675
4901,675
4902,675
4903,675
4904,675
4905,675
4906,675
4907,675
4908,675
4909,675
4910,675
4911,675
4912,-75
4913,675
4914,675
4915,675
4916,675
4917,675
4918,675
4919,675
4920,675
4921,675
4922,673
4923,675
4924,675
4925,575
4926,675
4927,675
4928,675
4929,675
4930,675
4931,675
4932,675
4933,675
4934,675
4935,675
4936,675
4937,675
4938,675
4939,675
4940,675
4941,675
4942,675
4943,675
4944,675
4945,675
4946,675
4947,675
4948,675
4949,673
4950,675
4951,675
4952,675
4953,675
4954,675
4955,675
4956,675
4957,675
4958,675
4959,675
4960,675
4961,675
4962,675
4963,675
4964,675
4965,675
4966,675
4967,675
4968,675
4969,675
4970,625
4971,675
4972,675
4973,675
4974,675
4975,675
4976,675
4977,675
4978,675
4979,675
4980,675
4981,675
4982,675
4983,675
4984,675
4985,675
4986,675
4987,675
4988,675
4989,675
4990,675
4991,675
4992,575
4993,675
4994,675
4995,675
4996,675
4997,675
4998,675
4999,675
5000,675
5001,675
5002,675
5003,675
5004,675
5005,675
5006,675
5007,675
5008,675
5009,675
5010,675
5011,675
5012,675
5013,675
5014,675
5015,675
5016,675
5017,675
5018,675
5019,675
5020,675
5021,675
5022,675
5023,675
5024,675
5025,675
5026,675
5027,675
5028,675
5029,675
5030,675
5031,675
5032,675
5033,675
5034,675
5035,675
5036,675
5037,675
5038,675
5039,675
5040,675
5041,675
5042,675
5043,675
5044,675
5045,675
5046,675
5047,675
5048,675
5049,675
5050,675
5051,675
5052,675
5053,675
5054,675
5055,675
5056,673
5057,675
5058,675
5059,673
5060,675
5061,625
5062,675
5063,675
5064,675
5065,675
5066,675
5067,675
5068,675
5069,675
5070,675
5071,675
5072,675
5073,575
5074,675
5075,625
5076,675
5077,675
5078,675
5079,675
5080,675
5081,675
5082,675
5083,675
5084,675
5085,675
5086,675
5087,675
5088,675
5089,675
5090,675
5091,675
5092,675
5093,675
5094,675
5095,675
5096,675
5097,675
5098,675
5099,675
5100,675
5101,675
5102,675
5103,675
5104,675
5105,675
5106,675
5107,675
5108,675
5109,675
5110,675
5111,675
5112,675
5113,675
5114,675
5115,675
5116,675
5117,675
5118,675
5119,675
5120,675
5121,675
5122,675
5123,675
5124,675
5125,675
5126,675
5127,675
5128,675
5129,675
5130,675
5131,673
5132,675
5133,675
5134,675
5135,675
5136,675
5137,675
5138,675
5139,675
5140,675
5141,675
5142,675
5143,675
5144,675
5145,675
5146,675
5147,675
5148,675
5149,675
5150,675
5151,675
5152,675
5153,675
5154,675
5155,675
5156,675
5157,675
5158,675
5159,675
5160,675
5161,675
5162,675
5163,675
5164,675
5165,675
5166,675
5167,675
5168,675
5169,675
5170,675
5171,675
5172,675
5173,675
5174,625
5175,675
5176,675
5177,675
5178,675
5179,675
5180,675
5181,675
5182,675
5183,675
5184,675
5185,675
5186,675
5187,675
5188,675
5189,675
5190,675
5191,675
5192,675
5193,675
5194,675
5195,675
5196,675
5197,675
5198,675
5199,675
5200,675
5201,625
5202,675
5203,675
5204,675
5205,675
5206,675
5207,675
5208,675
5209,675
5210,675
5211,675
5212,675
5213,675
5214,675
5215,675
5216,675
5217,675
5218,675
5219,675
5220,675
5221,675
5222,675
5223,675
5224,675
5225,675
5226,675
5227,675
5228,675
5229,675
5230,675
5231,675
5232,675
5233,675
5234,675
5235,675
5236,675
5237,675
5238,675
5239,675
5240,675
5241,675
5242,675
5243,675
5244,675
5245,675
5246,675
5247,675
5248,675
5249,675
5250,675
5251,675
5252,675
5253,675
5254,675
5255,675
5256,625
5257,675
5258,675
5259,675
5260,675
5261,675
5262,675
5263,675
5264,675
5265,675
5266,675
5267,675
5268,675
5269,675
5270,675
5271,675
5272,675
5273,675
5274,675
5275,675
5276,675
5277,675
5278,675
5279,625
5280,675
5281,675
5282,675
5283,675
5284,675
5285,675
5286,675
5287,675
5288,675
5289,675
5290,675
5291,675
5292,675
5293,675
5294,675
5295,675
5296,675
5297,675
5298,675
5299,675
5300,675
5301,675
5302,675
5303,675
5304,675
5305,675
5306,675
5307,675
5308,675
5309,675
5310,675
5311,675
5312,575
5313,675
5314,675
5315,675
5316,675
5317,675
5318,675
5319,675
5320,675
5321,675
5322,675
5323,675
5324,675
5325,675
5326,675
5327,675
5328,675
5329,675
5330,675
5331,675
5332,675
5333,675
5334,675
5335,675
5336,675
5337,675
5338,675
5339,675
5340,675
5341,675
5342,675
5343,675
5344,675
5345,675
5346,675
5347,675
5348,675
5349,675
5350,675
5351,675
5352,675
5353,675
5354,675
5355,675
5356,675
5357,675
5358,675
5359,675
5360,675
5361,675
5362,675
5363,675
5364,675
5365,675
5366,675
5367,675
5368,675
5369,675
5370,675
5371,675
5372,675
5373,675
5374,675
5375,675
5376,675
5377,675
5378,675
5379,675
5380,675
5381,675
5382,675
5383,675
5384,675
5385,675
5386,675
5387,675
5388,675
5389,675
5390,675
5391,675
5392,675
5393,675
5394,675
5395,675
5396,675
5397,675
5398,575
5399,675
5400,675
5401,675
5402,675
5403,675
5404,675
5405,675
5406,675
5407,675
5408,675
5409,675
5410,675
5411,675
5412,675
5413,675
5414,675
5415,575
5416,673
5417,675
5418,675
5419,675
5420,675
5421,675
5422,675
5423,675
5424,673
5425,675
5426,675
5427,675
5428,675
5429,675
5430,675
5431,675
5432,675
5433,675
5434,675
5435,625
5436,675
5437,675
5438,675
5439,675
5440,675
5441,675
5442,675
5443,675
5444,675
5445,675
5446,675
5447,675
5448,675
5449,675
5450,675
5451,675
5452,675
5453,675
5454,675
5455,675
5456,675
5457,675
5458,675
5459,675
5460,675
5461,675
5462,675
5463,675
5464,675
5465,675
5466,675
5467,675
5468,675
5469,625
5470,675
5471,675
5472,675
5473,675
5474,675
5475,675
5476,675
5477,675
5478,675
5479,675
5480,675
5481,675
5482,675
5483,675
5484,625
5485,623
5486,675
5487,675
5488,675
5489,675
5490,675
5491,-75
5492,675
5493,675
5494,675
5495,675
5496,675
5497,675
5498,675
5499,675
5500,675
5501,675
5502,675
5503,675
5504,675
5505,675
5506,675
5507,675
5508,675
5509,675
5510,675
5511,675
5512,675
5513,675
5514,675
5515,675
5516,675
5517,675
5518,675
5519,675
5520,675
5521,675
5522,675
5523,675
5524,675
5525,675
5526,675
5527,675
5528,675
5529,675
5530,675
5531,625
5532,675
5533,625
5534,675
5535,675
5536,675
5537,675
5538,675
5539,675
5540,675
5541,675
5542,675
5543,675
5544,675
5545,675
5546,675
5547,675
5548,675
5549,675
5550,675
5551,675
5552,675
5553,675
5554,675
5555,675
5556,675
5557,675
5558,675
5559,675
5560,675
5561,675
5562,675
5563,675
5564,675
5565,675
5566,675
5567,675
5568,675
5569,675
5570,675
5571,675
5572,675
5573,675
5574,675
5575,675
5576,675
5577,675
5578,675
5579,675
5580,675
5581,675
5582,675
5583,675
5584,675
5585,675
5586,675
5587,675
5588,675
5589,675
5590,675
5591,675
5592,675
5593,675
5594,675
5595,675
5596,675
5597,675
5598,675
5599,675
5600,675
5601,675
5602,675
5603,675
5604,675
5605,675
5606,675
5607,675
5608,675
5609,675
5610,675
5611,675
5612,675
5613,675
5614,675
5615,675
5616,675
5617,673
5618,675
5619,675
5620,675
5621,675
5622,675
5623,675
5624,675
5625,675
5626,675
5627,675
5628,675
5629,675
5630,675
5631,675
5632,675
5633,675
5634,675
5635,675
5636,675
5637,675
5638,675
5639,675
5640,673
5641,675
5642,675
5643,675
5644,675
5645,675
5646,675
5647,625
5648,675
5649,675
5650,675
5651,675
5652,675
5653,675
5654,675
5655,675
5656,675
5657,675
5658,675
5659,675
5660,675
5661,675
5662,675
5663,675
5664,675
5665,675
5666,675
5667,675
5668,675
5669,675
5670,675
5671,675
5672,675
5673,675
5674,675
5675,675
5676,675
5677,675
5678,675
5679,675
5680,675
5681,675
5682,675
5683,675
5684,675
5685,675
5686,675
5687,675
5688,675
5689,675
5690,675
5691,675
5692,675
5693,675
5694,675
5695,675
5696,675
5697,675
5698,675
5699,675
5700,675
5701,675
5702,675
5703,675
5704,675
5705,625
5706,675
5707,675
5708,675
5709,675
5710,675
5711,675
5712,675
5713,675
5714,675
5715,675
5716,675
5717,675
5718,675
5719,675
5720,675
5721,675
5722,675
5723,675
5724,675
5725,675
5726,675
5727,675
5728,675
5729,675
5730,675
5731,675
5732,675
5733,675
5734,675
5735,675
5736,675
5737,675
5738,673
5739,675
5740,675
5741,675
5742,675
5743,675
5744,675
5745,675
5746,675
5747,675
5748,675
5749,675
5750,675
5751,675
5752,675
5753,675
5754,675
5755,675
5756,675
5757,673
5758,675
5759,675
5760,675
5761,675
5762,675
5763,675
5764,675
5765,675
5766,675
5767,675
5768,675
5769,675
5770,675
5771,675
5772,675
5773,675
5774,675
5775,675
5776,675
5777,675
5778,675
5779,675
5780,675
5781,675
5782,625
5783,675
5784,675
5785,675
5786,675
5787,675
5788,675
5789,675
5790,675
5791,675
5792,675
5793,675
5794,675
5795,675
5796,675
5797,675
5798,675
5799,675
5800,675
5801,675
5802,675
5803,675
5804,675
5805,675
5806,675
5807,675
5808,675
5809,675
5810,675
5811,675
5812,675
5813,675
5814,675
5815,675
5816,675
5817,675
5818,675
5819,675
5820,675
5821,675
5822,675
5823,675
5824,675
5825,675
5826,675
5827,675
5828,675
5829,675
5830,675
5831,675
5832,675
5833,675
5834,675
5835,675
5836,675
5837,675
5838,675
5839,675
5840,675
5841,675
5842,675
5843,675
5844,675
5845,675
5846,675
5847,675
5848,675
5849,675
5850,675
5851,675
5852,675
5853,675
5854,675
5855,675
5856,675
5857,675
5858,675
5859,675
5860,675
5861,675
5862,675
5863,675
5864,675
5865,675
5866,675
5867,675
5868,675
5869,675
5870,675
5871,625
5872,675
5873,675
5874,675
5875,675
5876,675
5877,675
5878,675
5879,675
5880,675
5881,675
5882,675
5883,675
5884,675
5885,675
5886,675
5887,675
5888,675
5889,675
5890,675
5891,675
5892,675
5893,675
5894,675
5895,675
5896,675
5897,625
5898,675
5899,675
5900,675
5901,675
5902,675
5903,675
5904,675
5905,675
5906,675
5907,675
5908,675
5909,675
5910,675
5911,675
5912,675
5913,675
5914,675
5915,675
5916,675
5917,675
5918,675
5919,675
5920,675
5921,675
5922,675
5923,675
5924,675
5925,675
5926,675
5927,675
5928,675
5929,675
5930,675
5931,675
5932,675
5933,675
5934,675
5935,675
5936,675
5937,675
5938,675
5939,675
5940,675
5941,675
5942,675
5943,675
5944,675
5945,675
5946,675
5947,675
5948,675
5949,-41
5950,675
5951,675
5952,675
5953,675
5954,675
5955,675
5956,675
5957,675
5958,675
5959,675
5960,675
5961,675
5962,675
5963,675
5964,675
5965,675
5966,675
5967,675
5968,675
5969,675
5970,675
5971,675
5972,675
5973,675
5974,675
5975,675
5976,675
5977,675
5978,675
5979,675
5980,675
5981,675
5982,675
5983,675
5984,675
5985,675
5986,675
5987,675
5988,675
5989,675
5990,675
5991,675
5992,675
5993,625
5994,675
5995,675
5996,675
5997,675
5998,675
5999,675
6000,675
6001,675
6002,675
6003,675
6004,675
6005,675
6006,675
6007,675
6008,675
6009,675
6010,675
6011,675
6012,675
6013,675
6014,675
6015,675
6016,675
6017,675
6018,675
6019,675
6020,675
6021,675
6022,675
6023,675
6024,-1048
6025,675
6026,675
6027,675
6028,675
6029,675
6030,675
6031,675
6032,675
6033,675
6034,675
6035,675
6036,675
6037,675
6038,675
6039,675
6040,675
6041,675
6042,675
6043,675
6044,675
6045,675
6046,675
6047,675
6048,675
6049,675
6050,675
6051,675
6052,675
6053,675
6054,675
6055,675
6056,675
6057,675
6058,675
6059,675
6060,675
6061,675
6062,675
6063,675
6064,675
6065,675
6066,675
6067,675
6068,675
6069,675
6070,675
6071,675
6072,675
6073,675
6074,675
6075,675
6076,675
6077,675
6078,675
6079,675
6080,675
6081,675
6082,675
6083,675
6084,675
6085,675
6086,675
6087,675
6088,675
6089,675
6090,675
6091,675
6092,675
6093,675
6094,675
6095,675
6096,675
6097,675
6098,675
6099,675
6100,675
6101,675
6102,675
6103,675
6104,675
6105,675
6106,675
6107,675
6108,675
6109,675
6110,675
6111,675
6112,675
6113,675
6114,625
6115,675
6116,675
6117,675
6118,675
6119,675
6120,675
6121,675
6122,675
6123,675
6124,675
6125,675
6126,675
6127,675
6128,675
6129,675
6130,675
6131,675
6132,675
6133,675
6134,675
6135,675
6136,675
6137,675
6138,675
6139,675
6140,675
6141,675
6142,675
6143,675
6144,675
6145,675
6146,675
6147,675
6148,675
6149,675
6150,675
6151,675
6152,675
6153,675
6154,675
6155,675
6156,675
6157,675
6158,675
6159,675
6160,-125
6161,675
6162,675
6163,675
6164,675
6165,675
6166,675
6167,675
6168,675
6169,675
6170,675
6171,675
6172,675
6173,675
6174,675
6175,675
6176,675
6177,675
6178,675
6179,675
6180,675
6181,675
6182,675
6183,675
6184,675
6185,675
6186,675
6187,675
6188,675
6189,675
6190,675
6191,675
6192,675
6193,675
6194,675
6195,675
6196,675
6197,675
6198,675
6199,675
6200,675
6201,675
6202,675
6203,675
6204,675
6205,675
6206,675
6207,675
6208,675
6209,675
6210,675
6211,675
6212,675
6213,675
6214,675
6215,675
6216,675
6217,675
6218,675
6219,675
6220,675
6221,675
6222,675
6223,675
6224,675
6225,387
6226,675
6227,675
6228,675
6229,675
6230,675
6231,675
6232,625
6233,675
6234,675
6235,675
6236,675
6237,675
6238,675
6239,675
6240,675
6241,675
6242,675
6243,323
6244,675
6245,675
6246,675
6247,675
6248,675
6249,675
6250,675
6251,675
6252,675
6253,675
6254,675
6255,675
6256,675
6257,675
6258,675
6259,675
6260,675
6261,675
6262,675
6263,675
6264,675
6265,675
6266,675
6267,675
6268,675
6269,675
6270,673
6271,675
6272,675
6273,675
6274,675
6275,675
6276,675
6277,675
6278,675
6279,675
6280,675
6281,675
6282,675
6283,675
6284,675
6285,675
6286,675
6287,675
6288,675
6289,675
6290,675
6291,675
6292,675
6293,675
6294,675
6295,675
6296,675
6297,675
6298,675
6299,675
6300,675
6301,675
6302,675
6303,675
6304,675
6305,675
6306,675
6307,675
6308,675
6309,675
6310,675
6311,675
6312,675
6313,675
6314,675
6315,675
6316,675
6317,675
6318,675
6319,675
6320,675
6321,675
6322,675
6323,675
6324,675
6325,675
6326,675
6327,675
6328,675
6329,675
6330,675
6331,675
6332,675
6333,675
6334,675
6335,675
6336,675
6337,675
6338,675
6339,675
6340,675
6341,675
6342,675
6343,675
6344,675
6345,675
6346,675
6347,675
6348,675
6349,675
6350,675
6351,675
6352,675
6353,675
6354,625
6355,675
6356,675
6357,675
6358,675
6359,675
6360,675
6361,675
6362,675
6363,675
6364,675
6365,675
6366,675
6367,675
6368,675
6369,675
6370,675
6371,675
6372,675
6373,675
6374,675
6375,675
6376,675
6377,675
6378,675
6379,675
6380,675
6381,675
6382,675
6383,675
6384,675
6385,675
6386,675
6387,675
6388,675
6389,675
6390,675
6391,675
6392,625
6393,675
6394,675
6395,675
6396,675
6397,675
6398,675
6399,675
6400,675
6401,675
6402,675
6403,625
6404,675
6405,675
6406,675
6407,675
6408,675
6409,675
6410,675
6411,675
6412,675
6413,675
6414,675
6415,675
6416,675
6417,675
6418,675
6419,675
6420,675
6421,675
6422,675
6423,675
6424,675
6425,675
6426,675
6427,675
6428,675
6429,675
6430,675
6431,675
6432,675
6433,675
6434,675
6435,675
6436,675
6437,675
6438,425
6439,625
6440,675
6441,675
6442,675
6443,675
6444,675
6445,675
6446,675
6447,675
6448,675
6449,675
6450,675
6451,675
6452,675
6453,675
6454,675
6455,675
6456,675
6457,675
6458,675
6459,675
6460,675
6461,625
6462,675
6463,675
6464,675
6465,675
6466,675
6467,675
6468,675
6469,675
6470,675
6471,675
6472,675
6473,675
6474,675
6475,675
6476,675
6477,675
6478,673
6479,675
6480,675
6481,675
6482,675
6483,675
6484,675
6485,675
6486,675
6487,675
6488,675
6489,675
6490,675
6491,675
6492,675
6493,675
6494,675
6495,675
6496,675
6497,675
6498,675
6499,675
6500,625
6501,675
6502,675
6503,675
6504,675
6505,675
6506,675
6507,675
6508,675
6509,675
6510,675
6511,675
6512,675
6513,675
6514,675
6515,675
6516,675
6517,675
6518,675
6519,-75
6520,675
6521,675
6522,675
6523,675
6524,675
6525,675
6526,675
6527,675
6528,675
6529,675
6530,675
6531,675
6532,675
6533,675
6534,675
6535,675
6536,625
6537,675
6538,675
6539,675
6540,675
6541,675
6542,675
6543,675
6544,675
6545,675
6546,675
6547,675
6548,675
6549,675
6550,675
6551,675
6552,675
6553,675
6554,675
6555,675
6556,675
6557,675
6558,675
6559,675
6560,675
6561,675
6562,673
6563,675
6564,675
6565,675
6566,675
6567,623
6568,675
6569,675
6570,675
6571,675
6572,675
6573,675
6574,675
6575,675
6576,675
6577,675
6578,675
6579,675
6580,675
6581,675
6582,675
6583,675
6584,675
6585,675
6586,675
6587,675
6588,675
6589,675
6590,675
6591,675
6592,675
6593,675
6594,675
6595,675
6596,675
6597,675
6598,675
6599,675
6600,675
6601,675
6602,675
6603,675
6604,675
6605,675
6606,675
6607,675
6608,675
6609,675
6610,675
6611,675
6612,675
6613,675
6614,675
6615,675
6616,675
6617,625
6618,675
6619,675
6620,675
6621,625
6622,675
6623,675
6624,675
6625,675
6626,675
6627,675
6628,675
6629,675
6630,675
6631,675
6632,675
6633,675
6634,675
6635,675
6636,675
6637,675
6638,675
6639,675
6640,675
6641,675
6642,59
6643,675
6644,675
6645,675
6646,675
6647,675
6648,675
6649,675
6650,675
6651,675
6652,675
6653,675
6654,675
6655,675
6656,675
6657,675
6658,675
6659,675
6660,675
6661,675
6662,675
6663,675
6664,675
6665,675
6666,675
6667,675
6668,675
6669,675
6670,675
6671,675
6672,673
6673,625
6674,675
6675,675
6676,675
6677,675
6678,675
6679,675
6680,675
6681,675
6682,675
6683,675
6684,675
6685,675
6686,675
6687,675
6688,675
6689,675
6690,675
6691,675
6692,675
6693,675
6694,675
6695,675
6696,675
6697,675
6698,675
6699,675
6700,675
6701,675
6702,675
6703,675
6704,675
6705,675
6706,675
6707,675
6708,675
6709,675
6710,675
6711,675
6712,675
6713,675
6714,675
6715,675
6716,675
6717,675
6718,675
6719,675
6720,675
6721,675
6722,675
6723,675
6724,675
6725,675
6726,675
6727,675
6728,675
6729,675
6730,675
6731,675
6732,675
6733,675
6734,675
6735,675
6736,675
6737,675
6738,675
6739,675
6740,675
6741,675
6742,675
6743,675
6744,675
6745,675
6746,675
6747,675
6748,675
6749,675
6750,675
6751,675
6752,675
6753,675
6754,675
6755,675
6756,675
6757,675
6758,675
6759,675
6760,675
6761,675
6762,675
6763,675
6764,675
6765,675
6766,675
6767,675
6768,675
6769,675
6770,675
6771,675
6772,675
6773,675
6774,675
6775,675
6776,675
6777,575
6778,625
6779,675
6780,675
6781,675
6782,675
6783,675
6784,675
6785,675
6786,675
6787,675
6788,675
6789,675
6790,675
6791,675
6792,675
6793,675
6794,675
6795,675
6796,675
6797,675
6798,675
6799,675
6800,675
6801,675
6802,675
6803,675
6804,675
6805,675
6806,675
6807,675
6808,675
6809,675
6810,675
6811,675
6812,675
6813,675
6814,675
6815,675
6816,675
6817,675
6818,675
6819,675
6820,675
6821,675
6822,675
6823,675
6824,675
6825,675
6826,675
6827,675
6828,675
6829,675
6830,675
6831,675
6832,675
6833,675
6834,675
6835,675
6836,675
6837,675
6838,675
6839,675
6840,675
6841,675
6842,675
6843,675
6844,675
6845,673
6846,675
6847,675
6848,675
6849,675
6850,675
6851,675
6852,675
6853,675
6854,675
6855,675
6856,675
6857,675
6858,675
6859,675
6860,675
6861,675
6862,625
6863,675
6864,675
6865,675
6866,675
6867,675
6868,675
6869,675
6870,675
6871,675
6872,675
6873,675
6874,675
6875,675
6876,675
6877,675
6878,675
6879,675
6880,675
6881,675
6882,675
6883,675
6884,675
6885,675
6886,675
6887,675
6888,675
6889,675
6890,675
6891,675
6892,675
6893,675
6894,675
6895,675
6896,675
6897,675
6898,675
6899,675
6900,675
6901,675
6902,675
6903,675
6904,675
6905,675
6906,675
6907,675
6908,675
6909,675
6910,675
6911,675
6912,675
6913,675
6914,675
6915,675
6916,625
6917,675
6918,675
6919,675
6920,675
6921,675
6922,675
6923,675
6924,675
6925,675
6926,675
6927,675
6928,675
6929,675
6930,675
6931,675
6932,675
6933,675
6934,675
6935,675
6936,675
6937,675
6938,675
6939,675
6940,675
6941,675
6942,675
6943,675
6944,675
6945,675
6946,675
6947,675
6948,675
6949,675
6950,675
6951,675
6952,675
6953,675
6954,675
6955,675
6956,675
6957,675
6958,675
6959,675
6960,675
6961,675
6962,675
6963,675
6964,675
6965,675
6966,675
6967,675
6968,675
6969,675
6970,675
6971,675
6972,675
6973,675
6974,675
6975,675
6976,675
6977,675
6978,675
6979,675
6980,675
6981,675
6982,675
6983,675
6984,675
6985,675
6986,675
6987,675
6988,675
6989,675
6990,675
6991,675
6992,675
6993,675
6994,675
6995,675
6996,675
6997,675
6998,675
6999,675
7000,625
7001,675
7002,675
7003,675
7004,675
7005,675
7006,675
7007,675
7008,675
7009,675
7010,675
7011,675
7012,675
7013,675
7014,675
7015,675
7016,675
7017,675
7018,675
7019,675
7020,675
7021,675
7022,675
7023,675
7024,675
7025,675
7026,675
7027,675
7028,675
7029,675
7030,675
7031,675
7032,675
7033,675
7034,675
7035,675
7036,675
7037,675
7038,675
7039,675
7040,675
7041,675
7042,675
7043,675
7044,675
7045,675
7046,675
7047,675
7048,675
7049,625
7050,675
7051,675
7052,675
7053,675
7054,675
7055,675
7056,675
7057,675
7058,675
7059,675
7060,675
7061,675
7062,675
7063,675
7064,625
7065,675
7066,673
7067,675
7068,675
7069,675
7070,675
7071,675
7072,675
7073,675
7074,675
7075,675
7076,675
7077,675
7078,675
7079,675
7080,675
7081,675
7082,675
7083,675
7084,675
7085,675
7086,675
7087,675
7088,675
7089,675
7090,675
7091,675
7092,675
7093,675
7094,675
7095,625
7096,675
7097,675
7098,675
7099,675
7100,675
7101,675
7102,675
7103,673
7104,675
7105,675
7106,675
7107,673
7108,675
7109,675
7110,675
7111,675
7112,675
7113,675
7114,675
7115,675
7116,675
7117,675
7118,675
7119,675
7120,675
7121,675
7122,675
7123,675
7124,675
7125,625
7126,675
7127,675
7128,-125
7129,675
7130,675
7131,675
7132,675
7133,675
7134,675
7135,675
7136,675
7137,675
7138,675
7139,675
7140,675
7141,675
7142,675
7143,675
7144,675
7145,675
7146,675
7147,675
7148,675
7149,675
7150,675
7151,675
7152,675
7153,673
7154,675
7155,675
7156,675
7157,675
7158,675
7159,675
7160,675
7161,675
7162,675
7163,675
7164,675
7165,675
7166,575
7167,675
7168,675
7169,675
7170,675
7171,675
7172,675
7173,675
7174,675
7175,675
7176,675
7177,675
7178,675
7179,675
7180,675
7181,675
7182,675
7183,675
7184,675
7185,675
7186,675
7187,675
7188,675
7189,675
7190,675
7191,673
7192,675
7193,675
7194,675
7195,675
7196,675
7197,675
7198,675
7199,675
7200,675
7201,675
7202,675
7203,675
7204,675
7205,675
7206,675
7207,675
7208,675
7209,675
7210,675
7211,675
7212,625
7213,675
7214,675
7215,675
7216,675
7217,675
7218,675
7219,675
7220,675
7221,675
7222,675
7223,675
7224,675
7225,675
7226,675
7227,675
7228,675
7229,675
7230,675
7231,673
7232,675
7233,675
7234,675
7235,625
7236,625
7237,675
7238,675
7239,675
7240,675
7241,675
7242,675
7243,675
7244,675
7245,675
7246,675
7247,675
7248,675
7249,675
7250,675
7251,675
7252,675
7253,675
7254,675
7255,675
7256,675
7257,675
7258,675
7259,675
7260,675
7261,675
7262,675
7263,675
7264,675
7265,675
7266,675
7267,675
7268,675
7269,675
7270,675
7271,675
7272,675
7273,675
7274,675
7275,675
7276,675
7277,675
7278,675
7279,675
7280,675
7281,675
7282,675
7283,425
7284,675
7285,675
7286,675
7287,675
7288,675
7289,675
7290,675
7291,675
7292,675
7293,675
7294,675
7295,675
7296,675
7297,625
7298,675
7299,675
7300,675
7301,675
7302,675
7303,675
7304,675
7305,675
7306,675
7307,675
7308,675
7309,675
7310,675
7311,675
7312,675
7313,675
7314,675
7315,675
7316,675
7317,675
7318,675
7319,675
7320,675
7321,675
7322,675
7323,675
7324,675
7325,675
7326,675
7327,675
7328,675
7329,675
7330,675
7331,675
7332,625
7333,675
7334,675
7335,675
7336,675
7337,675
7338,675
7339,675
7340,675
7341,675
7342,675
7343,675
7344,675
7345,675
7346,675
7347,675
7348,675
7349,675
7350,675
7351,675
7352,675
7353,675
7354,675
7355,675
7356,675
7357,675
7358,675
7359,675
7360,675
7361,675
7362,675
7363,675
7364,675
7365,675
7366,675
7367,675
7368,675
7369,675
7370,675
7371,675
7372,675
7373,675
7374,675
7375,675
7376,675
7377,675
7378,675
7379,675
7380,675
7381,675
7382,675
7383,675
7384,625
7385,675
7386,675
7387,675
7388,675
7389,675
7390,675
7391,675
7392,675
7393,675
7394,675
7395,675
7396,675
7397,675
7398,675
7399,675
7400,675
7401,675
7402,675
7403,675
7404,675
7405,675
7406,675
7407,675
7408,675
7409,675
7410,675
7411,675
7412,675
7413,675
7414,675
7415,625
7416,675
7417,675
7418,675
7419,675
7420,675
7421,675
7422,675
7423,675
7424,675
7425,675
7426,675
7427,675
7428,675
7429,675
7430,675
7431,675
7432,675
7433,675
7434,675
7435,675
7436,675
7437,675
7438,675
7439,675
7440,675
7441,675
7442,675
7443,675
7444,675
7445,675
7446,675
7447,675
7448,675
7449,675
7450,675
7451,675
7452,675
7453,675
7454,675
7455,675
7456,675
7457,675
7458,675
7459,675
7460,675
7461,675
7462,675
7463,675
7464,675
7465,675
7466,675
7467,675
7468,675
7469,675
7470,675
7471,675
7472,675
7473,675
7474,675
7475,675
7476,675
7477,675
7478,675
7479,625
7480,675
7481,675
7482,675
7483,675
7484,675
7485,675
7486,675
7487,675
7488,675
7489,675
7490,675
7491,675
7492,675
7493,675
7494,675
7495,675
7496,675
7497,675
7498,675
7499,675
7500,675
7501,675
7502,675
7503,675
7504,675
7505,675
7506,675
7507,675
7508,675
7509,675
7510,675
7511,675
7512,675
7513,675
7514,675
7515,675
7516,675
7517,675
7518,675
7519,675
7520,675
7521,675
7522,675
7523,675
7524,675
7525,675
7526,675
7527,675
7528,675
7529,675
7530,675
7531,675
7532,675
7533,675
7534,675
7535,675
7536,673
7537,675
7538,675
7539,675
7540,675
7541,673
7542,675
7543,675
7544,675
7545,625
7546,675
7547,675
7548,675
7549,675
7550,675
7551,675
7552,675
7553,675
7554,675
7555,675
7556,675
7557,675
7558,675
7559,675
7560,675
7561,675
7562,675
7563,675
7564,675
7565,675
7566,675
7567,675
7568,675
7569,675
7570,675
7571,675
7572,675
7573,675
7574,675
7575,675
7576,675
7577,675
7578,675
7579,675
7580,675
7581,675
7582,675
7583,675
7584,675
7585,675
7586,675
7587,675
7588,675
7589,675
7590,675
7591,675
7592,675
7593,675
7594,675
7595,-125
7596,675
7597,675
7598,675
7599,675
7600,675
7601,675
7602,675
7603,675
7604,675
7605,675
7606,625
7607,675
7608,675
7609,675
7610,675
7611,675
7612,675
7613,675
7614,675
7615,675
7616,675
7617,675
7618,675
7619,675
7620,675
7621,675
7622,675
7623,675
7624,675
7625,675
7626,675
7627,675
7628,675
7629,675
7630,675
7631,675
7632,675
7633,675
7634,675
7635,675
7636,675
7637,675
7638,675
7639,675
7640,675
7641,675
7642,675
7643,675
7644,675
7645,625
7646,675
7647,675
7648,675
7649,675
7650,675
7651,675
7652,675
7653,675
7654,675
7655,675
7656,675
7657,675
7658,675
7659,675
7660,675
7661,675
7662,675
7663,675
7664,675
7665,675
7666,675
7667,675
7668,675
7669,675
7670,675
7671,675
7672,675
7673,675
7674,675
7675,675
7676,675
7677,675
7678,675
7679,675
7680,675
7681,675
7682,675
7683,675
7684,675
7685,675
7686,673
7687,675
7688,675
7689,675
7690,675
7691,675
7692,675
7693,675
7694,675
7695,675
7696,675
7697,675
7698,675
7699,675
7700,673
7701,675
7702,675
7703,675
7704,675
7705,675
7706,675
7707,675
7708,675
7709,675
7710,675
7711,675
7712,675
7713,675
7714,675
7715,675
7716,675
7717,675
7718,673
7719,675
7720,675
7721,675
7722,675
7723,675
7724,675
7725,675
7726,675
7727,675
7728,675
7729,675
7730,675
7731,675
7732,675
7733,675
7734,675
7735,675
7736,675
7737,675
7738,675
7739,675
7740,675
7741,675
7742,675
7743,675
7744,675
7745,675
7746,675
7747,675
7748,675
7749,675
7750,675
7751,675
7752,675
7753,675
7754,675
7755,675
7756,675
7757,675
7758,675
7759,675
7760,675
7761,675
7762,675
7763,675
7764,675
7765,675
7766,675
7767,675
7768,675
7769,675
7770,675
7771,675
7772,675
7773,675
7774,675
7775,675
7776,675
7777,675
7778,675
7779,675
7780,675
7781,675
7782,675
7783,675
7784,675
7785,675
7786,675
7787,675
7788,675
7789,675
7790,675
7791,675
7792,675
7793,675
7794,675
7795,675
7796,675
7797,675
7798,675
7799,675
7800,675
7801,625
7802,675
7803,675
7804,675
7805,675
7806,675
7807,675
7808,675
7809,675
7810,675
7811,675
7812,675
7813,675
7814,625
7815,675
7816,675
7817,675
7818,675
7819,675
7820,675
7821,675
7822,625
7823,675
7824,675
7825,675
7826,675
7827,675
7828,675
7829,675
7830,675
7831,675
7832,675
7833,675
7834,675
7835,675
7836,625
7837,675
7838,675
7839,675
7840,675
7841,675
7842,675
7843,675
7844,675
7845,675
7846,675
7847,675
7848,675
7849,675
7850,675
7851,675
7852,675
7853,675
7854,675
7855,675
7856,675
7857,675
7858,675
7859,675
7860,675
7861,675
7862,675
7863,675
7864,675
7865,675
7866,675
7867,675
7868,675
7869,675
7870,675
7871,675
7872,675
7873,675
7874,675
7875,675
7876,675
7877,675
7878,675
7879,675
7880,675
7881,675
7882,675
7883,675
7884,675
7885,625
7886,675
7887,675
7888,675
7889,675
7890,675
7891,675
7892,675
7893,675
7894,675
7895,675
7896,675
7897,675
7898,675
7899,675
7900,675
7901,675
7902,675
7903,675
7904,675
7905,675
7906,675
7907,675
7908,675
7909,675
7910,675
7911,675
7912,675
7913,675
7914,675
7915,675
7916,675
7917,675
7918,675
7919,675
7920,675
7921,675
7922,675
7923,675
7924,675
7925,675
7926,675
7927,675
7928,675
7929,675
7930,675
7931,675
7932,675
7933,675
7934,675
7935,675
7936,675
7937,675
7938,675
7939,675
7940,675
7941,675
7942,675
7943,675
7944,675
7945,675
7946,675
7947,675
7948,675
7949,675
7950,675
7951,675
7952,673
7953,675
7954,625
7955,675
7956,675
7957,675
7958,675
7959,675
7960,675
7961,675
7962,675
7963,675
7964,675
7965,675
7966,675
7967,675
7968,625
7969,675
7970,675
7971,675
7972,675
7973,675
7974,675
7975,575
7976,675
7977,675
7978,675
7979,675
7980,675
7981,675
7982,675
7983,675
7984,675
7985,675
7986,675
7987,675
7988,675
7989,675
7990,675
7991,675
7992,675
7993,675
7994,675
7995,675
7996,675
7997,675
7998,675
7999,675
8000,675
8001,675
8002,675
8003,675
8004,675
8005,675
8006,675
8007,675
8008,675
8009,675
8010,675
8011,675
8012,675
8013,675
8014,675
8015,675
8016,675
8017,675
8018,675
8019,675
8020,675
8021,675
8022,675
8023,675
8024,675
8025,675
8026,675
8027,675
8028,675
8029,675
8030,675
8031,675
8032,675
8033,675
8034,675
8035,675
8036,675
8037,675
8038,675
8039,675
8040,675
8041,675
8042,675
8043,675
8044,675
8045,675
8046,675
8047,675
8048,675
8049,675
8050,675
8051,675
8052,675
8053,675
8054,625
8055,675
8056,675
8057,675
8058,675
8059,675
8060,675
8061,675
8062,675
8063,675
8064,675
8065,675
8066,675
8067,675
8068,675
8069,675
8070,675
8071,675
8072,675
8073,675
8074,675
8075,675
8076,675
8077,675
8078,675
8079,675
8080,675
8081,675
8082,673
8083,675
8084,675
8085,675
8086,675
8087,675
8088,675
8089,675
8090,625
8091,675
8092,675
8093,675
8094,675
8095,675
8096,675
8097,675
8098,625
8099,675
8100,675
8101,675
8102,675
8103,675
8104,675
8105,675
8106,675
8107,675
8108,675
8109,675
8110,675
8111,675
8112,675
8113,675
8114,675
8115,675
8116,675
8117,675
8118,675
8119,675
8120,675
8121,675
8122,675
8123,675
8124,675
8125,675
8126,675
8127,675
8128,675
8129,675
8130,675
8131,675
8132,675
8133,675
8134,675
8135,675
8136,675
8137,675
8138,675
8139,625
8140,675
8141,675
8142,675
8143,675
8144,675
8145,675
8146,675
8147,675
8148,675
8149,675
8150,675
8151,675
8152,675
8153,675
8154,675
8155,675
8156,675
8157,675
8158,675
8159,675
8160,675
8161,675
8162,675
8163,675
8164,675
8165,675
8166,675
8167,675
8168,675
8169,675
8170,675
8171,675
8172,675
8173,675
8174,675
8175,675
8176,675
8177,675
8178,675
8179,675
8180,675
8181,675
8182,675
8183,675
8184,675
8185,675
8186,675
8187,675
8188,675
8189,675
8190,675
8191,675
8192,675
8193,675
8194,675
8195,675
8196,675
8197,675
8198,675
8199,675
8200,675
8201,675
8202,-75
8203,675
8204,675
8205,675
8206,675
8207,675
8208,675
8209,675
8210,675
8211,675
8212,675
8213,675
8214,675
8215,675
8216,675
8217,675
8218,675
8219,675
8220,675
8221,675
8222,675
8223,675
8224,675
8225,675
8226,675
8227,675
8228,675
8229,675
8230,675
8231,675
8232,675
8233,675
8234,675
8235,675
8236,675
8237,675
8238,675
8239,675
8240,675
8241,675
8242,675
8243,675
8244,675
8245,675
8246,675
8247,675
8248,675
8249,675
8250,675
8251,675
8252,675
8253,675
8254,675
8255,675
8256,675
8257,675
8258,675
8259,675
8260,675
8261,625
8262,675
8263,675
8264,625
8265,675
8266,675
8267,675
8268,675
8269,675
8270,675
8271,675
8272,675
8273,675
8274,675
8275,675
8276,675
8277,675
8278,675
8279,-75
8280,675
8281,675
8282,675
8283,675
8284,675
8285,675
8286,675
8287,675
8288,675
8289,675
8290,675
8291,675
8292,675
8293,675
8294,675
8295,675
8296,675
8297,675
8298,675
8299,675
8300,675
8301,675
8302,675
8303,675
8304,675
8305,675
8306,675
8307,675
8308,675
8309,675
8310,675
8311,675
8312,675
8313,675
8314,675
8315,675
8316,675
8317,675
8318,675
8319,675
8320,675
8321,675
8322,675
8323,675
8324,675
8325,675
8326,675
8327,675
8328,675
8329,675
8330,675
8331,675
8332,675
8333,675
8334,675
8335,675
8336,675
8337,675
8338,675
8339,675
8340,675
8341,675
8342,675
8343,675
8344,675
8345,675
8346,675
8347,625
8348,675
8349,675
8350,675
8351,675
8352,675
8353,675
8354,675
8355,675
8356,675
8357,675
8358,675
8359,675
8360,675
8361,675
8362,675
8363,675
8364,675
8365,425
8366,675
8367,675
8368,675
8369,675
8370,625
8371,675
8372,625
8373,675
8374,675
8375,625
8376,675
8377,675
8378,675
8379,675
8380,675
8381,675
8382,675
8383,675
8384,675
8385,675
8386,675
8387,675
8388,675
8389,675
8390,675
8391,675
8392,675
8393,675
8394,675
8395,675
8396,675
8397,675
8398,675
8399,675
8400,675
8401,675
8402,675
8403,675
8404,625
8405,675
8406,675
8407,675
8408,675
8409,675
8410,675
8411,675
8412,675
8413,675
8414,675
8415,675
8416,675
8417,675
8418,675
8419,675
8420,675
8421,675
8422,675
8423,675
8424,675
8425,675
8426,675
8427,675
8428,675
8429,675
8430,675
8431,675
8432,673
8433,675
8434,675
8435,675
8436,675
8437,675
8438,675
8439,675
8440,675
8441,675
8442,675
8443,675
8444,675
8445,675
8446,675
8447,675
8448,675
8449,675
8450,675
8451,675
8452,675
8453,675
8454,675
8455,675
8456,675
8457,675
8458,675
8459,675
8460,675
8461,675
8462,675
8463,-75
8464,675
8465,675
8466,675
8467,675
8468,675
8469,675
8470,675
8471,675
8472,675
8473,675
8474,675
8475,675
8476,675
8477,675
8478,675
8479,675
8480,675
8481,675
8482,675
8483,675
8484,675
8485,675
8486,675
8487,675
8488,675
8489,675
8490,675
8491,675
8492,675
8493,675
8494,675
8495,675
8496,675
8497,675
8498,675
8499,675
8500,675
8501,675
8502,675
8503,675
8504,675
8505,675
8506,675
8507,675
8508,675
8509,675
8510,675
8511,675
8512,675
8513,675
8514,675
8515,675
8516,675
8517,675
8518,675
8519,675
8520,675
8521,675
8522,675
8523,675
8524,675
8525,675
8526,675
8527,675
8528,675
8529,675
8530,675
8531,675
8532,675
8533,675
8534,675
8535,625
8536,675
8537,675
8538,675
8539,675
8540,675
8541,675
8542,675
8543,675
8544,675
8545,675
8546,675
8547,675
8548,675
8549,675
8550,675
8551,675
8552,675
8553,675
8554,675
8555,675
8556,675
8557,675
8558,625
8559,675
8560,675
8561,675
8562,675
8563,675
8564,675
8565,675
8566,675
8567,675
8568,675
8569,675
8570,675
8571,625
8572,675
8573,675
8574,675
8575,675
8576,675
8577,675
8578,675
8579,675
8580,675
8581,675
8582,675
8583,675
8584,675
8585,675
8586,675
8587,675
8588,675
8589,675
8590,675
8591,675
8592,675
8593,675
8594,675
8595,675
8596,675
8597,675
8598,675
8599,675
8600,675
8601,675
8602,675
8603,675
8604,675
8605,675
8606,675
8607,675
8608,675
8609,675
8610,675
8611,675
8612,675
8613,675
8614,675
8615,425
8616,675
8617,675
8618,675
8619,675
8620,675
8621,675
8622,675
8623,675
8624,675
8625,675
8626,675
8627,675
8628,675
8629,675
8630,675
8631,675
8632,675
8633,675
8634,675
8635,675
8636,675
8637,675
8638,675
8639,675
8640,675
8641,675
8642,675
8643,675
8644,675
8645,675
8646,675
8647,675
8648,675
8649,675
8650,675
8651,675
8652,675
8653,675
8654,675
8655,675
8656,675
8657,625
8658,675
8659,675
8660,675
8661,675
8662,675
8663,675
8664,675
8665,675
8666,673
8667,675
8668,575
8669,675
8670,675
8671,675
8672,675
8673,675
8674,675
8675,675
8676,675
8677,673
8678,675
8679,675
8680,625
8681,675
8682,675
8683,675
8684,675
8685,675
8686,675
8687,675
8688,675
8689,675
8690,675
8691,675
8692,675
8693,675
8694,675
8695,675
8696,675
8697,675
8698,675
8699,675
8700,675
8701,675
8702,675
8703,675
8704,675
8705,675
8706,675
8707,675
8708,675
8709,675
8710,675
8711,675
8712,675
8713,675
8714,675
8715,675
8716,675
8717,675
8718,675
8719,675
8720,675
8721,675
8722,675
8723,675
8724,675
8725,675
8726,675
8727,673
8728,675
8729,675
8730,675
8731,675
8732,675
8733,675
8734,675
8735,675
8736,675
8737,675
8738,675
8739,675
8740,675
8741,675
8742,675
8743,625
8744,675
8745,675
8746,675
8747,675
8748,675
8749,675
8750,675
8751,675
8752,675
8753,675
8754,675
8755,675
8756,675
8757,675
8758,675
8759,675
8760,675
8761,675
8762,675
8763,675
8764,675
8765,675
8766,675
8767,675
8768,675
8769,675
8770,675
8771,675
8772,675
8773,675
8774,675
8775,675
8776,675
8777,675
8778,675
8779,675
8780,675
8781,675
8782,675
8783,675
8784,675
8785,675
8786,675
8787,675
8788,675
8789,675
8790,675
8791,675
8792,675
8793,675
8794,675
8795,675
8796,675
8797,675
8798,675
8799,675
8800,675
8801,675
8802,675
8803,675
8804,675
8805,675
8806,675
8807,675
8808,675
8809,675
8810,675
8811,675
8812,675
8813,675
8814,675
8815,675
8816,675
8817,675
8818,675
8819,675
8820,675
8821,675
8822,675
8823,675
8824,675
8825,675
8826,675
8827,675
8828,675
8829,675
8830,675
8831,625
8832,675
8833,675
8834,675
8835,675
8836,675
8837,675
8838,675
8839,675
8840,675
8841,675
8842,675
8843,675
8844,675
8845,675
8846,675
8847,675
8848,675
8849,675
8850,675
8851,675
8852,675
8853,675
8854,675
8855,675
8856,675
8857,675
8858,675
8859,675
8860,675
8861,675
8862,675
8863,675
8864,675
8865,675
8866,675
8867,675
8868,675
8869,675
8870,675
8871,675
8872,675
8873,675
8874,675
8875,675
8876,675
8877,675
8878,675
8879,675
8880,675
8881,675
8882,675
8883,675
8884,675
8885,675
8886,675
8887,675
8888,673
8889,675
8890,675
8891,675
8892,675
8893,675
8894,675
8895,675
8896,675
8897,675
8898,675
8899,675
8900,675
8901,675
8902,675
8903,675
8904,675
8905,675
8906,625
8907,675
8908,675
8909,675
8910,625
8911,675
8912,675
8913,675
8914,675
8915,675
8916,675
8917,675
8918,675
8919,675
8920,675
8921,675
8922,675
8923,675
8924,675
8925,675
8926,675
8927,675
8928,675
8929,675
8930,675
8931,675
8932,675
8933,675
8934,675
8935,675
8936,675
8937,675
8938,675
8939,675
8940,675
8941,675
8942,675
8943,675
8944,675
8945,675
8946,675
8947,675
8948,675
8949,675
8950,675
8951,675
8952,675
8953,675
8954,675
8955,675
8956,675
8957,675
8958,675
8959,675
8960,675
8961,675
8962,675
8963,675
8964,675
8965,675
8966,675
8967,675
8968,675
8969,675
8970,675
8971,675
8972,675
8973,675
8974,675
8975,675
8976,675
8977,675
8978,675
8979,675
8980,675
8981,675
8982,675
8983,675
8984,675
8985,675
8986,675
8987,675
8988,675
8989,675
8990,675
8991,675
8992,675
8993,675
8994,675
8995,675
8996,675
8997,675
8998,675
8999,675
9000,675
9001,675
9002,675
9003,675
9004,675
9005,675
9006,675
9007,675
9008,675
9009,675
9010,675
9011,675
9012,675
9013,675
9014,675
9015,675
9016,675
9017,675
9018,675
9019,675
9020,675
9021,675
9022,675
9023,675
9024,675
9025,675
9026,675
9027,675
9028,675
9029,675
9030,675
9031,675
9032,675
9033,675
9034,675
9035,675
9036,675
9037,675
9038,675
9039,675
9040,675
9041,675
9042,675
9043,675
9044,675
9045,675
9046,675
9047,675
9048,675
9049,675
9050,675
9051,675
9052,675
9053,675
9054,625
9055,675
9056,675
9057,675
9058,675
9059,675
9060,675
9061,675
9062,675
9063,675
9064,675
9065,675
9066,675
9067,675
9068,675
9069,675
9070,675
9071,675
9072,675
9073,675
9074,673
9075,675
9076,675
9077,675
9078,675
9079,675
9080,625
9081,675
9082,675
9083,675
9084,675
9085,675
9086,675
9087,675
9088,675
9089,675
9090,675
9091,675
9092,675
9093,675
9094,625
9095,675
9096,675
9097,675
9098,675
9099,675
9100,675
9101,675
9102,675
9103,675
9104,675
9105,673
9106,675
9107,675
9108,675
9109,675
9110,675
9111,675
9112,675
9113,675
9114,675
9115,675
9116,675
9117,675
9118,675
9119,675
9120,675
9121,673
9122,675
9123,675
9124,675
9125,675
9126,675
9127,675
9128,675
9129,675
9130,675
9131,675
9132,675
9133,675
9134,675
9135,675
9136,675
9137,675
9138,675
9139,675
9140,675
9141,675
9142,675
9143,675
9144,675
9145,675
9146,675
9147,675
9148,673
9149,675
9150,675
9151,675
9152,675
9153,675
9154,675
9155,675
9156,675
9157,675
9158,675
9159,675
9160,675
9161,675
9162,675
9163,675
9164,675
9165,625
9166,675
9167,675
9168,675
9169,675
9170,675
9171,675
9172,675
9173,675
9174,675
9175,675
9176,675
9177,675
9178,675
9179,675
9180,675
9181,675
9182,625
9183,675
9184,675
9185,675
9186,675
9187,675
9188,675
9189,675
9190,-125
9191,675
9192,675
9193,675
9194,675
9195,675
9196,675
9197,675
9198,675
9199,675
9200,675
9201,675
9202,675
9203,675
9204,625
9205,675
9206,675
9207,625
9208,675
9209,675
9210,675
9211,675
9212,675
9213,675
9214,675
9215,675
9216,675
9217,675
9218,675
9219,675
9220,675
9221,675
9222,675
9223,675
9224,675
9225,675
9226,675
9227,675
9228,675
9229,675
9230,675
9231,675
9232,625
9233,675
9234,675
9235,675
9236,675
9237,675
9238,675
9239,675
9240,675
9241,675
9242,675
9243,675
9244,623
9245,675
9246,675
9247,675
9248,675
9249,675
9250,675
9251,673
9252,675
9253,675
9254,675
9255,675
9256,675
9257,675
9258,675
9259,675
9260,675
9261,675
9262,675
9263,675
9264,675
9265,675
9266,675
9267,675
9268,675
9269,675
9270,675
9271,625
9272,675
9273,675
9274,675
9275,675
9276,675
9277,675
9278,675
9279,675
9280,675
9281,675
9282,675
9283,675
9284,675
9285,675
9286,675
9287,675
9288,675
9289,675
9290,675
9291,675
9292,675
9293,675
9294,675
9295,675
9296,675
9297,675
9298,675
9299,675
9300,675
9301,675
9302,625
9303,675
9304,675
9305,675
9306,675
9307,625
9308,675
9309,675
9310,675
9311,675
9312,675
9313,675
9314,675
9315,675
9316,675
9317,675
9318,675
9319,675
9320,675
9321,675
9322,675
9323,675
9324,675
9325,675
9326,673
9327,675
9328,675
9329,675
9330,675
9331,675
9332,675
9333,675
9334,675
9335,675
9336,675
9337,675
9338,675
9339,675
9340,675
9341,675
9342,675
9343,675
9344,675
9345,675
9346,675
9347,675
9348,675
9349,675
9350,675
9351,675
9352,675
9353,675
9354,675
9355,675
9356,675
9357,675
9358,675
9359,675
9360,675
9361,675
9362,675
9363,675
9364,675
9365,675
9366,675
9367,675
9368,675
9369,675
9370,675
9371,675
9372,675
9373,675
9374,675
9375,675
9376,675
9377,675
9378,675
9379,675
9380,675
9381,675
9382,675
9383,675
9384,675
9385,675
9386,675
9387,675
9388,675
9389,675
9390,675
9391,675
9392,675
9393,675
9394,675
9395,675
9396,675
9397,675
9398,675
9399,675
9400,675
9401,675
9402,675
9403,675
9404,675
9405,675
9406,675
9407,675
9408,675
9409,675
9410,675
9411,675
9412,675
9413,675
9414,675
9415,675
9416,675
9417,675
9418,675
9419,675
9420,675
9421,675
9422,675
9423,675
9424,675
9425,675
9426,-125
9427,675
9428,675
9429,675
9430,675
9431,675
9432,675
9433,675
9434,675
9435,675
9436,675
9437,675
9438,675
9439,675
9440,625
9441,675
9442,675
9443,675
9444,675
9445,675
9446,675
9447,675
9448,675
9449,675
9450,675
9451,675
9452,675
9453,675
9454,675
9455,675
9456,675
9457,675
9458,675
9459,675
9460,673
9461,675
9462,675
9463,675
9464,675
9465,675
9466,675
9467,675
9468,675
9469,675
9470,675
9471,675
9472,675
9473,675
9474,675
9475,675
9476,675
9477,675
9478,675
9479,675
9480,675
9481,675
9482,675
9483,675
9484,675
9485,675
9486,675
9487,675
9488,675
9489,675
9490,675
9491,675
9492,675
9493,675
9494,675
9495,675
9496,675
9497,675
9498,675
9499,675
9500,675
9501,675
9502,675
9503,675
9504,675
9505,675
9506,675
9507,675
9508,675
9509,675
9510,675
9511,675
9512,675
9513,675
9514,673
9515,675
9516,675
9517,675
9518,675
9519,675
9520,675
9521,675
9522,675
9523,675
9524,675
9525,675
9526,675
9527,675
9528,675
9529,675
9530,675
9531,675
9532,675
9533,675
9534,675
9535,675
9536,675
9537,675
9538,675
9539,675
9540,675
9541,675
9542,675
9543,675
9544,675
9545,675
9546,675
9547,675
9548,675
9549,675
9550,675
9551,675
9552,675
9553,625
9554,675
9555,675
9556,675
9557,675
9558,675
9559,675
9560,675
9561,675
9562,675
9563,675
9564,675
9565,675
9566,675
9567,675
9568,675
9569,675
9570,675
9571,675
9572,675
9573,675
9574,675
9575,675
9576,675
9577,675
9578,675
9579,675
9580,675
9581,675
9582,675
9583,675
9584,675
9585,675
9586,675
9587,675
9588,675
9589,675
9590,675
9591,675
9592,675
9593,675
9594,675
9595,675
9596,675
9597,675
9598,675
9599,675
9600,675
9601,675
9602,675
9603,675
9604,675
9605,675
9606,675
9607,675
9608,675
9609,675
9610,675
9611,675
9612,675
9613,675
9614,675
9615,675
9616,675
9617,675
9618,675
9619,675
9620,675
9621,675
9622,673
9623,675
9624,675
9625,675
9626,675
9627,675
9628,675
9629,675
9630,675
9631,675
9632,675
9633,675
9634,675
9635,675
9636,675
9637,675
9638,675
9639,675
9640,675
9641,675
9642,675
9643,675
9644,675
9645,675
9646,675
9647,675
9648,675
9649,675
9650,675
9651,675
9652,675
9653,675
9654,675
9655,675
9656,675
9657,675
9658,675
9659,675
9660,675
9661,675
9662,675
9663,675
9664,675
9665,675
9666,625
9667,675
9668,675
9669,675
9670,675
9671,675
9672,675
9673,675
9674,675
9675,675
9676,675
9677,675
9678,675
9679,675
9680,675
9681,675
9682,675
9683,675
9684,675
9685,675
9686,675
9687,625
9688,675
9689,675
9690,675
9691,675
9692,675
9693,675
9694,675
9695,675
9696,675
9697,675
9698,675
9699,675
9700,675
9701,675
9702,675
9703,675
9704,675
9705,675
9706,675
9707,675
9708,675
9709,675
9710,675
9711,675
9712,675
9713,675
9714,675
9715,675
9716,675
9717,625
9718,675
9719,675
9720,675
9721,675
9722,675
9723,675
9724,675
9725,675
9726,675
9727,675
9728,675
9729,675
9730,675
9731,675
9732,675
9733,675
9734,675
9735,675
9736,675
9737,675
9738,675
9739,675
9740,675
9741,675
9742,675
9743,675
9744,675
9745,675
9746,675
9747,675
9748,675
9749,675
9750,675
9751,675
9752,675
9753,675
9754,675
9755,675
9756,675
9757,675
9758,675
9759,675
9760,675
9761,675
9762,675
9763,625
9764,675
9765,675
9766,675
9767,675
9768,675
9769,675
9770,673
9771,675
9772,675
9773,675
9774,675
9775,675
9776,675
9777,675
9778,675
9779,675
9780,675
9781,675
9782,675
9783,675
9784,675
9785,675
9786,675
9787,675
9788,675
9789,675
9790,675
9791,675
9792,675
9793,675
9794,675
9795,675
9796,675
9797,675
9798,675
9799,675
9800,675
9801,675
9802,675
9803,675
9804,675
9805,675
9806,675
9807,675
9808,675
9809,675
9810,675
9811,675
9812,675
9813,675
9814,675
9815,675
9816,675
9817,675
9818,675
9819,675
9820,625
9821,675
9822,675
9823,675
9824,675
9825,675
9826,675
9827,675
9828,675
9829,625
9830,675
9831,675
9832,675
9833,675
9834,675
9835,675
9836,675
9837,675
9838,675
9839,675
9840,675
9841,675
9842,675
9843,675
9844,675
9845,675
9846,675
9847,675
9848,675
9849,675
9850,675
9851,675
9852,675
9853,675
9854,675
9855,675
9856,675
9857,675
9858,673
9859,675
9860,675
9861,675
9862,675
9863,675
9864,675
9865,675
9866,675
9867,675
9868,675
9869,675
9870,625
9871,675
9872,675
9873,675
9874,675
9875,675
9876,675
9877,675
9878,675
9879,675
9880,675
9881,675
9882,675
9883,675
9884,675
9885,675
9886,675
9887,675
9888,675
9889,675
9890,675
9891,675
9892,675
9893,675
9894,675
9895,675
9896,675
9897,675
9898,675
9899,675
9900,675
9901,675
9902,675
9903,675
9904,675
9905,675
9906,675
9907,675
9908,675
9909,675
9910,675
9911,675
9912,675
9913,675
9914,675
9915,675
9916,675
9917,675
9918,675
9919,675
9920,675
9921,675
9922,625
9923,675
9924,675
9925,675
9926,675
9927,675
9928,675
9929,675
9930,675
9931,675
9932,675
9933,673
9934,675
9935,675
9936,675
9937,675
9938,675
9939,675
9940,675
9941,675
9942,675
9943,675
9944,675
9945,675
9946,675
9947,675
9948,675
9949,675
9950,675
9951,673
9952,675
9953,675
9954,675
9955,675
9956,675
9957,675
9958,675
9959,675
9960,675
9961,675
9962,675
9963,675
9964,675
9965,675
9966,675
9967,675
9968,675
9969,675
9970,675
9971,675
9972,675
9973,675
9974,675
9975,675
9976,675
9977,675
9978,675
9979,675
9980,675
9981,675
9982,675
9983,675
9984,675
9985,675
9986,675
9987,675
9988,675
9989,675
9990,675
9991,675
9992,675
9993,675
9994,675
9995,675
9996,675
9997,675
9998,675
9999,675
[[(4, 4), 2, -25], [(4, 3), 0, 50], [(3, 3), 2, 50], [(3, 2), 2, 250], [(3, 1), 0, 250], [(2, 1), 0, -25], [(1, 1), 2, -25], [(1, 0), 0, 150]]