0,-8217
1,-125
2,-125
3,-125
4,-125
5,-125
6,-125
7,-125
8,-125
9,-125
10,-125
11,-125
12,-125
13,-125
14,-125
15,-125
16,-125
17,-125
18,-125
19,-125
20,-125
21,-125
22,-125
23,-125
24,-127
25,-125
26,-125
27,-125
28,-125
29,-125
30,-125
31,-125
32,-125
33,-127
34,-125
35,-125
36,-125
37,-125
38,-125
39,-125
40,-125
41,-125
42,-125
43,-125
44,-125
45,-125
46,-125
47,-125
48,-125
49,-125
50,-125
51,-125
52,-125
53,-125
54,-125
55,-125
56,-125
57,-125
58,-125
59,-125
60,-125
61,-125
62,-125
63,-125
64,-175
65,-125
66,-125
67,-125
68,-125
69,-125
70,-75
71,-125
72,-75
73,-125
74,-125
75,-125
76,-125
77,-125
78,-125
79,-125
80,-125
81,-125
82,-125
83,-125
84,-125
85,-125
86,-125
87,-125
88,-125
89,-125
90,-125
91,-125
92,-125
93,-125
94,-125
95,-125
96,-175
97,-125
98,-125
99,-125
100,-125
101,-125
102,-125
103,-125
104,-125
105,-125
106,-125
107,-125
108,-125
109,-125
110,-125
111,-127
112,-125
113,-127
114,-125
115,-125
116,-125
117,-125
118,-125
119,-125
120,-125
121,-125
122,-125
123,-125
124,-125
125,-125
126,-127
127,-125
128,-125
129,-125
130,-125
131,-125
132,-125
133,-125
134,-127
135,-125
136,-125
137,-125
138,-125
139,-125
140,-125
141,-125
142,-125
143,-125
144,-125
145,-125
146,-125
147,-125
148,-127
149,-125
150,-125
151,-127
152,-125
153,-125
154,-125
155,-125
156,-125
157,-125
158,-125
159,-125
160,-125
161,-125
162,-125
163,-125
164,-125
165,-125
166,-125
167,-125
168,-125
169,-175
170,-125
171,-125
172,-125
173,-125
174,-175
175,-125
176,-125
177,-125
178,-125
179,-125
180,-125
181,-25
182,-125
183,-125
184,-125
185,-125
186,-125
187,-125
188,-75
189,-175
190,-125
191,-125
192,-125
193,-125
194,-125
195,-125
196,-125
197,-175
198,-125
199,-125
200,-125
201,-125
202,-125
203,-125
204,-125
205,-125
206,-125
207,-125
208,-125
209,-125
210,-125
211,-125
212,-125
213,-125
214,-125
215,-125
216,-125
217,-125
218,-125
219,-125
220,-125
221,-125
222,-125
223,-125
224,-125
225,-125
226,-125
227,-125
228,-125
229,-127
230,-125
231,-125
232,-125
233,-125
234,-25
235,-125
236,-125
237,-125
238,-125
239,-125
240,-125
241,-125
242,-125
243,-125
244,-125
245,-125
246,-125
247,-177
248,-125
249,-125
250,-125
251,-125
252,-125
253,-125
254,-125
255,-125
256,-125
257,-125
258,-125
259,-125
260,-125
261,-125
262,-125
263,-125
264,-125
265,-125
266,-125
267,-127
268,-125
269,-125
270,-125
271,-125
272,-125
273,-125
274,-125
275,-125
276,-175
277,-125
278,-125
279,-125
280,-125
281,-125
282,-125
283,-125
284,-125
285,-125
286,-125
287,-125
288,-125
289,-175
290,-125
291,-125
292,-125
293,-125
294,-125
295,-125
296,-125
297,-125
298,-125
299,-125
300,-125
301,-125
302,-125
303,-125
304,-125
305,-125
306,-127
307,-125
308,-125
309,-125
310,-125
311,-125
312,-125
313,-125
314,-125
315,-125
316,-125
317,-125
318,-125
319,-125
320,-125
321,-125
322,-125
323,-125
324,-125
325,-125
326,-125
327,-125
328,-125
329,-125
330,-125
331,-125
332,-125
333,-125
334,-175
335,-125
336,-125
337,-125
338,-125
339,-125
340,-175
341,-125
342,-125
343,-125
344,-125
345,-125
346,-125
347,-127
348,-125
349,-125
350,-125
351,-125
352,-125
353,-125
354,-125
355,-125
356,-125
357,-125
358,-125
359,-125
360,-125
361,-125
362,-125
363,-125
364,-125
365,-125
366,-125
367,-125
368,-125
369,-125
370,-125
371,-125
372,-125
373,-125
374,-125
375,-125
376,-125
377,-125
378,-125
379,-125
380,-125
381,-125
382,-125
383,-125
384,-125
385,-125
386,-125
387,-125
388,-125
389,-125
390,-125
391,-125
392,-125
393,-125
394,-125
395,-125
396,-125
397,-125
398,-125
399,-127
400,-125
401,-125
402,-125
403,-125
404,-125
405,-125
406,-125
407,-125
408,-125
409,-125
410,-125
411,-125
412,-125
413,-125
414,-125
415,-125
416,-125
417,-125
418,-125
419,-125
420,-125
421,-125
422,-125
423,-125
424,-125
425,-25
426,-125
427,-125
428,-125
429,-125
430,-125
431,-125
432,-125
433,-125
434,-125
435,-125
436,-125
437,-125
438,-127
439,-125
440,-125
441,-125
442,-125
443,-125
444,-125
445,-125
446,-125
447,-125
448,-125
449,-125
450,-125
451,-125
452,-125
453,-125
454,-125
455,-125
456,-125
457,-125
458,-125
459,-125
460,-125
461,-125
462,-125
463,-125
464,-125
465,-125
466,-125
467,-125
468,-125
469,-125
470,-125
471,-125
472,-125
473,-125
474,-125
475,-125
476,-125
477,-125
478,-125
479,-125
480,-125
481,-125
482,-125
483,-125
484,-125
485,-125
486,-125
487,-125
488,-125
489,-125
490,-125
491,-125
492,-125
493,-125
494,-125
495,-125
496,-175
497,-125
498,-125
499,-125
500,-125
501,-125
502,-125
503,-125
504,-125
505,-125
506,-125
507,-125
508,-125
509,-125
510,-125
511,-125
512,-125
513,-125
514,-125
515,-125
516,-125
517,-125
518,-125
519,-125
520,-125
521,-125
522,-125
523,-125
524,-125
525,-125
526,-125
527,-125
528,-125
529,-125
530,-125
531,-125
532,-125
533,-125
534,-125
535,-125
536,-125
537,-125
538,-25
539,-125
540,-125
541,-125
542,-125
543,-125
544,-125
545,-125
546,-125
547,-125
548,-125
549,-125
550,-125
551,-125
552,-125
553,-125
554,-125
555,-125
556,-125
557,-125
558,-125
559,-125
560,-125
561,-125
562,-125
563,-125
564,-125
565,-125
566,-125
567,-125
568,-125
569,-125
570,-125
571,-125
572,-125
573,-125
574,-125
575,-125
576,-125
577,-125
578,-125
579,-125
580,-125
581,-125
582,-125
583,-125
584,-125
585,-125
586,-125
587,-125
588,-125
589,-125
590,-125
591,-125
592,-125
593,-125
594,-125
595,-125
596,-125
597,-125
598,-125
599,-125
600,-125
601,-125
602,-125
603,-125
604,-125
605,-125
606,-125
607,-125
608,-275
609,-125
610,-125
611,-125
612,-125
613,-127
614,-125
615,-125
616,-125
617,-125
618,-125
619,-125
620,-125
621,-125
622,-125
623,-125
624,-125
625,-125
626,-125
627,-125
628,-125
629,-125
630,-125
631,-125
632,-125
633,-125
634,-125
635,-125
636,-125
637,-125
638,-125
639,-125
640,-125
641,-175
642,-125
643,-125
644,-125
645,-125
646,-125
647,-125
648,-125
649,-125
650,-125
651,-125
652,-125
653,-125
654,-125
655,-125
656,-125
657,-125
658,-125
659,-125
660,-125
661,-125
662,-125
663,-125
664,-125
665,-125
666,-125
667,-125
668,-125
669,-125
670,-125
671,-125
672,-125
673,-125
674,-125
675,-127
676,-125
677,-125
678,-125
679,-125
680,-125
681,-125
682,-125
683,-125
684,-125
685,-125
686,-125
687,-125
688,-125
689,-125
690,-125
691,-125
692,-125
693,-125
694,-125
695,-125
696,-125
697,-125
698,-125
699,-125
700,-125
701,-125
702,-125
703,-125
704,-125
705,-125
706,-125
707,-125
708,-125
709,-125
710,-125
711,-125
712,-125
713,-125
714,-125
715,-125
716,-125
717,-125
718,-125
719,-125
720,-125
721,-125
722,-125
723,-125
724,-125
725,-125
726,-125
727,-125
728,-125
729,-125
730,-125
731,-125
732,-125
733,-75
734,-125
735,-125
736,-125
737,-125
738,-125
739,-125
740,-125
741,-125
742,-125
743,-125
744,-125
745,-125
746,-125
747,-125
748,-125
749,-125
750,-125
751,-125
752,-125
753,-125
754,-125
755,-125
756,-125
757,-125
758,-125
759,-125
760,-125
761,-125
762,-125
763,-125
764,-125
765,-125
766,-125
767,-125
768,-125
769,-125
770,-125
771,-125
772,-125
773,-125
774,-125
775,-125
776,-125
777,-125
778,-125
779,-125
780,-125
781,-125
782,-125
783,-125
784,-125
785,-125
786,-175
787,-125
788,-125
789,-125
790,-127
791,-125
792,-125
793,-125
794,-125
795,-125
796,-125
797,-125
798,-125
799,-125
800,-125
801,-125
802,-125
803,-125
804,-125
805,-125
806,-125
807,-125
808,-125
809,-125
810,-125
811,-125
812,-125
813,-125
814,-125
815,-125
816,-125
817,-125
818,-125
819,-125
820,-125
821,-175
822,-125
823,-125
824,-125
825,-125
826,-125
827,-125
828,-125
829,-125
830,-125
831,-125
832,-125
833,-125
834,-125
835,-127
836,-125
837,-125
838,-125
839,-125
840,-125
841,-125
842,-125
843,-125
844,-125
845,-125
846,-125
847,-125
848,-125
849,-125
850,-125
851,-125
852,-125
853,-125
854,-175
855,-125
856,-125
857,-125
858,-125
859,-125
860,-125
861,-125
862,-125
863,-125
864,-127
865,-125
866,-125
867,-125
868,-125
869,-125
870,-125
871,-125
872,-125
873,-125
874,-125
875,-125
876,-125
877,-125
878,-125
879,-125
880,-125
881,-125
882,-125
883,-125
884,-125
885,-125
886,-125
887,-125
888,-125
889,-125
890,-125
891,-125
892,-125
893,-125
894,-125
895,-125
896,-125
897,-125
898,-125
899,-125
900,-175
901,-125
902,-125
903,-125
904,-125
905,-125
906,-125
907,-125
908,-125
909,-125
910,-125
911,-125
912,-125
913,-125
914,-125
915,-125
916,-75
917,-125
918,-125
919,-125
920,-125
921,-125
922,-125
923,-125
924,-125
925,-125
926,-125
927,-125
928,-125
929,-125
930,-125
931,-125
932,-125
933,-125
934,-175
935,-125
936,-125
937,-125
938,-125
939,-125
940,-125
941,-125
942,-125
943,-125
944,-125
945,-125
946,-125
947,-125
948,-125
949,-175
950,-125
951,-125
952,-125
953,-125
954,-125
955,-125
956,-125
957,-125
958,-125
959,-125
960,-125
961,-125
962,-125
963,-125
964,-125
965,-125
966,-125
967,-125
968,-125
969,-125
970,-125
971,-125
972,-125
973,-125
974,-125
975,-125
976,-125
977,-125
978,-125
979,-125
980,-175
981,-125
982,-125
983,-125
984,-125
985,-125
986,-125
987,-125
988,-125
989,-125
990,-125
991,-125
992,-175
993,-125
994,-125
995,-125
996,-125
997,-125
998,-125
999,-125
1000,-125
1001,-125
1002,-125
1003,-125
1004,-125
1005,-125
1006,-125
1007,-125
1008,-125
1009,-125
1010,-125
1011,-125
1012,-125
1013,-125
1014,-125
1015,-125
1016,-125
1017,-125
1018,-125
1019,-125
1020,-125
1021,-125
1022,-125
1023,-125
1024,-125
1025,-125
1026,-125
1027,-175
1028,-125
1029,-125
1030,-125
1031,-175
1032,-125
1033,-125
1034,-125
1035,-125
1036,-125
1037,-125
1038,-125
1039,-125
1040,-125
1041,-125
1042,-125
1043,-125
1044,-125
1045,-125
1046,-125
1047,-125
1048,-125
1049,-125
1050,-125
1051,-125
1052,-125
1053,-125
1054,-125
1055,-125
1056,-125
1057,-125
1058,-125
1059,-125
1060,-125
1061,-125
1062,-125
1063,-125
1064,-125
1065,-125
1066,-125
1067,-125
1068,-125
1069,-125
1070,-125
1071,-125
1072,-125
1073,-125
1074,-125
1075,-125
1076,-125
1077,-125
1078,-125
1079,-125
1080,-125
1081,-225
1082,-175
1083,-125
1084,-125
1085,-125
1086,-125
1087,-125
1088,-125
1089,-125
1090,-125
1091,-125
1092,-125
1093,-125
1094,-127
1095,-125
1096,-125
1097,-125
1098,-125
1099,-175
1100,-125
1101,-125
1102,-125
1103,-125
1104,-225
1105,-125
1106,-125
1107,-125
1108,-125
1109,-125
1110,-125
1111,-125
1112,-125
1113,-125
1114,-125
1115,-125
1116,-125
1117,-125
1118,-125
1119,-125
1120,-125
1121,-175
1122,-125
1123,-125
1124,-125
1125,-125
1126,-125
1127,-125
1128,-125
1129,-125
1130,-125
1131,-125
1132,-125
1133,-125
1134,-125
1135,-125
1136,-125
1137,-125
1138,-125
1139,-125
1140,-125
1141,-125
1142,-125
1143,-125
1144,-125
1145,-125
1146,-125
1147,-125
1148,-125
1149,-125
1150,-125
1151,-125
1152,-125
1153,-125
1154,-125
1155,-125
1156,-125
1157,-125
1158,-125
1159,-125
1160,-125
1161,-125
1162,-125
1163,-125
1164,-125
1165,-125
1166,-125
1167,-125
1168,-125
1169,-125
1170,-125
1171,-125
1172,-125
1173,-125
1174,-125
1175,-125
1176,-125
1177,-125
1178,-125
1179,-125
1180,-125
1181,-125
1182,-125
1183,-125
1184,-125
1185,-125
1186,-125
1187,-125
1188,-125
1189,-125
1190,-125
1191,-125
1192,-125
1193,-225
1194,-125
1195,-125
1196,-125
1197,-125
1198,-127
1199,-125
1200,-125
1201,-125
1202,-125
1203,-125
1204,-125
1205,-125
1206,-125
1207,-125
1208,-125
1209,-125
1210,-125
1211,-125
1212,-125
1213,-125
1214,-125
1215,-125
1216,-125
1217,-125
1218,-125
1219,-125
1220,-125
1221,-125
1222,-125
1223,-125
1224,-125
1225,-125
1226,-125
1227,-125
1228,-125
1229,-125
1230,-125
1231,-125
1232,-125
1233,-125
1234,-125
1235,-125
1236,-125
1237,-175
1238,-125
1239,-175
1240,-125
1241,-175
1242,-125
1243,-175
1244,-125
1245,-127
1246,-125
1247,-125
1248,-125
1249,-125
1250,-125
1251,-125
1252,-125
1253,-125
1254,-125
1255,-125
1256,-125
1257,-125
1258,-125
1259,-125
1260,-125
1261,-125
1262,-125
1263,-125
1264,-125
1265,-125
1266,-125
1267,-125
1268,-125
1269,-125
1270,-125
1271,-125
1272,-125
1273,-125
1274,-125
1275,-125
1276,-125
1277,-125
1278,-125
1279,-125
1280,-125
1281,-127
1282,-175
1283,-125
1284,-125
1285,-125
1286,-125
1287,-125
1288,-125
1289,-125
1290,-125
1291,-125
1292,-125
1293,-125
1294,-125
1295,-125
1296,-125
1297,-125
1298,-125
1299,-125
1300,-125
1301,-125
1302,-125
1303,-127
1304,-125
1305,-125
1306,-125
1307,-127
1308,-125
1309,-125
1310,-125
1311,-125
1312,-125
1313,-125
1314,-125
1315,-125
1316,-125
1317,-125
1318,-175
1319,-125
1320,-127
1321,-125
1322,-125
1323,-125
1324,-125
1325,-125
1326,-125
1327,-125
1328,-125
1329,-125
1330,-25
1331,-125
1332,-125
1333,-125
1334,-125
1335,-125
1336,-125
1337,-125
1338,-125
1339,-125
1340,-125
1341,-125
1342,-125
1343,-175
1344,-125
1345,-125
1346,-125
1347,-125
1348,-125
1349,-125
1350,-125
1351,-125
1352,-125
1353,-125
1354,-125
1355,-175
1356,-125
1357,-125
1358,-125
1359,-125
1360,-125
1361,-125
1362,-125
1363,-125
1364,-125
1365,-125
1366,-125
1367,-125
1368,-125
1369,-125
1370,-125
1371,-125
1372,-125
1373,-125
1374,-125
1375,-125
1376,-125
1377,-125
1378,-125
1379,-125
1380,-125
1381,-125
1382,-125
1383,-125
1384,-125
1385,-125
1386,-125
1387,-125
1388,-125
1389,-125
1390,-225
1391,-125
1392,-125
1393,-125
1394,-125
1395,-125
1396,-125
1397,-125
1398,-125
1399,-125
1400,-125
1401,-125
1402,-125
1403,-125
1404,-125
1405,-125
1406,-125
1407,-125
1408,-125
1409,-125
1410,-125
1411,-125
1412,-125
1413,-125
1414,-125
1415,-125
1416,-125
1417,-125
1418,-125
1419,-125
1420,-125
1421,-125
1422,-125
1423,-125
1424,-125
1425,-125
1426,-125
1427,-125
1428,-125
1429,-125
1430,-125
1431,-125
1432,-125
1433,-125
1434,-125
1435,-125
1436,-125
1437,-125
1438,-125
1439,-125
1440,-125
1441,-125
1442,-125
1443,-125
1444,-125
1445,-125
1446,-125
1447,-125
1448,-125
1449,-125
1450,-125
1451,-125
1452,-125
1453,-125
1454,-125
1455,-25
1456,-125
1457,-125
1458,-125
1459,-125
1460,-125
1461,-125
1462,-125
1463,-125
1464,-125
1465,-125
1466,-125
1467,-125
1468,-125
1469,-125
1470,-125
1471,-125
1472,-125
1473,-125
1474,-125
1475,-125
1476,-125
1477,-125
1478,-125
1479,-175
1480,-125
1481,-125
1482,-125
1483,-125
1484,-125
1485,-125
1486,-125
1487,-125
1488,-125
1489,-125
1490,-125
1491,-125
1492,-125
1493,-125
1494,-125
1495,-125
1496,-125
1497,-125
1498,-125
1499,-125
1500,-125
1501,-125
1502,-125
1503,-125
1504,-125
1505,-125
1506,-125
1507,-125
1508,-125
1509,-125
1510,-125
1511,-125
1512,-125
1513,-125
1514,-125
1515,-125
1516,-125
1517,-125
1518,-125
1519,-125
1520,-125
1521,-125
1522,-125
1523,-125
1524,-125
1525,-125
1526,-125
1527,-125
1528,-125
1529,-75
1530,-125
1531,-125
1532,-125
1533,-125
1534,-125
1535,-125
1536,-125
1537,-125
1538,-125
1539,-125
1540,-125
1541,-125
1542,-127
1543,-125
1544,-125
1545,-125
1546,-125
1547,-125
1548,-125
1549,-125
1550,-125
1551,-125
1552,-125
1553,-125
1554,-125
1555,-125
1556,-125
1557,-125
1558,-125
1559,-125
1560,-125
1561,-125
1562,-125
1563,-125
1564,-125
1565,-125
1566,-125
1567,-125
1568,-125
1569,-125
1570,-125
1571,-125
1572,-125
1573,-125
1574,-125
1575,-125
1576,-125
1577,-125
1578,-125
1579,-125
1580,-125
1581,-125
1582,-125
1583,-125
1584,-125
1585,-125
1586,-125
1587,-175
1588,-125
1589,-127
1590,-125
1591,-125
1592,-125
1593,-125
1594,-125
1595,-125
1596,-125
1597,-125
1598,-127
1599,-125
1600,-125
1601,-125
1602,-125
1603,-125
1604,-125
1605,-125
1606,-125
1607,-125
1608,-125
1609,-125
1610,-125
1611,-125
1612,-75
1613,-125
1614,-125
1615,-125
1616,-125
1617,-175
1618,-125
1619,-125
1620,-125
1621,-125
1622,-125
1623,-125
1624,-125
1625,-125
1626,-125
1627,-125
1628,-125
1629,-125
1630,-125
1631,-125
1632,-125
1633,-125
1634,-125
1635,-125
1636,-125
1637,-125
1638,-125
1639,-125
1640,-125
1641,-125
1642,-125
1643,-125
1644,-125
1645,-175
1646,-125
1647,-125
1648,-125
1649,-125
1650,-175
1651,-125
1652,-125
1653,-125
1654,-125
1655,-125
1656,-129
1657,-125
1658,-125
1659,-125
1660,-125
1661,-125
1662,-125
1663,-125
1664,-125
1665,-125
1666,-125
1667,-125
1668,-125
1669,-125
1670,-125
1671,-125
1672,-125
1673,-125
1674,-127
1675,-125
1676,-125
1677,-125
1678,-125
1679,-125
1680,-125
1681,-125
1682,-125
1683,-125
1684,-125
1685,-125
1686,-127
1687,-125
1688,-125
1689,-125
1690,-125
1691,-125
1692,-125
1693,-125
1694,-125
1695,-125
1696,-125
1697,-125
1698,-125
1699,-125
1700,-125
1701,-125
1702,-125
1703,-125
1704,-125
1705,-125
1706,-125
1707,-125
1708,-125
1709,-125
1710,-125
1711,-125
1712,-125
1713,-125
1714,-125
1715,-175
1716,-125
1717,-127
1718,-125
1719,-125
1720,-125
1721,-125
1722,-125
1723,-125
1724,-125
1725,-125
1726,-125
1727,-125
1728,-125
1729,-125
1730,-125
1731,-125
1732,-175
1733,-125
1734,-125
1735,-127
1736,-125
1737,-125
1738,-125
1739,-125
1740,-125
1741,-125
1742,-125
1743,-125
1744,-125
1745,-125
1746,-125
1747,-125
1748,-125
1749,-125
1750,-125
1751,-125
1752,-125
1753,-125
1754,-125
1755,-125
1756,-125
1757,-125
1758,-125
1759,-125
1760,-125
1761,-125
1762,-125
1763,-125
1764,-125
1765,-125
1766,-125
1767,-125
1768,-125
1769,-125
1770,-125
1771,-225
1772,-125
1773,-125
1774,-125
1775,-125
1776,-125
1777,-125
1778,-125
1779,-125
1780,-125
1781,-125
1782,-125
1783,-127
1784,-125
1785,-125
1786,-125
1787,-175
1788,-125
1789,-125
1790,-125
1791,-125
1792,-125
1793,-125
1794,-125
1795,-125
1796,-125
1797,-125
1798,-125
1799,-125
1800,-125
1801,-225
1802,-125
1803,-125
1804,-125
1805,-125
1806,-125
1807,-125
1808,-125
1809,-125
1810,-125
1811,-125
1812,-125
1813,-125
1814,-125
1815,-125
1816,-125
1817,-125
1818,-125
1819,-125
1820,-125
1821,-127
1822,-125
1823,-125
1824,-125
1825,-125
1826,-125
1827,-125
1828,-75
1829,-125
1830,-125
1831,-125
1832,-125
1833,-125
1834,-125
1835,-125
1836,-125
1837,-125
1838,-125
1839,-125
1840,-125
1841,-125
1842,-125
1843,-125
1844,-125
1845,-125
1846,-125
1847,-125
1848,-125
1849,-125
1850,-125
1851,-125
1852,-125
1853,-125
1854,-125
1855,-175
1856,-125
1857,-125
1858,-125
1859,-125
1860,-125
1861,-125
1862,-125
1863,-125
1864,-125
1865,-125
1866,-125
1867,-125
1868,-125
1869,-125
1870,-125
1871,-125
1872,-125
1873,-125
1874,-125
1875,-125
1876,-125
1877,-125
1878,-125
1879,-125
1880,-125
1881,-125
1882,-125
1883,-125
1884,-125
1885,-125
1886,-125
1887,-125
1888,-25
1889,-125
1890,-125
1891,-125
1892,-25
1893,-125
1894,-125
1895,-125
1896,-125
1897,-125
1898,-125
1899,-125
1900,-125
1901,-125
1902,-125
1903,-125
1904,-125
1905,-125
1906,-125
1907,-125
1908,-125
1909,-125
1910,-125
1911,-125
1912,-125
1913,-125
1914,-125
1915,-125
1916,-125
1917,-125
1918,-125
1919,-125
1920,-125
1921,-125
1922,-125
1923,-125
1924,-125
1925,-125
1926,-125
1927,-125
1928,-125
1929,-125
1930,-125
1931,-125
1932,-125
1933,-125
1934,-125
1935,-125
1936,-125
1937,-125
1938,-125
1939,-125
1940,-125
1941,-125
1942,-175
1943,-125
1944,-125
1945,-125
1946,-125
1947,-125
1948,-125
1949,-125
1950,-125
1951,-125
1952,-125
1953,-125
1954,-125
1955,-125
1956,-125
1957,-125
1958,-125
1959,-125
1960,-125
1961,-125
1962,-125
1963,-125
1964,-125
1965,-125
1966,-125
1967,-125
1968,-125
1969,-125
1970,-125
1971,-125
1972,-125
1973,-125
1974,-125
1975,-125
1976,-125
1977,-125
1978,-125
1979,-125
1980,-125
1981,-125
1982,-125
1983,-125
1984,-125
1985,-175
1986,-125
1987,-125
1988,-125
1989,-125
1990,-125
1991,-125
1992,-125
1993,-125
1994,-125
1995,-125
1996,-125
1997,-125
1998,-125
1999,-125
2000,-125
2001,-125
2002,-125
2003,-125
2004,-125
2005,-125
2006,-125
2007,-125
2008,-125
2009,-125
2010,-125
2011,-125
2012,-125
2013,-25
2014,-125
2015,-125
2016,-125
2017,-125
2018,-125
2019,-125
2020,-225
2021,-125
2022,-125
2023,-125
2024,-125
2025,-125
2026,-125
2027,-125
2028,-125
2029,-125
2030,-125
2031,-125
2032,-125
2033,-125
2034,-125
2035,-125
2036,-125
2037,-125
2038,-125
2039,-125
2040,-125
2041,-125
2042,-125
2043,-125
2044,-125
2045,-125
2046,-125
2047,-125
2048,-125
2049,-125
2050,-275
2051,-125
2052,-175
2053,-125
2054,-125
2055,-125
2056,-125
2057,-125
2058,-125
2059,-125
2060,-125
2061,-125
2062,-125
2063,-125
2064,-125
2065,-125
2066,-125
2067,-125
2068,-125
2069,-125
2070,-125
2071,-125
2072,-125
2073,-125
2074,-125
2075,-125
2076,-125
2077,-175
2078,-125
2079,-125
2080,-125
2081,-125
2082,-125
2083,-125
2084,-125
2085,-125
2086,-125
2087,-125
2088,-125
2089,-125
2090,-125
2091,-125
2092,-125
2093,-125
2094,-125
2095,-125
2096,-125
2097,-125
2098,-125
2099,-125
2100,-125
2101,-125
2102,-125
2103,-125
2104,-125
2105,-125
2106,-125
2107,-125
2108,-125
2109,-225
2110,-125
2111,-125
2112,-125
2113,-125
2114,-125
2115,-125
2116,-125
2117,-127
2118,-125
2119,-125
2120,-125
2121,-125
2122,-125
2123,-125
2124,-125
2125,-125
2126,-125
2127,-125
2128,-125
2129,-125
2130,-125
2131,-125
2132,-175
2133,-125
2134,-125
2135,-125
2136,-125
2137,-125
2138,-125
2139,-125
2140,-125
2141,-125
2142,-125
2143,-125
2144,-125
2145,-125
2146,-125
2147,-125
2148,-125
2149,-125
2150,-125
2151,-125
2152,-125
2153,-125
2154,-125
2155,-125
2156,-125
2157,-125
2158,-125
2159,-125
2160,-125
2161,-125
2162,-125
2163,-125
2164,-125
2165,-125
2166,-125
2167,-125
2168,-125
2169,-125
2170,-125
2171,-175
2172,-125
2173,-125
2174,-125
2175,-177
2176,-125
2177,-125
2178,-125
2179,-125
2180,-125
2181,-125
2182,-125
2183,-125
2184,-125
2185,-125
2186,-125
2187,-125
2188,-125
2189,-125
2190,-125
2191,-125
2192,-125
2193,-125
2194,-125
2195,-125
2196,-125
2197,-125
2198,-125
2199,-125
2200,-125
2201,-125
2202,-125
2203,-125
2204,-125
2205,-125
2206,-225
2207,-125
2208,-125
2209,-125
2210,-125
2211,-125
2212,-125
2213,-125
2214,-125
2215,-125
2216,-125
2217,-125
2218,-125
2219,-125
2220,-125
2221,-125
2222,-125
2223,-125
2224,-125
2225,-125
2226,-125
2227,-125
2228,-125
2229,-125
2230,-125
2231,-125
2232,-125
2233,-125
2234,-125
2235,-125
2236,-75
2237,-125
2238,-125
2239,-125
2240,-125
2241,-125
2242,-125
2243,-125
2244,-125
2245,-125
2246,-175
2247,-125
2248,-125
2249,-125
2250,-125
2251,-125
2252,-125
2253,-125
2254,-125
2255,-125
2256,-125
2257,-125
2258,-125
2259,-125
2260,-125
2261,-125
2262,-125
2263,-125
2264,-125
2265,-125
2266,-125
2267,-125
2268,-127
2269,-125
2270,-125
2271,-125
2272,-125
2273,-125
2274,-125
2275,-125
2276,-125
2277,-125
2278,-125
2279,-125
2280,-125
2281,-125
2282,-125
2283,-125
2284,-125
2285,-125
2286,-125
2287,-125
2288,-125
2289,-125
2290,-125
2291,-175
2292,-125
2293,-125
2294,-125
2295,-125
2296,-125
2297,-125
2298,-175
2299,-125
2300,-125
2301,-125
2302,-125
2303,-125
2304,-125
2305,-125
2306,-125
2307,-125
2308,-125
2309,-175
2310,-125
2311,-125
2312,-125
2313,-125
2314,-175
2315,-125
2316,-175
2317,-125
2318,-125
2319,-125
2320,-125
2321,-125
2322,-125
2323,-125
2324,-125
2325,-125
2326,-125
2327,-125
2328,-125
2329,-125
2330,-125
2331,-125
2332,-125
2333,-125
2334,-125
2335,-125
2336,-125
2337,-125
2338,-125
2339,-125
2340,-125
2341,-125
2342,-125
2343,-125
2344,-125
2345,-125
2346,-125
2347,-125
2348,-125
2349,-125
2350,-125
2351,-125
2352,-125
2353,-125
2354,-125
2355,-125
2356,-125
2357,-125
2358,-125
2359,-125
2360,-125
2361,-125
2362,-125
2363,-125
2364,-125
2365,-125
2366,-125
2367,-125
2368,-125
2369,-125
2370,-125
2371,-125
2372,-125
2373,-125
2374,-125
2375,-125
2376,-75
2377,-125
2378,-125
2379,-125
2380,-125
2381,-125
2382,-125
2383,-125
2384,-125
2385,-125
2386,-125
2387,-125
2388,-125
2389,-125
2390,-125
2391,-125
2392,-125
2393,-125
2394,-125
2395,-125
2396,-125
2397,-125
2398,-125
2399,-125
2400,-125
2401,-125
2402,-125
2403,-125
2404,-75
2405,-125
2406,-125
2407,-127
2408,-125
2409,-125
2410,-125
2411,-125
2412,-125
2413,-125
2414,-125
2415,-125
2416,-125
2417,-125
2418,-125
2419,-125
2420,-125
2421,-125
2422,-125
2423,-125
2424,-175
2425,-125
2426,-127
2427,-125
2428,-125
2429,-125
2430,-125
2431,-125
2432,-125
2433,-125
2434,-125
2435,-125
2436,-125
2437,-125
2438,-125
2439,-125
2440,-125
2441,-125
2442,-125
2443,-125
2444,-125
2445,-127
2446,-125
2447,-125
2448,-75
2449,-125
2450,-125
2451,-125
2452,-125
2453,-125
2454,-125
2455,-125
2456,-125
2457,-125
2458,-125
2459,-125
2460,-125
2461,-125
2462,-125
2463,-125
2464,-125
2465,-125
2466,-125
2467,-125
2468,-175
2469,-125
2470,-125
2471,-125
2472,-125
2473,-125
2474,-125
2475,-125
2476,-125
2477,-125
2478,-125
2479,-125
2480,-125
2481,-125
2482,-125
2483,-125
2484,-125
2485,-125
2486,-125
2487,-125
2488,-125
2489,-125
2490,-125
2491,-127
2492,-125
2493,-125
2494,-125
2495,-125
2496,-125
2497,-125
2498,-175
2499,-125
2500,-125
2501,-125
2502,-125
2503,-125
2504,-125
2505,-125
2506,-125
2507,-125
2508,-125
2509,-125
2510,-125
2511,-125
2512,-125
2513,-125
2514,-125
2515,-125
2516,-125
2517,-125
2518,-125
2519,-125
2520,-125
2521,-125
2522,-125
2523,-125
2524,-125
2525,-125
2526,-125
2527,-225
2528,-125
2529,-125
2530,-125
2531,-125
2532,-125
2533,-125
2534,-125
2535,-125
2536,-125
2537,-125
2538,-125
2539,-125
2540,-125
2541,-125
2542,-125
2543,-125
2544,-125
2545,-125
2546,-125
2547,-125
2548,-125
2549,-125
2550,-125
2551,-125
2552,-125
2553,-125
2554,-125
2555,-125
2556,-125
2557,-125
2558,-125
2559,-125
2560,-125
2561,-125
2562,-125
2563,-125
2564,-125
2565,-125
2566,-125
2567,-125
2568,-125
2569,-125
2570,-125
2571,-125
2572,-125
2573,-125
2574,-125
2575,-125
2576,-125
2577,-125
2578,-125
2579,-125
2580,-175
2581,-125
2582,-125
2583,-125
2584,-125
2585,-125
2586,-125
2587,-125
2588,-125
2589,-125
2590,-125
2591,-125
2592,-125
2593,-125
2594,-125
2595,-125
2596,-125
2597,-125
2598,-225
2599,-175
2600,-125
2601,-125
2602,-125
2603,-125
2604,-125
2605,-125
2606,-125
2607,-125
2608,-125
2609,-125
2610,-125
2611,-125
2612,-125
2613,-125
2614,-125
2615,-125
2616,-125
2617,-125
2618,-125
2619,-125
2620,-125
2621,-125
2622,-125
2623,-125
2624,-125
2625,-125
2626,-125
2627,-125
2628,-125
2629,-125
2630,-125
2631,-125
2632,-125
2633,-127
2634,-75
2635,-125
2636,-125
2637,-125
2638,-125
2639,-125
2640,-125
2641,-125
2642,-125
2643,-125
2644,-125
2645,-125
2646,-125
2647,-125
2648,-125
2649,-125
2650,-125
2651,-125
2652,-125
2653,-125
2654,-125
2655,-125
2656,-125
2657,-125
2658,-125
2659,-125
2660,-125
2661,-125
2662,-125
2663,-175
2664,-125
2665,-125
2666,-125
2667,-125
2668,-125
2669,-125
2670,-125
2671,-125
2672,-175
2673,-125
2674,-125
2675,-125
2676,-125
2677,-125
2678,-125
2679,-125
2680,-127
2681,-125
2682,-125
2683,-125
2684,-125
2685,-125
2686,-125
2687,-125
2688,-125
2689,-125
2690,-125
2691,-127
2692,-125
2693,-127
2694,-125
2695,-125
2696,-125
2697,-125
2698,-125
2699,-125
2700,-125
2701,-125
2702,-125
2703,-125
2704,-125
2705,-125
2706,-125
2707,-125
2708,-125
2709,-127
2710,-125
2711,-125
2712,-125
2713,-125
2714,-125
2715,-125
2716,-125
2717,-125
2718,-127
2719,-175
2720,-125
2721,-125
2722,-125
2723,-125
2724,-125
2725,-125
2726,-125
2727,-25
2728,-125
2729,-125
2730,-125
2731,-125
2732,-125
2733,-125
2734,-125
2735,-125
2736,-125
2737,-125
2738,-125
2739,-125
2740,-125
2741,-125
2742,-125
2743,-125
2744,-125
2745,-125
2746,-125
2747,-125
2748,-125
2749,-125
2750,-125
2751,-125
2752,-125
2753,-125
2754,-125
2755,-125
2756,-125
2757,-125
2758,-125
2759,-127
2760,-125
2761,-125
2762,-125
2763,-125
2764,-125
2765,-125
2766,-125
2767,-125
2768,-125
2769,-125
2770,-125
2771,-125
2772,-125
2773,-125
2774,-125
2775,-125
2776,-125
2777,-125
2778,-125
2779,-125
2780,-125
2781,-125
2782,-125
2783,-125
2784,-125
2785,-125
2786,-125
2787,-125
2788,-125
2789,-125
2790,-125
2791,-125
2792,-125
2793,-125
2794,-125
2795,-125
2796,-125
2797,-125
2798,-125
2799,-125
2800,-125
2801,-125
2802,-125
2803,-125
2804,-125
2805,-125
2806,-125
2807,-125
2808,-125
2809,-125
2810,-125
2811,-125
2812,-125
2813,-127
2814,-125
2815,-125
2816,-125
2817,-125
2818,-125
2819,-125
2820,-125
2821,-125
2822,-175
2823,-125
2824,-125
2825,-125
2826,-125
2827,-125
2828,-125
2829,-125
2830,-127
2831,-125
2832,-125
2833,-125
2834,-125
2835,-125
2836,-125
2837,-125
2838,-125
2839,-125
2840,-125
2841,-125
2842,-175
2843,-125
2844,-125
2845,-175
2846,-125
2847,-125
2848,-127
2849,-125
2850,-125
2851,-125
2852,-125
2853,-125
2854,-125
2855,-125
2856,-125
2857,-125
2858,-125
2859,-125
2860,-125
2861,-125
2862,-125
2863,-125
2864,-125
2865,-125
2866,-125
2867,-125
2868,-125
2869,-125
2870,-125
2871,-127
2872,-125
2873,-125
2874,-125
2875,-125
2876,-127
2877,-125
2878,-125
2879,-125
2880,-175
2881,-125
2882,-125
2883,-125
2884,-127
2885,-125
2886,-125
2887,-125
2888,-125
2889,-125
2890,-125
2891,-125
2892,-125
2893,-125
2894,-125
2895,-125
2896,-125
2897,-175
2898,-125
2899,-125
2900,-125
2901,-125
2902,-125
2903,-125
2904,-125
2905,-125
2906,-125
2907,-125
2908,-127
2909,-125
2910,-125
2911,-125
2912,-127
2913,-125
2914,-125
2915,-125
2916,-125
2917,-125
2918,-125
2919,-125
2920,-175
2921,-125
2922,-125
2923,-125
2924,-125
2925,-125
2926,-125
2927,-125
2928,-125
2929,-125
2930,-227
2931,-125
2932,-125
2933,-125
2934,-125
2935,-125
2936,-125
2937,-125
2938,-125
2939,-125
2940,-125
2941,-125
2942,-125
2943,-125
2944,-25
2945,-125
2946,-125
2947,-125
2948,-125
2949,-125
2950,-125
2951,-125
2952,-125
2953,-125
2954,-125
2955,-125
2956,-125
2957,-125
2958,-125
2959,-125
2960,-125
2961,-125
2962,-125
2963,-125
2964,-127
2965,-125
2966,-125
2967,-125
2968,-125
2969,-125
2970,-125
2971,-125
2972,-125
2973,-125
2974,-125
2975,-125
2976,-125
2977,-125
2978,-125
2979,-125
2980,-125
2981,-125
2982,-125
2983,-125
2984,-125
2985,-125
2986,-125
2987,-125
2988,-125
2989,-125
2990,-125
2991,-125
2992,-125
2993,-125
2994,-125
2995,-125
2996,-125
2997,-125
2998,-125
2999,-125
3000,-125
3001,-125
3002,-125
3003,-125
3004,-125
3005,-125
3006,-125
3007,-125
3008,-125
3009,-125
3010,-125
3011,-125
3012,-125
3013,-125
3014,-125
3015,-125
3016,-125
3017,-125
3018,-125
3019,-125
3020,-325
3021,-125
3022,-125
3023,-125
3024,-125
3025,-125
3026,-125
3027,-125
3028,-125
3029,-125
3030,-125
3031,-125
3032,-125
3033,-125
3034,-125
3035,-125
3036,-177
3037,-125
3038,-125
3039,-125
3040,-125
3041,-125
3042,-125
3043,-125
3044,-125
3045,-125
3046,-25
3047,-125
3048,-125
3049,-125
3050,-125
3051,-125
3052,-125
3053,-125
3054,-125
3055,-125
3056,-125
3057,-125
3058,-175
3059,-125
3060,-125
3061,-125
3062,-125
3063,-125
3064,-125
3065,-125
3066,-125
3067,-125
3068,-125
3069,-125
3070,-125
3071,-125
3072,-125
3073,-125
3074,-175
3075,-125
3076,-125
3077,-125
3078,-125
3079,-125
3080,-125
3081,-125
3082,-125
3083,-125
3084,-125
3085,-125
3086,-125
3087,-125
3088,-125
3089,-125
3090,-125
3091,-125
3092,-125
3093,-125
3094,-125
3095,-125
3096,-225
3097,-125
3098,-125
3099,-125
3100,-125
3101,-125
3102,-125
3103,-125
3104,-125
3105,-125
3106,-125
3107,-125
3108,-125
3109,-125
3110,-125
3111,-125
3112,-125
3113,-125
3114,-125
3115,-125
3116,-125
3117,-125
3118,-125
3119,-125
3120,-125
3121,-125
3122,-125
3123,-125
3124,-125
3125,-125
3126,-125
3127,-125
3128,-125
3129,-125
3130,-125
3131,-125
3132,-125
3133,-125
3134,-125
3135,-125
3136,-125
3137,-125
3138,-125
3139,-125
3140,-125
3141,-125
3142,-125
3143,-125
3144,-125
3145,-125
3146,-125
3147,-125
3148,-125
3149,-175
3150,-125
3151,-125
3152,-125
3153,-125
3154,-125
3155,-127
3156,-125
3157,-125
3158,-125
3159,-125
3160,-125
3161,-125
3162,-125
3163,-125
3164,-125
3165,-125
3166,-125
3167,-125
3168,-125
3169,-125
3170,-125
3171,-125
3172,-125
3173,-125
3174,-127
3175,-125
3176,-125
3177,-125
3178,-125
3179,-125
3180,-125
3181,-125
3182,-125
3183,-125
3184,-125
3185,-125
3186,-175
3187,-125
3188,-125
3189,-125
3190,-125
3191,-225
3192,-125
3193,-125
3194,-125
3195,-125
3196,-125
3197,-125
3198,-125
3199,-125
3200,-125
3201,-125
3202,-127
3203,-125
3204,-125
3205,-125
3206,-175
3207,-125
3208,-125
3209,-125
3210,-125
3211,-125
3212,-125
3213,-125
3214,-125
3215,-125
3216,-125
3217,-125
3218,-125
3219,-125
3220,-125
3221,-125
3222,-125
3223,-125
3224,-125
3225,-125
3226,-125
3227,-125
3228,-175
3229,-125
3230,-125
3231,-125
3232,-125
3233,-125
3234,-125
3235,-125
3236,-125
3237,-125
3238,-125
3239,-125
3240,-125
3241,-125
3242,-125
3243,-127
3244,-125
3245,-125
3246,-125
3247,-125
3248,-125
3249,-125
3250,-125
3251,-125
3252,-125
3253,-125
3254,-125
3255,-125
3256,-125
3257,-125
3258,-125
3259,-125
3260,-125
3261,-125
3262,-125
3263,-125
3264,-125
3265,-125
3266,-125
3267,-125
3268,-125
3269,-125
3270,-125
3271,-125
3272,-125
3273,-125
3274,-125
3275,-125
3276,-125
3277,-125
3278,-125
3279,-125
3280,-125
3281,-125
3282,-125
3283,-125
3284,-125
3285,-125
3286,-125
3287,-125
3288,-125
3289,-125
3290,-125
3291,-125
3292,-125
3293,-125
3294,-75
3295,-125
3296,-125
3297,-125
3298,-125
3299,-125
3300,-125
3301,-125
3302,-125
3303,-125
3304,-125
3305,-125
3306,-125
3307,-125
3308,-125
3309,-125
3310,-125
3311,-125
3312,-125
3313,-125
3314,-125
3315,-125
3316,-125
3317,-125
3318,-125
3319,-125
3320,-125
3321,-125
3322,-125
3323,-125
3324,-125
3325,-125
3326,-125
3327,-125
3328,-125
3329,-125
3330,-125
3331,-125
3332,-125
3333,-125
3334,-125
3335,-125
3336,-125
3337,-125
3338,-125
3339,-125
3340,-125
3341,-125
3342,-125
3343,-125
3344,-125
3345,-125
3346,-175
3347,-125
3348,-125
3349,-125
3350,-125
3351,-125
3352,-125
3353,-125
3354,-127
3355,-125
3356,-125
3357,-125
3358,-125
3359,-125
3360,-125
3361,-125
3362,-125
3363,-125
3364,-125
3365,-125
3366,-125
3367,-125
3368,-125
3369,-125
3370,-125
3371,-125
3372,-125
3373,-125
3374,-125
3375,-125
3376,-125
3377,-125
3378,-175
3379,-125
3380,-125
3381,-125
3382,-125
3383,-125
3384,-125
3385,-125
3386,-125
3387,-125
3388,-125
3389,-125
3390,-125
3391,-125
3392,-125
3393,-125
3394,-125
3395,-125
3396,-125
3397,-125
3398,-125
3399,-125
3400,-125
3401,-125
3402,-125
3403,-125
3404,-125
3405,-125
3406,-125
3407,-125
3408,-125
3409,-125
3410,-125
3411,-125
3412,-125
3413,-125
3414,-125
3415,-125
3416,-125
3417,-125
3418,-125
3419,-125
3420,-175
3421,-125
3422,-125
3423,-125
3424,-125
3425,-125
3426,-125
3427,-125
3428,-125
3429,-125
3430,-125
3431,-125
3432,-125
3433,-125
3434,-125
3435,-125
3436,-125
3437,-125
3438,-125
3439,-125
3440,-125
3441,-125
3442,-125
3443,-125
3444,-125
3445,-125
3446,-75
3447,-125
3448,-125
3449,-125
3450,-125
3451,-125
3452,-125
3453,-275
3454,-25
3455,-125
3456,-125
3457,-125
3458,-125
3459,-125
3460,-125
3461,-125
3462,-125
3463,-125
3464,-125
3465,-125
3466,-125
3467,-125
3468,-125
3469,-125
3470,-125
3471,-125
3472,-125
3473,-125
3474,-125
3475,-125
3476,-125
3477,-175
3478,-125
3479,-125
3480,-125
3481,-125
3482,-125
3483,-125
3484,-125
3485,-125
3486,-125
3487,-125
3488,-125
3489,-125
3490,-125
3491,-125
3492,-125
3493,-125
3494,-125
3495,-125
3496,-125
3497,-125
3498,-125
3499,-125
3500,-125
3501,-125
3502,-125
3503,-125
3504,-125
3505,-125
3506,-125
3507,-125
3508,-125
3509,-125
3510,-125
3511,-125
3512,-125
3513,-125
3514,-125
3515,-125
3516,-125
3517,-125
3518,-125
3519,-125
3520,-127
3521,-125
3522,-125
3523,-125
3524,-125
3525,-125
3526,-125
3527,-125
3528,-125
3529,-125
3530,-125
3531,-125
3532,-125
3533,-125
3534,-127
3535,-125
3536,-125
3537,-125
3538,-125
3539,-125
3540,-125
3541,-125
3542,-125
3543,-125
3544,-125
3545,-125
3546,-125
3547,-125
3548,-125
3549,-125
3550,-125
3551,-125
3552,-125
3553,-125
3554,-125
3555,-125
3556,-125
3557,-125
3558,-125
3559,-125
3560,-125
3561,-125
3562,-125
3563,-125
3564,-125
3565,-125
3566,-125
3567,-125
3568,-125
3569,-125
3570,-125
3571,-125
3572,-125
3573,-125
3574,-125
3575,-125
3576,-125
3577,-125
3578,-125
3579,-125
3580,-125
3581,-125
3582,-125
3583,-125
3584,-125
3585,-125
3586,-175
3587,-125
3588,-125
3589,-125
3590,-125
3591,-125
3592,-125
3593,-125
3594,-125
3595,-125
3596,-125
3597,-125
3598,-125
3599,-125
3600,-125
3601,-125
3602,-125
3603,-25
3604,-125
3605,-125
3606,-125
3607,-125
3608,-125
3609,-125
3610,-125
3611,-125
3612,-125
3613,-125
3614,-125
3615,-125
3616,-175
3617,-125
3618,-125
3619,-125
3620,-125
3621,-125
3622,-125
3623,-125
3624,-125
3625,-125
3626,-125
3627,-125
3628,-125
3629,-125
3630,-125
3631,-125
3632,-125
3633,-125
3634,-175
3635,-125
3636,-125
3637,-125
3638,-125
3639,-125
3640,-125
3641,-125
3642,-125
3643,-125
3644,-125
3645,-125
3646,-125
3647,-175
3648,-125
3649,-125
3650,-125
3651,-125
3652,-125
3653,-125
3654,-125
3655,-125
3656,-125
3657,-125
3658,-125
3659,-125
3660,-125
3661,-125
3662,-125
3663,-175
3664,-125
3665,-125
3666,-125
3667,-125
3668,-175
3669,-125
3670,-125
3671,-125
3672,-125
3673,-125
3674,-125
3675,-125
3676,-125
3677,-125
3678,-125
3679,-125
3680,-125
3681,-125
3682,-125
3683,-125
3684,-125
3685,-125
3686,-125
3687,-125
3688,-125
3689,-125
3690,-125
3691,-125
3692,-125
3693,-125
3694,-125
3695,-125
3696,-125
3697,-125
3698,-125
3699,-125
3700,-125
3701,-125
3702,-125
3703,-125
3704,-125
3705,-125
3706,-125
3707,-125
3708,-125
3709,-125
3710,-125
3711,-125
3712,-125
3713,-125
3714,-125
3715,-125
3716,-175
3717,-125
3718,-125
3719,-125
3720,-125
3721,-125
3722,-125
3723,-125
3724,-125
3725,-125
3726,-125
3727,-125
3728,-125
3729,-125
3730,-125
3731,-125
3732,-125
3733,-125
3734,-125
3735,-125
3736,-125
3737,-125
3738,-125
3739,-125
3740,-125
3741,-125
3742,-125
3743,-125
3744,-125
3745,-125
3746,-125
3747,-125
3748,-125
3749,-125
3750,-125
3751,-125
3752,-125
3753,-125
3754,-175
3755,-125
3756,-125
3757,-125
3758,-125
3759,-125
3760,-175
3761,-125
3762,-125
3763,-125
3764,-125
3765,-125
3766,-125
3767,-125
3768,-125
3769,-125
3770,-125
3771,-125
3772,-125
3773,-125
3774,-125
3775,-125
3776,-125
3777,-125
3778,-125
3779,-125
3780,-125
3781,-125
3782,-125
3783,-125
3784,-125
3785,-125
3786,-125
3787,-125
3788,-125
3789,-125
3790,-125
3791,-125
3792,-175
3793,-127
3794,-125
3795,-125
3796,-125
3797,-125
3798,-125
3799,-125
3800,-125
3801,-125
3802,-125
3803,-275
3804,-125
3805,-125
3806,-125
3807,-125
3808,-125
3809,-125
3810,-125
3811,-125
3812,-125
3813,-125
3814,-125
3815,-175
3816,-125
3817,-125
3818,-125
3819,-125
3820,-125
3821,-125
3822,-125
3823,-125
3824,-125
3825,-125
3826,-125
3827,-125
3828,-125
3829,-125
3830,-125
3831,-125
3832,-125
3833,-125
3834,-125
3835,-125
3836,-125
3837,-125
3838,-125
3839,-125
3840,-125
3841,-125
3842,-125
3843,-125
3844,-125
3845,-125
3846,-125
3847,-125
3848,-125
3849,-125
3850,-125
3851,-125
3852,-127
3853,-125
3854,-125
3855,-125
3856,-125
3857,-125
3858,-125
3859,-125
3860,-125
3861,-125
3862,-125
3863,-125
3864,-125
3865,-125
3866,-125
3867,-125
3868,-125
3869,-125
3870,-125
3871,-125
3872,-125
3873,-125
3874,-125
3875,-125
3876,-125
3877,-125
3878,-125
3879,-125
3880,-125
3881,-125
3882,-125
3883,-125
3884,-175
3885,-125
3886,-125
3887,-125
3888,-127
3889,-125
3890,-125
3891,-125
3892,-125
3893,-125
3894,-125
3895,-125
3896,-125
3897,-125
3898,-125
3899,-125
3900,-125
3901,-125
3902,-125
3903,-125
3904,-125
3905,-125
3906,-125
3907,-125
3908,-125
3909,-125
3910,-125
3911,-125
3912,-125
3913,-125
3914,-125
3915,-125
3916,-125
3917,-125
3918,-125
3919,-125
3920,-125
3921,-125
3922,-125
3923,-125
3924,-125
3925,-125
3926,-127
3927,-125
3928,-125
3929,-125
3930,-125
3931,-125
3932,-125
3933,-125
3934,-125
3935,-125
3936,-125
3937,-125
3938,-125
3939,-125
3940,-125
3941,-125
3942,-125
3943,-125
3944,-125
3945,-125
3946,-125
3947,-125
3948,-125
3949,-175
3950,-125
3951,-125
3952,-125
3953,-125
3954,-125
3955,-125
3956,-125
3957,-125
3958,-125
3959,-125
3960,-125
3961,-125
3962,-125
3963,-125
3964,-125
3965,-125
3966,-125
3967,-125
3968,-125
3969,-125
3970,-125
3971,-125
3972,-125
3973,-125
3974,-125
3975,-125
3976,-125
3977,-125
3978,-125
3979,-125
3980,-125
3981,-125
3982,-125
3983,-125
3984,-125
3985,-125
3986,-125
3987,-125
3988,-125
3989,-125
3990,-125
3991,-125
3992,-125
3993,-125
3994,-125
3995,-125
3996,-175
3997,-125
3998,-125
3999,-125
4000,-125
4001,-125
4002,-125
4003,-125
4004,-125
4005,-175
4006,-125
4007,-125
4008,-125
4009,-125
4010,-125
4011,-125
4012,-125
4013,-125
4014,-125
4015,-125
4016,-125
4017,-125
4018,-125
4019,-125
4020,-125
4021,-175
4022,-175
4023,-125
4024,-125
4025,-125
4026,-125
4027,-125
4028,-125
4029,-127
4030,-125
4031,-125
4032,-175
4033,-125
4034,-125
4035,-125
4036,-125
4037,-125
4038,-125
4039,-125
4040,-125
4041,-125
4042,-125
4043,-125
4044,-127
4045,-125
4046,-125
4047,-125
4048,-125
4049,-125
4050,-127
4051,-125
4052,-125
4053,-125
4054,-127
4055,-125
4056,-125
4057,-125
4058,-125
4059,-125
4060,-125
4061,-125
4062,-175
4063,-125
4064,-125
4065,-125
4066,-125
4067,-125
4068,-125
4069,-125
4070,-127
4071,-125
4072,-125
4073,-125
4074,-125
4075,-125
4076,-125
4077,-125
4078,-125
4079,-125
4080,-125
4081,-125
4082,-125
4083,-125
4084,-125
4085,-125
4086,-125
4087,-125
4088,-127
4089,-125
4090,-125
4091,-125
4092,-125
4093,-125
4094,-125
4095,-125
4096,-125
4097,-125
4098,-125
4099,-127
4100,-125
4101,-125
4102,-125
4103,-125
4104,-125
4105,-125
4106,-125
4107,-125
4108,-125
4109,-125
4110,-125
4111,-125
4112,-125
4113,-125
4114,-125
4115,-125
4116,-125
4117,-125
4118,-125
4119,-125
4120,-125
4121,-175
4122,-125
4123,-125
4124,-125
4125,-125
4126,-125
4127,-125
4128,-125
4129,-125
4130,-125
4131,-125
4132,-125
4133,-125
4134,-125
4135,-125
4136,-125
4137,-125
4138,-175
4139,-125
4140,-125
4141,-125
4142,-125
4143,-125
4144,-125
4145,-125
4146,-125
4147,-125
4148,-125
4149,-125
4150,-125
4151,-125
4152,-125
4153,-125
4154,-125
4155,-125
4156,-125
4157,-125
4158,-125
4159,-125
4160,-125
4161,-125
4162,-125
4163,-125
4164,-125
4165,-125
4166,-125
4167,-125
4168,-175
4169,-125
4170,-125
4171,-125
4172,-125
4173,-125
4174,-25
4175,-125
4176,-125
4177,-125
4178,-125
4179,-125
4180,-125
4181,-125
4182,-125
4183,-125
4184,-125
4185,-125
4186,-125
4187,-125
4188,-125
4189,-125
4190,-125
4191,-125
4192,-125
4193,-125
4194,-125
4195,-125
4196,-125
4197,-125
4198,-125
4199,-125
4200,-125
4201,-125
4202,-25
4203,-125
4204,-125
4205,-125
4206,-125
4207,-125
4208,-125
4209,-125
4210,-125
4211,-125
4212,-125
4213,-125
4214,-125
4215,-125
4216,-125
4217,-125
4218,-125
4219,-125
4220,-125
4221,-125
4222,-125
4223,-125
4224,-125
4225,-125
4226,-125
4227,-125
4228,-125
4229,-125
4230,-125
4231,-125
4232,-125
4233,-125
4234,-127
4235,-125
4236,-125
4237,-125
4238,-125
4239,-125
4240,-125
4241,-125
4242,-125
4243,-125
4244,-125
4245,-125
4246,-125
4247,-125
4248,-125
4249,-125
4250,-125
4251,-125
4252,-125
4253,-125
4254,-125
4255,-125
4256,-125
4257,-125
4258,-125
4259,-125
4260,-125
4261,-125
4262,-125
4263,-125
4264,-125
4265,-125
4266,-125
4267,-125
4268,-125
4269,-125
4270,-125
4271,-125
4272,-125
4273,-125
4274,-125
4275,-125
4276,-125
4277,-125
4278,-125
4279,-125
4280,-125
4281,-125
4282,-125
4283,-125
4284,-125
4285,-125
4286,-125
4287,-75
4288,-125
4289,-125
4290,-125
4291,-125
4292,-125
4293,-125
4294,-125
4295,-125
4296,-125
4297,-125
4298,-125
4299,-125
4300,-125
4301,-125
4302,-125
4303,-125
4304,-125
4305,-125
4306,-125
4307,-125
4308,-125
4309,-125
4310,-125
4311,-125
4312,-125
4313,-125
4314,-125
4315,-125
4316,-125
4317,-125
4318,-125
4319,-125
4320,-125
4321,-125
4322,-125
4323,-125
4324,-125
4325,-125
4326,-125
4327,-125
4328,-125
4329,-125
4330,-125
4331,-125
4332,-125
4333,-125
4334,-125
4335,-125
4336,-125
4337,-125
4338,-25
4339,-125
4340,-125
4341,-125
4342,-125
4343,-125
4344,-125
4345,-125
4346,-125
4347,-125
4348,-125
4349,-127
4350,-125
4351,-125
4352,-125
4353,-125
4354,-125
4355,-125
4356,-127
4357,-125
4358,-125
4359,-125
4360,-125
4361,-125
4362,-125
4363,-125
4364,-125
4365,-125
4366,-175
4367,-125
4368,-125
4369,-125
4370,-175
4371,-125
4372,-125
4373,-125
4374,-125
4375,-125
4376,-125
4377,-125
4378,-125
4379,-125
4380,-125
4381,-125
4382,-125
4383,-125
4384,-125
4385,-125
4386,-125
4387,-125
4388,-125
4389,-125
4390,-125
4391,-125
4392,-125
4393,-125
4394,-125
4395,-125
4396,-125
4397,-125
4398,-125
4399,-125
4400,-125
4401,-175
4402,-125
4403,-125
4404,-125
4405,-125
4406,-125
4407,-125
4408,-125
4409,-125
4410,-125
4411,-125
4412,-125
4413,-125
4414,-125
4415,-125
4416,-125
4417,-125
4418,-125
4419,-125
4420,-125
4421,-127
4422,-125
4423,-125
4424,-275
4425,-125
4426,-125
4427,-125
4428,-125
4429,-125
4430,-125
4431,-175
4432,-125
4433,-125
4434,-125
4435,-125
4436,-125
4437,-125
4438,-125
4439,-125
4440,-125
4441,-125
4442,-125
4443,-125
4444,-125
4445,-125
4446,-125
4447,-125
4448,-125
4449,-125
4450,-125
4451,-125
4452,-125
4453,-125
4454,-125
4455,-125
4456,-125
4457,-125
4458,-125
4459,-125
4460,-125
4461,-125
4462,-125
4463,-125
4464,-125
4465,-125
4466,-125
4467,-125
4468,-125
4469,-125
4470,-125
4471,-125
4472,-125
4473,-125
4474,-125
4475,-125
4476,-125
4477,-125
4478,-125
4479,-125
4480,-125
4481,-125
4482,-25
4483,-125
4484,-125
4485,-125
4486,-125
4487,-125
4488,-125
4489,-125
4490,-125
4491,-125
4492,-125
4493,-125
4494,-125
4495,-125
4496,-125
4497,-125
4498,-125
4499,-125
4500,-125
4501,-125
4502,-125
4503,-125
4504,-125
4505,-125
4506,-125
4507,-125
4508,-125
4509,-125
4510,-125
4511,-125
4512,-125
4513,-125
4514,-125
4515,-225
4516,-125
4517,-125
4518,-125
4519,-125
4520,-125
4521,-125
4522,-125
4523,-125
4524,-125
4525,-125
4526,-125
4527,-125
4528,-75
4529,-125
4530,-125
4531,-125
4532,-125
4533,-175
4534,-125
4535,-125
4536,-125
4537,-125
4538,-125
4539,-125
4540,-125
4541,-125
4542,-125
4543,-225
4544,-125
4545,-125
4546,-125
4547,-125
4548,-125
4549,-125
4550,-125
4551,-125
4552,-125
4553,-125
4554,-125
4555,-125
4556,-125
4557,-125
4558,-125
4559,-125
4560,-125
4561,-125
4562,-125
4563,-125
4564,-125
4565,-125
4566,-125
4567,-125
4568,-125
4569,-125
4570,-125
4571,-125
4572,-125
4573,-125
4574,-125
4575,-225
4576,-125
4577,-125
4578,-125
4579,-125
4580,-125
4581,-125
4582,-125
4583,-125
4584,-125
4585,-125
4586,-125
4587,-125
4588,-125
4589,-125
4590,-125
4591,-125
4592,-125
4593,-125
4594,-127
4595,-125
4596,-125
4597,-125
4598,-125
4599,-125
4600,-125
4601,-125
4602,-125
4603,-125
4604,-125
4605,-125
4606,-125
4607,-125
4608,-125
4609,-125
4610,-125
4611,-125
4612,-125
4613,-125
4614,-125
4615,-125
4616,-125
4617,-125
4618,-125
4619,-125
4620,-125
4621,-125
4622,-125
4623,-125
4624,-125
4625,-125
4626,-125
4627,-125
4628,-125
4629,-125
4630,-125
4631,-125
4632,-175
4633,-125
4634,-125
4635,-125
4636,-125
4637,-125
4638,-125
4639,-125
4640,-125
4641,-125
4642,-125
4643,-125
4644,-125
4645,-125
4646,-125
4647,-125
4648,-125
4649,-125
4650,-125
4651,-125
4652,-125
4653,-125
4654,-125
4655,-125
4656,-125
4657,-125
4658,-125
4659,-175
4660,-125
4661,-125
4662,-125
4663,-125
4664,-125
4665,-125
4666,-125
4667,-125
4668,-125
4669,-175
4670,-125
4671,-125
4672,-125
4673,-125
4674,-125
4675,-125
4676,-125
4677,-125
4678,-125
4679,-125
4680,-125
4681,-125
4682,-125
4683,-125
4684,-125
4685,-125
4686,-125
4687,-125
4688,-125
4689,-125
4690,-125
4691,-125
4692,-127
4693,-225
4694,-125
4695,-125
4696,-125
4697,-125
4698,-125
4699,-125
4700,-125
4701,-125
4702,-127
4703,-125
4704,-125
4705,-125
4706,-125
4707,-125
4708,-125
4709,-125
4710,-125
4711,-125
4712,-125
4713,-125
4714,-125
4715,-125
4716,-125
4717,-125
4718,-125
4719,-125
4720,-125
4721,-125
4722,-125
4723,-125
4724,-125
4725,-125
4726,-125
4727,-125
4728,-125
4729,-125
4730,-125
4731,-125
4732,-125
4733,-125
4734,-125
4735,-125
4736,-125
4737,-125
4738,-125
4739,-125
4740,-125
4741,-125
4742,-125
4743,-125
4744,-125
4745,-125
4746,-125
4747,-125
4748,-125
4749,-125
4750,-125
4751,-125
4752,-125
4753,-125
4754,-125
4755,-125
4756,-125
4757,-125
4758,-125
4759,-125
4760,-125
4761,-125
4762,-125
4763,-125
4764,-125
4765,-125
4766,-125
4767,-125
4768,-125
4769,-125
4770,-125
4771,-125
4772,-125
4773,-125
4774,-125
4775,-125
4776,-125
4777,-125
4778,-125
4779,-125
4780,-125
4781,-125
4782,-125
4783,-125
4784,-275
4785,-125
4786,-125
4787,-125
4788,-125
4789,-125
4790,-125
4791,-125
4792,-125
4793,-125
4794,-125
4795,-125
4796,-125
4797,-125
4798,-125
4799,-125
4800,-125
4801,-125
4802,-125
4803,-125
4804,-125
4805,-127
4806,-125
4807,-125
4808,-125
4809,-175
4810,-125
4811,-125
4812,-125
4813,-125
4814,-125
4815,-75
4816,-125
4817,-125
4818,-125
4819,-125
4820,-125
4821,-125
4822,-125
4823,-125
4824,-125
4825,-125
4826,-125
4827,-125
4828,-127
4829,-125
4830,-125
4831,-225
4832,-125
4833,-125
4834,-125
4835,-125
4836,-125
4837,-125
4838,-125
4839,-125
4840,-125
4841,-125
4842,-125
4843,-125
4844,-125
4845,-125
4846,-125
4847,-125
4848,-125
4849,-125
4850,-125
4851,-125
4852,-125
4853,-125
4854,-125
4855,-125
4856,-125
4857,-125
4858,-125
4859,-125
4860,-125
4861,-175
4862,-125
4863,-125
4864,-125
4865,-125
4866,-125
4867,-125
4868,-125
4869,-125
4870,-125
4871,-125
4872,-125
4873,-125
4874,-125
4875,-125
4876,-125
4877,-125
4878,-125
4879,-125
4880,-125
4881,-125
4882,-125
4883,-125
4884,-125
4885,-125
4886,-125
4887,-125
4888,-125
4889,-125
4890,-125
4891,-125
4892,-125
4893,-125
4894,-125
4895,-127
4896,-175
4897,-125
4898,-125
4899,-125
4900,-125
4901,-125
4902,-125
4903,-127
4904,-125
4905,-125
4906,-125
4907,-125
4908,-125
4909,-125
4910,-125
4911,-125
4912,-125
4913,-125
4914,-125
4915,-125
4916,-125
4917,-125
4918,-125
4919,-125
4920,-125
4921,-125
4922,-125
4923,-225
4924,-125
4925,-125
4926,-125
4927,-125
4928,-125
4929,-125
4930,-25
4931,-125
4932,-125
4933,-125
4934,-125
4935,-125
4936,-125
4937,-125
4938,-125
4939,-125
4940,-125
4941,-125
4942,-125
4943,-125
4944,-125
4945,-125
4946,-125
4947,-125
4948,-125
4949,-125
4950,-125
4951,-125
4952,-125
4953,-125
4954,-125
4955,-125
4956,-125
4957,-125
4958,-125
4959,-125
4960,-125
4961,-125
4962,-125
4963,-125
4964,-125
4965,-125
4966,-125
4967,-125
4968,-125
4969,-125
4970,-125
4971,-125
4972,-125
4973,-125
4974,-125
4975,-125
4976,-125
4977,-125
4978,-125
4979,-125
4980,-125
4981,-125
4982,-125
4983,-125
4984,-125
4985,-125
4986,-275
4987,-125
4988,-125
4989,-25
4990,-25
4991,-25
4992,-25
4993,-25
4994,-25
4995,-25
4996,-25
4997,-25
4998,-25
4999,-25
5000,-25
5001,-25
5002,-25
5003,-25
5004,-25
5005,-25
5006,-25
5007,-25
5008,-25
5009,-25
5010,-25
5011,-25
5012,-25
5013,-25
5014,-25
5015,-25
5016,-25
5017,-25
5018,-25
5019,-25
5020,-25
5021,-25
5022,-25
5023,-25
5024,-25
5025,-25
5026,-25
5027,-25
5028,-25
5029,-25
5030,-25
5031,-25
5032,-25
5033,-25
5034,-25
5035,-25
5036,-25
5037,-25
5038,-25
5039,-25
5040,-25
5041,-25
5042,-25
5043,-25
5044,-75
5045,-25
5046,-25
5047,-25
5048,-25
5049,-25
5050,-25
5051,-25
5052,-25
5053,-25
5054,-25
5055,-25
5056,-25
5057,-25
5058,-25
5059,-25
5060,-25
5061,-25
5062,-25
5063,-25
5064,-25
5065,-25
5066,-25
5067,-25
5068,-25
5069,-25
5070,-75
5071,-27
5072,-25
5073,-25
5074,-25
5075,-25
5076,-25
5077,-25
5078,-25
5079,-25
5080,-25
5081,-25
5082,-25
5083,-25
5084,-25
5085,-25
5086,-25
5087,-25
5088,-25
5089,-25
5090,-25
5091,-25
5092,-25
5093,-25
5094,-25
5095,-25
5096,-25
5097,-25
5098,-25
5099,-25
5100,-25
5101,-25
5102,-25
5103,-75
5104,-25
5105,-25
5106,-25
5107,-25
5108,-25
5109,-25
5110,-25
5111,-25
5112,-25
5113,-25
5114,-25
5115,-25
5116,-25
5117,-25
5118,-25
5119,-25
5120,-25
5121,-25
5122,-25
5123,-25
5124,-25
5125,-25
5126,-25
5127,-25
5128,-25
5129,-25
5130,-25
5131,-25
5132,-25
5133,-25
5134,-25
5135,-25
5136,-25
5137,-25
5138,-25
5139,-25
5140,-25
5141,-25
5142,-25
5143,-25
5144,-25
5145,-25
5146,-25
5147,-25
5148,-25
5149,-25
5150,-25
5151,-25
5152,-25
5153,-25
5154,-25
5155,-25
5156,-25
5157,-25
5158,-25
5159,-25
5160,-25
5161,-25
5162,-25
5163,-25
5164,-25
5165,-25
5166,-25
5167,-25
5168,-25
5169,-25
5170,-25
5171,-25
5172,-25
5173,-25
5174,-25
5175,-25
5176,-25
5177,-25
5178,-25
5179,-25
5180,-25
5181,-25
5182,-25
5183,-25
5184,-25
5185,-25
5186,-25
5187,-25
5188,-25
5189,-25
5190,-25
5191,-25
5192,-25
5193,-25
5194,-25
5195,-25
5196,-25
5197,-25
5198,-25
5199,-25
5200,-25
5201,-25
5202,-25
5203,-25
5204,-25
5205,-25
5206,-25
5207,-25
5208,-25
5209,-25
5210,-25
5211,-25
5212,-25
5213,-25
5214,-25
5215,-25
5216,-25
5217,-25
5218,-25
5219,-25
5220,-25
5221,-25
5222,-25
5223,-25
5224,-25
5225,-25
5226,-25
5227,-25
5228,-25
5229,-25
5230,-25
5231,-25
5232,-25
5233,-25
5234,-25
5235,-25
5236,-25
5237,-25
5238,-25
5239,-25
5240,-25
5241,-25
5242,-25
5243,-25
5244,-25
5245,-25
5246,-25
5247,-25
5248,-25
5249,-25
5250,-25
5251,-25
5252,-25
5253,-25
5254,-25
5255,-25
5256,-25
5257,-25
5258,-25
5259,-25
5260,-25
5261,-25
5262,-25
5263,-25
5264,-25
5265,-25
5266,-25
5267,-25
5268,-25
5269,-25
5270,-25
5271,-27
5272,-25
5273,-25
5274,-25
5275,-25
5276,-25
5277,-25
5278,-25
5279,-25
5280,-25
5281,-25
5282,-25
5283,-25
5284,-25
5285,-25
5286,-25
5287,-25
5288,-27
5289,-25
5290,-25
5291,-25
5292,-25
5293,-25
5294,-25
5295,-75
5296,-25
5297,-25
5298,-75
5299,-25
5300,-25
5301,-25
5302,-25
5303,-25
5304,-25
5305,-25
5306,-25
5307,-25
5308,-25
5309,-25
5310,-25
5311,-25
5312,-25
5313,-25
5314,-25
5315,-25
5316,-25
5317,-25
5318,-25
5319,-25
5320,-25
5321,-25
5322,-25
5323,-25
5324,-25
5325,-25
5326,-25
5327,-25
5328,-25
5329,-25
5330,-25
5331,-25
5332,-25
5333,-27
5334,-25
5335,-25
5336,-25
5337,-25
5338,-25
5339,-25
5340,-25
5341,-25
5342,-25
5343,-25
5344,-25
5345,-25
5346,-25
5347,-25
5348,-25
5349,-25
5350,-25
5351,-25
5352,-25
5353,-25
5354,-25
5355,-25
5356,-25
5357,-25
5358,-25
5359,-25
5360,-25
5361,-25
5362,-25
5363,-25
5364,-25
5365,-25
5366,-25
5367,-25
5368,-25
5369,-25
5370,-25
5371,-25
5372,-25
5373,-25
5374,-25
5375,-25
5376,-25
5377,-25
5378,-25
5379,-25
5380,-25
5381,-25
5382,-25
5383,-25
5384,-25
5385,-25
5386,-25
5387,-25
5388,-25
5389,-25
5390,-25
5391,-25
5392,-25
5393,-25
5394,-25
5395,-25
5396,-25
5397,-25
5398,-25
5399,-25
5400,-25
5401,-25
5402,-25
5403,-25
5404,-25
5405,-25
5406,-25
5407,-25
5408,-25
5409,-25
5410,-25
5411,-25
5412,-25
5413,-25
5414,-25
5415,-25
5416,-25
5417,-25
5418,-25
5419,-25
5420,-25
5421,-25
5422,-25
5423,-25
5424,-25
5425,-25
5426,-25
5427,-25
5428,-25
5429,-25
5430,-25
5431,-25
5432,-25
5433,-25
5434,-25
5435,-25
5436,-25
5437,-25
5438,-25
5439,-25
5440,-25
5441,-25
5442,-25
5443,-25
5444,-25
5445,-25
5446,-25
5447,-25
5448,-25
5449,-25
5450,-25
5451,-25
5452,-25
5453,-25
5454,-25
5455,-25
5456,-25
5457,-25
5458,-25
5459,-25
5460,-25
5461,-25
5462,-25
5463,-25
5464,-25
5465,-25
5466,-25
5467,-25
5468,-25
5469,-25
5470,-25
5471,-25
5472,-25
5473,-25
5474,-25
5475,-25
5476,-25
5477,-25
5478,-25
5479,-25
5480,-25
5481,-25
5482,-25
5483,-25
5484,-25
5485,-25
5486,-25
5487,-25
5488,-25
5489,-25
5490,-25
5491,-25
5492,-25
5493,-25
5494,-75
5495,-27
5496,-25
5497,-25
5498,-25
5499,-25
5500,-25
5501,-25
5502,-25
5503,-25
5504,-25
5505,-25
5506,-25
5507,-25
5508,-25
5509,-25
5510,-25
5511,-25
5512,-25
5513,-125
5514,-25
5515,-25
5516,-25
5517,-25
5518,-25
5519,-25
5520,-25
5521,-25
5522,-25
5523,-25
5524,-27
5525,-25
5526,-25
5527,-25
5528,-25
5529,-25
5530,-25
5531,-25
5532,-25
5533,-25
5534,-25
5535,-25
5536,-25
5537,-25
5538,-25
5539,-25
5540,-25
5541,-25
5542,-27
5543,-25
5544,-25
5545,-25
5546,-25
5547,-25
5548,-25
5549,-25
5550,-25
5551,-25
5552,-25
5553,-25
5554,-25
5555,-25
5556,-25
5557,-25
5558,-25
5559,-25
5560,-25
5561,-25
5562,-25
5563,-25
5564,-27
5565,-25
5566,-25
5567,-25
5568,-25
5569,-25
5570,-25
5571,-25
5572,-25
5573,-25
5574,-25
5575,-25
5576,-25
5577,-25
5578,-25
5579,-25
5580,-25
5581,-25
5582,-25
5583,-25
5584,-25
5585,-25
5586,-25
5587,-25
5588,-25
5589,-25
5590,-25
5591,-25
5592,-25
5593,-25
5594,-25
5595,-25
5596,-25
5597,-25
5598,-25
5599,-25
5600,-25
5601,-25
5602,-25
5603,-25
5604,-25
5605,-25
5606,-25
5607,-25
5608,-25
5609,-25
5610,-25
5611,-25
5612,-25
5613,-25
5614,-25
5615,-25
5616,-25
5617,-25
5618,-25
5619,-75
5620,-25
5621,-25
5622,-25
5623,-25
5624,-25
5625,-25
5626,-25
5627,-25
5628,-25
5629,-25
5630,-25
5631,-25
5632,-25
5633,-25
5634,-25
5635,-25
5636,-25
5637,-25
5638,-25
5639,-25
5640,-25
5641,-25
5642,-25
5643,-25
5644,-25
5645,-25
5646,-25
5647,-25
5648,-25
5649,-25
5650,-25
5651,-25
5652,-75
5653,-25
5654,-25
5655,-25
5656,-25
5657,-25
5658,-25
5659,-25
5660,-25
5661,-25
5662,-25
5663,-25
5664,-25
5665,-25
5666,-25
5667,-25
5668,-25
5669,-25
5670,-25
5671,-75
5672,-25
5673,-25
5674,-25
5675,-25
5676,-25
5677,-25
5678,-25
5679,-25
5680,-25
5681,-25
5682,-25
5683,-25
5684,-25
5685,-25
5686,-25
5687,-25
5688,-25
5689,-25
5690,-25
5691,-25
5692,-25
5693,-25
5694,-25
5695,-25
5696,-25
5697,-25
5698,-25
5699,-25
5700,-25
5701,-25
5702,-25
5703,-25
5704,-25
5705,-25
5706,-25
5707,-25
5708,-25
5709,-25
5710,-25
5711,-25
5712,-125
5713,-25
5714,-25
5715,-25
5716,-25
5717,-25
5718,-25
5719,-25
5720,-25
5721,-25
5722,-25
5723,-25
5724,-25
5725,-25
5726,-25
5727,-25
5728,-25
5729,-25
5730,-25
5731,-25
5732,-25
5733,-25
5734,-25
5735,-25
5736,-25
5737,-25
5738,-25
5739,-25
5740,-25
5741,-25
5742,-25
5743,-25
5744,-25
5745,-25
5746,-25
5747,-25
5748,-25
5749,-25
5750,-25
5751,-25
5752,-25
5753,-25
5754,-25
5755,-25
5756,-25
5757,-25
5758,-25
5759,-25
5760,-25
5761,-25
5762,-25
5763,-25
5764,-25
5765,-25
5766,-25
5767,-25
5768,-25
5769,-25
5770,-25
5771,-25
5772,-25
5773,-27
5774,-25
5775,-25
5776,-25
5777,-25
5778,-25
5779,-25
5780,-25
5781,-25
5782,-25
5783,-25
5784,-25
5785,-25
5786,-25
5787,-25
5788,-25
5789,-25
5790,-25
5791,-25
5792,-25
5793,-25
5794,-25
5795,-25
5796,-25
5797,-25
5798,-25
5799,-25
5800,-25
5801,-25
5802,-25
5803,-25
5804,-25
5805,-25
5806,-25
5807,-25
5808,-25
5809,-75
5810,-25
5811,-27
5812,-25
5813,-25
5814,-25
5815,-25
5816,-25
5817,-25
5818,-25
5819,-25
5820,-25
5821,-25
5822,-25
5823,-25
5824,-25
5825,-25
5826,-25
5827,-25
5828,-25
5829,-25
5830,-25
5831,-25
5832,-25
5833,-25
5834,-75
5835,-25
5836,-25
5837,-25
5838,-25
5839,-25
5840,-25
5841,-25
5842,-25
5843,-25
5844,-25
5845,-25
5846,-25
5847,-25
5848,-25
5849,-25
5850,-25
5851,-25
5852,-25
5853,-25
5854,-25
5855,-25
5856,-25
5857,-25
5858,-25
5859,-25
5860,-25
5861,-25
5862,-25
5863,-25
5864,-25
5865,-25
5866,-25
5867,-25
5868,-25
5869,-25
5870,-25
5871,-25
5872,-25
5873,-125
5874,-25
5875,-25
5876,-25
5877,-25
5878,-75
5879,-25
5880,-27
5881,-25
5882,-25
5883,-25
5884,-25
5885,-25
5886,-25
5887,-25
5888,-25
5889,-25
5890,-25
5891,-25
5892,-25
5893,-25
5894,-25
5895,-25
5896,-25
5897,-25
5898,-25
5899,-25
5900,-25
5901,-25
5902,-25
5903,-25
5904,-25
5905,-25
5906,-25
5907,-25
5908,-25
5909,-25
5910,-25
5911,-25
5912,-25
5913,-25
5914,-25
5915,-25
5916,-25
5917,-25
5918,-25
5919,-25
5920,-25
5921,-25
5922,-25
5923,-25
5924,-25
5925,-25
5926,-25
5927,-25
5928,-25
5929,-25
5930,-25
5931,-25
5932,-25
5933,-27
5934,-25
5935,-25
5936,-25
5937,-25
5938,-25
5939,-25
5940,-25
5941,-25
5942,-25
5943,-25
5944,-25
5945,-25
5946,-27
5947,-25
5948,-25
5949,-27
5950,-25
5951,-25
5952,-25
5953,-25
5954,-25
5955,-25
5956,-25
5957,-27
5958,-25
5959,-25
5960,-25
5961,-25
5962,-25
5963,-25
5964,-25
5965,-25
5966,-25
5967,-25
5968,-25
5969,-25
5970,-25
5971,-25
5972,-25
5973,-25
5974,-25
5975,-25
5976,-25
5977,-25
5978,-25
5979,-25
5980,-25
5981,-25
5982,-25
5983,-25
5984,-25
5985,-25
5986,-25
5987,-25
5988,-25
5989,-25
5990,-25
5991,-25
5992,-25
5993,-25
5994,-25
5995,-25
5996,-25
5997,-25
5998,-25
5999,-25
6000,-25
6001,-25
6002,-25
6003,-25
6004,-25
6005,-25
6006,-25
6007,-25
6008,-25
6009,-25
6010,-25
6011,-25
6012,-25
6013,-25
6014,-25
6015,-25
6016,-25
6017,-25
6018,-25
6019,-25
6020,-25
6021,-25
6022,-25
6023,-25
6024,-25
6025,-25
6026,-25
6027,-25
6028,-25
6029,-25
6030,-25
6031,-25
6032,-25
6033,-25
6034,-25
6035,-25
6036,-25
6037,-25
6038,-25
6039,-25
6040,-25
6041,-25
6042,-25
6043,-25
6044,-25
6045,-25
6046,-25
6047,-25
6048,-25
6049,-25
6050,-25
6051,-25
6052,-25
6053,-25
6054,-25
6055,-25
6056,-25
6057,-25
6058,-25
6059,-25
6060,-27
6061,-25
6062,-25
6063,-25
6064,-25
6065,-25
6066,-25
6067,-25
6068,-25
6069,-25
6070,-25
6071,-25
6072,-25
6073,-25
6074,-25
6075,-25
6076,-25
6077,-25
6078,-25
6079,-25
6080,-25
6081,-25
6082,-25
6083,-25
6084,-25
6085,-25
6086,-25
6087,-25
6088,-25
6089,-25
6090,-25
6091,-25
6092,-25
6093,-25
6094,-25
6095,-25
6096,-25
6097,-25
6098,-25
6099,-25
6100,-25
6101,-25
6102,-25
6103,-25
6104,-25
6105,-25
6106,-25
6107,-25
6108,-25
6109,-25
6110,-25
6111,-25
6112,-25
6113,-25
6114,-25
6115,-25
6116,-25
6117,-25
6118,-25
6119,-25
6120,-25
6121,-25
6122,-25
6123,-25
6124,-25
6125,-25
6126,-75
6127,-25
6128,-25
6129,-25
6130,-25
6131,-25
6132,-75
6133,-25
6134,-25
6135,-25
6136,-25
6137,-25
6138,-25
6139,-25
6140,-25
6141,-25
6142,-25
6143,-25
6144,-25
6145,-25
6146,-25
6147,-25
6148,-25
6149,-25
6150,-25
6151,-25
6152,-25
6153,-25
6154,-25
6155,-25
6156,-25
6157,-25
6158,-25
6159,-25
6160,-25
6161,-25
6162,-25
6163,-25
6164,-25
6165,-25
6166,-25
6167,-25
6168,-25
6169,-25
6170,-25
6171,-25
6172,-25
6173,-25
6174,-25
6175,-25
6176,-25
6177,-25
6178,-25
6179,-25
6180,-25
6181,-25
6182,-25
6183,-25
6184,-25
6185,-25
6186,-25
6187,-25
6188,-25
6189,-25
6190,-25
6191,-25
6192,-25
6193,-25
6194,-25
6195,-25
6196,-25
6197,-25
6198,-25
6199,-25
6200,-25
6201,-25
6202,-25
6203,-25
6204,-25
6205,-25
6206,-25
6207,-25
6208,-25
6209,-25
6210,-25
6211,-25
6212,-25
6213,-25
6214,-25
6215,-25
6216,-25
6217,-25
6218,-25
6219,-25
6220,-25
6221,-25
6222,-25
6223,-25
6224,-25
6225,-25
6226,-25
6227,-25
6228,-25
6229,-25
6230,-25
6231,-25
6232,-25
6233,-25
6234,-25
6235,-25
6236,-25
6237,-25
6238,-25
6239,-25
6240,-25
6241,-25
6242,-25
6243,-25
6244,-25
6245,-25
6246,-25
6247,-25
6248,-25
6249,-25
6250,-25
6251,-25
6252,-25
6253,-25
6254,-25
6255,-25
6256,-25
6257,-25
6258,-25
6259,-25
6260,-25
6261,-75
6262,-25
6263,-25
6264,-27
6265,-25
6266,-25
6267,-25
6268,-25
6269,-25
6270,-25
6271,-25
6272,-25
6273,-25
6274,-25
6275,-25
6276,-25
6277,-25
6278,-25
6279,-25
6280,-25
6281,-25
6282,-25
6283,-25
6284,-25
6285,-25
6286,-25
6287,-25
6288,-25
6289,-75
6290,-25
6291,-25
6292,-25
6293,-25
6294,-75
6295,-25
6296,-25
6297,-25
6298,-25
6299,-25
6300,-25
6301,-25
6302,-25
6303,-25
6304,-25
6305,-25
6306,-25
6307,-25
6308,-25
6309,-25
6310,-25
6311,-25
6312,-25
6313,-25
6314,-25
6315,-25
6316,-25
6317,-25
6318,-25
6319,-25
6320,-25
6321,-25
6322,-25
6323,-25
6324,-25
6325,-25
6326,-25
6327,-25
6328,-25
6329,-25
6330,-25
6331,-25
6332,-25
6333,-25
6334,-25
6335,-25
6336,-25
6337,-25
6338,-25
6339,-25
6340,-25
6341,-25
6342,-25
6343,-25
6344,-25
6345,-25
6346,-25
6347,-25
6348,-25
6349,-25
6350,-25
6351,-25
6352,-25
6353,-25
6354,-25
6355,-25
6356,-25
6357,-25
6358,-25
6359,-25
6360,-25
6361,-25
6362,-25
6363,-25
6364,-25
6365,-25
6366,-25
6367,-25
6368,-25
6369,-25
6370,-25
6371,-25
6372,-25
6373,-25
6374,-27
6375,-25
6376,-25
6377,-25
6378,-25
6379,-25
6380,-25
6381,-25
6382,-25
6383,-25
6384,-25
6385,-25
6386,-25
6387,-25
6388,-25
6389,-25
6390,-25
6391,-25
6392,-25
6393,-25
6394,-25
6395,-25
6396,-25
6397,-25
6398,-25
6399,-25
6400,-25
6401,-25
6402,-75
6403,-25
6404,-25
6405,-25
6406,-25
6407,-25
6408,-25
6409,-25
6410,-25
6411,-25
6412,-25
6413,-25
6414,-25
6415,-25
6416,-25
6417,-25
6418,-25
6419,-25
6420,-25
6421,-25
6422,-25
6423,-25
6424,-25
6425,-25
6426,-25
6427,-25
6428,-25
6429,-25
6430,-25
6431,-25
6432,-25
6433,-25
6434,-25
6435,-25
6436,-25
6437,-25
6438,-25
6439,-25
6440,-25
6441,-25
6442,-25
6443,-25
6444,-25
6445,-25
6446,-25
6447,-25
6448,-25
6449,-25
6450,-25
6451,-25
6452,-25
6453,-25
6454,-25
6455,-25
6456,-25
6457,-25
6458,-25
6459,-25
6460,-25
6461,-25
6462,-25
6463,-25
6464,-25
6465,-25
6466,-25
6467,-25
6468,-25
6469,-25
6470,-25
6471,-25
6472,-25
6473,-25
6474,-25
6475,-25
6476,-25
6477,-25
6478,-25
6479,-25
6480,-25
6481,-25
6482,-25
6483,-25
6484,-25
6485,-25
6486,-25
6487,-25
6488,-25
6489,-25
6490,-25
6491,-25
6492,-25
6493,-25
6494,-25
6495,-25
6496,-25
6497,-25
6498,-25
6499,-25
6500,-25
6501,-25
6502,-25
6503,-25
6504,-25
6505,-25
6506,-25
6507,-25
6508,-25
6509,-25
6510,-25
6511,-25
6512,-25
6513,-25
6514,-25
6515,-25
6516,-25
6517,-25
6518,-25
6519,-25
6520,-25
6521,-25
6522,-25
6523,-25
6524,-25
6525,-25
6526,-25
6527,-25
6528,-25
6529,-25
6530,-25
6531,-25
6532,-25
6533,-25
6534,-25
6535,-25
6536,-25
6537,-25
6538,-25
6539,-25
6540,-25
6541,-25
6542,-25
6543,-25
6544,-25
6545,-25
6546,-25
6547,-25
6548,-25
6549,-25
6550,-25
6551,-25
6552,-25
6553,-25
6554,-25
6555,-25
6556,-25
6557,-25
6558,-25
6559,-25
6560,-25
6561,-25
6562,-25
6563,-25
6564,-25
6565,-25
6566,-25
6567,-25
6568,-25
6569,-25
6570,-25
6571,-25
6572,-25
6573,-25
6574,-25
6575,-25
6576,-25
6577,-25
6578,-25
6579,-25
6580,-25
6581,-25
6582,-25
6583,-25
6584,-25
6585,-25
6586,-25
6587,-25
6588,-25
6589,-25
6590,-25
6591,-25
6592,-25
6593,-25
6594,-25
6595,-25
6596,-25
6597,-25
6598,-25
6599,-25
6600,-25
6601,-25
6602,-25
6603,-25
6604,-25
6605,-25
6606,-25
6607,-25
6608,-25
6609,-25
6610,-25
6611,-25
6612,-25
6613,-25
6614,-25
6615,-25
6616,-25
6617,-25
6618,-25
6619,-25
6620,-25
6621,-25
6622,-25
6623,-25
6624,-25
6625,-25
6626,-25
6627,-25
6628,-25
6629,-25
6630,-25
6631,-25
6632,-25
6633,-25
6634,-25
6635,-25
6636,-25
6637,-25
6638,-25
6639,-25
6640,-25
6641,-25
6642,-75
6643,-25
6644,-25
6645,-125
6646,-25
6647,-25
6648,-25
6649,-25
6650,-25
6651,-25
6652,-25
6653,-25
6654,-25
6655,-25
6656,-25
6657,-25
6658,-25
6659,-25
6660,-25
6661,-25
6662,-25
6663,-25
6664,-25
6665,-25
6666,-25
6667,-25
6668,-25
6669,-25
6670,-25
6671,-25
6672,-25
6673,-25
6674,-25
6675,-25
6676,-25
6677,-25
6678,-25
6679,-25
6680,-25
6681,-25
6682,-25
6683,-25
6684,-25
6685,-25
6686,-75
6687,-25
6688,-25
6689,-25
6690,-25
6691,-25
6692,-25
6693,-25
6694,-25
6695,-25
6696,-25
6697,-25
6698,-25
6699,-25
6700,-25
6701,-27
6702,-25
6703,-25
6704,-25
6705,-25
6706,-25
6707,-25
6708,-25
6709,-25
6710,-25
6711,-25
6712,-25
6713,-25
6714,-25
6715,-25
6716,-25
6717,-25
6718,-25
6719,-25
6720,-25
6721,-25
6722,-25
6723,-25
6724,-25
6725,-25
6726,-25
6727,-25
6728,-75
6729,-25
6730,-25
6731,-25
6732,-75
6733,-25
6734,-25
6735,-25
6736,-25
6737,-25
6738,-25
6739,-25
6740,-25
6741,-25
6742,-25
6743,-25
6744,-25
6745,-25
6746,-25
6747,-25
6748,-25
6749,-25
6750,-25
6751,-25
6752,-25
6753,-25
6754,-25
6755,-25
6756,-25
6757,-27
6758,-25
6759,-25
6760,-25
6761,-25
6762,-25
6763,-25
6764,-25
6765,-25
6766,-25
6767,-25
6768,-25
6769,-25
6770,-25
6771,-25
6772,-25
6773,-25
6774,-25
6775,-25
6776,-25
6777,-25
6778,-25
6779,-25
6780,-75
6781,-25
6782,-25
6783,-25
6784,-25
6785,-25
6786,-25
6787,-25
6788,-25
6789,-25
6790,-25
6791,-25
6792,-25
6793,-25
6794,-25
6795,-25
6796,-25
6797,-25
6798,-25
6799,-25
6800,-25
6801,-25
6802,-25
6803,-25
6804,-25
6805,-25
6806,-25
6807,-25
6808,-25
6809,-25
6810,-25
6811,-25
6812,-25
6813,-25
6814,-25
6815,-75
6816,-25
6817,-25
6818,-25
6819,-25
6820,-25
6821,-25
6822,-25
6823,-25
6824,-25
6825,-25
6826,-25
6827,-25
6828,-25
6829,-25
6830,-25
6831,-25
6832,-25
6833,-25
6834,-25
6835,-25
6836,-25
6837,-25
6838,-25
6839,-25
6840,-25
6841,-25
6842,-25
6843,-25
6844,-25
6845,-25
6846,-25
6847,-25
6848,-27
6849,-25
6850,-25
6851,-25
6852,-25
6853,-25
6854,-25
6855,-25
6856,-25
6857,-25
6858,-27
6859,-25
6860,-25
6861,-25
6862,-75
6863,-25
6864,-75
6865,-25
6866,-25
6867,-25
6868,-25
6869,-25
6870,-25
6871,-25
6872,-25
6873,-75
6874,-25
6875,-25
6876,-25
6877,-25
6878,-25
6879,-25
6880,-25
6881,-25
6882,-25
6883,-25
6884,-25
6885,-25
6886,-25
6887,-25
6888,-25
6889,-25
6890,-25
6891,-25
6892,-25
6893,-25
6894,-25
6895,-25
6896,-25
6897,-25
6898,-25
6899,-25
6900,-25
6901,-25
6902,-25
6903,-25
6904,-25
6905,-25
6906,-25
6907,-25
6908,-25
6909,-25
6910,-25
6911,-25
6912,-25
6913,-25
6914,-25
6915,-25
6916,-25
6917,-25
6918,-25
6919,-25
6920,-25
6921,-25
6922,-25
6923,-25
6924,-25
6925,-25
6926,-25
6927,-25
6928,-25
6929,-25
6930,-25
6931,-25
6932,-25
6933,-25
6934,-25
6935,-25
6936,-25
6937,-25
6938,-25
6939,-25
6940,-25
6941,-25
6942,-25
6943,-25
6944,-25
6945,-25
6946,-25
6947,-25
6948,-25
6949,-25
6950,-25
6951,-25
6952,-25
6953,-25
6954,-25
6955,-25
6956,-25
6957,-25
6958,-25
6959,-25
6960,-25
6961,-25
6962,-25
6963,-25
6964,-25
6965,-25
6966,-25
6967,-25
6968,-25
6969,-25
6970,-25
6971,-25
6972,-25
6973,-25
6974,-25
6975,-25
6976,-25
6977,-25
6978,-25
6979,-25
6980,-25
6981,-25
6982,-75
6983,-25
6984,-25
6985,-25
6986,-25
6987,-25
6988,-25
6989,-25
6990,-25
6991,-25
6992,-25
6993,-25
6994,-25
6995,-25
6996,-25
6997,-25
6998,-25
6999,-25
7000,-25
7001,-25
7002,-25
7003,-25
7004,-27
7005,-25
7006,-25
7007,-25
7008,-25
7009,-25
7010,-25
7011,-25
7012,-25
7013,-25
7014,-25
7015,-25
7016,-25
7017,-25
7018,-25
7019,-25
7020,-25
7021,-25
7022,-25
7023,-25
7024,-25
7025,-25
7026,-25
7027,-25
7028,-25
7029,-25
7030,-25
7031,-25
7032,-25
7033,-25
7034,-25
7035,-25
7036,-25
7037,-25
7038,-25
7039,-25
7040,-25
7041,-25
7042,-25
7043,-27
7044,-25
7045,-25
7046,-25
7047,-25
7048,-25
7049,-25
7050,-25
7051,-25
7052,-25
7053,-25
7054,-25
7055,-27
7056,-25
7057,-25
7058,-25
7059,-25
7060,-25
7061,-25
7062,-25
7063,-25
7064,-25
7065,-25
7066,-25
7067,-25
7068,-25
7069,-25
7070,-25
7071,-25
7072,-25
7073,-27
7074,-25
7075,-25
7076,-27
7077,-25
7078,-25
7079,-25
7080,-25
7081,-25
7082,-25
7083,-25
7084,-25
7085,-25
7086,-25
7087,-25
7088,-25
7089,-25
7090,-25
7091,-25
7092,-25
7093,-25
7094,-25
7095,-25
7096,-25
7097,-25
7098,-25
7099,-25
7100,-25
7101,-25
7102,-25
7103,-25
7104,-25
7105,-25
7106,-25
7107,-25
7108,-25
7109,-25
7110,-25
7111,-25
7112,-25
7113,-25
7114,-25
7115,-25
7116,-25
7117,-25
7118,-25
7119,-25
7120,-25
7121,-25
7122,-25
7123,-25
7124,-25
7125,-25
7126,-25
7127,-25
7128,-25
7129,-25
7130,-25
7131,-25
7132,-25
7133,-25
7134,-27
7135,-25
7136,-25
7137,-25
7138,-25
7139,-25
7140,-25
7141,-25
7142,-25
7143,-25
7144,-25
7145,-25
7146,-25
7147,-25
7148,-25
7149,-25
7150,-25
7151,-25
7152,-25
7153,-25
7154,-25
7155,-25
7156,-25
7157,-25
7158,-25
7159,-25
7160,-25
7161,-25
7162,-25
7163,-25
7164,-25
7165,-25
7166,-25
7167,-25
7168,-25
7169,-25
7170,-25
7171,-25
7172,-25
7173,-25
7174,-25
7175,-75
7176,-25
7177,-25
7178,-25
7179,-25
7180,-25
7181,-25
7182,-25
7183,-25
7184,-25
7185,-25
7186,-25
7187,-25
7188,-25
7189,-25
7190,-75
7191,-25
7192,-25
7193,-25
7194,-25
7195,-25
7196,-25
7197,-25
7198,-25
7199,-25
7200,-25
7201,-25
7202,-25
7203,-25
7204,-25
7205,-27
7206,-25
7207,-25
7208,-25
7209,-25
7210,-25
7211,-25
7212,-25
7213,-75
7214,-25
7215,-25
7216,-25
7217,-25
7218,-25
7219,-25
7220,-25
7221,-75
7222,-25
7223,-25
7224,-25
7225,-25
7226,-25
7227,-25
7228,-25
7229,-25
7230,-25
7231,-25
7232,-25
7233,-25
7234,-25
7235,-25
7236,-25
7237,-25
7238,-25
7239,-25
7240,-25
7241,-25
7242,-25
7243,-25
7244,-25
7245,-25
7246,-25
7247,-25
7248,-25
7249,-25
7250,-25
7251,-25
7252,-25
7253,-25
7254,-25
7255,-25
7256,-25
7257,-25
7258,-25
7259,-25
7260,-25
7261,-25
7262,-27
7263,-25
7264,-25
7265,-25
7266,-27
7267,-25
7268,-25
7269,-25
7270,-25
7271,-25
7272,-25
7273,-25
7274,-25
7275,-25
7276,-25
7277,-25
7278,-25
7279,-25
7280,-25
7281,-25
7282,-25
7283,-25
7284,-25
7285,-25
7286,-25
7287,-25
7288,-25
7289,-25
7290,-25
7291,-25
7292,-25
7293,-25
7294,-25
7295,-25
7296,-25
7297,-25
7298,-25
7299,-25
7300,-25
7301,-25
7302,-25
7303,-25
7304,-25
7305,-25
7306,-25
7307,-25
7308,-25
7309,-25
7310,-25
7311,-25
7312,-25
7313,-25
7314,-25
7315,-25
7316,-25
7317,-25
7318,-25
7319,-25
7320,-25
7321,-75
7322,-25
7323,-25
7324,-25
7325,-25
7326,-25
7327,-25
7328,-25
7329,-25
7330,-25
7331,-25
7332,-25
7333,-25
7334,-27
7335,-25
7336,-25
7337,-25
7338,-25
7339,-25
7340,-25
7341,-25
7342,-25
7343,-25
7344,-75
7345,-25
7346,-25
7347,-25
7348,-25
7349,-25
7350,-25
7351,-25
7352,-25
7353,-25
7354,-25
7355,-25
7356,-25
7357,-25
7358,-25
7359,-25
7360,-25
7361,-25
7362,-25
7363,-25
7364,-25
7365,-25
7366,-25
7367,-25
7368,-25
7369,-25
7370,-25
7371,-25
7372,-25
7373,-25
7374,-25
7375,-25
7376,-25
7377,-25
7378,-25
7379,-25
7380,-25
7381,-25
7382,-25
7383,-25
7384,-25
7385,-25
7386,-25
7387,-25
7388,-25
7389,-25
7390,-25
7391,-25
7392,-25
7393,-25
7394,-25
7395,-25
7396,-25
7397,-25
7398,-25
7399,-25
7400,-25
7401,-25
7402,-25
7403,-25
7404,-25
7405,-25
7406,-25
7407,-25
7408,-25
7409,-25
7410,-25
7411,-25
7412,-25
7413,-25
7414,-25
7415,-75
7416,-25
7417,-25
7418,-25
7419,-25
7420,-25
7421,-75
7422,-25
7423,-75
7424,-25
7425,-25
7426,-25
7427,-25
7428,-25
7429,-25
7430,-25
7431,-25
7432,-25
7433,-25
7434,-25
7435,-25
7436,-25
7437,-25
7438,-25
7439,-25
7440,-25
7441,-25
7442,-25
7443,-75
7444,-25
7445,-25
7446,-75
7447,-25
7448,-25
7449,-25
7450,-25
7451,-25
7452,-25
7453,-25
7454,-25
7455,-25
7456,-25
7457,-25
7458,-25
7459,-25
7460,-25
7461,-25
7462,-25
7463,-25
7464,-25
7465,-25
7466,-25
7467,-25
7468,-25
7469,-25
7470,-25
7471,-25
7472,-25
7473,-25
7474,-25
7475,-25
7476,-25
7477,-25
7478,-25
7479,-25
7480,-25
7481,-25
7482,-25
7483,-25
7484,-25
7485,-75
7486,-25
7487,-25
7488,-25
7489,-25
7490,-25
7491,-25
7492,-75
7493,-25
7494,-25
7495,-25
7496,-75
7497,-25
7498,-25
7499,-25
7500,-25
7501,-25
7502,-25
7503,-25
7504,-25
7505,-25
7506,-25
7507,-25
7508,-25
7509,-25
7510,-25
7511,-25
7512,-75
7513,-25
7514,-25
7515,-25
7516,-25
7517,-25
7518,-25
7519,-25
7520,-25
7521,-25
7522,-25
7523,-25
7524,-25
7525,-25
7526,-25
7527,-25
7528,-25
7529,-25
7530,-25
7531,-25
7532,-25
7533,-25
7534,-25
7535,-25
7536,-25
7537,-25
7538,-25
7539,-25
7540,-25
7541,-25
7542,-25
7543,-25
7544,-25
7545,-25
7546,-25
7547,-25
7548,-25
7549,-25
7550,-25
7551,-25
7552,-25
7553,-25
7554,-25
7555,-25
7556,-25
7557,-25
7558,-25
7559,-25
7560,-25
7561,-25
7562,-25
7563,-25
7564,-25
7565,-25
7566,-25
7567,-25
7568,-25
7569,-25
7570,-25
7571,-25
7572,-25
7573,-25
7574,-25
7575,-25
7576,-25
7577,-25
7578,-25
7579,-25
7580,-25
7581,-25
7582,-25
7583,-25
7584,-25
7585,-25
7586,-25
7587,-25
7588,-25
7589,-25
7590,-25
7591,-25
7592,-25
7593,-25
7594,-25
7595,-25
7596,-25
7597,-25
7598,-25
7599,-25
7600,-25
7601,-25
7602,-25
7603,-25
7604,-25
7605,-25
7606,-25
7607,-25
7608,-25
7609,-25
7610,-25
7611,-25
7612,-25
7613,-25
7614,-25
7615,-25
7616,-25
7617,-25
7618,-25
7619,-25
7620,-25
7621,-25
7622,-25
7623,-25
7624,-25
7625,-25
7626,-25
7627,-25
7628,-25
7629,-25
7630,-25
7631,-25
7632,-25
7633,-25
7634,-25
7635,-25
7636,-25
7637,-25
7638,-25
7639,-25
7640,-25
7641,-25
7642,-25
7643,-25
7644,-25
7645,-25
7646,-25
7647,-25
7648,-25
7649,-25
7650,-25
7651,-25
7652,-25
7653,-25
7654,-25
7655,-25
7656,-25
7657,-25
7658,-25
7659,-25
7660,-25
7661,-25
7662,-25
7663,-25
7664,-25
7665,-25
7666,-25
7667,-25
7668,-25
7669,-25
7670,-25
7671,-25
7672,-25
7673,-25
7674,-25
7675,-25
7676,-25
7677,-25
7678,-25
7679,-25
7680,-25
7681,-75
7682,-25
7683,-25
7684,-25
7685,-25
7686,-25
7687,-25
7688,-25
7689,-25
7690,-25
7691,-25
7692,-25
7693,-25
7694,-25
7695,-25
7696,-25
7697,-25
7698,-25
7699,-25
7700,-25
7701,-25
7702,-25
7703,-25
7704,-25
7705,-25
7706,-25
7707,-25
7708,-25
7709,-25
7710,-25
7711,-25
7712,-25
7713,-25
7714,-25
7715,-25
7716,-25
7717,-25
7718,-25
7719,-25
7720,-25
7721,-25
7722,-75
7723,-25
7724,-25
7725,-25
7726,-25
7727,-25
7728,-25
7729,-25
7730,-25
7731,-25
7732,-25
7733,-25
7734,-25
7735,-25
7736,-25
7737,-25
7738,-25
7739,-25
7740,-25
7741,-25
7742,-25
7743,-25
7744,-25
7745,-25
7746,-25
7747,-25
7748,-25
7749,-25
7750,-25
7751,-25
7752,-25
7753,-25
7754,-25
7755,-25
7756,-25
7757,-27
7758,-25
7759,-25
7760,-25
7761,-25
7762,-25
7763,-25
7764,-25
7765,-25
7766,-25
7767,-25
7768,-25
7769,-25
7770,-25
7771,-25
7772,-25
7773,-25
7774,-25
7775,-25
7776,-25
7777,-25
7778,-25
7779,-25
7780,-25
7781,-25
7782,-25
7783,-25
7784,-25
7785,-25
7786,-25
7787,-25
7788,-25
7789,-25
7790,-25
7791,-25
7792,-25
7793,-25
7794,-25
7795,-25
7796,-25
7797,-25
7798,-25
7799,-25
7800,-25
7801,-25
7802,-25
7803,-25
7804,-25
7805,-25
7806,-25
7807,-25
7808,-25
7809,-25
7810,-25
7811,-25
7812,-25
7813,-25
7814,-25
7815,-25
7816,-27
7817,-25
7818,-25
7819,-27
7820,-25
7821,-25
7822,-25
7823,-25
7824,-25
7825,-25
7826,-25
7827,-25
7828,-25
7829,-25
7830,-25
7831,-25
7832,-25
7833,-25
7834,-25
7835,-25
7836,-25
7837,-25
7838,-25
7839,-25
7840,-25
7841,-25
7842,-25
7843,-25
7844,-25
7845,-25
7846,-25
7847,-75
7848,-25
7849,-25
7850,-25
7851,-25
7852,-25
7853,-25
7854,-25
7855,-75
7856,-25
7857,-25
7858,-25
7859,-25
7860,-25
7861,-25
7862,-25
7863,-25
7864,-25
7865,-27
7866,-25
7867,-25
7868,-25
7869,-25
7870,-25
7871,-25
7872,-25
7873,-25
7874,-25
7875,-25
7876,-25
7877,-25
7878,-25
7879,-25
7880,-25
7881,-25
7882,-25
7883,-27
7884,-25
7885,-25
7886,-25
7887,-25
7888,-25
7889,-25
7890,-25
7891,-25
7892,-25
7893,-27
7894,-25
7895,-25
7896,-25
7897,-25
7898,-25
7899,-27
7900,-25
7901,-25
7902,-25
7903,-25
7904,-25
7905,-25
7906,-25
7907,-25
7908,-25
7909,-25
7910,-25
7911,-25
7912,-25
7913,-25
7914,-25
7915,-25
7916,-25
7917,-25
7918,-25
7919,-25
7920,-25
7921,-25
7922,-25
7923,-25
7924,-25
7925,-25
7926,-25
7927,-27
7928,-25
7929,-25
7930,-25
7931,-25
7932,-25
7933,-25
7934,-25
7935,-25
7936,-25
7937,-25
7938,-25
7939,-25
7940,-25
7941,-25
7942,-25
7943,-25
7944,-25
7945,-25
7946,-25
7947,-25
7948,-25
7949,-25
7950,-25
7951,-25
7952,-25
7953,-25
7954,-25
7955,-25
7956,-25
7957,-25
7958,-25
7959,-25
7960,-25
7961,-25
7962,-25
7963,-25
7964,-25
7965,-25
7966,-25
7967,-25
7968,-25
7969,-25
7970,-25
7971,-25
7972,-25
7973,-25
7974,-25
7975,-25
7976,-25
7977,-25
7978,-25
7979,-25
7980,-25
7981,-27
7982,-25
7983,-25
7984,-25
7985,-25
7986,-25
7987,-25
7988,-25
7989,-25
7990,-25
7991,-25
7992,-25
7993,-25
7994,-25
7995,-25
7996,-25
7997,-25
7998,-25
7999,-25
8000,-25
8001,-25
8002,-25
8003,-25
8004,-25
8005,-25
8006,-25
8007,-25
8008,-25
8009,-25
8010,-25
8011,-25
8012,-25
8013,-25
8014,-25
8015,-25
8016,-25
8017,-75
8018,-25
8019,-25
8020,-25
8021,-25
8022,-25
8023,-25
8024,-25
8025,-25
8026,-25
8027,-25
8028,-25
8029,-25
8030,-25
8031,-25
8032,-25
8033,-25
8034,-25
8035,-25
8036,-25
8037,-25
8038,-25
8039,-25
8040,-25
8041,-25
8042,-25
8043,-25
8044,-25
8045,-25
8046,-25
8047,-25
8048,-25
8049,-25
8050,-25
8051,-25
8052,-25
8053,-25
8054,-25
8055,-25
8056,-25
8057,-25
8058,-25
8059,-25
8060,-25
8061,-25
8062,-25
8063,-25
8064,-25
8065,-25
8066,-25
8067,-25
8068,-25
8069,-25
8070,-25
8071,-25
8072,-25
8073,-25
8074,-25
8075,-25
8076,-25
8077,-25
8078,-75
8079,-25
8080,-25
8081,-25
8082,-25
8083,-25
8084,-25
8085,-25
8086,-25
8087,-25
8088,-25
8089,-25
8090,-25
8091,-25
8092,-25
8093,-25
8094,-25
8095,-25
8096,-25
8097,-25
8098,-25
8099,-25
8100,-25
8101,-25
8102,-25
8103,-25
8104,-25
8105,-25
8106,-25
8107,-25
8108,-25
8109,-25
8110,-25
8111,-25
8112,-25
8113,-25
8114,-25
8115,-25
8116,-25
8117,-25
8118,-25
8119,-25
8120,-25
8121,-25
8122,-25
8123,-25
8124,-25
8125,-25
8126,-25
8127,-25
8128,-25
8129,-25
8130,-25
8131,-25
8132,-25
8133,-25
8134,-25
8135,-25
8136,-25
8137,-25
8138,-25
8139,-25
8140,-25
8141,-27
8142,-25
8143,-25
8144,-25
8145,-25
8146,-25
8147,-25
8148,-25
8149,-25
8150,-25
8151,-25
8152,-25
8153,-25
8154,-25
8155,-25
8156,-25
8157,-75
8158,-25
8159,-25
8160,-25
8161,-25
8162,-25
8163,-25
8164,-25
8165,-25
8166,-25
8167,-25
8168,-25
8169,-25
8170,-25
8171,-25
8172,-25
8173,-25
8174,-25
8175,-25
8176,-25
8177,-25
8178,-25
8179,-25
8180,-25
8181,-25
8182,-25
8183,-25
8184,-25
8185,-25
8186,-25
8187,-25
8188,-25
8189,-25
8190,-25
8191,-25
8192,-25
8193,-25
8194,-25
8195,-25
8196,-25
8197,-25
8198,-25
8199,-25
8200,-25
8201,-25
8202,-25
8203,-25
8204,-27
8205,-25
8206,-25
8207,-25
8208,-25
8209,-25
8210,-25
8211,-25
8212,-25
8213,-25
8214,-25
8215,-25
8216,-25
8217,-25
8218,-25
8219,-75
8220,-25
8221,-25
8222,-25
8223,-25
8224,-25
8225,-25
8226,-25
8227,-25
8228,-25
8229,-25
8230,-25
8231,-25
8232,-25
8233,-25
8234,-25
8235,-25
8236,-25
8237,-25
8238,-25
8239,-25
8240,-25
8241,-25
8242,-25
8243,-25
8244,-25
8245,-25
8246,-25
8247,-25
8248,-25
8249,-25
8250,-25
8251,-25
8252,-25
8253,-25
8254,-25
8255,-25
8256,-25
8257,-25
8258,-25
8259,-25
8260,-25
8261,-25
8262,-25
8263,-27
8264,-25
8265,-25
8266,-25
8267,-25
8268,-25
8269,-27
8270,-25
8271,-25
8272,-25
8273,-25
8274,-25
8275,-25
8276,-25
8277,-25
8278,-25
8279,-25
8280,-25
8281,-25
8282,-25
8283,-25
8284,-25
8285,-25
8286,-25
8287,-25
8288,-25
8289,-25
8290,-25
8291,-25
8292,-25
8293,-25
8294,-25
8295,-25
8296,-25
8297,-25
8298,-25
8299,-25
8300,-25
8301,-25
8302,-25
8303,-25
8304,-25
8305,-25
8306,-25
8307,-25
8308,-25
8309,-25
8310,-25
8311,-25
8312,-25
8313,-25
8314,-25
8315,-25
8316,-25
8317,-25
8318,-27
8319,-25
8320,-25
8321,-25
8322,-25
8323,-25
8324,-25
8325,-25
8326,-25
8327,-25
8328,-25
8329,-25
8330,-27
8331,-25
8332,-25
8333,-25
8334,-25
8335,-25
8336,-25
8337,-25
8338,-25
8339,-25
8340,-25
8341,-25
8342,-25
8343,-25
8344,-25
8345,-25
8346,-25
8347,-25
8348,-27
8349,-25
8350,-25
8351,-25
8352,-25
8353,-25
8354,-25
8355,-25
8356,-25
8357,-25
8358,-25
8359,-25
8360,-25
8361,-25
8362,-25
8363,-25
8364,-25
8365,-25
8366,-25
8367,-25
8368,-25
8369,-25
8370,-25
8371,-25
8372,-25
8373,-25
8374,-25
8375,-25
8376,-25
8377,-25
8378,-25
8379,-25
8380,-25
8381,-25
8382,-25
8383,-25
8384,-25
8385,-25
8386,-25
8387,-25
8388,-25
8389,-25
8390,-25
8391,-25
8392,-25
8393,-75
8394,-25
8395,-25
8396,-25
8397,-25
8398,-25
8399,-25
8400,-25
8401,-25
8402,-25
8403,-25
8404,-25
8405,-25
8406,-25
8407,-25
8408,-25
8409,-25
8410,-25
8411,-25
8412,-25
8413,-25
8414,-25
8415,-25
8416,-25
8417,-25
8418,-25
8419,-25
8420,-25
8421,-75
8422,-25
8423,-25
8424,-25
8425,-25
8426,-25
8427,-25
8428,-25
8429,-25
8430,-25
8431,-25
8432,-25
8433,-25
8434,-25
8435,-25
8436,-25
8437,-25
8438,-25
8439,-25
8440,-25
8441,-25
8442,-25
8443,-25
8444,-25
8445,-25
8446,-25
8447,-25
8448,-25
8449,-25
8450,-25
8451,-25
8452,-25
8453,-25
8454,-25
8455,-25
8456,-25
8457,-25
8458,-25
8459,-25
8460,-25
8461,-25
8462,-25
8463,-25
8464,-25
8465,-25
8466,-25
8467,-25
8468,-25
8469,-25
8470,-25
8471,-25
8472,-25
8473,-25
8474,-25
8475,-25
8476,-25
8477,-25
8478,-25
8479,-25
8480,-25
8481,-25
8482,-27
8483,-25
8484,-25
8485,-25
8486,-25
8487,-25
8488,-25
8489,-25
8490,-25
8491,-25
8492,-25
8493,-25
8494,-25
8495,-25
8496,-25
8497,-25
8498,-25
8499,-25
8500,-25
8501,-25
8502,-25
8503,-25
8504,-25
8505,-25
8506,-25
8507,-25
8508,-25
8509,-25
8510,-25
8511,-25
8512,-25
8513,-25
8514,-25
8515,-25
8516,-25
8517,-25
8518,-25
8519,-25
8520,-25
8521,-25
8522,-25
8523,-25
8524,-25
8525,-25
8526,-25
8527,-25
8528,-25
8529,-25
8530,-25
8531,-25
8532,-25
8533,-25
8534,-25
8535,-25
8536,-25
8537,-25
8538,-25
8539,-25
8540,-25
8541,-25
8542,-25
8543,-25
8544,-25
8545,-25
8546,-25
8547,-25
8548,-25
8549,-25
8550,-25
8551,-25
8552,-25
8553,-25
8554,-25
8555,-25
8556,-25
8557,-25
8558,-25
8559,-25
8560,-25
8561,-25
8562,-25
8563,-25
8564,-25
8565,-75
8566,-25
8567,-25
8568,-25
8569,-27
8570,-25
8571,-25
8572,-25
8573,-25
8574,-25
8575,-25
8576,-25
8577,-25
8578,-25
8579,-25
8580,-25
8581,-25
8582,-25
8583,-25
8584,-25
8585,-25
8586,-25
8587,-25
8588,-25
8589,-25
8590,-25
8591,-25
8592,-25
8593,-25
8594,-25
8595,-25
8596,-25
8597,-25
8598,-25
8599,-75
8600,-25
8601,-25
8602,-25
8603,-25
8604,-25
8605,-25
8606,-25
8607,-25
8608,-25
8609,-25
8610,-25
8611,-25
8612,-25
8613,-25
8614,-25
8615,-25
8616,-25
8617,-25
8618,-25
8619,-25
8620,-25
8621,-25
8622,-25
8623,-25
8624,-25
8625,-75
8626,-25
8627,-25
8628,-25
8629,-25
8630,-25
8631,-25
8632,-75
8633,-25
8634,-25
8635,-25
8636,-25
8637,-25
8638,-25
8639,-25
8640,-25
8641,-25
8642,-25
8643,-25
8644,-25
8645,-25
8646,-25
8647,-25
8648,-25
8649,-25
8650,-25
8651,-25
8652,-25
8653,-25
8654,-25
8655,-25
8656,-25
8657,-25
8658,-25
8659,-25
8660,-25
8661,-25
8662,-25
8663,-25
8664,-25
8665,-25
8666,-25
8667,-25
8668,-25
8669,-25
8670,-25
8671,-25
8672,-25
8673,-25
8674,-25
8675,-25
8676,-25
8677,-25
8678,-25
8679,-25
8680,-25
8681,-25
8682,-25
8683,-25
8684,-25
8685,-25
8686,-25
8687,-25
8688,-25
8689,-25
8690,-25
8691,-25
8692,-25
8693,-25
8694,-25
8695,-25
8696,-25
8697,-25
8698,-25
8699,-25
8700,-25
8701,-25
8702,-25
8703,-25
8704,-25
8705,-25
8706,-25
8707,-25
8708,-25
8709,-25
8710,-25
8711,-25
8712,-25
8713,-25
8714,-25
8715,-25
8716,-25
8717,-25
8718,-25
8719,-25
8720,-25
8721,-25
8722,-25
8723,-25
8724,-25
8725,-25
8726,-25
8727,-25
8728,-25
8729,-25
8730,-25
8731,-25
8732,-25
8733,-25
8734,-25
8735,-25
8736,-25
8737,-27
8738,-25
8739,-25
8740,-25
8741,-25
8742,-25
8743,-25
8744,-25
8745,-25
8746,-25
8747,-25
8748,-25
8749,-25
8750,-27
8751,-25
8752,-25
8753,-25
8754,-25
8755,-25
8756,-25
8757,-25
8758,-25
8759,-25
8760,-25
8761,-25
8762,-25
8763,-25
8764,-25
8765,-25
8766,-25
8767,-25
8768,-25
8769,-25
8770,-25
8771,-25
8772,-77
8773,-25
8774,-25
8775,-25
8776,-25
8777,-25
8778,-25
8779,-25
8780,-25
8781,-25
8782,-25
8783,-25
8784,-25
8785,-25
8786,-25
8787,-25
8788,-25
8789,-25
8790,-25
8791,-25
8792,-25
8793,-25
8794,-25
8795,-27
8796,-25
8797,-25
8798,-25
8799,-25
8800,-25
8801,-25
8802,-25
8803,-27
8804,-25
8805,-25
8806,-25
8807,-25
8808,-25
8809,-25
8810,-25
8811,-25
8812,-25
8813,-25
8814,-25
8815,-25
8816,-25
8817,-25
8818,-25
8819,-25
8820,-25
8821,-25
8822,-25
8823,-25
8824,-25
8825,-25
8826,-25
8827,-75
8828,-25
8829,-25
8830,-25
8831,-25
8832,-25
8833,-25
8834,-25
8835,-25
8836,-25
8837,-25
8838,-25
8839,-25
8840,-25
8841,-25
8842,-25
8843,-25
8844,-25
8845,-25
8846,-25
8847,-27
8848,-25
8849,-25
8850,-25
8851,-25
8852,-25
8853,-25
8854,-25
8855,-25
8856,-25
8857,-75
8858,-75
8859,-25
8860,-25
8861,-25
8862,-25
8863,-25
8864,-25
8865,-25
8866,-25
8867,-25
8868,-25
8869,-25
8870,-25
8871,-25
8872,-25
8873,-75
8874,-25
8875,-25
8876,-25
8877,-25
8878,-25
8879,-25
8880,-25
8881,-25
8882,-25
8883,-25
8884,-25
8885,-25
8886,-25
8887,-25
8888,-25
8889,-25
8890,-25
8891,-25
8892,-25
8893,-25
8894,-25
8895,-25
8896,-25
8897,-25
8898,-25
8899,-75
8900,-25
8901,-25
8902,-25
8903,-25
8904,-27
8905,-25
8906,-25
8907,-25
8908,-25
8909,-25
8910,-25
8911,-25
8912,-25
8913,-25
8914,-25
8915,-25
8916,-25
8917,-25
8918,-25
8919,-25
8920,-25
8921,-25
8922,-25
8923,-25
8924,-25
8925,-25
8926,-25
8927,-25
8928,-25
8929,-25
8930,-25
8931,-75
8932,-25
8933,-25
8934,-25
8935,-25
8936,-25
8937,-25
8938,-25
8939,-25
8940,-25
8941,-25
8942,-25
8943,-25
8944,-25
8945,-25
8946,-25
8947,-25
8948,-25
8949,-25
8950,-25
8951,-25
8952,-25
8953,-25
8954,-25
8955,-25
8956,-25
8957,-25
8958,-25
8959,-25
8960,-25
8961,-25
8962,-25
8963,-25
8964,-25
8965,-25
8966,-25
8967,-25
8968,-25
8969,-25
8970,-25
8971,-25
8972,-25
8973,-75
8974,-25
8975,-25
8976,-25
8977,-25
8978,-25
8979,-25
8980,-25
8981,-25
8982,-25
8983,-25
8984,-25
8985,-25
8986,-25
8987,-25
8988,-25
8989,-25
8990,-25
8991,-25
8992,-25
8993,-25
8994,-25
8995,-25
8996,-25
8997,-25
8998,-25
8999,-25
9000,-25
9001,-25
9002,-25
9003,-25
9004,-25
9005,-25
9006,-25
9007,-25
9008,-25
9009,-25
9010,-25
9011,-25
9012,-25
9013,-25
9014,-25
9015,-25
9016,-25
9017,-25
9018,-25
9019,-25
9020,-25
9021,-25
9022,-25
9023,-25
9024,-25
9025,-25
9026,-25
9027,-25
9028,-25
9029,-25
9030,-25
9031,-25
9032,-25
9033,-25
9034,-25
9035,-25
9036,-25
9037,-25
9038,-25
9039,-25
9040,-75
9041,-25
9042,-25
9043,-25
9044,-25
9045,-25
9046,-25
9047,-25
9048,-25
9049,-25
9050,-25
9051,-25
9052,-25
9053,-25
9054,-25
9055,-25
9056,-25
9057,-25
9058,-25
9059,-25
9060,-25
9061,-25
9062,-25
9063,-25
9064,-25
9065,-25
9066,-25
9067,-25
9068,-25
9069,-25
9070,-25
9071,-25
9072,-25
9073,-25
9074,-25
9075,-25
9076,-25
9077,-25
9078,-25
9079,-25
9080,-25
9081,-25
9082,-25
9083,-25
9084,-25
9085,-25
9086,-25
9087,-25
9088,-25
9089,-27
9090,-25
9091,-25
9092,-25
9093,-25
9094,-25
9095,-25
9096,-25
9097,-25
9098,-25
9099,-25
9100,-25
9101,-25
9102,-25
9103,-25
9104,-25
9105,-25
9106,-25
9107,-25
9108,-25
9109,-75
9110,-25
9111,-25
9112,-25
9113,-25
9114,-25
9115,-25
9116,-25
9117,-25
9118,-25
9119,-25
9120,-25
9121,-25
9122,-25
9123,-25
9124,-25
9125,-25
9126,-25
9127,-25
9128,-25
9129,-25
9130,-25
9131,-25
9132,-25
9133,-25
9134,-25
9135,-25
9136,-25
9137,-25
9138,-25
9139,-25
9140,-25
9141,-25
9142,-25
9143,-25
9144,-25
9145,-25
9146,-75
9147,-25
9148,-25
9149,-25
9150,-25
9151,-25
9152,-25
9153,-25
9154,-25
9155,-25
9156,-25
9157,-25
9158,-25
9159,-25
9160,-25
9161,-25
9162,-25
9163,-25
9164,-25
9165,-25
9166,-25
9167,-25
9168,-25
9169,-25
9170,-25
9171,-25
9172,-75
9173,-25
9174,-25
9175,-25
9176,-25
9177,-25
9178,-25
9179,-25
9180,-25
9181,-25
9182,-25
9183,-25
9184,-25
9185,-25
9186,-25
9187,-25
9188,-25
9189,-25
9190,-25
9191,-25
9192,-25
9193,-25
9194,-25
9195,-25
9196,-25
9197,-25
9198,-25
9199,-25
9200,-25
9201,-25
9202,-25
9203,-25
9204,-25
9205,-125
9206,-25
9207,-25
9208,-25
9209,-25
9210,-25
9211,-25
9212,-25
9213,-25
9214,-25
9215,-25
9216,-25
9217,-25
9218,-25
9219,-25
9220,-25
9221,-25
9222,-25
9223,-25
9224,-25
9225,-25
9226,-25
9227,-25
9228,-25
9229,-25
9230,-25
9231,-25
9232,-125
9233,-25
9234,-25
9235,-25
9236,-25
9237,-25
9238,-25
9239,-25
9240,-25
9241,-25
9242,-25
9243,-25
9244,-25
9245,-25
9246,-25
9247,-25
9248,-25
9249,-25
9250,-25
9251,-25
9252,-25
9253,-25
9254,-27
9255,-25
9256,-25
9257,-25
9258,-25
9259,-25
9260,-25
9261,-25
9262,-25
9263,-25
9264,-25
9265,-25
9266,-25
9267,-25
9268,-25
9269,-25
9270,-25
9271,-25
9272,-25
9273,-27
9274,-25
9275,-25
9276,-25
9277,-25
9278,-25
9279,-25
9280,-25
9281,-25
9282,-25
9283,-27
9284,-125
9285,-25
9286,-25
9287,-25
9288,-25
9289,-25
9290,-25
9291,-25
9292,-25
9293,-25
9294,-25
9295,-25
9296,-25
9297,-25
9298,-25
9299,-25
9300,-25
9301,-25
9302,-75
9303,-25
9304,-27
9305,-25
9306,-25
9307,-25
9308,-25
9309,-75
9310,-25
9311,-25
9312,-25
9313,-25
9314,-25
9315,-25
9316,-25
9317,-25
9318,-25
9319,-25
9320,-25
9321,-25
9322,-25
9323,-25
9324,-25
9325,-25
9326,-25
9327,-25
9328,-25
9329,-25
9330,-25
9331,-27
9332,-25
9333,-75
9334,-25
9335,-25
9336,-25
9337,-25
9338,-25
9339,-25
9340,-25
9341,-25
9342,-25
9343,-25
9344,-25
9345,-25
9346,-25
9347,-25
9348,-25
9349,-25
9350,-25
9351,-25
9352,-25
9353,-25
9354,-25
9355,-25
9356,-25
9357,-25
9358,-25
9359,-25
9360,-25
9361,-25
9362,-25
9363,-25
9364,-25
9365,-25
9366,-25
9367,-27
9368,-25
9369,-25
9370,-25
9371,-25
9372,-25
9373,-25
9374,-25
9375,-25
9376,-25
9377,-25
9378,-25
9379,-25
9380,-25
9381,-25
9382,-25
9383,-25
9384,-25
9385,-25
9386,-25
9387,-25
9388,-25
9389,-25
9390,-25
9391,-25
9392,-25
9393,-25
9394,-25
9395,-25
9396,-25
9397,-25
9398,-25
9399,-25
9400,-25
9401,-25
9402,-25
9403,-25
9404,-25
9405,-25
9406,-25
9407,-25
9408,-25
9409,-25
9410,-25
9411,-25
9412,-25
9413,-25
9414,-25
9415,-25
9416,-25
9417,-25
9418,-25
9419,-25
9420,-25
9421,-25
9422,-25
9423,-25
9424,-25
9425,-25
9426,-25
9427,-25
9428,-25
9429,-27
9430,-25
9431,-25
9432,-25
9433,-25
9434,-25
9435,-25
9436,-25
9437,-25
9438,-75
9439,-25
9440,-25
9441,-25
9442,-25
9443,-25
9444,-25
9445,-25
9446,-25
9447,-25
9448,-25
9449,-25
9450,-25
9451,-25
9452,-25
9453,-25
9454,-25
9455,-25
9456,-25
9457,-25
9458,-25
9459,-25
9460,-25
9461,-25
9462,-25
9463,-25
9464,-25
9465,-25
9466,-25
9467,-25
9468,-25
9469,-25
9470,-25
9471,-25
9472,-25
9473,-25
9474,-25
9475,-25
9476,-25
9477,-25
9478,-25
9479,-25
9480,-25
9481,-25
9482,-25
9483,-25
9484,-25
9485,-25
9486,-25
9487,-25
9488,-25
9489,-25
9490,-25
9491,-25
9492,-25
9493,-25
9494,-25
9495,-25
9496,-25
9497,-25
9498,-25
9499,-25
9500,-25
9501,-25
9502,-25
9503,-25
9504,-25
9505,-25
9506,-25
9507,-25
9508,-25
9509,-25
9510,-25
9511,-25
9512,-25
9513,-25
9514,-25
9515,-25
9516,-25
9517,-25
9518,-25
9519,-25
9520,-27
9521,-25
9522,-25
9523,-25
9524,-75
9525,-25
9526,-25
9527,-75
9528,-25
9529,-25
9530,-25
9531,-25
9532,-25
9533,-25
9534,-25
9535,-25
9536,-25
9537,-25
9538,-25
9539,-25
9540,-25
9541,-25
9542,-25
9543,-25
9544,-25
9545,-25
9546,-25
9547,-25
9548,-25
9549,-25
9550,-25
9551,-25
9552,-25
9553,-25
9554,-25
9555,-25
9556,-25
9557,-25
9558,-25
9559,-25
9560,-25
9561,-25
9562,-25
9563,-25
9564,-27
9565,-25
9566,-25
9567,-25
9568,-25
9569,-25
9570,-25
9571,-25
9572,-25
9573,-25
9574,-25
9575,-25
9576,-25
9577,-25
9578,-25
9579,-25
9580,-25
9581,-25
9582,-25
9583,-25
9584,-25
9585,-25
9586,-25
9587,-25
9588,-25
9589,-25
9590,-25
9591,-25
9592,-25
9593,-25
9594,-25
9595,-25
9596,-25
9597,-25
9598,-25
9599,-25
9600,-25
9601,-25
9602,-25
9603,-25
9604,-25
9605,-25
9606,-25
9607,-25
9608,-25
9609,-25
9610,-25
9611,-25
9612,-25
9613,-25
9614,-25
9615,-25
9616,-25
9617,-25
9618,-25
9619,-25
9620,-25
9621,-25
9622,-25
9623,-25
9624,-25
9625,-25
9626,-25
9627,-25
9628,-25
9629,-25
9630,-25
9631,-25
9632,-25
9633,-125
9634,-25
9635,-25
9636,-25
9637,-25
9638,-25
9639,-25
9640,-25
9641,-25
9642,-25
9643,-25
9644,-25
9645,-25
9646,-25
9647,-25
9648,-25
9649,-25
9650,-25
9651,-25
9652,-25
9653,-25
9654,-25
9655,-25
9656,-75
9657,-27
9658,-25
9659,-25
9660,-25
9661,-25
9662,-25
9663,-25
9664,-25
9665,-27
9666,-25
9667,-25
9668,-25
9669,-25
9670,-25
9671,-25
9672,-25
9673,-25
9674,-25
9675,-25
9676,-25
9677,-25
9678,-25
9679,-25
9680,-25
9681,-25
9682,-25
9683,-25
9684,-25
9685,-25
9686,-25
9687,-25
9688,-25
9689,-25
9690,-25
9691,-25
9692,-25
9693,-25
9694,-25
9695,-25
9696,-25
9697,-25
9698,-25
9699,-25
9700,-25
9701,-25
9702,-25
9703,-25
9704,-25
9705,-25
9706,-25
9707,-25
9708,-25
9709,-25
9710,-25
9711,-25
9712,-25
9713,-25
9714,-25
9715,-25
9716,-25
9717,-25
9718,-25
9719,-25
9720,-25
9721,-25
9722,-25
9723,-25
9724,-25
9725,-25
9726,-25
9727,-25
9728,-25
9729,-25
9730,-25
9731,-25
9732,-25
9733,-25
9734,-25
9735,-25
9736,-25
9737,-25
9738,-25
9739,-25
9740,-25
9741,-25
9742,-25
9743,-25
9744,-25
9745,-25
9746,-25
9747,-27
9748,-25
9749,-25
9750,-75
9751,-25
9752,-25
9753,-25
9754,-25
9755,-25
9756,-25
9757,-25
9758,-25
9759,-25
9760,-25
9761,-25
9762,-25
9763,-25
9764,-25
9765,-25
9766,-25
9767,-25
9768,-25
9769,-25
9770,-25
9771,-25
9772,-25
9773,-27
9774,-25
9775,-25
9776,-25
9777,-25
9778,-25
9779,-25
9780,-25
9781,-25
9782,-25
9783,-25
9784,-25
9785,-25
9786,-25
9787,-25
9788,-25
9789,-25
9790,-25
9791,-25
9792,-25
9793,-25
9794,-25
9795,-25
9796,-25
9797,-25
9798,-25
9799,-25
9800,-25
9801,-25
9802,-25
9803,-25
9804,-75
9805,-25
9806,-25
9807,-25
9808,-25
9809,-75
9810,-25
9811,-25
9812,-25
9813,-25
9814,-25
9815,-25
9816,-25
9817,-25
9818,-25
9819,-25
9820,-25
9821,-25
9822,-25
9823,-25
9824,-25
9825,-25
9826,-25
9827,-25
9828,-25
9829,-25
9830,-25
9831,-25
9832,-25
9833,-25
9834,-25
9835,-25
9836,-25
9837,-25
9838,-27
9839,-25
9840,-25
9841,-25
9842,-25
9843,-25
9844,-25
9845,-25
9846,-25
9847,-25
9848,-25
9849,-25
9850,-25
9851,-25
9852,-25
9853,-25
9854,-25
9855,-25
9856,-25
9857,-25
9858,-27
9859,-25
9860,-25
9861,-25
9862,-25
9863,-25
9864,-25
9865,-25
9866,-25
9867,-25
9868,-25
9869,-25
9870,-25
9871,-25
9872,-25
9873,-25
9874,-25
9875,-25
9876,-25
9877,-25
9878,-25
9879,-25
9880,-25
9881,-25
9882,-25
9883,-25
9884,-25
9885,-25
9886,-25
9887,-25
9888,-25
9889,-25
9890,-25
9891,-25
9892,-25
9893,-25
9894,-25
9895,-25
9896,-25
9897,-25
9898,-25
9899,-25
9900,-25
9901,-25
9902,-25
9903,-25
9904,-25
9905,-25
9906,-25
9907,-25
9908,-25
9909,-25
9910,-25
9911,-25
9912,-25
9913,-25
9914,-25
9915,-25
9916,-25
9917,-25
9918,-25
9919,-25
9920,-25
9921,-25
9922,-25
9923,-25
9924,-25
9925,-25
9926,-25
9927,-25
9928,-25
9929,-25
9930,-25
9931,-75
9932,-25
9933,-25
9934,-25
9935,-25
9936,-25
9937,-25
9938,-25
9939,-25
9940,-25
9941,-25
9942,-25
9943,-25
9944,-25
9945,-25
9946,-25
9947,-25
9948,-25
9949,-25
9950,-27
9951,-25
9952,-25
9953,-25
9954,-25
9955,-25
9956,-25
9957,-25
9958,-25
9959,-25
9960,-25
9961,-25
9962,-25
9963,-25
9964,-25
9965,-25
9966,-25
9967,-25
9968,-27
9969,-25
9970,-25
9971,-25
9972,-25
9973,-25
9974,-25
9975,-25
9976,-25
9977,-25
9978,-25
9979,-25
9980,-25
9981,-25
9982,-25
9983,-25
9984,-25
9985,-25
9986,-25
9987,-25
9988,-25
9989,-25
9990,-25
9991,-25
9992,-25
9993,-25
9994,-25
9995,-25
9996,-25
9997,-25
9998,-25
9999,-25
[[(4, 4), 2, -25], [(4, 3), 2, -25], [(4, 2), 2, -25], [(4, 1), 0, -25], [(3, 1), 2, -25], [(3, 0), 0, -25], [(2, 0), 0, -25], [(1, 0), 0, 150]]