0,-510
1,-1048
2,-6838
3,-1002
4,-1002
5,-1002
6,-461
7,-1002
8,-1048
9,-7223
10,-695
11,-624
12,-210
13,-820
14,-139
15,-611
16,-402
17,-527
18,-476
19,-826
20,-819
21,-568
22,-1084
23,-375
24,-470
25,-900
26,-306
27,-328
28,-185
29,-563
30,-384
31,-744
32,-357
33,-247
34,-812
35,-486
36,-159
37,-1002
38,-285
39,-689
40,-469
41,-619
42,-200
43,-448
44,-1002
45,-649
46,-383
47,-1002
48,-558
49,-151
50,-656
51,-891
52,-806
53,-322
54,-237
55,-812
56,-556
57,-1002
58,-1064
59,-1002
60,-661
61,-616
62,-888
63,-584
64,-929
65,-535
66,-483
67,-735
68,-1002
69,-1028
70,-661
71,-249
72,-219
73,-331
74,-558
75,-1002
76,-301
77,-357
78,-597
79,-903
80,-233
81,-200
82,-504
83,-320
84,-618
85,-147
86,-155
87,-634
88,-216
89,-131
90,-1002
91,-446
92,-392
93,-541
94,-378
95,-477
96,-799
97,-623
98,-1002
99,-559
100,-286
101,-1002
102,-358
103,-474
104,-519
105,-1002
106,-169
107,-376
108,-205
109,-1002
110,-380
111,-1073
112,-870
113,-723
114,-230
115,-265
116,-1002
117,-322
118,-590
119,-1002
120,-928
121,-585
122,-257
123,-466
124,-727
125,-1002
126,-1002
127,-1002
128,-519
129,-797
130,-852
131,-1002
132,-155
133,-1178
134,-760
135,-1002
136,-207
137,-1002
138,-327
139,-1002
140,-994
141,-1002
142,-223
143,-995
144,-980
145,-596
146,-1002
147,-816
148,-1002
149,-1002
150,-1002
151,-667
152,-369
153,-217
154,-592
155,-313
156,-299
157,-310
158,-332
159,-541
160,-1044
161,-1002
162,-502
163,-433
164,-333
165,-954
166,-193
167,-716
168,-210
169,-910
170,-171
171,-232
172,-263
173,-268
174,-348
175,-685
176,-1022
177,-725
178,-1096
179,-207
180,-662
181,-159
182,-757
183,-893
184,-863
185,-337
186,-490
187,-240
188,-800
189,-197
190,-976
191,-135
192,-1002
193,-1072
194,-906
195,-739
196,-224
197,-396
198,-636
199,-667
200,-535
201,-462
202,-771
203,-314
204,-781
205,-344
206,-1002
207,-866
208,-1002
209,-744
210,-1002
211,-566
212,-1002
213,-171
214,-398
215,-378
216,-595
217,-1002
218,-1035
219,-800
220,-365
221,-1002
222,-1172
223,-213
224,-1002
225,-270
226,-499
227,-219
228,-542
229,-347
230,-227
231,-363
232,-1002
233,-322
234,-895
235,-914
236,-563
237,-429
238,-478
239,-277
240,-649
241,-431
242,-343
243,-775
244,-1008
245,-469
246,-238
247,-259
248,-1006
249,-551
250,-135
251,-443
252,-364
253,-932
254,-1002
255,-1002
256,-426
257,-233
258,-417
259,-478
260,-768
261,-364
262,-236
263,-807
264,-1044
265,-208
266,-1103
267,-509
268,-256
269,-481
270,-1002
271,-234
272,-557
273,-880
274,-1002
275,-1007
276,-1002
277,-1002
278,-1109
279,-689
280,-604
281,-676
282,-1012
283,-391
284,-234
285,-528
286,-490
287,-238
288,-1002
289,-1052
290,-323
291,-1002
292,-1086
293,-1065
294,-487
295,-298
296,-1002
297,-619
298,-548
299,-489
300,-456
301,-312
302,-578
303,-364
304,-229
305,-1002
306,-781
307,-662
308,-957
309,-1002
310,-1002
311,-236
312,-1090
313,-491
314,-1002
315,-343
316,-1120
317,-1002
318,-1152
319,-574
320,-568
321,-1002
322,-725
323,-404
324,-353
325,-1002
326,-319
327,-416
328,-1002
329,-566
330,-370
331,-237
332,-276
333,-323
334,-1002
335,-1002
336,-1073
337,-706
338,-925
339,-565
340,-713
341,-340
342,-1002
343,-1002
344,-266
345,-565
346,-285
347,-1002
348,-1146
349,-149
350,-297
351,-133
352,-569
353,-353
354,-1002
355,-334
356,-958
357,-1044
358,-201
359,-650
360,-755
361,-511
362,-221
363,-612
364,-1002
365,-507
366,-466
367,-272
368,-362
369,-463
370,-181
371,-214
372,-976
373,-757
374,-587
375,-1002
376,-167
377,-948
378,-1002
379,-295
380,-133
381,-1002
382,-807
383,-1002
384,-1140
385,-262
386,-494
387,-751
388,-525
389,-766
390,-476
391,-659
392,-973
393,-135
394,-876
395,-528
396,-484
397,-830
398,-1002
399,-225
400,-1002
401,-1184
402,-612
403,-766
404,-627
405,-328
406,-551
407,-165
408,-640
409,-328
410,-205
411,-179
412,-478
413,-1085
414,-1025
415,-634
416,-1002
417,-398
418,-436
419,-1002
420,-1039
421,-904
422,-867
423,-816
424,-1002
425,-307
426,-1073
427,-137
428,-464
429,-889
430,-358
431,-460
432,-696
433,-378
434,-1002
435,-1112
436,-931
437,-472
438,-1002
439,-350
440,-1001
441,-1002
442,-481
443,-675
444,-972
445,-854
446,-133
447,-1002
448,-956
449,-614
450,-764
451,-1005
452,-225
453,-602
454,-737
455,-296
456,-597
457,-458
458,-906
459,-405
460,-1002
461,-808
462,-239
463,-429
464,-1002
465,-1002
466,-665
467,-405
468,-1002
469,-721
470,-394
471,-875
472,-836
473,-446
474,-1002
475,-1002
476,-1002
477,-1002
478,-256
479,-1002
480,-185
481,-639
482,-1002
483,-216
484,-859
485,-623
486,-647
487,-1112
488,-409
489,-569
490,-956
491,-252
492,-1002
493,-1002
494,-229
495,-826
496,-322
497,-240
498,-277
499,-283
500,-137
501,-690
502,-214
503,-216
504,-459
505,-531
506,-604
507,-677
508,-818
509,-576
510,-700
511,-374
512,-1030
513,-681
514,-610
515,-809
516,-278
517,-1089
518,-135
519,-218
520,-991
521,-1002
522,-197
523,-220
524,-157
525,-977
526,-565
527,-297
528,-229
529,-700
530,-151
531,-841
532,-729
533,-1002
534,-143
535,-248
536,-1002
537,-407
538,-1002
539,-179
540,-1002
541,-193
542,-621
543,-1002
544,-1002
545,-610
546,-193
547,-1002
548,-699
549,-482
550,-441
551,-975
552,-227
553,-487
554,-1116
555,-1002
556,-358
557,-450
558,-202
559,-1002
560,-324
561,-940
562,-323
563,-492
564,-199
565,-1002
566,-1002
567,-358
568,-238
569,-1002
570,-1002
571,-941
572,-281
573,-1002
574,-320
575,-795
576,-529
577,-245
578,-376
579,-315
580,-310
581,-1002
582,-177
583,-169
584,-642
585,-575
586,-326
587,-1002
588,-721
589,-129
590,-218
591,-267
592,-804
593,-1002
594,-784
595,-386
596,-949
597,-759
598,-460
599,-1004
600,-436
601,-987
602,-772
603,-1002
604,-1176
605,-371
606,-1190
607,-643
608,-548
609,-1034
610,-660
611,-239
612,-247
613,-147
614,-563
615,-786
616,-615
617,-254
618,-362
619,-129
620,-946
621,-435
622,-214
623,-221
624,-1002
625,-1002
626,-610
627,-629
628,-1002
629,-1002
630,-143
631,-366
632,-1002
633,-600
634,-793
635,-561
636,-403
637,-814
638,-461
639,-135
640,-212
641,-717
642,-751
643,-479
644,-640
645,-1002
646,-255
647,-1002
648,-564
649,-948
650,-1072
651,-789
652,-404
653,-339
654,-1002
655,-265
656,-936
657,-793
658,-221
659,-314
660,-361
661,-269
662,-1063
663,-818
664,-689
665,-651
666,-705
667,-651
668,-265
669,-1002
670,-1002
671,-224
672,-204
673,-748
674,-246
675,-1006
676,-350
677,-376
678,-1002
679,-301
680,-460
681,-175
682,-287
683,-1002
684,-1002
685,-766
686,-254
687,-1002
688,-425
689,-318
690,-841
691,-1002
692,-570
693,-878
694,-1002
695,-212
696,-652
697,-171
698,-1002
699,-429
700,-805
701,-219
702,-609
703,-362
704,-1002
705,-397
706,-393
707,-155
708,-524
709,-529
710,-379
711,-324
712,-1002
713,-382
714,-276
715,-452
716,-1002
717,-831
718,-1002
719,-1002
720,-1101
721,-1119
722,-298
723,-195
724,-419
725,-1002
726,-440
727,-296
728,-169
729,-795
730,-209
731,-1022
732,-225
733,-377
734,-671
735,-833
736,-1014
737,-415
738,-1002
739,-370
740,-572
741,-487
742,-171
743,-648
744,-421
745,-1002
746,-545
747,-1002
748,-1002
749,-717
750,-294
751,-649
752,-429
753,-1002
754,-159
755,-1002
756,-191
757,-714
758,-394
759,-440
760,-1002
761,-1002
762,-349
763,-615
764,-1144
765,-1002
766,-750
767,-1002
768,-266
769,-518
770,-1002
771,-660
772,-242
773,-843
774,-675
775,-328
776,-606
777,-828
778,-1128
779,-1002
780,-1002
781,-137
782,-143
783,-1002
784,-1002
785,-897
786,-1002
787,-915
788,-1002
789,-240
790,-528
791,-256
792,-1002
793,-613
794,-526
795,-314
796,-1002
797,-563
798,-627
799,-173
800,-145
801,-630
802,-240
803,-831
804,-1002
805,-411
806,-1002
807,-646
808,-161
809,-791
810,-465
811,-169
812,-260
813,-1002
814,-699
815,-1002
816,-354
817,-580
818,-430
819,-370
820,-467
821,-137
822,-1178
823,-181
824,-356
825,-290
826,-253
827,-877
828,-1002
829,-423
830,-1002
831,-624
832,-327
833,-226
834,-924
835,-1002
836,-163
837,-542
838,-848
839,-610
840,-767
841,-1002
842,-296
843,-209
844,-523
845,-257
846,-598
847,-772
848,-133
849,-1002
850,-623
851,-195
852,-209
853,-1002
854,-1077
855,-1002
856,-477
857,-249
858,-1160
859,-418
860,-287
861,-359
862,-222
863,-1002
864,-755
865,-244
866,-390
867,-482
868,-564
869,-910
870,-401
871,-346
872,-733
873,-416
874,-1018
875,-237
876,-151
877,-1103
878,-293
879,-226
880,-712
881,-244
882,-1002
883,-954
884,-221
885,-898
886,-707
887,-300
888,-1002
889,-825
890,-475
891,-1002
892,-294
893,-512
894,-565
895,-580
896,-1002
897,-366
898,-1002
899,-605
900,-145
901,-314
902,-277
903,-224
904,-1002
905,-1002
906,-1002
907,-253
908,-397
909,-522
910,-569
911,-242
912,-443
913,-179
914,-1031
915,-221
916,-1053
917,-973
918,-519
919,-948
920,-902
921,-315
922,-332
923,-1002
924,-1002
925,-297
926,-617
927,-384
928,-667
929,-959
930,-1002
931,-700
932,-698
933,-270
934,-364
935,-275
936,-570
937,-1002
938,-457
939,-161
940,-292
941,-490
942,-220
943,-412
944,-279
945,-373
946,-1002
947,-1120
948,-592
949,-352
950,-807
951,-219
952,-444
953,-512
954,-197
955,-986
956,-1002
957,-211
958,-446
959,-665
960,-330
961,-780
962,-854
963,-1002
964,-464
965,-1099
966,-254
967,-487
968,-877
969,-1002
970,-293
971,-157
972,-279
973,-657
974,-1002
975,-211
976,-847
977,-300
978,-1063
979,-703
980,-1002
981,-1138
982,-484
983,-759
984,-904
985,-401
986,-342
987,-373
988,-983
989,-362
990,-654
991,-795
992,-203
993,-259
994,-1002
995,-473
996,-459
997,-309
998,-634
999,-197
1000,-1002
1001,-143
1002,-1002
1003,-1002
1004,-1002
1005,-425
1006,-533
1007,-799
1008,-558
1009,-416
1010,-806
1011,-557
1012,-251
1013,-283
1014,-1002
1015,-1002
1016,-1002
1017,-471
1018,-345
1019,-201
1020,-205
1021,-233
1022,-153
1023,-544
1024,-1002
1025,-757
1026,-173
1027,-319
1028,-171
1029,-330
1030,-563
1031,-1073
1032,-242
1033,-385
1034,-224
1035,-1002
1036,-924
1037,-942
1038,-541
1039,-317
1040,-595
1041,-620
1042,-839
1043,-368
1044,-151
1045,-364
1046,-643
1047,-373
1048,-285
1049,-219
1050,-456
1051,-540
1052,-619
1053,-458
1054,-217
1055,-627
1056,-802
1057,-216
1058,-230
1059,-306
1060,-265
1061,-1002
1062,-179
1063,-1002
1064,-896
1065,-623
1066,-1002
1067,-1002
1068,-331
1069,-1002
1070,-1002
1071,-1002
1072,-922
1073,-528
1074,-689
1075,-841
1076,-236
1077,-916
1078,-326
1079,-477
1080,-413
1081,-283
1082,-1002
1083,-334
1084,-997
1085,-397
1086,-330
1087,-999
1088,-813
1089,-260
1090,-522
1091,-234
1092,-272
1093,-338
1094,-1002
1095,-613
1096,-455
1097,-559
1098,-645
1099,-571
1100,-1002
1101,-312
1102,-267
1103,-1076
1104,-284
1105,-1002
1106,-269
1107,-456
1108,-305
1109,-456
1110,-1120
1111,-1158
1112,-1002
1113,-322
1114,-956
1115,-438
1116,-263
1117,-377
1118,-1002
1119,-618
1120,-237
1121,-842
1122,-329
1123,-1002
1124,-1128
1125,-698
1126,-621
1127,-1002
1128,-1002
1129,-688
1130,-921
1131,-1002
1132,-200
1133,-956
1134,-532
1135,-1052
1136,-217
1137,-422
1138,-351
1139,-376
1140,-718
1141,-748
1142,-232
1143,-890
1144,-200
1145,-257
1146,-408
1147,-381
1148,-392
1149,-686
1150,-790
1151,-944
1152,-137
1153,-1002
1154,-1030
1155,-1024
1156,-912
1157,-1002
1158,-171
1159,-231
1160,-1002
1161,-1002
1162,-1002
1163,-315
1164,-1002
1165,-212
1166,-1002
1167,-894
1168,-147
1169,-638
1170,-366
1171,-1002
1172,-385
1173,-514
1174,-165
1175,-1002
1176,-673
1177,-629
1178,-828
1179,-968
1180,-1002
1181,-229
1182,-1118
1183,-514
1184,-480
1185,-376
1186,-371
1187,-1002
1188,-1002
1189,-1002
1190,-149
1191,-237
1192,-1002
1193,-292
1194,-698
1195,-905
1196,-320
1197,-187
1198,-1106
1199,-697
1200,-228
1201,-821
1202,-157
1203,-197
1204,-721
1205,-320
1206,-1002
1207,-824
1208,-318
1209,-415
1210,-139
1211,-1002
1212,-1002
1213,-1002
1214,-155
1215,-354
1216,-620
1217,-616
1218,-1070
1219,-155
1220,-181
1221,-530
1222,-394
1223,-263
1224,-394
1225,-944
1226,-641
1227,-1002
1228,-292
1229,-250
1230,-195
1231,-1002
1232,-249
1233,-953
1234,-1002
1235,-1002
1236,-299
1237,-299
1238,-1002
1239,-520
1240,-350
1241,-222
1242,-775
1243,-705
1244,-1002
1245,-920
1246,-410
1247,-511
1248,-703
1249,-906
1250,-243
1251,-1002
1252,-940
1253,-151
1254,-646
1255,-460
1256,-262
1257,-236
1258,-339
1259,-425
1260,-592
1261,-467
1262,-1002
1263,-448
1264,-690
1265,-397
1266,-1109
1267,-522
1268,-371
1269,-167
1270,-796
1271,-151
1272,-141
1273,-1002
1274,-1007
1275,-1080
1276,-1002
1277,-823
1278,-568
1279,-846
1280,-1124
1281,-1002
1282,-364
1283,-488
1284,-588
1285,-763
1286,-264
1287,-610
1288,-165
1289,-590
1290,-1134
1291,-386
1292,-819
1293,-508
1294,-413
1295,-477
1296,-251
1297,-417
1298,-661
1299,-281
1300,-135
1301,-332
1302,-823
1303,-313
1304,-617
1305,-1087
1306,-458
1307,-177
1308,-1002
1309,-290
1310,-199
1311,-495
1312,-518
1313,-1002
1314,-496
1315,-628
1316,-831
1317,-1002
1318,-374
1319,-1002
1320,-1002
1321,-131
1322,-886
1323,-618
1324,-868
1325,-460
1326,-446
1327,-915
1328,-1097
1329,-1002
1330,-131
1331,-362
1332,-1012
1333,-755
1334,-143
1335,-383
1336,-875
1337,-324
1338,-1002
1339,-282
1340,-365
1341,-551
1342,-1162
1343,-239
1344,-1002
1345,-1140
1346,-660
1347,-1002
1348,-628
1349,-519
1350,-383
1351,-1002
1352,-1002
1353,-361
1354,-290
1355,-770
1356,-202
1357,-1002
1358,-215
1359,-347
1360,-662
1361,-567
1362,-333
1363,-494
1364,-507
1365,-1002
1366,-392
1367,-691
1368,-141
1369,-479
1370,-328
1371,-527
1372,-127
1373,-1002
1374,-1002
1375,-1002
1376,-372
1377,-1002
1378,-1002
1379,-366
1380,-1002
1381,-536
1382,-741
1383,-503
1384,-1158
1385,-1184
1386,-494
1387,-1002
1388,-183
1389,-250
1390,-171
1391,-195
1392,-1002
1393,-232
1394,-457
1395,-518
1396,-1002
1397,-1002
1398,-411
1399,-325
1400,-1002
1401,-993
1402,-482
1403,-1002
1404,-804
1405,-433
1406,-167
1407,-806
1408,-299
1409,-808
1410,-868
1411,-655
1412,-244
1413,-466
1414,-397
1415,-1002
1416,-638
1417,-346
1418,-1002
1419,-169
1420,-615
1421,-356
1422,-246
1423,-647
1424,-675
1425,-270
1426,-617
1427,-673
1428,-1002
1429,-440
1430,-281
1431,-652
1432,-269
1433,-289
1434,-446
1435,-1061
1436,-1002
1437,-332
1438,-452
1439,-750
1440,-1002
1441,-261
1442,-739
1443,-709
1444,-1002
1445,-373
1446,-1002
1447,-380
1448,-617
1449,-570
1450,-338
1451,-499
1452,-211
1453,-779
1454,-713
1455,-273
1456,-1002
1457,-500
1458,-803
1459,-561
1460,-384
1461,-1002
1462,-1002
1463,-185
1464,-541
1465,-1002
1466,-439
1467,-452
1468,-1002
1469,-876
1470,-449
1471,-393
1472,-404
1473,-239
1474,-902
1475,-619
1476,-411
1477,-1103
1478,-871
1479,-1002
1480,-1002
1481,-420
1482,-804
1483,-841
1484,-243
1485,-1002
1486,-1002
1487,-183
1488,-1002
1489,-257
1490,-304
1491,-1002
1492,-762
1493,-254
1494,-1002
1495,-703
1496,-242
1497,-777
1498,-1146
1499,-348
1500,-743
1501,-562
1502,-524
1503,-437
1504,-687
1505,-443
1506,-530
1507,-1002
1508,-333
1509,-364
1510,-345
1511,-1002
1512,-600
1513,-800
1514,-581
1515,-525
1516,-583
1517,-1103
1518,-474
1519,-211
1520,-1002
1521,-242
1522,-285
1523,-149
1524,-715
1525,-1002
1526,-445
1527,-370
1528,-703
1529,-1002
1530,-237
1531,-1002
1532,-706
1533,-1002
1534,-491
1535,-1002
1536,-946
1537,-183
1538,-386
1539,-870
1540,-689
1541,-286
1542,-274
1543,-1002
1544,-1002
1545,-1002
1546,-785
1547,-858
1548,-264
1549,-1180
1550,-875
1551,-382
1552,-237
1553,-307
1554,-424
1555,-181
1556,-1072
1557,-989
1558,-550
1559,-233
1560,-1002
1561,-1002
1562,-1036
1563,-1002
1564,-1002
1565,-1083
1566,-1002
1567,-738
1568,-859
1569,-682
1570,-210
1571,-751
1572,-279
1573,-839
1574,-800
1575,-275
1576,-1140
1577,-658
1578,-728
1579,-592
1580,-555
1581,-187
1582,-616
1583,-400
1584,-1002
1585,-460
1586,-1156
1587,-1176
1588,-472
1589,-302
1590,-1002
1591,-484
1592,-1014
1593,-894
1594,-1002
1595,-1002
1596,-978
1597,-234
1598,-277
1599,-368
1600,-1002
1601,-882
1602,-420
1603,-246
1604,-1002
1605,-783
1606,-924
1607,-1002
1608,-825
1609,-366
1610,-487
1611,-1002
1612,-573
1613,-210
1614,-247
1615,-762
1616,-1002
1617,-254
1618,-991
1619,-317
1620,-404
1621,-155
1622,-301
1623,-291
1624,-203
1625,-1002
1626,-159
1627,-706
1628,-858
1629,-1002
1630,-129
1631,-1002
1632,-354
1633,-204
1634,-908
1635,-337
1636,-480
1637,-304
1638,-1002
1639,-224
1640,-853
1641,-227
1642,-365
1643,-830
1644,-1002
1645,-721
1646,-378
1647,-277
1648,-1002
1649,-212
1650,-672
1651,-1002
1652,-1002
1653,-1077
1654,-1013
1655,-1002
1656,-1015
1657,-345
1658,-545
1659,-151
1660,-495
1661,-1002
1662,-1002
1663,-1002
1664,-516
1665,-296
1666,-340
1667,-309
1668,-241
1669,-550
1670,-623
1671,-278
1672,-281
1673,-489
1674,-393
1675,-195
1676,-1002
1677,-1002
1678,-318
1679,-815
1680,-1002
1681,-360
1682,-203
1683,-269
1684,-200
1685,-387
1686,-362
1687,-357
1688,-620
1689,-153
1690,-1156
1691,-488
1692,-1002
1693,-231
1694,-237
1695,-616
1696,-615
1697,-378
1698,-1002
1699,-907
1700,-1002
1701,-556
1702,-1002
1703,-970
1704,-1002
1705,-1087
1706,-523
1707,-1002
1708,-1002
1709,-1002
1710,-347
1711,-945
1712,-1002
1713,-298
1714,-1124
1715,-523
1716,-1002
1717,-719
1718,-648
1719,-314
1720,-555
1721,-1002
1722,-1077
1723,-1002
1724,-309
1725,-1010
1726,-354
1727,-207
1728,-1002
1729,-527
1730,-814
1731,-1014
1732,-1002
1733,-167
1734,-1002
1735,-1002
1736,-866
1737,-387
1738,-1002
1739,-493
1740,-353
1741,-1002
1742,-1002
1743,-687
1744,-1070
1745,-836
1746,-313
1747,-272
1748,-1002
1749,-512
1750,-815
1751,-288
1752,-1002
1753,-504
1754,-1002
1755,-488
1756,-161
1757,-1002
1758,-421
1759,-715
1760,-566
1761,-1002
1762,-1002
1763,-1002
1764,-202
1765,-686
1766,-435
1767,-205
1768,-623
1769,-795
1770,-285
1771,-1002
1772,-628
1773,-225
1774,-1002
1775,-1002
1776,-1002
1777,-852
1778,-268
1779,-464
1780,-171
1781,-865
1782,-209
1783,-569
1784,-536
1785,-241
1786,-982
1787,-783
1788,-324
1789,-442
1790,-222
1791,-1002
1792,-478
1793,-824
1794,-1002
1795,-247
1796,-213
1797,-1002
1798,-777
1799,-265
1800,-492
1801,-333
1802,-145
1803,-457
1804,-904
1805,-165
1806,-1074
1807,-786
1808,-1002
1809,-426
1810,-244
1811,-336
1812,-416
1813,-1002
1814,-324
1815,-1002
1816,-1174
1817,-1002
1818,-1002
1819,-1002
1820,-298
1821,-1077
1822,-298
1823,-781
1824,-1002
1825,-936
1826,-161
1827,-400
1828,-711
1829,-1002
1830,-1002
1831,-220
1832,-530
1833,-678
1834,-420
1835,-1196
1836,-818
1837,-477
1838,-574
1839,-576
1840,-763
1841,-628
1842,-274
1843,-476
1844,-474
1845,-642
1846,-1002
1847,-224
1848,-790
1849,-1002
1850,-290
1851,-588
1852,-173
1853,-914
1854,-1002
1855,-473
1856,-540
1857,-203
1858,-1002
1859,-731
1860,-1002
1861,-763
1862,-1002
1863,-1035
1864,-306
1865,-412
1866,-787
1867,-222
1868,-1002
1869,-287
1870,-1002
1871,-300
1872,-1002
1873,-1002
1874,-1002
1875,-1002
1876,-603
1877,-427
1878,-386
1879,-149
1880,-916
1881,-591
1882,-1002
1883,-131
1884,-330
1885,-129
1886,-427
1887,-1002
1888,-293
1889,-582
1890,-269
1891,-218
1892,-1002
1893,-1061
1894,-1002
1895,-372
1896,-509
1897,-675
1898,-780
1899,-1027
1900,-957
1901,-305
1902,-470
1903,-175
1904,-1002
1905,-1002
1906,-827
1907,-1002
1908,-265
1909,-191
1910,-509
1911,-1003
1912,-724
1913,-353
1914,-768
1915,-550
1916,-935
1917,-986
1918,-1002
1919,-1002
1920,-402
1921,-1002
1922,-759
1923,-1002
1924,-149
1925,-268
1926,-365
1927,-1002
1928,-942
1929,-845
1930,-540
1931,-509
1932,-352
1933,-631
1934,-606
1935,-1152
1936,-1002
1937,-338
1938,-242
1939,-732
1940,-466
1941,-287
1942,-399
1943,-1002
1944,-215
1945,-223
1946,-430
1947,-388
1948,-795
1949,-1002
1950,-179
1951,-153
1952,-363
1953,-641
1954,-759
1955,-299
1956,-143
1957,-364
1958,-496
1959,-1002
1960,-335
1961,-823
1962,-1055
1963,-191
1964,-578
1965,-1002
1966,-1002
1967,-1002
1968,-1002
1969,-392
1970,-979
1971,-887
1972,-1018
1973,-611
1974,-873
1975,-579
1976,-743
1977,-1002
1978,-678
1979,-405
1980,-1002
1981,-961
1982,-782
1983,-302
1984,-149
1985,-953
1986,-943
1987,-1099
1988,-716
1989,-1002
1990,-798
1991,-988
1992,-804
1993,-284
1994,-1002
1995,-637
1996,-254
1997,-361
1998,-334
1999,-518
2000,-1025
2001,-278
2002,-350
2003,-262
2004,-526
2005,-181
2006,-1002
2007,-1002
2008,-345
2009,-1004
2010,-271
2011,-1002
2012,-1002
2013,-1101
2014,-446
2015,-604
2016,-222
2017,-1097
2018,-489
2019,-1030
2020,-833
2021,-204
2022,-612
2023,-1116
2024,-350
2025,-1002
2026,-1002
2027,-1002
2028,-1002
2029,-1002
2030,-521
2031,-725
2032,-809
2033,-1226
2034,-262
2035,-1002
2036,-674
2037,-1002
2038,-1002
2039,-1002
2040,-502
2041,-442
2042,-437
2043,-505
2044,-384
2045,-157
2046,-347
2047,-798
2048,-1146
2049,-537
2050,-427
2051,-1002
2052,-630
2053,-497
2054,-420
2055,-374
2056,-203
2057,-922
2058,-951
2059,-1002
2060,-1002
2061,-515
2062,-816
2063,-1002
2064,-984
2065,-560
2066,-409
2067,-605
2068,-574
2069,-1002
2070,-1002
2071,-374
2072,-282
2073,-1030
2074,-865
2075,-286
2076,-1104
2077,-306
2078,-789
2079,-383
2080,-630
2081,-317
2082,-268
2083,-294
2084,-401
2085,-537
2086,-452
2087,-1009
2088,-259
2089,-389
2090,-738
2091,-159
2092,-269
2093,-229
2094,-419
2095,-270
2096,-443
2097,-444
2098,-351
2099,-262
2100,-340
2101,-454
2102,-656
2103,-892
2104,-574
2105,-1002
2106,-1002
2107,-322
2108,-594
2109,-565
2110,-420
2111,-1002
2112,-738
2113,-211
2114,-1002
2115,-1054
2116,-1002
2117,-1068
2118,-218
2119,-343
2120,-1073
2121,-1002
2122,-752
2123,-1002
2124,-1002
2125,-289
2126,-157
2127,-485
2128,-948
2129,-482
2130,-1002
2131,-258
2132,-986
2133,-734
2134,-885
2135,-1002
2136,-1003
2137,-266
2138,-281
2139,-325
2140,-298
2141,-220
2142,-239
2143,-684
2144,-999
2145,-320
2146,-163
2147,-854
2148,-350
2149,-189
2150,-296
2151,-363
2152,-282
2153,-1002
2154,-250
2155,-866
2156,-454
2157,-990
2158,-977
2159,-474
2160,-528
2161,-665
2162,-1002
2163,-1002
2164,-553
2165,-339
2166,-1011
2167,-474
2168,-632
2169,-238
2170,-1002
2171,-780
2172,-526
2173,-290
2174,-545
2175,-743
2176,-243
2177,-470
2178,-503
2179,-288
2180,-260
2181,-448
2182,-727
2183,-1098
2184,-492
2185,-127
2186,-1002
2187,-620
2188,-719
2189,-420
2190,-1003
2191,-1002
2192,-714
2193,-1002
2194,-263
2195,-301
2196,-376
2197,-639
2198,-350
2199,-376
2200,-601
2201,-1069
2202,-281
2203,-781
2204,-263
2205,-254
2206,-443
2207,-710
2208,-1002
2209,-1039
2210,-1002
2211,-584
2212,-131
2213,-827
2214,-1002
2215,-271
2216,-1002
2217,-956
2218,-280
2219,-507
2220,-288
2221,-209
2222,-1002
2223,-199
2224,-876
2225,-436
2226,-364
2227,-1002
2228,-336
2229,-1010
2230,-966
2231,-1002
2232,-1002
2233,-572
2234,-384
2235,-321
2236,-492
2237,-288
2238,-599
2239,-768
2240,-238
2241,-137
2242,-611
2243,-1002
2244,-842
2245,-410
2246,-443
2247,-197
2248,-609
2249,-269
2250,-516
2251,-1002
2252,-1002
2253,-802
2254,-252
2255,-727
2256,-147
2257,-576
2258,-270
2259,-1002
2260,-648
2261,-1002
2262,-139
2263,-1002
2264,-815
2265,-494
2266,-380
2267,-758
2268,-1002
2269,-1002
2270,-343
2271,-145
2272,-437
2273,-609
2274,-591
2275,-1002
2276,-554
2277,-871
2278,-426
2279,-1002
2280,-976
2281,-1002
2282,-1002
2283,-1002
2284,-649
2285,-539
2286,-609
2287,-523
2288,-378
2289,-865
2290,-293
2291,-1025
2292,-1002
2293,-487
2294,-187
2295,-237
2296,-731
2297,-1002
2298,-827
2299,-401
2300,-1002
2301,-335
2302,-389
2303,-1002
2304,-1108
2305,-407
2306,-1002
2307,-769
2308,-173
2309,-285
2310,-850
2311,-303
2312,-1002
2313,-283
2314,-1002
2315,-238
2316,-664
2317,-288
2318,-238
2319,-1002
2320,-767
2321,-545
2322,-263
2323,-212
2324,-491
2325,-1002
2326,-296
2327,-367
2328,-1002
2329,-373
2330,-213
2331,-411
2332,-165
2333,-681
2334,-133
2335,-391
2336,-185
2337,-1002
2338,-1156
2339,-1130
2340,-157
2341,-1180
2342,-240
2343,-1002
2344,-1001
2345,-602
2346,-1045
2347,-505
2348,-618
2349,-1002
2350,-185
2351,-895
2352,-212
2353,-234
2354,-1002
2355,-352
2356,-349
2357,-1091
2358,-586
2359,-709
2360,-1002
2361,-510
2362,-210
2363,-308
2364,-595
2365,-1089
2366,-411
2367,-986
2368,-1002
2369,-963
2370,-440
2371,-757
2372,-338
2373,-468
2374,-295
2375,-147
2376,-434
2377,-282
2378,-280
2379,-888
2380,-1002
2381,-876
2382,-213
2383,-211
2384,-1002
2385,-778
2386,-201
2387,-291
2388,-151
2389,-1074
2390,-1002
2391,-561
2392,-313
2393,-583
2394,-659
2395,-263
2396,-768
2397,-341
2398,-461
2399,-260
2400,-245
2401,-287
2402,-364
2403,-911
2404,-552
2405,-386
2406,-1002
2407,-361
2408,-214
2409,-837
2410,-438
2411,-790
2412,-356
2413,-365
2414,-447
2415,-418
2416,-302
2417,-331
2418,-741
2419,-238
2420,-237
2421,-1190
2422,-343
2423,-461
2424,-356
2425,-377
2426,-431
2427,-512
2428,-294
2429,-434
2430,-404
2431,-199
2432,-347
2433,-1002
2434,-1002
2435,-494
2436,-708
2437,-518
2438,-781
2439,-317
2440,-520
2441,-423
2442,-676
2443,-958
2444,-496
2445,-231
2446,-568
2447,-191
2448,-538
2449,-1002
2450,-758
2451,-480
2452,-939
2453,-209
2454,-200
2455,-252
2456,-945
2457,-167
2458,-479
2459,-343
2460,-781
2461,-1122
2462,-424
2463,-1102
2464,-515
2465,-189
2466,-1090
2467,-650
2468,-426
2469,-208
2470,-428
2471,-1002
2472,-342
2473,-1002
2474,-217
2475,-1002
2476,-504
2477,-497
2478,-710
2479,-770
2480,-177
2481,-350
2482,-516
2483,-1002
2484,-1002
2485,-1002
2486,-1038
2487,-362
2488,-1095
2489,-719
2490,-959
2491,-1002
2492,-137
2493,-193
2494,-530
2495,-1096
2496,-496
2497,-169
2498,-760
2499,-1002
2500,-406
2501,-1126
2502,-321
2503,-1002
2504,-919
2505,-444
2506,-1136
2507,-255
2508,-1002
2509,-428
2510,-519
2511,-1002
2512,-222
2513,-263
2514,-1002
2515,-199
2516,-175
2517,-372
2518,-363
2519,-427
2520,-1002
2521,-405
2522,-399
2523,-618
2524,-145
2525,-1002
2526,-254
2527,-940
2528,-334
2529,-909
2530,-1058
2531,-220
2532,-1002
2533,-200
2534,-153
2535,-583
2536,-1002
2537,-551
2538,-264
2539,-465
2540,-263
2541,-337
2542,-1002
2543,-476
2544,-460
2545,-728
2546,-370
2547,-605
2548,-630
2549,-276
2550,-1073
2551,-383
2552,-640
2553,-1002
2554,-249
2555,-193
2556,-788
2557,-1002
2558,-761
2559,-342
2560,-1002
2561,-932
2562,-654
2563,-878
2564,-143
2565,-472
2566,-217
2567,-928
2568,-400
2569,-675
2570,-1002
2571,-412
2572,-1002
2573,-292
2574,-1174
2575,-202
2576,-307
2577,-449
2578,-234
2579,-649
2580,-342
2581,-1002
2582,-252
2583,-1164
2584,-179
2585,-1062
2586,-631
2587,-680
2588,-592
2589,-204
2590,-1002
2591,-432
2592,-205
2593,-228
2594,-279
2595,-1048
2596,-1154
2597,-536
2598,-611
2599,-308
2600,-1002
2601,-286
2602,-370
2603,-266
2604,-475
2605,-370
2606,-1002
2607,-202
2608,-1002
2609,-1168
2610,-525
2611,-1002
2612,-640
2613,-1002
2614,-292
2615,-1105
2616,-1002
2617,-744
2618,-747
2619,-438
2620,-482
2621,-1005
2622,-252
2623,-362
2624,-153
2625,-329
2626,-535
2627,-1002
2628,-1002
2629,-201
2630,-913
2631,-460
2632,-1002
2633,-1002
2634,-412
2635,-1002
2636,-751
2637,-355
2638,-547
2639,-360
2640,-538
2641,-298
2642,-1002
2643,-175
2644,-324
2645,-526
2646,-1006
2647,-922
2648,-246
2649,-421
2650,-402
2651,-901
2652,-474
2653,-125
2654,-125
2655,-125
2656,-125
2657,-125
2658,-125
2659,-125
2660,-125
2661,-125
2662,-125
2663,-125
2664,-125
2665,-125
2666,-127
2667,-125
2668,-125
2669,-125
2670,-125
2671,-125
2672,-125
2673,-125
2674,-125
2675,-125
2676,-125
2677,-125
2678,-125
2679,-125
2680,-125
2681,-125
2682,-125
2683,-125
2684,-125
2685,-125
2686,-125
2687,-125
2688,-127
2689,-125
2690,-125
2691,-125
2692,-125
2693,-125
2694,-125
2695,-125
2696,-125
2697,-125
2698,-125
2699,-125
2700,-125
2701,-125
2702,-125
2703,-125
2704,-125
2705,-125
2706,-125
2707,-125
2708,-125
2709,-125
2710,-125
2711,-125
2712,-125
2713,-125
2714,-125
2715,-125
2716,-125
2717,-125
2718,-125
2719,-125
2720,-125
2721,-125
2722,-125
2723,-125
2724,-125
2725,-125
2726,-125
2727,-125
2728,-125
2729,-125
2730,-125
2731,-125
2732,-125
2733,-125
2734,-125
2735,-125
2736,-125
2737,-125
2738,-125
2739,-125
2740,-125
2741,-125
2742,-125
2743,-125
2744,-125
2745,-125
2746,-125
2747,-125
2748,-125
2749,-125
2750,-125
2751,-125
2752,-125
2753,-125
2754,-125
2755,-125
2756,-125
2757,-125
2758,-125
2759,-125
2760,-125
2761,-125
2762,-125
2763,-125
2764,-125
2765,-125
2766,-125
2767,-125
2768,-125
2769,-125
2770,-125
2771,-125
2772,-125
2773,-125
2774,-125
2775,-125
2776,-125
2777,-125
2778,-125
2779,-125
2780,-125
2781,-175
2782,-125
2783,-125
2784,-125
2785,-125
2786,-125
2787,-125
2788,-125
2789,-125
2790,-125
2791,-125
2792,-125
2793,-125
2794,-125
2795,-125
2796,-125
2797,-125
2798,-125
2799,-125
2800,-125
2801,-125
2802,-125
2803,-125
2804,-125
2805,-125
2806,-125
2807,-125
2808,-125
2809,-125
2810,-125
2811,-125
2812,-125
2813,-125
2814,-125
2815,-125
2816,-125
2817,-125
2818,-125
2819,-125
2820,-125
2821,-125
2822,-125
2823,-125
2824,-125
2825,-125
2826,-125
2827,-125
2828,-125
2829,-125
2830,-125
2831,-125
2832,-125
2833,-125
2834,-125
2835,-125
2836,-125
2837,-125
2838,-125
2839,-125
2840,-125
2841,-125
2842,-125
2843,-125
2844,-125
2845,-125
2846,-125
2847,-125
2848,-125
2849,-125
2850,-125
2851,-125
2852,-125
2853,-125
2854,-125
2855,-125
2856,-125
2857,-125
2858,-125
2859,-125
2860,-125
2861,-125
2862,-125
2863,-125
2864,-125
2865,-125
2866,-125
2867,-125
2868,-125
2869,-125
2870,-125
2871,-125
2872,-125
2873,-127
2874,-125
2875,-125
2876,-125
2877,-125
2878,-125
2879,-125
2880,-125
2881,-125
2882,-125
2883,-125
2884,-125
2885,-125
2886,-125
2887,-125
2888,-125
2889,-125
2890,-125
2891,-125
2892,-125
2893,-125
2894,-125
2895,-125
2896,-125
2897,-125
2898,-125
2899,-125
2900,-125
2901,-125
2902,-125
2903,-125
2904,-125
2905,-125
2906,-125
2907,-125
2908,-125
2909,-125
2910,-125
2911,-125
2912,-125
2913,-125
2914,-125
2915,-125
2916,-125
2917,-125
2918,-125
2919,-125
2920,-125
2921,-125
2922,-125
2923,-125
2924,-125
2925,-125
2926,-125
2927,-125
2928,-125
2929,-125
2930,-125
2931,-125
2932,-125
2933,-125
2934,-125
2935,-125
2936,-125
2937,-125
2938,-125
2939,-125
2940,-125
2941,-125
2942,-125
2943,-125
2944,-125
2945,-125
2946,-125
2947,-125
2948,-125
2949,-125
2950,-125
2951,-125
2952,-125
2953,-125
2954,-125
2955,-125
2956,-125
2957,-125
2958,-125
2959,-125
2960,-125
2961,-125
2962,-125
2963,-125
2964,-125
2965,-125
2966,-125
2967,-125
2968,-125
2969,-125
2970,-175
2971,-125
2972,-125
2973,-200
2974,-125
2975,-125
2976,-125
2977,-125
2978,-125
2979,-125
2980,-125
2981,-125
2982,-125
2983,-125
2984,-125
2985,-125
2986,-125
2987,-125
2988,-125
2989,-125
2990,-125
2991,-125
2992,-125
2993,-125
2994,-125
2995,-125
2996,-125
2997,-125
2998,-125
2999,-125
3000,-125
3001,-125
3002,-125
3003,-125
3004,-125
3005,-125
3006,-125
3007,-125
3008,-125
3009,-125
3010,-125
3011,-125
3012,-125
3013,-125
3014,-125
3015,-125
3016,-125
3017,-125
3018,-125
3019,-125
3020,-125
3021,-125
3022,-125
3023,-125
3024,-125
3025,-125
3026,-125
3027,-125
3028,-125
3029,-125
3030,-125
3031,-125
3032,-125
3033,-125
3034,-125
3035,-125
3036,-125
3037,-125
3038,-125
3039,-125
3040,-125
3041,-125
3042,-125
3043,-125
3044,-125
3045,-125
3046,-125
3047,-125
3048,-125
3049,-125
3050,-125
3051,-125
3052,-125
3053,-125
3054,-125
3055,-125
3056,-125
3057,-125
3058,-125
3059,-125
3060,-125
3061,-125
3062,-125
3063,-125
3064,-125
3065,-125
3066,-125
3067,-125
3068,-125
3069,-125
3070,-125
3071,-125
3072,-125
3073,-125
3074,-125
3075,-125
3076,-125
3077,-125
3078,-125
3079,-125
3080,-125
3081,-125
3082,-125
3083,-125
3084,-125
3085,-125
3086,-125
3087,-125
3088,-125
3089,-125
3090,-125
3091,-125
3092,-125
3093,-125
3094,-125
3095,-125
3096,-125
3097,-125
3098,-125
3099,-125
3100,-125
3101,-125
3102,-125
3103,-125
3104,-125
3105,-125
3106,-125
3107,-125
3108,-125
3109,-125
3110,-125
3111,-125
3112,-125
3113,-125
3114,-125
3115,-125
3116,-125
3117,-125
3118,-125
3119,-125
3120,-125
3121,-125
3122,-125
3123,-125
3124,-125
3125,-127
3126,-125
3127,-125
3128,-125
3129,-125
3130,-125
3131,-125
3132,-125
3133,-125
3134,-125
3135,-125
3136,-125
3137,-125
3138,-125
3139,-125
3140,-125
3141,-125
3142,-125
3143,-125
3144,-125
3145,-125
3146,-125
3147,-125
3148,-125
3149,-125
3150,-125
3151,-125
3152,-125
3153,-125
3154,-125
3155,-125
3156,-125
3157,-125
3158,-125
3159,-125
3160,-125
3161,-125
3162,-125
3163,-125
3164,-125
3165,-125
3166,-125
3167,-125
3168,-125
3169,-125
3170,-125
3171,-125
3172,-125
3173,-125
3174,-125
3175,-175
3176,-125
3177,-125
3178,-125
3179,-125
3180,-125
3181,-125
3182,-125
3183,-125
3184,-125
3185,-125
3186,-125
3187,-125
3188,-125
3189,-125
3190,-125
3191,-125
3192,-125
3193,-125
3194,-125
3195,-125
3196,-125
3197,-125
3198,-125
3199,-125
3200,-125
3201,-125
3202,-125
3203,-125
3204,-125
3205,-125
3206,-125
3207,-125
3208,-125
3209,-125
3210,-125
3211,-125
3212,-125
3213,-125
3214,-125
3215,-125
3216,-125
3217,-125
3218,-125
3219,-125
3220,-125
3221,-125
3222,-125
3223,-125
3224,-125
3225,-125
3226,-125
3227,-125
3228,-125
3229,-125
3230,-125
3231,-125
3232,-125
3233,-125
3234,-125
3235,-125
3236,-125
3237,-125
3238,-125
3239,-125
3240,-125
3241,-125
3242,-125
3243,-125
3244,-125
3245,-125
3246,-125
3247,-175
3248,-125
3249,-125
3250,-125
3251,-125
3252,-125
3253,-125
3254,-125
3255,-125
3256,-125
3257,-125
3258,-125
3259,-125
3260,-125
3261,-125
3262,-125
3263,-125
3264,-125
3265,-125
3266,-125
3267,-125
3268,-125
3269,-125
3270,-125
3271,-125
3272,-125
3273,-175
3274,-125
3275,-125
3276,-125
3277,-125
3278,-125
3279,-125
3280,-125
3281,-125
3282,-125
3283,-125
3284,-125
3285,-125
3286,-125
3287,-125
3288,-125
3289,-125
3290,-125
3291,-125
3292,-125
3293,-125
3294,-125
3295,-125
3296,-125
3297,-125
3298,-125
3299,-125
3300,-125
3301,-125
3302,-125
3303,-125
3304,-125
3305,-125
3306,-125
3307,-125
3308,-125
3309,-125
3310,-125
3311,-125
3312,-125
3313,-125
3314,-125
3315,-125
3316,-125
3317,-125
3318,-125
3319,-125
3320,-125
3321,-125
3322,-125
3323,-125
3324,-125
3325,-125
3326,-125
3327,-125
3328,-125
3329,-127
3330,-125
3331,-125
3332,-125
3333,-125
3334,-125
3335,-125
3336,-125
3337,-125
3338,-125
3339,-125
3340,-125
3341,-125
3342,-125
3343,-125
3344,-125
3345,-125
3346,-125
3347,-125
3348,-125
3349,-125
3350,-125
3351,-125
3352,-125
3353,-125
3354,-200
3355,-125
3356,-125
3357,-125
3358,-125
3359,-125
3360,-125
3361,-125
3362,-125
3363,-125
3364,-125
3365,-125
3366,-125
3367,-125
3368,-125
3369,-125
3370,-125
3371,-125
3372,-125
3373,-125
3374,-125
3375,-125
3376,-125
3377,-125
3378,-125
3379,-125
3380,-125
3381,-125
3382,-125
3383,-125
3384,-125
3385,-125
3386,-125
3387,-125
3388,-125
3389,-125
3390,-125
3391,-125
3392,-125
3393,-125
3394,-125
3395,-125
3396,-125
3397,-125
3398,-125
3399,-125
3400,-125
3401,-125
3402,-125
3403,-125
3404,-125
3405,-125
3406,-125
3407,-125
3408,-125
3409,-125
3410,-125
3411,-125
3412,-125
3413,-125
3414,-125
3415,-125
3416,-125
3417,-125
3418,-125
3419,-125
3420,-125
3421,-125
3422,-125
3423,-125
3424,-125
3425,-125
3426,-125
3427,-125
3428,-125
3429,-125
3430,-125
3431,-125
3432,-125
3433,-125
3434,-125
3435,-125
3436,-125
3437,-125
3438,-125
3439,-125
3440,-125
3441,-125
3442,-125
3443,-125
3444,-125
3445,-125
3446,-125
3447,-125
3448,-125
3449,-125
3450,-125
3451,-125
3452,-125
3453,-125
3454,-125
3455,-125
3456,-125
3457,-125
3458,-127
3459,-125
3460,-125
3461,-125
3462,-125
3463,-125
3464,-125
3465,425
3466,571
3467,621
3468,625
3469,625
3470,625
3471,-75
3472,625
3473,625
3474,625
3475,625
3476,625
3477,625
3478,625
3479,625
3480,625
3481,625
3482,625
3483,625
3484,625
3485,625
3486,625
3487,625
3488,625
3489,625
3490,625
3491,625
3492,625
3493,625
3494,625
3495,625
3496,625
3497,625
3498,625
3499,625
3500,625
3501,625
3502,575
3503,625
3504,625
3505,625
3506,625
3507,625
3508,625
3509,625
3510,625
3511,625
3512,625
3513,625
3514,625
3515,625
3516,625
3517,625
3518,625
3519,625
3520,625
3521,625
3522,625
3523,625
3524,625
3525,625
3526,625
3527,625
3528,625
3529,625
3530,625
3531,625
3532,625
3533,625
3534,625
3535,625
3536,575
3537,675
3538,675
3539,675
3540,675
3541,675
3542,675
3543,675
3544,625
3545,-75
3546,675
3547,675
3548,675
3549,625
3550,675
3551,400
3552,675
3553,675
3554,675
3555,675
3556,675
3557,675
3558,675
3559,675
3560,675
3561,675
3562,675
3563,675
3564,675
3565,675
3566,675
3567,675
3568,675
3569,675
3570,675
3571,675
3572,675
3573,675
3574,675
3575,675
3576,-175
3577,675
3578,675
3579,675
3580,675
3581,675
3582,675
3583,675
3584,675
3585,675
3586,675
3587,675
3588,675
3589,675
3590,675
3591,675
3592,675
3593,675
3594,675
3595,675
3596,675
3597,675
3598,675
3599,675
3600,675
3601,675
3602,675
3603,675
3604,675
3605,675
3606,675
3607,675
3608,675
3609,675
3610,675
3611,675
3612,675
3613,675
3614,675
3615,675
3616,675
3617,675
3618,675
3619,675
3620,675
3621,625
3622,675
3623,625
3624,675
3625,675
3626,675
3627,625
3628,675
3629,675
3630,675
3631,675
3632,675
3633,675
3634,675
3635,675
3636,675
3637,675
3638,625
3639,-12456
3640,-7675
3641,-2675
3642,-12502
3643,225
3644,-677
3645,-1575
3646,-352
3647,-12525
3648,-5877
3649,-4502
3650,-300
3651,-12479
3652,-975
3653,-10327
3654,-200
3655,-6350
3656,-4675
3657,-9750
3658,-5050
3659,-6075
3660,-3202
3661,-12502
3662,-2125
3663,25
3664,-12433
3665,-12502
3666,-5600
3667,-2650
3668,-3375
3669,-2725
3670,-8425
3671,-12479
3672,-12502
3673,-6025
3674,-4250
3675,-625
3676,-12502
3677,-3927
3678,-4675
3679,-575
3680,-11852
3681,275
3682,-525
3683,-5225
3684,-5175
3685,-5177
3686,-12525
3687,-11850
3688,-1575
3689,-4250
3690,-1125
3691,-8779
3692,-8325
3693,-1650
3694,-1125
3695,-11606
3696,-12456
3697,-5725
3698,-8404
3699,-75
3700,-7425
3701,-1575
3702,-12479
3703,-8400
3704,-1875
3705,-8125
3706,-12479
3707,-1175
3708,-4375
3709,-625
3710,223
3711,-175
3712,-10054
3713,-12502
3714,-5950
3715,-11354
3716,525
3717,525
3718,525
3719,525
3720,525
3721,525
3722,525
3723,525
3724,525
3725,525
3726,525
3727,525
3728,525
3729,525
3730,525
3731,525
3732,475
3733,525
3734,525
3735,525
3736,525
3737,525
3738,525
3739,525
3740,525
3741,525
3742,525
3743,525
3744,525
3745,525
3746,525
3747,525
3748,525
3749,525
3750,525
3751,525
3752,525
3753,525
3754,525
3755,525
3756,525
3757,525
3758,525
3759,525
3760,525
3761,525
3762,525
3763,525
3764,525
3765,475
3766,525
3767,525
3768,525
3769,525
3770,525
3771,525
3772,525
3773,525
3774,525
3775,525
3776,525
3777,525
3778,525
3779,525
3780,525
3781,525
3782,525
3783,525
3784,525
3785,525
3786,525
3787,525
3788,525
3789,525
3790,525
3791,525
3792,525
3793,525
3794,525
3795,525
3796,525
3797,525
3798,525
3799,525
3800,525
3801,525
3802,525
3803,525
3804,525
3805,525
3806,525
3807,525
3808,525
3809,525
3810,525
3811,525
3812,525
3813,525
3814,525
3815,-200
3816,525
3817,525
3818,525
3819,525
3820,523
3821,525
3822,525
3823,525
3824,475
3825,525
3826,525
3827,525
3828,525
3829,525
3830,525
3831,525
3832,525
3833,525
3834,525
3835,525
3836,525
3837,525
3838,525
3839,525
3840,525
3841,525
3842,550
3843,525
3844,525
3845,525
3846,525
3847,525
3848,525
3849,525
3850,525
3851,525
3852,525
3853,525
3854,525
3855,525
3856,525
3857,525
3858,525
3859,525
3860,525
3861,525
3862,525
3863,525
3864,525
3865,525
3866,523
3867,525
3868,525
3869,525
3870,525
3871,525
3872,525
3873,525
3874,525
3875,525
3876,525
3877,525
3878,525
3879,525
3880,525
3881,525
3882,525
3883,525
3884,525
3885,525
3886,525
3887,525
3888,525
3889,525
3890,525
3891,525
3892,525
3893,250
3894,-81
3895,-1163
3896,525
3897,525
3898,525
3899,525
3900,525
3901,525
3902,525
3903,525
3904,525
3905,525
3906,525
3907,525
3908,525
3909,525
3910,525
3911,525
3912,525
3913,525
3914,525
3915,525
3916,525
3917,525
3918,525
3919,525
3920,525
3921,525
3922,525
3923,525
3924,525
3925,275
3926,675
3927,525
3928,525
3929,525
3930,525
3931,525
3932,525
3933,525
3934,525
3935,525
3936,525
3937,525
3938,525
3939,525
3940,525
3941,475
3942,525
3943,525
3944,525
3945,525
3946,525
3947,525
3948,525
3949,525
3950,525
3951,525
3952,525
3953,525
3954,525
3955,525
3956,525
3957,525
3958,525
3959,525
3960,525
3961,525
3962,525
3963,525
3964,525
3965,525
3966,525
3967,525
3968,525
3969,525
3970,525
3971,525
3972,525
3973,525
3974,525
3975,525
3976,525
3977,525
3978,525
3979,525
3980,675
3981,525
3982,525
3983,525
3984,525
3985,525
3986,525
3987,525
3988,525
3989,525
3990,525
3991,525
3992,525
3993,525
3994,525
3995,525
3996,525
3997,525
3998,525
3999,525
4000,525
4001,525
4002,525
4003,525
4004,525
4005,525
4006,525
4007,525
4008,525
4009,525
4010,523
4011,525
4012,525
4013,525
4014,525
4015,525
4016,525
4017,525
4018,525
4019,525
4020,525
4021,525
4022,525
4023,525
4024,525
4025,525
4026,523
4027,525
4028,525
4029,525
4030,525
4031,525
4032,525
4033,525
4034,525
4035,525
4036,525
4037,525
4038,525
4039,525
4040,525
4041,525
4042,525
4043,525
4044,525
4045,525
4046,525
4047,525
4048,525
4049,525
4050,525
4051,525
4052,525
4053,525
4054,525
4055,525
4056,525
4057,525
4058,525
4059,525
4060,525
4061,525
4062,525
4063,525
4064,525
4065,525
4066,525
4067,525
4068,525
4069,525
4070,525
4071,525
4072,525
4073,525
4074,525
4075,275
4076,525
4077,525
4078,525
4079,525
4080,525
4081,525
4082,525
4083,525
4084,525
4085,525
4086,525
4087,525
4088,525
4089,525
4090,525
4091,525
4092,525
4093,525
4094,525
4095,525
4096,525
4097,525
4098,525
4099,525
4100,525
4101,525
4102,525
4103,525
4104,525
4105,525
4106,525
4107,525
4108,525
4109,525
4110,525
4111,525
4112,525
4113,525
4114,525
4115,525
4116,525
4117,525
4118,525
4119,525
4120,525
4121,525
4122,525
4123,475
4124,525
4125,525
4126,525
4127,525
4128,525
4129,525
4130,525
4131,525
4132,525
4133,525
4134,525
4135,525
4136,525
4137,525
4138,525
4139,525
4140,525
4141,525
4142,525
4143,525
4144,525
4145,525
4146,525
4147,525
4148,525
4149,525
4150,525
4151,525
4152,525
4153,525
4154,525
4155,525
4156,525
4157,525
4158,525
4159,525
4160,525
4161,525
4162,525
4163,525
4164,525
4165,525
4166,525
4167,523
4168,525
4169,525
4170,525
4171,525
4172,525
4173,525
4174,525
4175,525
4176,525
4177,525
4178,525
4179,525
4180,525
4181,525
4182,525
4183,525
4184,525
4185,525
4186,525
4187,525
4188,525
4189,525
4190,525
4191,525
4192,525
4193,525
4194,525
4195,525
4196,525
4197,525
4198,525
4199,525
4200,525
4201,525
4202,525
4203,525
4204,525
4205,525
4206,525
4207,525
4208,525
4209,525
4210,525
4211,525
4212,525
4213,525
4214,525
4215,525
4216,525
4217,525
4218,525
4219,525
4220,525
4221,525
4222,525
4223,525
4224,523
4225,525
4226,525
4227,525
4228,525
4229,525
4230,525
4231,475
4232,525
4233,525
4234,525
4235,525
4236,525
4237,525
4238,525
4239,525
4240,525
4241,525
4242,525
4243,525
4244,525
4245,525
4246,525
4247,525
4248,525
4249,525
4250,525
4251,525
4252,525
4253,525
4254,525
4255,525
4256,525
4257,525
4258,525
4259,525
4260,525
4261,525
4262,525
4263,525
4264,525
4265,525
4266,525
4267,525
4268,525
4269,525
4270,525
4271,525
4272,525
4273,525
4274,525
4275,525
4276,525
4277,525
4278,525
4279,525
4280,525
4281,525
4282,525
4283,525
4284,525
4285,525
4286,525
4287,525
4288,525
4289,525
4290,525
4291,525
4292,525
4293,525
4294,525
4295,525
4296,525
4297,525
4298,525
4299,525
4300,525
4301,525
4302,525
4303,525
4304,525
4305,525
4306,250
4307,525
4308,525
4309,525
4310,525
4311,525
4312,525
4313,525
4314,525
4315,525
4316,525
4317,525
4318,525
4319,525
4320,525
4321,525
4322,525
4323,523
4324,525
4325,525
4326,525
4327,525
4328,525
4329,525
4330,525
4331,525
4332,525
4333,525
4334,525
4335,525
4336,525
4337,525
4338,525
4339,525
4340,525
4341,525
4342,525
4343,525
4344,525
4345,525
4346,525
4347,525
4348,525
4349,525
4350,525
4351,525
4352,525
4353,525
4354,525
4355,525
4356,525
4357,525
4358,525
4359,525
4360,525
4361,525
4362,475
4363,525
4364,525
4365,525
4366,525
4367,525
4368,525
4369,525
4370,525
4371,525
4372,525
4373,525
4374,525
4375,525
4376,525
4377,525
4378,525
4379,525
4380,525
4381,525
4382,525
4383,525
4384,525
4385,525
4386,525
4387,525
4388,525
4389,525
4390,525
4391,525
4392,525
4393,525
4394,525
4395,525
4396,525
4397,525
4398,525
4399,525
4400,525
4401,525
4402,525
4403,525
4404,525
4405,525
4406,525
4407,525
4408,525
4409,525
4410,525
4411,525
4412,525
4413,525
4414,525
4415,525
4416,525
4417,525
4418,525
4419,525
4420,525
4421,525
4422,525
4423,525
4424,525
4425,525
4426,675
4427,525
4428,525
4429,525
4430,525
4431,523
4432,525
4433,525
4434,525
4435,525
4436,525
4437,525
4438,525
4439,525
4440,525
4441,525
4442,525
4443,525
4444,525
4445,525
4446,525
4447,525
4448,525
4449,525
4450,525
4451,525
4452,525
4453,525
4454,525
4455,525
4456,525
4457,525
4458,525
4459,525
4460,475
4461,525
4462,525
4463,525
4464,525
4465,525
4466,525
4467,525
4468,525
4469,525
4470,525
4471,525
4472,525
4473,525
4474,525
4475,525
4476,525
4477,525
4478,525
4479,525
4480,525
4481,525
4482,525
4483,525
4484,525
4485,525
4486,525
4487,525
4488,525
4489,523
4490,525
4491,525
4492,525
4493,525
4494,525
4495,525
4496,525
4497,525
4498,525
4499,525
4500,525
4501,525
4502,525
4503,525
4504,525
4505,525
4506,525
4507,525
4508,525
4509,525
4510,475
4511,525
4512,525
4513,525
4514,600
4515,525
4516,525
4517,525
4518,525
4519,525
4520,525
4521,525
4522,525
4523,525
4524,525
4525,525
4526,525
4527,525
4528,525
4529,525
4530,525
4531,525
4532,525
4533,525
4534,525
4535,525
4536,525
4537,525
4538,525
4539,525
4540,525
4541,525
4542,525
4543,525
4544,525
4545,525
4546,525
4547,525
4548,525
4549,525
4550,475
4551,525
4552,525
4553,525
4554,525
4555,525
4556,525
4557,525
4558,525
4559,525
4560,525
4561,525
4562,525
4563,525
4564,525
4565,525
4566,525
4567,525
4568,525
4569,525
4570,525
4571,525
4572,525
4573,525
4574,525
4575,525
4576,525
4577,525
4578,525
4579,525
4580,525
4581,525
4582,525
4583,525
4584,525
4585,525
4586,525
4587,525
4588,475
4589,-202
4590,525
4591,525
4592,525
4593,525
4594,525
4595,525
4596,525
4597,525
4598,525
4599,525
4600,525
4601,525
4602,525
4603,525
4604,525
4605,525
4606,525
4607,525
4608,525
4609,-200
4610,525
4611,525
4612,525
4613,525
4614,525
4615,525
4616,525
4617,525
4618,525
4619,525
4620,525
4621,525
4622,525
4623,525
4624,525
4625,525
4626,525
4627,525
4628,525
4629,525
4630,525
4631,525
4632,525
4633,525
4634,525
4635,525
4636,525
4637,525
4638,525
4639,525
4640,525
4641,525
4642,525
4643,525
4644,525
4645,525
4646,525
4647,525
4648,525
4649,525
4650,525
4651,525
4652,25
4653,-225
4654,-225
4655,-225
4656,-225
4657,-225
4658,-225
4659,-225
4660,-225
4661,-225
4662,-225
4663,-225
4664,-225
4665,-225
4666,-225
4667,-225
4668,-225
4669,-225
4670,-225
4671,-225
4672,-225
4673,-225
4674,-225
4675,-225
4676,-225
4677,-225
4678,-225
4679,-225
4680,-225
4681,-225
4682,-225
4683,-225
4684,-225
4685,-225
4686,-225
4687,-225
4688,-225
4689,-225
4690,-225
4691,-225
4692,-225
4693,-225
4694,-225
4695,675
4696,-225
4697,-225
4698,-225
4699,-225
4700,-225
4701,-225
4702,-225
4703,-225
4704,-225
4705,-225
4706,-225
4707,-225
4708,-227
4709,-225
4710,-225
4711,-225
4712,-225
4713,-225
4714,-225
4715,-225
4716,-225
4717,-225
4718,-225
4719,-225
4720,-225
4721,-225
4722,-225
4723,-225
4724,-225
4725,-225
4726,-225
4727,-225
4728,-225
4729,-225
4730,-225
4731,-225
4732,-225
4733,-225
4734,-225
4735,-225
4736,-225
4737,-225
4738,-225
4739,-225
4740,-225
4741,-225
4742,-225
4743,-225
4744,-225
4745,-225
4746,-225
4747,-225
4748,-225
4749,-225
4750,-227
4751,-225
4752,-225
4753,-225
4754,-225
4755,-225
4756,-225
4757,-225
4758,-225
4759,675
4760,-225
4761,-225
4762,-225
4763,-225
4764,-225
4765,-225
4766,-225
4767,-225
4768,-225
4769,-225
4770,-225
4771,-225
4772,-225
4773,-225
4774,-225
4775,-225
4776,-225
4777,-225
4778,-225
4779,-225
4780,-225
4781,-225
4782,-225
4783,-225
4784,-225
4785,-225
4786,-225
4787,-225
4788,-225
4789,-225
4790,-225
4791,-225
4792,-225
4793,-225
4794,-225
4795,-225
4796,-225
4797,-225
4798,-225
4799,-225
4800,-225
4801,-225
4802,-225
4803,-225
4804,-225
4805,-225
4806,-225
4807,-225
4808,-225
4809,-225
4810,-225
4811,-225
4812,-225
4813,-225
4814,-225
4815,-225
4816,-225
4817,-225
4818,-275
4819,-225
4820,-225
4821,-227
4822,-225
4823,-225
4824,-225
4825,-225
4826,-225
4827,-225
4828,-225
4829,-225
4830,-225
4831,-225
4832,-225
4833,-225
4834,-225
4835,-225
4836,-225
4837,-225
4838,-225
4839,-225
4840,-225
4841,-225
4842,-225
4843,-225
4844,-225
4845,-225
4846,-225
4847,-225
4848,-225
4849,-225
4850,-225
4851,-225
4852,-225
4853,-225
4854,-225
4855,-225
4856,-225
4857,-225
4858,-225
4859,-225
4860,-225
4861,-225
4862,-225
4863,-225
4864,-225
4865,-225
4866,-225
4867,-225
4868,-225
4869,-225
4870,-225
4871,-225
4872,-225
4873,-225
4874,-225
4875,-225
4876,-225
4877,-225
4878,-225
4879,-225
4880,-225
4881,-225
4882,-225
4883,-225
4884,-225
4885,-225
4886,-225
4887,-225
4888,-225
4889,-225
4890,-225
4891,-225
4892,-225
4893,-225
4894,-225
4895,-225
4896,-225
4897,-225
4898,-225
4899,-225
4900,-225
4901,-225
4902,-225
4903,-225
4904,-225
4905,-225
4906,-225
4907,-225
4908,-225
4909,-225
4910,-225
4911,-225
4912,-225
4913,-225
4914,-225
4915,-225
4916,-225
4917,-225
4918,-225
4919,-225
4920,-225
4921,-225
4922,-225
4923,-225
4924,-225
4925,-225
4926,-225
4927,-225
4928,-225
4929,-225
4930,-225
4931,-225
4932,-225
4933,-225
4934,-225
4935,-225
4936,-225
4937,-225
4938,-225
4939,-225
4940,-225
4941,-225
4942,-225
4943,-225
4944,-225
4945,-225
4946,-225
4947,-225
4948,-225
4949,-225
4950,-225
4951,-225
4952,-225
4953,-225
4954,-225
4955,-225
4956,-225
4957,-225
4958,-225
4959,-225
4960,-225
4961,-225
4962,-225
4963,-225
4964,-225
4965,-225
4966,-225
4967,-225
4968,-225
4969,-225
4970,-225
4971,-225
4972,-225
4973,-225
4974,-225
4975,-275
4976,-225
4977,-225
4978,-225
4979,-225
4980,-225
4981,-225
4982,-225
4983,-225
4984,-225
4985,-225
4986,-225
4987,-225
4988,-225
4989,-225
4990,-225
4991,-225
4992,-225
4993,-225
4994,-225
4995,-225
4996,-225
4997,-225
4998,-225
4999,-225
5000,-225
5001,-225
5002,-225
5003,-225
5004,-225
5005,-225
5006,-225
5007,-225
5008,-225
5009,-225
5010,-225
5011,-225
5012,-225
5013,-225
5014,-225
5015,-225
5016,-225
5017,-225
5018,-225
5019,-225
5020,-225
5021,-225
5022,-225
5023,-225
5024,-225
5025,-225
5026,-225
5027,-225
5028,-225
5029,-225
5030,-225
5031,-225
5032,-225
5033,-225
5034,-225
5035,-225
5036,-225
5037,-225
5038,-225
5039,-225
5040,-225
5041,-225
5042,-225
5043,-225
5044,-225
5045,-225
5046,-225
5047,-225
5048,-225
5049,-225
5050,-225
5051,-225
5052,-225
5053,-225
5054,-225
5055,-225
5056,-225
5057,-225
5058,-225
5059,-225
5060,-225
5061,-225
5062,-225
5063,-225
5064,-225
5065,-225
5066,-225
5067,-225
5068,-225
5069,-225
5070,-225
5071,-225
5072,-225
5073,-225
5074,-225
5075,-225
5076,-225
5077,-225
5078,-225
5079,-225
5080,-225
5081,-225
5082,-225
5083,-225
5084,-227
5085,-225
5086,-225
5087,-225
5088,-225
5089,-225
5090,-225
5091,-225
5092,-225
5093,-225
5094,-225
5095,-225
5096,-225
5097,-225
5098,-225
5099,-225
5100,-225
5101,-225
5102,-225
5103,-225
5104,-225
5105,-225
5106,-225
5107,-225
5108,-225
5109,-225
5110,-225
5111,-225
5112,-225
5113,-225
5114,-225
5115,-225
5116,-225
5117,-225
5118,-225
5119,-225
5120,-225
5121,-225
5122,-225
5123,-225
5124,-225
5125,-225
5126,-225
5127,-275
5128,-225
5129,-225
5130,-225
5131,-225
5132,-225
5133,-225
5134,-225
5135,-225
5136,-225
5137,-225
5138,-225
5139,-225
5140,-225
5141,-225
5142,-225
5143,-225
5144,-225
5145,-225
5146,-225
5147,-225
5148,-225
5149,-225
5150,-225
5151,-225
5152,-225
5153,-225
5154,-225
5155,-225
5156,-225
5157,-225
5158,-225
5159,-225
5160,-225
5161,-225
5162,-225
5163,-225
5164,-225
5165,-225
5166,-225
5167,-225
5168,-225
5169,-225
5170,-225
5171,-225
5172,-225
5173,-225
5174,-225
5175,-225
5176,-225
5177,-225
5178,-225
5179,-225
5180,-225
5181,-225
5182,-225
5183,-225
5184,-225
5185,-225
5186,-225
5187,-225
5188,-225
5189,-225
5190,-773
5191,-225
5192,-225
5193,-225
5194,-225
5195,-225
5196,-225
5197,-225
5198,-225
5199,-225
5200,-225
5201,-225
5202,-225
5203,-225
5204,-225
5205,-225
5206,-225
5207,-225
5208,-225
5209,-225
5210,-225
5211,-225
5212,-225
5213,-225
5214,-225
5215,-225
5216,-225
5217,-225
5218,-225
5219,-225
5220,-225
5221,-225
5222,-225
5223,-225
5224,-225
5225,-225
5226,-225
5227,-225
5228,-225
5229,-225
5230,-225
5231,-225
5232,-225
5233,-225
5234,-225
5235,-225
5236,-225
5237,-225
5238,-225
5239,-225
5240,-225
5241,-225
5242,-225
5243,-225
5244,-225
5245,-225
5246,-225
5247,-225
5248,-225
5249,-225
5250,-225
5251,-225
5252,-225
5253,-225
5254,-225
5255,-225
5256,-225
5257,-225
5258,-225
5259,-225
5260,-225
5261,-225
5262,-225
5263,-225
5264,-225
5265,-225
5266,-225
5267,-225
5268,-225
5269,-225
5270,-225
5271,-225
5272,-225
5273,-225
5274,-225
5275,-225
5276,-225
5277,-225
5278,-225
5279,-225
5280,-225
5281,-225
5282,-225
5283,-225
5284,-225
5285,-225
5286,-225
5287,-225
5288,-225
5289,-225
5290,-225
5291,-225
5292,-225
5293,-225
5294,-225
5295,-225
5296,-225
5297,-225
5298,-225
5299,-225
5300,-225
5301,-225
5302,-225
5303,-225
5304,-225
5305,-225
5306,-225
5307,-225
5308,-225
5309,-225
5310,-225
5311,-225
5312,-225
5313,-225
5314,-225
5315,-225
5316,-225
5317,-225
5318,-225
5319,-225
5320,-225
5321,-225
5322,-225
5323,-225
5324,-225
5325,-225
5326,-225
5327,-225
5328,-225
5329,-225
5330,-225
5331,-225
5332,-225
5333,-225
5334,-225
5335,-225
5336,-225
5337,-225
5338,-225
5339,-225
5340,-225
5341,-225
5342,-225
5343,-225
5344,-225
5345,-225
5346,-225
5347,-225
5348,-225
5349,100
5350,-225
5351,-225
5352,-225
5353,-225
5354,-225
5355,-225
5356,-225
5357,-225
5358,-225
5359,-225
5360,-225
5361,-225
5362,-225
5363,-225
5364,-225
5365,-225
5366,-225
5367,-225
5368,-225
5369,-225
5370,-225
5371,-225
5372,-225
5373,-225
5374,-225
5375,-225
5376,-225
5377,-225
5378,-225
5379,-225
5380,-225
5381,-225
5382,-225
5383,-225
5384,-225
5385,-225
5386,-12479
5387,-225
5388,-225
5389,-225
5390,-225
5391,-225
5392,-225
5393,-225
5394,-225
5395,-225
5396,-225
5397,-225
5398,-225
5399,-225
5400,-9850
5401,-225
5402,-225
5403,-225
5404,-225
5405,-225
5406,-225
5407,-225
5408,-225
5409,-225
5410,-225
5411,-225
5412,-225
5413,-225
5414,-225
5415,-225
5416,-225
5417,-225
5418,-225
5419,-225
5420,-225
5421,-225
5422,-575
5423,-225
5424,-225
5425,-225
5426,-225
5427,-225
5428,-225
5429,-225
5430,-225
5431,-225
5432,-225
5433,-225
5434,-225
5435,-225
5436,-225
5437,-225
5438,-225
5439,-225
5440,-225
5441,-225
5442,-225
5443,-225
5444,-6904
5445,-225
5446,-225
5447,-225
5448,-225
5449,-225
5450,-225
5451,-225
5452,-225
5453,-225
5454,-225
5455,-225
5456,-225
5457,-225
5458,-225
5459,-225
5460,-225
5461,-225
5462,-225
5463,-225
5464,-225
5465,-225
5466,-3825
5467,-225
5468,-225
5469,-225
5470,-225
5471,-225
5472,-225
5473,-225
5474,-225
5475,-225
5476,-225
5477,-225
5478,-225
5479,-225
5480,-225
5481,-225
5482,-225
5483,-225
5484,-225
5485,-225
5486,-225
5487,-225
5488,-4127
5489,-1000
5490,-12525
5491,-225
5492,-225
5493,-225
5494,-225
5495,-337
5496,-225
5497,-225
5498,-225
5499,-225
5500,-227
5501,-12525
5502,-225
5503,-225
5504,-225
5505,-225
5506,-225
5507,-225
5508,-225
5509,-225
5510,-225
5511,-225
5512,-225
5513,-225
5514,-12502
5515,-225
5516,-225
5517,-225
5518,-225
5519,-225
5520,-225
5521,-225
5522,-225
5523,-225
5524,-225
5525,-12502
5526,-225
5527,-225
5528,-225
5529,-225
5530,-225
5531,-225
5532,-225
5533,-225
5534,-225
5535,-225
5536,-225
5537,-10627
5538,-6225
5539,-5150
5540,-225
5541,-227
5542,-225
5543,-225
5544,-225
5545,-225
5546,-225
5547,-225
5548,-225
5549,-275
5550,-225
5551,-225
5552,-225
5553,-225
5554,-225
5555,-225
5556,-225
5557,-5250
5558,-225
5559,-225
5560,-225
5561,-225
5562,-225
5563,-225
5564,-225
5565,-225
5566,-225
5567,-225
5568,-225
5569,-225
5570,-225
5571,-225
5572,-225
5573,-225
5574,-225
5575,-225
5576,-225
5577,-225
5578,-8175
5579,-12502
5580,-9854
5581,-225
5582,-225
5583,-225
5584,-225
5585,-225
5586,-225
5587,-475
5588,-225
5589,-225
5590,-225
5591,-225
5592,-225
5593,-225
5594,-225
5595,-225
5596,-225
5597,-225
5598,-225
5599,-225
5600,-225
5601,-225
5602,-225
5603,-225
5604,-225
5605,-225
5606,-225
5607,-227
5608,-7277
5609,-6275
5610,-3950
5611,-225
5612,-225
5613,-225
5614,-225
5615,-225
5616,-225
5617,-225
5618,-225
5619,-225
5620,-225
5621,-225
5622,-225
5623,-225
5624,-225
5625,-225
5626,-375
5627,-225
5628,-225
5629,-225
5630,-225
5631,-225
5632,-225
5633,-225
5634,-225
5635,-225
5636,-225
5637,-225
5638,-225
5639,-225
5640,-225
5641,-225
5642,-225
5643,-225
5644,-225
5645,-225
5646,-225
5647,475
5648,-4552
5649,75
5650,-3875
5651,-325
5652,-12525
5653,-12456
5654,-12456
5655,-10404
5656,-5579
5657,-725
5658,-225
5659,-225
5660,-225
5661,-225
5662,-225
5663,-225
5664,-225
5665,-225
5666,-225
5667,-8975
5668,-4427
5669,-1575
5670,-225
5671,-225
5672,-225
5673,-225
5674,-225
5675,-225
5676,-225
5677,-225
5678,-225
5679,-225
5680,-225
5681,-225
5682,-225
5683,-12525
5684,-225
5685,-225
5686,-225
5687,-225
5688,-225
5689,-225
5690,-225
5691,-225
5692,-225
5693,-225
5694,-10675
5695,-225
5696,-225
5697,-225
5698,-225
5699,-225
5700,-225
5701,-225
5702,-225
5703,-225
5704,-225
5705,-225
5706,-225
5707,-225
5708,-225
5709,-225
5710,-225
5711,-225
5712,-7200
5713,-225
5714,-225
5715,-225
5716,-225
5717,-225
5718,-225
5719,-225
5720,-225
5721,-225
5722,-225
5723,-225
5724,-225
5725,-225
5726,-225
5727,-225
5728,-225
5729,-225
5730,-7900
5731,-225
5732,-225
5733,-225
5734,-225
5735,-225
5736,-225
5737,-225
5738,-225
5739,-225
5740,-225
5741,-225
5742,-225
5743,-225
5744,-225
5745,-225
5746,-225
5747,-225
5748,-575
5749,-225
5750,-225
5751,-225
5752,-225
5753,-225
5754,-225
5755,-225
5756,-225
5757,-225
5758,-225
5759,-225
5760,-225
5761,-225
5762,-225
5763,-225
5764,-225
5765,-225
5766,-1525
5767,-225
5768,-225
5769,-225
5770,-225
5771,-225
5772,-225
5773,-225
5774,-225
5775,-225
5776,-225
5777,-227
5778,-225
5779,-225
5780,-225
5781,-225
5782,-225
5783,-227
5784,-225
5785,-952
5786,-225
5787,-225
5788,-225
5789,-225
5790,-225
5791,-225
5792,-225
5793,-225
5794,-225
5795,-225
5796,-225
5797,-225
5798,-225
5799,-225
5800,-225
5801,-225
5802,-225
5803,-5000
5804,-225
5805,-225
5806,-225
5807,-225
5808,-225
5809,-225
5810,-225
5811,-225
5812,-225
5813,-225
5814,-225
5815,-225
5816,-225
5817,-225
5818,-225
5819,-225
5820,-1117
5821,-12502
5822,-225
5823,-225
5824,-225
5825,-225
5826,-225
5827,-12479
5828,-225
5829,-225
5830,-225
5831,-225
5832,-225
5833,-225
5834,-225
5835,-225
5836,675
5837,-225
5838,-4300
5839,-225
5840,-225
5841,-225
5842,-225
5843,-225
5844,-225
5845,-225
5846,-225
5847,-275
5848,-225
5849,-225
5850,-225
5851,-225
5852,-225
5853,-225
5854,-225
5855,-225
5856,-4129
5857,-225
5858,-225
5859,-225
5860,-225
5861,-225
5862,-225
5863,-225
5864,-225
5865,-225
5866,-225
5867,-225
5868,-225
5869,-225
5870,-225
5871,-225
5872,-225
5873,-225
5874,-225
5875,-8629
5876,-12502
5877,-12479
5878,-275
5879,-225
5880,-3675
5881,-225
5882,-225
5883,-225
5884,-225
5885,-225
5886,-225
5887,-225
5888,-225
5889,-225
5890,-225
5891,-225
5892,-225
5893,-225
5894,-225
5895,-225
5896,-225
5897,-225
5898,-7500
5899,-225
5900,-225
5901,-225
5902,-225
5903,-225
5904,-225
5905,-225
5906,-225
5907,-225
5908,-225
5909,-225
5910,-225
5911,-225
5912,-225
5913,-225
5914,-225
5915,-225
5916,-2375
5917,-9525
5918,-2450
5919,-1225
5920,-6354
5921,-2500
5922,-1327
5923,-1025
5924,-3852
5925,73
5926,-3250
5927,-450
5928,-4529
5929,-225
5930,-225
5931,-225
5932,-225
5933,-225
5934,-225
5935,-225
5936,-12456
5937,-225
5938,-225
5939,-225
5940,-225
5941,-225
5942,-225
5943,-225
5944,-4554
5945,-225
5946,-225
5947,-225
5948,-225
5949,-225
5950,-225
5951,-225
5952,-225
5953,-225
5954,-225
5955,-225
5956,-225
5957,-225
5958,-225
5959,-225
5960,-3775
5961,-225
5962,-225
5963,-225
5964,-225
5965,-225
5966,-225
5967,-225
5968,-225
5969,-225
5970,-225
5971,-225
5972,-225
5973,-225
5974,-225
5975,-225
5976,-225
5977,-2629
5978,-225
5979,-225
5980,-225
5981,-225
5982,-225
5983,-225
5984,-225
5985,-225
5986,-225
5987,-225
5988,-225
5989,-225
5990,-225
5991,-225
5992,-225
5993,-400
5994,-225
5995,-225
5996,-225
5997,-225
5998,-225
5999,-225
6000,-225
6001,-311
6002,100
6003,100
6004,100
6005,100
6006,100
6007,100
6008,100
6009,100
6010,50
6011,100
6012,100
6013,-150
6014,25
6015,-225
6016,-225
6017,-225
6018,-225
6019,-225
6020,-225
6021,-225
6022,-625
6023,-1500
6024,-11177
6025,-12502
6026,-9677
6027,-12525
6028,-3902
6029,-10425
6030,-700
6031,-12433
6032,-5150
6033,-12525
6034,-7379
6035,-12456
6036,-12502
6037,-2602
6038,-4275
6039,-225
6040,-225
6041,-225
6042,-225
6043,675
6044,-225
6045,-225
6046,-225
6047,-225
6048,-225
6049,-12502
6050,-225
6051,-225
6052,-225
6053,-225
6054,98
6055,-225
6056,-225
6057,-7202
6058,-225
6059,-225
6060,-225
6061,-225
6062,-225
6063,-225
6064,-225
6065,-225
6066,-225
6067,-225
6068,-225
6069,-225
6070,-225
6071,-225
6072,-10077
6073,-12479
6074,-12525
6075,-12502
6076,-4625
6077,-2827
6078,-6927
6079,-12502
6080,175
6081,-12525
6082,-12502
6083,225
6084,-6879
6085,-5577
6086,-500
6087,-5027
6088,-12502
6089,-12502
6090,-12502
6091,-2625
6092,-12502
6093,-12502
6094,-1300
6095,-5225
6096,-10975
6097,-6575
6098,-12502
6099,-6027
6100,-5327
6101,-12452
6102,-75
6103,-7250
6104,-12502
6105,-10677
6106,-225
6107,-12502
6108,-225
6109,-225
6110,-225
6111,-225
6112,-12479
6113,-225
6114,-225
6115,-225
6116,-225
6117,-225
6118,-225
6119,-12433
6120,-225
6121,-225
6122,-225
6123,-225
6124,-225
6125,-12456
6126,-225
6127,-225
6128,-225
6129,-225
6130,-225
6131,-3675
6132,-7077
6133,-10877
6134,-1975
6135,-875
6136,-6827
6137,-1775
6138,-12525
6139,-12525
6140,-12433
6141,-950
6142,-12479
6143,-12525
6144,-1025
6145,-3875
6146,-3000
6147,-4302
6148,-225
6149,-225
6150,-225
6151,-225
6152,-225
6153,-225
6154,-225
6155,-225
6156,-225
6157,-225
6158,-225
6159,-12525
6160,100
6161,50
6162,-225
6163,-225
6164,-225
6165,-225
6166,-200
6167,100
6168,100
6169,100
6170,100
6171,100
6172,100
6173,100
6174,100
6175,100
6176,100
6177,100
6178,100
6179,100
6180,100
6181,100
6182,100
6183,100
6184,100
6185,100
6186,100
6187,100
6188,100
6189,625
6190,100
6191,100
6192,100
6193,100
6194,100
6195,100
6196,100
6197,100
6198,100
6199,100
6200,100
6201,100
6202,100
6203,100
6204,100
6205,100
6206,100
6207,100
6208,100
6209,100
6210,100
6211,100
6212,100
6213,100
6214,100
6215,100
6216,100
6217,100
6218,50
6219,100
6220,100
6221,100
6222,100
6223,100
6224,100
6225,100
6226,100
6227,100
6228,100
6229,100
6230,100
6231,100
6232,100
6233,100
6234,100
6235,100
6236,100
6237,100
6238,100
6239,100
6240,100
6241,100
6242,100
6243,100
6244,100
6245,100
6246,100
6247,100
6248,100
6249,100
6250,100
6251,100
6252,100
6253,100
6254,100
6255,100
6256,100
6257,100
6258,100
6259,100
6260,100
6261,100
6262,625
6263,100
6264,100
6265,100
6266,100
6267,100
6268,100
6269,100
6270,100
6271,100
6272,100
6273,100
6274,100
6275,100
6276,100
6277,100
6278,100
6279,100
6280,100
6281,100
6282,100
6283,100
6284,100
6285,100
6286,100
6287,100
6288,100
6289,100
6290,100
6291,100
6292,100
6293,100
6294,100
6295,100
6296,100
6297,100
6298,100
6299,100
6300,100
6301,100
6302,100
6303,100
6304,100
6305,100
6306,100
6307,100
6308,100
6309,100
6310,100
6311,100
6312,100
6313,100
6314,100
6315,100
6316,50
6317,100
6318,100
6319,100
6320,100
6321,100
6322,100
6323,-150
6324,600
6325,100
6326,100
6327,100
6328,100
6329,100
6330,100
6331,100
6332,100
6333,100
6334,100
6335,100
6336,100
6337,100
6338,100
6339,100
6340,100
6341,100
6342,100
6343,100
6344,100
6345,100
6346,100
6347,100
6348,100
6349,100
6350,100
6351,100
6352,100
6353,-8975
6354,-12456
6355,-2950
6356,525
6357,-225
6358,-225
6359,-225
6360,-275
6361,-225
6362,-225
6363,-225
6364,-4725
6365,-225
6366,-225
6367,-225
6368,-225
6369,-225
6370,-225
6371,-225
6372,-225
6373,-225
6374,-225
6375,-225
6376,-225
6377,-12479
6378,-225
6379,-225
6380,-225
6381,-225
6382,-225
6383,-1700
6384,-225
6385,-225
6386,-225
6387,-225
6388,-225
6389,-225
6390,-225
6391,-225
6392,-225
6393,-225
6394,-225
6395,100
6396,-225
6397,-350
6398,-225
6399,-225
6400,-225
6401,-225
6402,-225
6403,-225
6404,-225
6405,-225
6406,-225
6407,-225
6408,-225
6409,-225
6410,-12479
6411,-275
6412,-225
6413,-225
6414,-225
6415,-225
6416,-225
6417,-225
6418,-225
6419,-225
6420,-225
6421,-225
6422,-275
6423,-225
6424,-225
6425,-225
6426,-225
6427,-225
6428,-225
6429,-175
6430,-8750
6431,-2925
6432,-225
6433,-225
6434,-12479
6435,-225
6436,-225
6437,-225
6438,-225
6439,-225
6440,-225
6441,-1175
6442,-3700
6443,-2002
6444,-225
6445,-225
6446,-1025
6447,-227
6448,-225
6449,-225
6450,-225
6451,-225
6452,-225
6453,-225
6454,-225
6455,-225
6456,-225
6457,-225
6458,-225
6459,-2500
6460,-225
6461,-225
6462,-225
6463,-225
6464,-225
6465,-225
6466,-225
6467,-225
6468,-225
6469,-225
6470,-225
6471,-177
6472,-2075
6473,-12502
6474,-10650
6475,-225
6476,-225
6477,-225
6478,-225
6479,-225
6480,-225
6481,-225
6482,-12479
6483,-225
6484,-225
6485,-225
6486,-225
6487,-225
6488,-12502
6489,-225
6490,-225
6491,-225
6492,-225
6493,-4427
6494,-6350
6495,-8027
6496,-225
6497,-225
6498,-525
6499,-227
6500,-225
6501,-225
6502,-225
6503,-225
6504,-225
6505,-225
6506,-225
6507,-225
6508,-225
6509,-225
6510,-1775
6511,-225
6512,-225
6513,-225
6514,-225
6515,-225
6516,-225
6517,-225
6518,-225
6519,-225
6520,-225
6521,-225
6522,-1725
6523,-12502
6524,-10650
6525,-12479
6526,-12525
6527,-225
6528,-225
6529,-225
6530,-225
6531,-12479
6532,-225
6533,-225
6534,-225
6535,-225
6536,-225
6537,-10975
6538,-225
6539,100
6540,100
6541,100
6542,100
6543,100
6544,100
6545,100
6546,100
6547,100
6548,100
6549,100
6550,100
6551,100
6552,100
6553,100
6554,100
6555,100
6556,100
6557,100
6558,100
6559,100
6560,100
6561,100
6562,100
6563,100
6564,100
6565,325
6566,100
6567,100
6568,100
6569,100
6570,100
6571,100
6572,100
6573,100
6574,100
6575,100
6576,100
6577,100
6578,100
6579,100
6580,100
6581,100
6582,100
6583,100
6584,100
6585,100
6586,100
6587,100
6588,100
6589,100
6590,100
6591,100
6592,100
6593,100
6594,100
6595,100
6596,100
6597,100
6598,100
6599,100
6600,100
6601,100
6602,100
6603,100
6604,100
6605,100
6606,100
6607,100
6608,100
6609,100
6610,100
6611,100
6612,100
6613,100
6614,100
6615,100
6616,100
6617,100
6618,100
6619,100
6620,100
6621,100
6622,100
6623,100
6624,100
6625,100
6626,100
6627,100
6628,100
6629,100
6630,100
6631,100
6632,100
6633,100
6634,100
6635,100
6636,100
6637,100
6638,100
6639,100
6640,100
6641,100
6642,100
6643,100
6644,100
6645,100
6646,100
6647,100
6648,100
6649,100
6650,100
6651,100
6652,100
6653,100
6654,100
6655,100
6656,100
6657,100
6658,100
6659,100
6660,100
6661,100
6662,-150
6663,600
6664,100
6665,100
6666,100
6667,100
6668,100
6669,100
6670,100
6671,100
6672,100
6673,100
6674,100
6675,100
6676,98
6677,100
6678,-200
6679,100
6680,100
6681,100
6682,100
6683,100
6684,100
6685,100
6686,100
6687,100
6688,100
6689,100
6690,100
6691,100
6692,100
6693,100
6694,100
6695,100
6696,100
6697,100
6698,100
6699,100
6700,100
6701,100
6702,100
6703,100
6704,100
6705,100
6706,100
6707,100
6708,100
6709,100
6710,100
6711,100
6712,100
6713,100
6714,100
6715,100
6716,100
6717,100
6718,100
6719,100
6720,100
6721,100
6722,100
6723,50
6724,100
6725,100
6726,100
6727,100
6728,100
6729,100
6730,100
6731,100
6732,100
6733,100
6734,100
6735,100
6736,100
6737,100
6738,50
6739,100
6740,100
6741,100
6742,100
6743,100
6744,100
6745,100
6746,100
6747,100
6748,100
6749,100
6750,100
6751,100
6752,100
6753,100
6754,100
6755,100
6756,100
6757,100
6758,100
6759,100
6760,100
6761,100
6762,100
6763,100
6764,100
6765,100
6766,100
6767,100
6768,100
6769,100
6770,100
6771,100
6772,100
6773,100
6774,100
6775,100
6776,100
6777,100
6778,100
6779,100
6780,100
6781,100
6782,100
6783,100
6784,100
6785,100
6786,100
6787,100
6788,100
6789,100
6790,100
6791,100
6792,100
6793,100
6794,100
6795,100
6796,100
6797,100
6798,100
6799,50
6800,100
6801,100
6802,100
6803,100
6804,100
6805,100
6806,100
6807,100
6808,100
6809,100
6810,100
6811,100
6812,100
6813,100
6814,100
6815,100
6816,100
6817,100
6818,100
6819,100
6820,100
6821,100
6822,100
6823,100
6824,100
6825,100
6826,100
6827,100
6828,100
6829,100
6830,100
6831,100
6832,100
6833,100
6834,100
6835,100
6836,-225
6837,100
6838,100
6839,100
6840,100
6841,100
6842,100
6843,100
6844,100
6845,100
6846,100
6847,100
6848,100
6849,100
6850,100
6851,100
6852,100
6853,100
6854,100
6855,100
6856,100
6857,100
6858,100
6859,100
6860,100
6861,100
6862,100
6863,100
6864,100
6865,100
6866,100
6867,100
6868,100
6869,100
6870,100
6871,100
6872,100
6873,100
6874,100
6875,100
6876,100
6877,100
6878,100
6879,100
6880,100
6881,100
6882,100
6883,100
6884,100
6885,-1050
6886,600
6887,600
6888,100
6889,100
6890,100
6891,100
6892,100
6893,100
6894,100
6895,100
6896,-200
6897,100
6898,100
6899,100
6900,100
6901,100
6902,100
6903,100
6904,100
6905,100
6906,100
6907,100
6908,100
6909,100
6910,100
6911,100
6912,100
6913,100
6914,100
6915,100
6916,100
6917,100
6918,100
6919,100
6920,100
6921,100
6922,100
6923,100
6924,100
6925,100
6926,100
6927,100
6928,100
6929,100
6930,100
6931,100
6932,100
6933,100
6934,100
6935,100
6936,100
6937,100
6938,100
6939,-12100
6940,600
6941,100
6942,100
6943,98
6944,100
6945,100
6946,100
6947,100
6948,100
6949,100
6950,100
6951,100
6952,100
6953,100
6954,100
6955,100
6956,100
6957,100
6958,100
6959,100
6960,100
6961,100
6962,100
6963,100
6964,100
6965,100
6966,100
6967,98
6968,100
6969,100
6970,100
6971,100
6972,100
6973,100
6974,100
6975,100
6976,100
6977,100
6978,100
6979,100
6980,100
6981,100
6982,100
6983,100
6984,100
6985,100
6986,100
6987,100
6988,100
6989,100
6990,100
6991,100
6992,100
6993,100
6994,100
6995,100
6996,100
6997,100
6998,100
6999,100
7000,100
7001,100
7002,100
7003,100
7004,100
7005,100
7006,100
7007,100
7008,100
7009,100
7010,100
7011,100
7012,100
7013,100
7014,100
7015,100
7016,50
7017,100
7018,100
7019,100
7020,100
7021,100
7022,100
7023,100
7024,100
7025,100
7026,100
7027,100
7028,100
7029,100
7030,100
7031,100
7032,100
7033,100
7034,100
7035,100
7036,100
7037,100
7038,100
7039,100
7040,100
7041,100
7042,100
7043,100
7044,100
7045,100
7046,100
7047,100
7048,100
7049,100
7050,100
7051,100
7052,100
7053,100
7054,100
7055,100
7056,100
7057,100
7058,100
7059,100
7060,100
7061,100
7062,100
7063,100
7064,100
7065,100
7066,100
7067,100
7068,100
7069,100
7070,100
7071,100
7072,100
7073,100
7074,100
7075,100
7076,100
7077,100
7078,100
7079,100
7080,100
7081,-200
7082,100
7083,100
7084,100
7085,100
7086,100
7087,100
7088,100
7089,100
7090,100
7091,100
7092,100
7093,100
7094,100
7095,100
7096,100
7097,100
7098,100
7099,100
7100,100
7101,100
7102,100
7103,100
7104,100
7105,100
7106,100
7107,100
7108,100
7109,100
7110,100
7111,100
7112,100
7113,100
7114,100
7115,100
7116,100
7117,100
7118,100
7119,98
7120,100
7121,100
7122,100
7123,100
7124,100
7125,100
7126,100
7127,100
7128,100
7129,100
7130,100
7131,100
7132,100
7133,100
7134,675
7135,100
7136,100
7137,100
7138,100
7139,100
7140,100
7141,100
7142,100
7143,100
7144,100
7145,100
7146,100
7147,100
7148,100
7149,100
7150,100
7151,100
7152,50
7153,100
7154,100
7155,100
7156,100
7157,50
7158,100
7159,98
7160,100
7161,100
7162,100
7163,100
7164,100
7165,100
7166,100
7167,100
7168,100
7169,100
7170,100
7171,100
7172,100
7173,100
7174,100
7175,100
7176,100
7177,100
7178,100
7179,100
7180,100
7181,100
7182,100
7183,100
7184,100
7185,100
7186,100
7187,100
7188,100
7189,100
7190,100
7191,100
7192,100
7193,100
7194,100
7195,100
7196,100
7197,100
7198,100
7199,100
7200,100
7201,100
7202,100
7203,100
7204,100
7205,100
7206,100
7207,100
7208,100
7209,100
7210,100
7211,100
7212,100
7213,100
7214,100
7215,100
7216,100
7217,100
7218,100
7219,100
7220,100
7221,100
7222,100
7223,100
7224,100
7225,100
7226,100
7227,100
7228,100
7229,100
7230,100
7231,100
7232,100
7233,100
7234,100
7235,100
7236,100
7237,-150
7238,600
7239,100
7240,100
7241,100
7242,100
7243,100
7244,100
7245,100
7246,100
7247,100
7248,100
7249,100
7250,100
7251,100
7252,100
7253,100
7254,100
7255,100
7256,100
7257,100
7258,50
7259,100
7260,100
7261,100
7262,100
7263,100
7264,100
7265,100
7266,100
7267,100
7268,100
7269,100
7270,100
7271,100
7272,100
7273,100
7274,100
7275,100
7276,100
7277,100
7278,100
7279,100
7280,100
7281,100
7282,100
7283,100
7284,100
7285,100
7286,100
7287,100
7288,100
7289,100
7290,100
7291,100
7292,100
7293,100
7294,100
7295,100
7296,100
7297,100
7298,100
7299,100
7300,100
7301,100
7302,100
7303,100
7304,100
7305,100
7306,100
7307,100
7308,100
7309,100
7310,100
7311,98
7312,100
7313,100
7314,100
7315,100
7316,100
7317,100
7318,100
7319,100
7320,100
7321,100
7322,100
7323,100
7324,100
7325,100
7326,100
7327,100
7328,100
7329,100
7330,100
7331,100
7332,100
7333,100
7334,100
7335,100
7336,100
7337,100
7338,100
7339,675
7340,100
7341,100
7342,100
7343,-225
7344,100
7345,100
7346,100
7347,100
7348,100
7349,100
7350,98
7351,100
7352,100
7353,100
7354,100
7355,100
7356,100
7357,100
7358,100
7359,100
7360,100
7361,100
7362,100
7363,100
7364,100
7365,100
7366,100
7367,100
7368,100
7369,100
7370,100
7371,100
7372,100
7373,100
7374,100
7375,100
7376,100
7377,100
7378,100
7379,100
7380,100
7381,100
7382,100
7383,100
7384,100
7385,100
7386,100
7387,100
7388,100
7389,100
7390,100
7391,100
7392,100
7393,100
7394,100
7395,100
7396,100
7397,100
7398,100
7399,100
7400,100
7401,100
7402,100
7403,100
7404,100
7405,100
7406,100
7407,100
7408,100
7409,100
7410,100
7411,100
7412,100
7413,100
7414,100
7415,100
7416,100
7417,100
7418,100
7419,100
7420,100
7421,100
7422,100
7423,100
7424,100
7425,100
7426,100
7427,100
7428,100
7429,100
7430,100
7431,100
7432,100
7433,100
7434,100
7435,100
7436,100
7437,100
7438,100
7439,100
7440,100
7441,100
7442,100
7443,100
7444,100
7445,98
7446,100
7447,100
7448,100
7449,100
7450,100
7451,100
7452,100
7453,100
7454,100
7455,100
7456,100
7457,100
7458,100
7459,100
7460,100
7461,100
7462,100
7463,100
7464,100
7465,100
7466,100
7467,100
7468,100
7469,100
7470,100
7471,100
7472,100
7473,100
7474,100
7475,100
7476,100
7477,100
7478,100
7479,100
7480,100
7481,100
7482,100
7483,100
7484,100
7485,100
7486,100
7487,100
7488,100
7489,100
7490,100
7491,100
7492,100
7493,100
7494,100
7495,100
7496,100
7497,100
7498,100
7499,100
7500,100
7501,100
7502,100
7503,100
7504,100
7505,100
7506,100
7507,100
7508,100
7509,100
7510,100
7511,100
7512,100
7513,100
7514,100
7515,100
7516,100
7517,100
7518,100
7519,100
7520,100
7521,100
7522,100
7523,50
7524,100
7525,100
7526,100
7527,100
7528,100
7529,100
7530,100
7531,100
7532,100
7533,100
7534,100
7535,100
7536,100
7537,100
7538,100
7539,100
7540,100
7541,100
7542,100
7543,100
7544,100
7545,100
7546,100
7547,100
7548,100
7549,100
7550,100
7551,100
7552,100
7553,100
7554,100
7555,100
7556,100
7557,100
7558,100
7559,100
7560,100
7561,100
7562,100
7563,100
7564,100
7565,100
7566,100
7567,100
7568,100
7569,100
7570,100
7571,100
7572,100
7573,100
7574,100
7575,100
7576,100
7577,100
7578,100
7579,100
7580,100
7581,100
7582,100
7583,100
7584,100
7585,100
7586,100
7587,100
7588,100
7589,100
7590,100
7591,100
7592,100
7593,100
7594,100
7595,100
7596,100
7597,100
7598,100
7599,100
7600,100
7601,100
7602,100
7603,100
7604,100
7605,100
7606,100
7607,100
7608,100
7609,100
7610,100
7611,100
7612,100
7613,100
7614,100
7615,50
7616,100
7617,100
7618,100
7619,100
7620,100
7621,100
7622,100
7623,100
7624,100
7625,50
7626,100
7627,100
7628,100
7629,100
7630,100
7631,100
7632,100
7633,100
7634,100
7635,100
7636,100
7637,100
7638,100
7639,100
7640,100
7641,100
7642,100
7643,100
7644,100
7645,100
7646,100
7647,100
7648,100
7649,100
7650,100
7651,100
7652,100
7653,100
7654,100
7655,100
7656,100
7657,100
7658,100
7659,100
7660,100
7661,100
7662,100
7663,100
7664,100
7665,100
7666,100
7667,100
7668,100
7669,100
7670,100
7671,100
7672,100
7673,100
7674,100
7675,100
7676,100
7677,100
7678,100
7679,100
7680,100
7681,100
7682,100
7683,100
7684,100
7685,100
7686,100
7687,100
7688,100
7689,100
7690,100
7691,100
7692,100
7693,100
7694,100
7695,100
7696,100
7697,100
7698,100
7699,100
7700,100
7701,100
7702,100
7703,100
7704,100
7705,100
7706,100
7707,100
7708,100
7709,98
7710,100
7711,100
7712,100
7713,100
7714,100
7715,100
7716,100
7717,100
7718,100
7719,98
7720,100
7721,100
7722,100
7723,100
7724,100
7725,100
7726,100
7727,100
7728,100
7729,100
7730,100
7731,100
7732,100
7733,100
7734,100
7735,98
7736,100
7737,100
7738,100
7739,100
7740,-150
7741,600
7742,100
7743,100
7744,100
7745,100
7746,50
7747,100
7748,100
7749,100
7750,100
7751,100
7752,100
7753,100
7754,100
7755,100
7756,100
7757,100
7758,100
7759,100
7760,100
7761,100
7762,100
7763,100
7764,100
7765,100
7766,100
7767,100
7768,100
7769,98
7770,100
7771,100
7772,100
7773,100
7774,100
7775,100
7776,100
7777,100
7778,100
7779,100
7780,100
7781,100
7782,100
7783,100
7784,100
7785,100
7786,100
7787,100
7788,100
7789,100
7790,100
7791,100
7792,100
7793,100
7794,100
7795,100
7796,100
7797,325
7798,325
7799,325
7800,325
7801,325
7802,-200
7803,325
7804,325
7805,325
7806,325
7807,325
7808,325
7809,325
7810,325
7811,325
7812,325
7813,325
7814,325
7815,325
7816,325
7817,325
7818,325
7819,325
7820,325
7821,325
7822,325
7823,325
7824,325
7825,325
7826,325
7827,325
7828,325
7829,325
7830,325
7831,325
7832,325
7833,325
7834,325
7835,325
7836,325
7837,325
7838,325
7839,325
7840,325
7841,325
7842,325
7843,325
7844,325
7845,325
7846,325
7847,325
7848,325
7849,325
7850,325
7851,325
7852,325
7853,325
7854,325
7855,275
7856,100
7857,100
7858,100
7859,100
7860,100
7861,100
7862,100
7863,100
7864,100
7865,100
7866,325
7867,325
7868,325
7869,325
7870,325
7871,325
7872,325
7873,325
7874,325
7875,325
7876,325
7877,325
7878,-200
7879,325
7880,325
7881,325
7882,325
7883,325
7884,325
7885,275
7886,325
7887,325
7888,325
7889,325
7890,325
7891,325
7892,325
7893,325
7894,325
7895,325
7896,325
7897,325
7898,325
7899,325
7900,325
7901,275
7902,100
7903,100
7904,325
7905,325
7906,325
7907,323
7908,325
7909,325
7910,325
7911,325
7912,325
7913,325
7914,325
7915,325
7916,325
7917,325
7918,325
7919,325
7920,275
7921,100
7922,100
7923,100
7924,100
7925,325
7926,325
7927,325
7928,325
7929,325
7930,325
7931,325
7932,325
7933,325
7934,325
7935,325
7936,275
7937,100
7938,100
7939,100
7940,325
7941,325
7942,325
7943,325
7944,325
7945,325
7946,325
7947,325
7948,325
7949,325
7950,325
7951,325
7952,325
7953,325
7954,325
7955,325
7956,325
7957,325
7958,325
7959,325
7960,325
7961,325
7962,325
7963,325
7964,325
7965,325
7966,325
7967,325
7968,400
7969,325
7970,325
7971,325
7972,325
7973,325
7974,325
7975,325
7976,325
7977,325
7978,325
7979,325
7980,325
7981,325
7982,325
7983,325
7984,325
7985,598
7986,325
7987,325
7988,325
7989,325
7990,325
7991,325
7992,325
7993,325
7994,325
7995,325
7996,325
7997,325
7998,325
7999,325
8000,325
8001,325
8002,325
8003,325
8004,325
8005,325
8006,325
8007,325
8008,325
8009,325
8010,325
8011,275
8012,325
8013,325
8014,325
8015,325
8016,325
8017,325
8018,325
8019,325
8020,325
8021,325
8022,325
8023,325
8024,325
8025,325
8026,325
8027,325
8028,325
8029,325
8030,325
8031,325
8032,325
8033,325
8034,325
8035,325
8036,325
8037,325
8038,325
8039,325
8040,325
8041,325
8042,325
8043,325
8044,325
8045,325
8046,325
8047,325
8048,325
8049,325
8050,325
8051,325
8052,325
8053,325
8054,325
8055,325
8056,325
8057,325
8058,325
8059,325
8060,325
8061,325
8062,325
8063,325
8064,325
8065,325
8066,325
8067,325
8068,325
8069,325
8070,325
8071,325
8072,325
8073,325
8074,325
8075,325
8076,325
8077,325
8078,325
8079,325
8080,325
8081,325
8082,325
8083,325
8084,325
8085,325
8086,325
8087,325
8088,325
8089,325
8090,325
8091,325
8092,325
8093,325
8094,325
8095,350
8096,325
8097,325
8098,325
8099,325
8100,325
8101,325
8102,325
8103,325
8104,325
8105,325
8106,325
8107,325
8108,325
8109,325
8110,325
8111,325
8112,325
8113,325
8114,325
8115,325
8116,325
8117,325
8118,325
8119,325
8120,325
8121,325
8122,323
8123,325
8124,325
8125,275
8126,325
8127,325
8128,325
8129,325
8130,325
8131,325
8132,325
8133,325
8134,325
8135,325
8136,325
8137,325
8138,325
8139,325
8140,325
8141,325
8142,325
8143,325
8144,325
8145,325
8146,325
8147,325
8148,325
8149,325
8150,325
8151,350
8152,325
8153,325
8154,325
8155,325
8156,325
8157,325
8158,325
8159,325
8160,325
8161,325
8162,325
8163,325
8164,325
8165,325
8166,325
8167,325
8168,325
8169,325
8170,325
8171,325
8172,325
8173,325
8174,325
8175,325
8176,325
8177,325
8178,325
8179,325
8180,325
8181,325
8182,325
8183,325
8184,325
8185,325
8186,325
8187,325
8188,325
8189,325
8190,325
8191,325
8192,325
8193,325
8194,325
8195,325
8196,325
8197,325
8198,325
8199,325
8200,325
8201,325
8202,325
8203,325
8204,325
8205,325
8206,325
8207,325
8208,325
8209,325
8210,325
8211,325
8212,325
8213,325
8214,325
8215,325
8216,325
8217,325
8218,325
8219,325
8220,325
8221,325
8222,325
8223,325
8224,325
8225,323
8226,325
8227,325
8228,325
8229,275
8230,325
8231,325
8232,325
8233,325
8234,325
8235,325
8236,325
8237,325
8238,325
8239,325
8240,325
8241,325
8242,325
8243,325
8244,325
8245,325
8246,325
8247,325
8248,325
8249,325
8250,325
8251,325
8252,325
8253,325
8254,325
8255,325
8256,325
8257,325
8258,325
8259,325
8260,325
8261,325
8262,325
8263,325
8264,325
8265,325
8266,325
8267,325
8268,325
8269,325
8270,325
8271,325
8272,325
8273,325
8274,325
8275,325
8276,325
8277,325
8278,325
8279,325
8280,325
8281,325
8282,325
8283,325
8284,325
8285,325
8286,325
8287,325
8288,325
8289,325
8290,325
8291,325
8292,325
8293,325
8294,325
8295,325
8296,325
8297,325
8298,250
8299,325
8300,325
8301,325
8302,325
8303,325
8304,325
8305,325
8306,325
8307,325
8308,325
8309,325
8310,325
8311,325
8312,325
8313,325
8314,325
8315,325
8316,325
8317,325
8318,325
8319,325
8320,325
8321,325
8322,325
8323,325
8324,325
8325,325
8326,325
8327,325
8328,325
8329,325
8330,275
8331,325
8332,325
8333,325
8334,325
8335,325
8336,325
8337,325
8338,325
8339,325
8340,325
8341,325
8342,325
8343,325
8344,325
8345,325
8346,325
8347,325
8348,325
8349,325
8350,325
8351,325
8352,325
8353,325
8354,325
8355,325
8356,325
8357,325
8358,325
8359,325
8360,325
8361,325
8362,325
8363,325
8364,325
8365,325
8366,325
8367,325
8368,325
8369,325
8370,325
8371,325
8372,325
8373,325
8374,325
8375,325
8376,325
8377,325
8378,325
8379,325
8380,325
8381,325
8382,325
8383,325
8384,325
8385,325
8386,325
8387,325
8388,325
8389,325
8390,325
8391,325
8392,325
8393,325
8394,325
8395,350
8396,325
8397,325
8398,325
8399,325
8400,325
8401,325
8402,325
8403,325
8404,325
8405,325
8406,325
8407,325
8408,325
8409,325
8410,325
8411,325
8412,325
8413,325
8414,325
8415,325
8416,325
8417,325
8418,325
8419,325
8420,325
8421,325
8422,325
8423,325
8424,325
8425,325
8426,325
8427,325
8428,325
8429,325
8430,325
8431,325
8432,325
8433,325
8434,325
8435,325
8436,325
8437,325
8438,325
8439,325
8440,325
8441,325
8442,325
8443,325
8444,325
8445,325
8446,325
8447,325
8448,325
8449,325
8450,325
8451,325
8452,325
8453,325
8454,135
8455,325
8456,325
8457,325
8458,325
8459,325
8460,325
8461,325
8462,325
8463,325
8464,325
8465,325
8466,325
8467,325
8468,325
8469,325
8470,325
8471,325
8472,325
8473,325
8474,325
8475,325
8476,323
8477,325
8478,325
8479,325
8480,325
8481,325
8482,325
8483,275
8484,325
8485,325
8486,325
8487,325
8488,325
8489,325
8490,325
8491,325
8492,325
8493,325
8494,325
8495,325
8496,325
8497,325
8498,325
8499,325
8500,325
8501,325
8502,325
8503,325
8504,325
8505,275
8506,325
8507,325
8508,325
8509,325
8510,325
8511,325
8512,325
8513,325
8514,325
8515,325
8516,325
8517,325
8518,325
8519,400
8520,325
8521,325
8522,325
8523,325
8524,325
8525,325
8526,325
8527,325
8528,325
8529,325
8530,325
8531,323
8532,325
8533,325
8534,325
8535,325
8536,325
8537,325
8538,325
8539,325
8540,275
8541,325
8542,325
8543,325
8544,325
8545,325
8546,325
8547,325
8548,325
8549,325
8550,325
8551,325
8552,325
8553,325
8554,325
8555,325
8556,325
8557,325
8558,325
8559,325
8560,325
8561,325
8562,325
8563,325
8564,550
8565,325
8566,325
8567,325
8568,325
8569,325
8570,325
8571,325
8572,325
8573,325
8574,325
8575,325
8576,325
8577,325
8578,325
8579,325
8580,325
8581,325
8582,325
8583,325
8584,325
8585,325
8586,325
8587,325
8588,325
8589,325
8590,400
8591,325
8592,325
8593,325
8594,325
8595,325
8596,325
8597,325
8598,325
8599,600
8600,325
8601,325
8602,325
8603,325
8604,325
8605,325
8606,325
8607,325
8608,325
8609,550
8610,-1250
8611,100
8612,100
8613,100
8614,100
8615,100
8616,100
8617,100
8618,100
8619,98
8620,50
8621,100
8622,100
8623,100
8624,100
8625,-799
8626,100
8627,100
8628,100
8629,100
8630,-836
8631,100
8632,100
8633,100
8634,100
8635,100
8636,100
8637,100
8638,100
8639,100
8640,100
8641,100
8642,100
8643,100
8644,100
8645,100
8646,325
8647,325
8648,325
8649,275
8650,325
8651,325
8652,325
8653,325
8654,325
8655,325
8656,325
8657,325
8658,325
8659,325
8660,325
8661,325
8662,325
8663,325
8664,325
8665,325
8666,325
8667,325
8668,325
8669,325
8670,325
8671,325
8672,325
8673,121
8674,100
8675,100
8676,325
8677,325
8678,325
8679,325
8680,325
8681,325
8682,325
8683,325
8684,325
8685,325
8686,325
8687,325
8688,325
8689,325
8690,325
8691,325
8692,325
8693,325
8694,325
8695,325
8696,325
8697,323
8698,325
8699,325
8700,325
8701,325
8702,325
8703,325
8704,325
8705,325
8706,325
8707,325
8708,325
8709,325
8710,325
8711,325
8712,325
8713,325
8714,325
8715,325
8716,325
8717,325
8718,325
8719,325
8720,325
8721,325
8722,325
8723,325
8724,325
8725,325
8726,325
8727,325
8728,323
8729,325
8730,325
8731,325
8732,325
8733,325
8734,325
8735,325
8736,325
8737,325
8738,325
8739,325
8740,325
8741,325
8742,325
8743,325
8744,325
8745,325
8746,325
8747,325
8748,325
8749,325
8750,325
8751,325
8752,325
8753,325
8754,325
8755,325
8756,325
8757,325
8758,325
8759,325
8760,325
8761,325
8762,325
8763,325
8764,325
8765,325
8766,325
8767,325
8768,325
8769,325
8770,323
8771,325
8772,325
8773,325
8774,325
8775,325
8776,325
8777,325
8778,325
8779,325
8780,325
8781,325
8782,325
8783,325
8784,325
8785,325
8786,325
8787,325
8788,325
8789,325
8790,325
8791,325
8792,325
8793,325
8794,325
8795,325
8796,325
8797,325
8798,325
8799,325
8800,325
8801,325
8802,325
8803,325
8804,325
8805,325
8806,325
8807,325
8808,325
8809,325
8810,325
8811,325
8812,325
8813,325
8814,325
8815,325
8816,325
8817,325
8818,325
8819,325
8820,325
8821,325
8822,325
8823,325
8824,325
8825,325
8826,325
8827,325
8828,325
8829,325
8830,323
8831,325
8832,325
8833,325
8834,325
8835,325
8836,325
8837,325
8838,325
8839,325
8840,325
8841,325
8842,325
8843,325
8844,325
8845,325
8846,325
8847,325
8848,325
8849,325
8850,325
8851,325
8852,325
8853,325
8854,325
8855,325
8856,325
8857,275
8858,325
8859,325
8860,325
8861,325
8862,325
8863,325
8864,325
8865,325
8866,325
8867,325
8868,325
8869,325
8870,325
8871,325
8872,325
8873,325
8874,325
8875,325
8876,325
8877,325
8878,325
8879,325
8880,325
8881,325
8882,325
8883,325
8884,325
8885,325
8886,325
8887,325
8888,325
8889,325
8890,325
8891,325
8892,325
8893,325
8894,325
8895,325
8896,325
8897,325
8898,325
8899,325
8900,325
8901,325
8902,325
8903,325
8904,350
8905,325
8906,325
8907,325
8908,325
8909,325
8910,325
8911,325
8912,325
8913,325
8914,325
8915,325
8916,325
8917,325
8918,325
8919,325
8920,325
8921,325
8922,325
8923,325
8924,325
8925,325
8926,275
8927,325
8928,325
8929,325
8930,325
8931,325
8932,325
8933,325
8934,325
8935,325
8936,325
8937,325
8938,325
8939,325
8940,325
8941,325
8942,325
8943,325
8944,325
8945,325
8946,325
8947,325
8948,325
8949,325
8950,325
8951,325
8952,325
8953,325
8954,400
8955,325
8956,325
8957,325
8958,325
8959,323
8960,325
8961,275
8962,275
8963,325
8964,325
8965,325
8966,325
8967,325
8968,325
8969,325
8970,325
8971,325
8972,325
8973,325
8974,325
8975,325
8976,325
8977,325
8978,325
8979,325
8980,325
8981,325
8982,325
8983,325
8984,325
8985,325
8986,325
8987,325
8988,325
8989,325
8990,325
8991,325
8992,325
8993,325
8994,325
8995,325
8996,325
8997,325
8998,325
8999,325
9000,325
9001,325
9002,325
9003,325
9004,325
9005,325
9006,325
9007,325
9008,325
9009,325
9010,325
9011,325
9012,325
9013,325
9014,325
9015,325
9016,325
9017,325
9018,325
9019,325
9020,325
9021,325
9022,325
9023,325
9024,325
9025,325
9026,325
9027,325
9028,325
9029,325
9030,325
9031,325
9032,325
9033,325
9034,325
9035,325
9036,325
9037,275
9038,325
9039,325
9040,325
9041,325
9042,325
9043,325
9044,550
9045,-11877
9046,100
9047,100
9048,100
9049,100
9050,50
9051,100
9052,100
9053,100
9054,100
9055,100
9056,100
9057,100
9058,100
9059,100
9060,100
9061,100
9062,100
9063,100
9064,100
9065,100
9066,100
9067,100
9068,100
9069,100
9070,-150
9071,600
9072,100
9073,100
9074,100
9075,100
9076,100
9077,100
9078,100
9079,100
9080,100
9081,100
9082,100
9083,100
9084,100
9085,100
9086,100
9087,100
9088,100
9089,100
9090,325
9091,325
9092,325
9093,325
9094,325
9095,325
9096,325
9097,325
9098,325
9099,325
9100,325
9101,325
9102,325
9103,325
9104,325
9105,325
9106,325
9107,325
9108,325
9109,325
9110,325
9111,325
9112,325
9113,325
9114,325
9115,325
9116,325
9117,325
9118,325
9119,325
9120,325
9121,350
9122,325
9123,325
9124,325
9125,325
9126,325
9127,325
9128,325
9129,325
9130,325
9131,325
9132,325
9133,325
9134,325
9135,325
9136,325
9137,325
9138,325
9139,325
9140,325
9141,275
9142,325
9143,325
9144,325
9145,325
9146,325
9147,325
9148,325
9149,325
9150,325
9151,325
9152,325
9153,325
9154,325
9155,325
9156,325
9157,325
9158,325
9159,325
9160,325
9161,325
9162,325
9163,325
9164,325
9165,325
9166,325
9167,325
9168,325
9169,325
9170,325
9171,325
9172,325
9173,325
9174,325
9175,325
9176,325
9177,325
9178,325
9179,325
9180,325
9181,325
9182,325
9183,275
9184,325
9185,325
9186,325
9187,325
9188,325
9189,275
9190,325
9191,325
9192,325
9193,325
9194,325
9195,325
9196,325
9197,325
9198,325
9199,325
9200,325
9201,325
9202,325
9203,325
9204,325
9205,275
9206,325
9207,325
9208,325
9209,325
9210,325
9211,325
9212,325
9213,325
9214,325
9215,325
9216,325
9217,325
9218,325
9219,325
9220,325
9221,325
9222,325
9223,325
9224,325
9225,325
9226,325
9227,325
9228,325
9229,325
9230,325
9231,325
9232,325
9233,325
9234,325
9235,325
9236,325
9237,325
9238,325
9239,325
9240,325
9241,325
9242,325
9243,325
9244,325
9245,325
9246,325
9247,325
9248,325
9249,325
9250,325
9251,325
9252,325
9253,325
9254,325
9255,325
9256,325
9257,325
9258,325
9259,325
9260,325
9261,325
9262,325
9263,325
9264,325
9265,325
9266,325
9267,325
9268,325
9269,325
9270,325
9271,325
9272,325
9273,325
9274,325
9275,325
9276,325
9277,325
9278,325
9279,325
9280,325
9281,325
9282,325
9283,325
9284,325
9285,325
9286,325
9287,325
9288,325
9289,325
9290,325
9291,325
9292,325
9293,325
9294,325
9295,325
9296,325
9297,325
9298,325
9299,325
9300,325
9301,325
9302,325
9303,325
9304,325
9305,325
9306,325
9307,325
9308,-790
9309,325
9310,325
9311,325
9312,325
9313,325
9314,325
9315,325
9316,325
9317,325
9318,325
9319,325
9320,325
9321,325
9322,325
9323,325
9324,325
9325,325
9326,325
9327,325
9328,325
9329,325
9330,325
9331,325
9332,325
9333,325
9334,325
9335,325
9336,325
9337,325
9338,325
9339,325
9340,325
9341,325
9342,325
9343,325
9344,325
9345,325
9346,325
9347,325
9348,325
9349,325
9350,325
9351,325
9352,325
9353,325
9354,325
9355,325
9356,325
9357,325
9358,325
9359,325
9360,325
9361,325
9362,325
9363,325
9364,325
9365,325
9366,325
9367,325
9368,325
9369,325
9370,325
9371,323
9372,325
9373,325
9374,325
9375,325
9376,325
9377,325
9378,325
9379,325
9380,325
9381,325
9382,325
9383,325
9384,325
9385,325
9386,325
9387,325
9388,325
9389,325
9390,325
9391,325
9392,325
9393,325
9394,325
9395,325
9396,325
9397,325
9398,325
9399,325
9400,275
9401,325
9402,325
9403,325
9404,325
9405,325
9406,325
9407,325
9408,325
9409,325
9410,325
9411,325
9412,325
9413,325
9414,325
9415,325
9416,325
9417,325
9418,325
9419,325
9420,325
9421,325
9422,325
9423,325
9424,325
9425,325
9426,325
9427,325
9428,325
9429,325
9430,325
9431,325
9432,325
9433,325
9434,325
9435,325
9436,325
9437,325
9438,325
9439,325
9440,325
9441,325
9442,325
9443,325
9444,325
9445,325
9446,325
9447,325
9448,325
9449,325
9450,325
9451,325
9452,325
9453,325
9454,325
9455,325
9456,325
9457,325
9458,325
9459,325
9460,325
9461,325
9462,600
9463,325
9464,325
9465,325
9466,325
9467,325
9468,325
9469,325
9470,325
9471,325
9472,325
9473,325
9474,325
9475,325
9476,350
9477,325
9478,325
9479,325
9480,325
9481,325
9482,325
9483,325
9484,325
9485,350
9486,325
9487,325
9488,325
9489,325
9490,325
9491,325
9492,325
9493,325
9494,325
9495,325
9496,325
9497,325
9498,325
9499,325
9500,325
9501,325
9502,325
9503,325
9504,325
9505,325
9506,325
9507,325
9508,325
9509,325
9510,275
9511,325
9512,325
9513,325
9514,325
9515,325
9516,325
9517,325
9518,323
9519,325
9520,325
9521,325
9522,325
9523,325
9524,325
9525,323
9526,325
9527,325
9528,325
9529,325
9530,325
9531,325
9532,325
9533,325
9534,325
9535,325
9536,325
9537,275
9538,323
9539,325
9540,325
9541,325
9542,325
9543,325
9544,325
9545,325
9546,325
9547,325
9548,325
9549,325
9550,325
9551,325
9552,325
9553,325
9554,325
9555,325
9556,325
9557,325
9558,325
9559,325
9560,325
9561,325
9562,325
9563,325
9564,325
9565,325
9566,325
9567,325
9568,325
9569,325
9570,325
9571,325
9572,325
9573,325
9574,325
9575,325
9576,325
9577,325
9578,325
9579,325
9580,325
9581,325
9582,325
9583,325
9584,325
9585,325
9586,325
9587,325
9588,325
9589,325
9590,325
9591,325
9592,325
9593,325
9594,325
9595,325
9596,325
9597,325
9598,325
9599,325
9600,325
9601,325
9602,325
9603,325
9604,325
9605,325
9606,325
9607,325
9608,325
9609,325
9610,325
9611,325
9612,325
9613,325
9614,325
9615,325
9616,325
9617,325
9618,325
9619,325
9620,325
9621,325
9622,325
9623,325
9624,325
9625,325
9626,325
9627,325
9628,325
9629,325
9630,325
9631,325
9632,325
9633,325
9634,325
9635,325
9636,325
9637,325
9638,325
9639,325
9640,325
9641,325
9642,325
9643,325
9644,325
9645,325
9646,325
9647,325
9648,325
9649,325
9650,325
9651,325
9652,325
9653,325
9654,325
9655,325
9656,325
9657,325
9658,325
9659,325
9660,325
9661,325
9662,325
9663,325
9664,325
9665,275
9666,325
9667,325
9668,325
9669,325
9670,325
9671,325
9672,-150
9673,325
9674,250
9675,325
9676,325
9677,325
9678,325
9679,325
9680,325
9681,325
9682,325
9683,325
9684,325
9685,325
9686,325
9687,325
9688,325
9689,325
9690,325
9691,325
9692,325
9693,325
9694,325
9695,325
9696,325
9697,325
9698,325
9699,325
9700,325
9701,325
9702,325
9703,325
9704,325
9705,325
9706,325
9707,325
9708,325
9709,325
9710,325
9711,325
9712,325
9713,600
9714,325
9715,325
9716,325
9717,325
9718,325
9719,325
9720,325
9721,325
9722,325
9723,325
9724,325
9725,275
9726,325
9727,325
9728,325
9729,325
9730,325
9731,325
9732,325
9733,325
9734,325
9735,325
9736,325
9737,275
9738,325
9739,325
9740,325
9741,325
9742,325
9743,325
9744,-200
9745,325
9746,325
9747,325
9748,325
9749,325
9750,325
9751,325
9752,325
9753,400
9754,325
9755,325
9756,325
9757,325
9758,325
9759,325
9760,325
9761,325
9762,325
9763,325
9764,325
9765,325
9766,325
9767,325
9768,325
9769,325
9770,325
9771,325
9772,325
9773,325
9774,325
9775,325
9776,325
9777,325
9778,325
9779,325
9780,325
9781,325
9782,325
9783,325
9784,325
9785,325
9786,325
9787,325
9788,325
9789,325
9790,325
9791,325
9792,325
9793,325
9794,325
9795,275
9796,325
9797,325
9798,325
9799,325
9800,325
9801,325
9802,325
9803,325
9804,325
9805,325
9806,325
9807,325
9808,325
9809,325
9810,325
9811,325
9812,325
9813,325
9814,325
9815,325
9816,325
9817,325
9818,325
9819,325
9820,325
9821,325
9822,325
9823,600
9824,325
9825,325
9826,325
9827,325
9828,325
9829,325
9830,325
9831,325
9832,325
9833,325
9834,325
9835,325
9836,325
9837,325
9838,325
9839,323
9840,325
9841,325
9842,325
9843,325
9844,325
9845,325
9846,325
9847,325
9848,325
9849,325
9850,325
9851,325
9852,325
9853,325
9854,325
9855,325
9856,325
9857,325
9858,325
9859,325
9860,325
9861,273
9862,325
9863,325
9864,325
9865,325
9866,325
9867,325
9868,325
9869,325
9870,325
9871,325
9872,325
9873,325
9874,325
9875,325
9876,325
9877,325
9878,325
9879,325
9880,325
9881,325
9882,325
9883,325
9884,325
9885,325
9886,325
9887,325
9888,325
9889,325
9890,325
9891,325
9892,325
9893,325
9894,325
9895,325
9896,325
9897,325
9898,325
9899,325
9900,325
9901,325
9902,325
9903,325
9904,325
9905,325
9906,325
9907,325
9908,325
9909,325
9910,325
9911,325
9912,325
9913,325
9914,325
9915,325
9916,325
9917,325
9918,325
9919,325
9920,325
9921,325
9922,325
9923,400
9924,325
9925,325
9926,325
9927,325
9928,325
9929,325
9930,325
9931,325
9932,325
9933,325
9934,325
9935,325
9936,325
9937,325
9938,325
9939,325
9940,325
9941,325
9942,325
9943,325
9944,325
9945,325
9946,325
9947,325
9948,325
9949,325
9950,275
9951,325
9952,325
9953,325
9954,325
9955,325
9956,325
9957,325
9958,275
9959,275
9960,325
9961,325
9962,325
9963,325
9964,325
9965,325
9966,325
9967,325
9968,325
9969,325
9970,325
9971,325
9972,600
9973,325
9974,325
9975,325
9976,325
9977,325
9978,325
9979,325
9980,325
9981,325
9982,325
9983,325
9984,325
9985,325
9986,325
9987,325
9988,325
9989,325
9990,325
9991,325
9992,325
9993,325
9994,325
9995,275
9996,325
9997,325
9998,325
9999,325
[[(4, 4), 2, -25], [(4, 3), 2, -25], [(4, 2), 0, 50], [(3, 2), 2, 250], [(3, 1), 2, -25], [(3, 0), 0, -25], [(2, 0), 0, -25], [(1, 0), 0, 150]]