0,-1307
1,-12525
2,-75
3,-75
4,-75
5,-75
6,-75
7,-75
8,-75
9,-75
10,-75
11,-75
12,-75
13,-75
14,-75
15,-75
16,-75
17,-75
18,-75
19,-77
20,-75
21,-75
22,-125
23,-75
24,-75
25,-75
26,-75
27,-75
28,-75
29,-75
30,-75
31,-75
32,-75
33,-75
34,-75
35,-75
36,-75
37,-75
38,-75
39,-75
40,-125
41,-75
42,-75
43,-75
44,-75
45,-75
46,-75
47,-75
48,-75
49,-75
50,-75
51,-75
52,-75
53,-75
54,-75
55,-75
56,-75
57,-75
58,-75
59,-75
60,-75
61,-75
62,-835
63,-75
64,-75
65,-75
66,-75
67,-75
68,-75
69,-75
70,-75
71,-75
72,-75
73,-75
74,-75
75,-75
76,-75
77,-75
78,-125
79,-75
80,-75
81,-75
82,-75
83,-75
84,-75
85,-75
86,-75
87,-75
88,-75
89,-75
90,-75
91,-75
92,-75
93,-75
94,-75
95,-75
96,-75
97,-75
98,-75
99,-75
100,-75
101,-75
102,-75
103,-75
104,-75
105,-75
106,-75
107,-75
108,-75
109,-75
110,-75
111,-75
112,-75
113,-75
114,-75
115,-75
116,-75
117,-75
118,-75
119,-75
120,-75
121,-75
122,-75
123,-75
124,-75
125,-75
126,-75
127,-75
128,-75
129,-75
130,-75
131,-75
132,-75
133,-75
134,-75
135,-75
136,-75
137,-75
138,-75
139,-75
140,-75
141,-75
142,-75
143,-75
144,-75
145,-75
146,-75
147,-75
148,-75
149,-75
150,-75
151,-75
152,-75
153,-75
154,-75
155,-75
156,-75
157,-75
158,-75
159,-75
160,-75
161,-75
162,-75
163,-75
164,-75
165,-75
166,-75
167,-75
168,-75
169,-75
170,-75
171,-75
172,-75
173,-75
174,-75
175,-75
176,-75
177,-75
178,-75
179,-75
180,-75
181,-75
182,-75
183,-75
184,-75
185,-75
186,-75
187,-75
188,-75
189,-75
190,-75
191,-75
192,-75
193,-75
194,-75
195,-75
196,-75
197,-75
198,-75
199,-75
200,-75
201,-75
202,-75
203,-75
204,-75
205,-75
206,-75
207,-75
208,-75
209,-75
210,-75
211,-75
212,-75
213,-75
214,-75
215,-75
216,-125
217,-75
218,-75
219,-75
220,-75
221,-75
222,-75
223,-75
224,-75
225,-75
226,-75
227,-75
228,-75
229,-75
230,-75
231,-75
232,-75
233,-75
234,-75
235,-75
236,-75
237,-75
238,-75
239,-75
240,-75
241,-75
242,-75
243,-75
244,-75
245,-125
246,-75
247,-75
248,-75
249,-75
250,-75
251,-75
252,-75
253,-75
254,-75
255,-75
256,-75
257,-75
258,-75
259,-75
260,-75
261,-75
262,-75
263,-77
264,-75
265,-75
266,-75
267,-75
268,-75
269,-75
270,-75
271,-75
272,-75
273,-75
274,-75
275,-75
276,-75
277,-125
278,-75
279,-75
280,-75
281,-75
282,-75
283,-75
284,-75
285,-75
286,-75
287,-75
288,-75
289,-75
290,-75
291,-75
292,-75
293,-75
294,-125
295,-75
296,-75
297,-75
298,-75
299,-125
300,-25
301,-75
302,-75
303,-75
304,-75
305,-75
306,-75
307,-75
308,-75
309,-75
310,-75
311,-75
312,-75
313,-75
314,-75
315,-75
316,-75
317,-75
318,-75
319,-75
320,-75
321,-75
322,-75
323,-75
324,-75
325,-75
326,-77
327,-75
328,-75
329,-75
330,-75
331,-75
332,-75
333,-77
334,-75
335,-75
336,-75
337,-75
338,-75
339,-75
340,-75
341,-75
342,-75
343,-75
344,-75
345,-75
346,-75
347,-75
348,-75
349,-75
350,-75
351,-75
352,-75
353,-75
354,-75
355,-75
356,-75
357,-75
358,-77
359,-75
360,-75
361,-75
362,-75
363,-75
364,-175
365,-75
366,-75
367,-75
368,-75
369,-75
370,-75
371,-75
372,-75
373,-75
374,-75
375,-75
376,-75
377,-75
378,-75
379,-75
380,-75
381,-75
382,-75
383,-75
384,-75
385,-75
386,-75
387,-75
388,-75
389,-75
390,-75
391,-75
392,-75
393,-75
394,-75
395,-75
396,-75
397,-75
398,-75
399,-75
400,-125
401,-75
402,-75
403,-125
404,-75
405,-75
406,-75
407,-75
408,-75
409,-75
410,-75
411,-75
412,-75
413,-75
414,-75
415,-75
416,-75
417,-75
418,-75
419,-75
420,-75
421,-75
422,-75
423,-75
424,-75
425,-75
426,-75
427,-75
428,-75
429,-75
430,-75
431,-75
432,-75
433,-75
434,-75
435,-75
436,-75
437,-75
438,-75
439,-75
440,-75
441,-175
442,-75
443,-75
444,-75
445,-75
446,-75
447,-75
448,-75
449,-75
450,-75
451,-75
452,-77
453,-25
454,-25
455,-25
456,-25
457,-25
458,-25
459,-25
460,-25
461,-25
462,-25
463,-25
464,-25
465,-25
466,-25
467,-25
468,-25
469,-25
470,-25
471,-25
472,-25
473,-25
474,-25
475,-25
476,-25
477,-25
478,-25
479,-25
480,-25
481,-25
482,-25
483,-25
484,-25
485,-25
486,-25
487,-25
488,-25
489,-25
490,-25
491,-25
492,-25
493,-25
494,-25
495,-25
496,-25
497,-25
498,-25
499,-75
[[(4, 4), 2, -25], [(4, 3), 0, -25], [(3, 3), 0, -25], [(2, 3), 0, -25], [(1, 3), 2, -25], [(1, 2), 0, -25], [(0, 2), 2, -25], [(0, 1), 2, 150]]