0,-200
1,-1002
2,-289
3,-1002
4,-481
5,-1002
6,-1002
7,-807
8,-704
9,-996
10,-1065
11,-1232
12,-451
13,-1197
14,-519
15,-765
16,-1088
17,-1119
18,-249
19,-1002
20,-1002
21,-493
22,-141
23,-1061
24,-1002
25,-369
26,-445
27,-541
28,-189
29,-1002
30,-265
31,-291
32,-1002
33,-217
34,-995
35,-973
36,-417
37,-1002
38,-445
39,-355
40,-1002
41,-163
42,-861
43,-453
44,-399
45,-901
46,-1002
47,-159
48,-745
49,-891
50,-239
51,-915
52,-247
53,-1002
54,-1002
55,-177
56,-1019
57,-867
58,-345
59,-149
60,-215
61,-155
62,-513
63,-527
64,-1002
65,-249
66,-277
67,-1023
68,-1002
69,-215
70,-633
71,-1002
72,-515
73,-881
74,-359
75,-265
76,-331
77,-143
78,-511
79,-915
80,-953
81,-1002
82,-813
83,-439
84,-365
85,-711
86,-235
87,-597
88,-1002
89,-153
90,-1002
91,-1002
92,-863
93,-499
94,-1002
95,-449
96,-1002
97,-247
98,-939
99,-237
100,-981
101,-845
102,-135
103,-155
104,-881
105,-467
106,-371
107,-727
108,-459
109,-1113
110,-817
111,-1002
112,-161
113,-407
114,-195
115,-801
116,-1113
117,-495
118,-541
119,-439
120,-163
121,-427
122,-1002
123,-1002
124,-549
125,-387
126,-537
127,-1002
128,-191
129,-913
130,-1002
131,-1002
132,-681
133,-445
134,-247
135,-279
136,-1002
137,-521
138,-1002
139,-607
140,-405
141,-487
142,-513
143,-367
144,-373
145,-591
146,-295
147,-359
148,-267
149,-367
150,-1002
151,-421
152,-877
153,-1002
154,-133
155,-153
156,-229
157,-129
158,-363
159,-307
160,-1002
161,-599
162,-607
163,-1002
164,-689
165,-1081
166,-1002
167,-267
168,-1002
169,-753
170,-317
171,-1083
172,-1039
173,-497
174,-953
175,-925
176,-1002
177,-241
178,-1002
179,-1002
180,-729
181,-153
182,-843
183,-419
184,-135
185,-597
186,-1002
187,-1002
188,-161
189,-1002
190,-1002
191,-735
192,-231
193,-597
194,-1002
195,-159
196,-137
197,-485
198,-315
199,-459
200,-751
201,-1002
202,-299
203,-1002
204,-295
205,-451
206,-475
207,-219
208,-327
209,-1002
210,-257
211,-615
212,-135
213,-733
214,-1002
215,-381
216,-377
217,-303
218,-575
219,-299
220,-195
221,-1002
222,-419
223,-907
224,-203
225,-525
226,-1113
227,-1081
228,-337
229,-465
230,-393
231,-1002
232,-469
233,-185
234,-1002
235,-299
236,-1002
237,-235
238,-177
239,-147
240,-965
241,-1002
242,-131
243,-587
244,-1002
245,-805
246,-1002
247,-591
248,-1002
249,-135
250,-715
251,-1002
252,-567
253,-1002
254,-235
255,-1002
256,-915
257,-161
258,-1002
259,-965
260,-623
261,-633
262,-473
263,-187
264,-373
265,-939
266,-435
267,-1002
268,-557
269,-749
270,-1083
271,-843
272,-845
273,-1002
274,-223
275,-173
276,-859
277,-193
278,-255
279,-687
280,-1002
281,-459
282,-1002
283,-555
284,-199
285,-205
286,-1002
287,-427
288,-515
289,-369
290,-193
291,-359
292,-249
293,-191
294,-613
295,-1002
296,-965
297,-837
298,-515
299,-199
300,-281
301,-279
302,-139
303,-209
304,-401
305,-337
306,-425
307,-493
308,-211
309,-651
310,-285
311,-653
312,-151
313,-269
314,-233
315,-151
316,-313
317,-451
318,-1031
319,-1002
320,-527
321,-207
322,-251
323,-369
324,-917
325,-1002
326,-1002
327,-1002
328,-237
329,-625
330,-261
331,-317
332,-203
333,-231
334,-419
335,-197
336,-737
337,-489
338,-257
339,-575
340,-493
341,-383
342,-1002
343,-303
344,-247
345,-1002
346,-403
347,-255
348,-1002
349,-665
350,-573
351,-159
352,-279
353,-1002
354,-651
355,-687
356,-769
357,-843
358,-293
359,-539
360,-255
361,-907
362,-745
363,-509
364,-1002
365,-1002
366,-259
367,-315
368,-393
369,-1107
370,-319
371,-1002
372,-1002
373,-1002
374,-505
375,-619
376,-619
377,-785
378,-975
379,-1002
380,-1002
381,-819
382,-481
383,-453
384,-577
385,-451
386,-723
387,-619
388,-1053
389,-989
390,-135
391,-1002
392,-1002
393,-1002
394,-183
395,-205
396,-211
397,-531
398,-1002
399,-365
400,-821
401,-223
402,-1002
403,-1002
404,-897
405,-349
406,-827
407,-923
408,-359
409,-559
410,-447
411,-163
412,-1002
413,-449
414,-143
415,-207
416,-251
417,-205
418,-547
419,-707
420,-453
421,-431
422,-705
423,-153
424,-585
425,-483
426,-291
427,-909
428,-869
429,-1025
430,-747
431,-1002
432,-729
433,-433
434,-177
435,-957
436,-497
437,-915
438,-599
439,-599
440,-535
441,-1002
442,-1002
443,-1002
444,-1002
445,-259
446,-153
447,-705
448,-149
449,-131
450,-189
451,-827
452,-707
453,-367
454,-769
455,-1061
456,-771
457,-339
458,-547
459,-1011
460,-1002
461,-327
462,-199
463,-465
464,-897
465,-763
466,-283
467,-145
468,-845
469,-1002
470,-347
471,-885
472,-587
473,-1002
474,-357
475,-1002
476,-965
477,-293
478,-1002
479,-561
480,-929
481,-1002
482,-1002
483,-681
484,-571
485,-1002
486,-251
487,-683
488,-959
489,-189
490,-1023
491,-401
492,-189
493,-313
494,-249
495,-1002
496,-493
497,-277
498,-269
499,-405
500,-395
501,-509
502,-649
503,-563
504,-525
505,-185
506,-201
507,-249
508,-577
509,-375
510,-429
511,-1002
512,-249
513,-399
514,-1002
515,-339
516,-321
517,-177
518,-1002
519,-1083
520,-1002
521,-689
522,-1002
523,-617
524,-507
525,-255
526,-905
527,-575
528,-545
529,-665
530,-1002
531,-1002
532,-155
533,-209
534,-223
535,-859
536,-397
537,-661
538,-367
539,-417
540,-293
541,-897
542,-1002
543,-1002
544,-241
545,-797
546,-805
547,-155
548,-673
549,-131
550,-1002
551,-689
552,-263
553,-125
554,-503
555,-541
556,-177
557,-653
558,-359
559,-1002
560,-261
561,-427
562,-249
563,-191
564,-825
565,-397
566,-1002
567,-795
568,-937
569,-189
570,-605
571,-1002
572,-287
573,-233
574,-283
575,-537
576,-237
577,-1035
578,-453
579,-565
580,-1002
581,-191
582,-847
583,-227
584,-685
585,-1002
586,-617
587,-221
588,-481
589,-1002
590,-1002
591,-297
592,-641
593,-1055
594,-247
595,-447
596,-459
597,-495
598,-223
599,-159
600,-493
601,-585
602,-675
603,-1002
604,-1002
605,-719
606,-327
607,-729
608,-513
609,-363
610,-351
611,-833
612,-227
613,-765
614,-1002
615,-1002
616,-315
617,-807
618,-191
619,-543
620,-971
621,-239
622,-687
623,-1002
624,-605
625,-995
626,-415
627,-425
628,-815
629,-1002
630,-993
631,-1002
632,-215
633,-1091
634,-323
635,-1031
636,-977
637,-261
638,-159
639,-181
640,-517
641,-309
642,-595
643,-1002
644,-555
645,-259
646,-985
647,-303
648,-831
649,-863
650,-1103
651,-221
652,-131
653,-883
654,-467
655,-147
656,-225
657,-151
658,-135
659,-1065
660,-1055
661,-649
662,-307
663,-677
664,-1057
665,-447
666,-657
667,-277
668,-349
669,-279
670,-477
671,-141
672,-475
673,-1002
674,-149
675,-287
676,-925
677,-535
678,-627
679,-1002
680,-963
681,-477
682,-277
683,-553
684,-197
685,-1002
686,-387
687,-377
688,-203
689,-1002
690,-179
691,-701
692,-1002
693,-1002
694,-1002
695,-245
696,-247
697,-717
698,-1002
699,-1002
700,-1002
701,-603
702,-173
703,-543
704,-285
705,-233
706,-317
707,-553
708,-297
709,-545
710,-1063
711,-1025
712,-605
713,-413
714,-177
715,-869
716,-651
717,-451
718,-203
719,-253
720,-133
721,-1002
722,-255
723,-561
724,-141
725,-589
726,-225
727,-429
728,-363
729,-439
730,-125
731,-521
732,-133
733,-721
734,-767
735,-557
736,-295
737,-289
738,-1002
739,-1002
740,-1002
741,-253
742,-335
743,-547
744,-249
745,-193
746,-281
747,-1002
748,-317
749,-233
750,-1002
751,-173
752,-279
753,-185
754,-483
755,-683
756,-299
757,-1002
758,-1002
759,-183
760,-1002
761,-209
762,-1002
763,-257
764,-205
765,-1002
766,-973
767,-247
768,-873
769,-271
770,-1002
771,-365
772,-851
773,-217
774,-1002
775,-143
776,-995
777,-371
778,-957
779,-797
780,-503
781,-553
782,-311
783,-495
784,-193
785,-797
786,-127
787,-975
788,-449
789,-1002
790,-1002
791,-819
792,-349
793,-753
794,-1085
795,-971
796,-345
797,-197
798,-1002
799,-189
800,-165
801,-325
802,-309
803,-637
804,-563
805,-273
806,-207
807,-743
808,-1002
809,-679
810,-691
811,-349
812,-1002
813,-315
814,-993
815,-311
816,-509
817,-813
818,-209
819,-557
820,-459
821,-629
822,-113
823,-1002
824,-239
825,-223
826,-1002
827,-123
828,-411
829,-87
830,-581
831,-655
832,-1015
833,-773
834,-155
835,-185
836,-1002
837,-281
838,-1002
839,-95
840,-1002
841,-1002
842,-197
843,-1002
844,-575
845,-653
846,-395
847,-669
848,-483
849,-377
850,-1002
851,-1002
852,-107
853,-589
854,-537
855,-511
856,-177
857,-1002
858,-91
859,-1002
860,-259
861,-497
862,-275
863,-229
864,-573
865,-201
866,-565
867,-1002
868,-1002
869,-1002
870,-741
871,-775
872,-477
873,-123
874,-1002
875,-1023
876,-801
877,-323
878,-107
879,-899
880,-293
881,-1002
882,-1002
883,-175
884,-305
885,-485
886,-213
887,-93
888,-93
889,-1057
890,-411
891,-329
892,-1002
893,-613
894,-431
895,-1002
896,-603
897,-695
898,-431
899,-467
900,-229
901,-1002
902,-363
903,-1002
904,-405
905,-769
906,-279
907,-985
908,-225
909,-111
910,-1002
911,-609
912,-417
913,-529
914,-653
915,-311
916,-683
917,-1002
918,-813
919,-469
920,-423
921,-261
922,-445
923,-77
924,-1061
925,-425
926,-505
927,-819
928,-1002
929,-89
930,-1002
931,-83
932,-379
933,-801
934,-337
935,-623
936,-1002
937,-75
938,-179
939,-423
940,-541
941,-423
942,-303
943,-87
944,-1002
945,-387
946,-455
947,-125
948,-1002
949,-103
950,-111
951,-1002
952,-297
953,-165
954,-1002
955,-119
956,-623
957,-589
958,-1002
959,-309
960,-195
961,-305
962,-525
963,-155
964,-1002
965,-581
966,-1002
967,-163
968,-85
969,-145
970,-363
971,-477
972,-1002
973,-141
974,-631
975,-267
976,-777
977,-1031
978,-297
979,-117
980,-457
981,-181
982,-361
983,-615
984,-239
985,-1002
986,-673
987,-513
988,-163
989,-189
990,-1017
991,-1002
992,-437
993,-189
994,-315
995,-1002
996,-215
997,-181
998,-1002
999,-427
1000,-137
1001,-503
1002,-501
1003,-539
1004,-687
1005,-363
1006,-251
1007,-361
1008,-245
1009,-287
1010,-293
1011,-1002
1012,-465
1013,-225
1014,-243
1015,-179
1016,-971
1017,-1002
1018,-131
1019,-881
1020,-79
1021,-181
1022,-433
1023,-355
1024,-553
1025,-519
1026,-939
1027,-521
1028,-575
1029,-137
1030,-251
1031,-907
1032,-145
1033,-931
1034,-105
1035,-733
1036,-983
1037,-453
1038,-431
1039,-537
1040,-739
1041,-709
1042,-1002
1043,-319
1044,-423
1045,-567
1046,-143
1047,-641
1048,-979
1049,-697
1050,-1002
1051,-211
1052,-747
1053,-851
1054,-161
1055,-291
1056,-605
1057,-143
1058,-101
1059,-577
1060,-1002
1061,-829
1062,-539
1063,-743
1064,-543
1065,-245
1066,-1002
1067,-135
1068,-293
1069,-975
1070,-215
1071,-143
1072,-1049
1073,-793
1074,-1002
1075,-271
1076,-1002
1077,-885
1078,-207
1079,-185
1080,-1002
1081,-645
1082,-1002
1083,-259
1084,-1002
1085,-965
1086,-549
1087,-223
1088,-775
1089,-1002
1090,-793
1091,-925
1092,-193
1093,-805
1094,-825
1095,-97
1096,-253
1097,-833
1098,-363
1099,-481
1100,-137
1101,-1002
1102,-123
1103,-871
1104,-803
1105,-1002
1106,-1002
1107,-193
1108,-729
1109,-181
1110,-1002
1111,-233
1112,-691
1113,-557
1114,-243
1115,-1002
1116,-375
1117,-665
1118,-249
1119,-889
1120,-767
1121,-1002
1122,-137
1123,-819
1124,-141
1125,-821
1126,-1002
1127,-613
1128,-323
1129,-1002
1130,-249
1131,-1002
1132,-405
1133,-1002
1134,-233
1135,-963
1136,-367
1137,-637
1138,-1002
1139,-735
1140,-191
1141,-557
1142,-743
1143,-259
1144,-349
1145,-1002
1146,-999
1147,-127
1148,-281
1149,-397
1150,-131
1151,-789
1152,-491
1153,-333
1154,-1002
1155,-477
1156,-427
1157,-1002
1158,-453
1159,-119
1160,-1002
1161,-1015
1162,-151
1163,-969
1164,-975
1165,-1019
1166,-403
1167,-143
1168,-907
1169,-317
1170,-223
1171,-169
1172,-345
1173,-945
1174,-1002
1175,-79
1176,-353
1177,-297
1178,-97
1179,-139
1180,-679
1181,-407
1182,-611
1183,-1002
1184,-255
1185,-659
1186,-807
1187,-521
1188,-535
1189,-287
1190,-1002
1191,-1069
1192,-801
1193,-357
1194,-977
1195,-115
1196,-175
1197,-147
1198,-101
1199,-1002
1200,-557
1201,-567
1202,-479
1203,-475
1204,-189
1205,-113
1206,-1002
1207,-497
1208,-1002
1209,-525
1210,-385
1211,-139
1212,-251
1213,-297
1214,-89
1215,-251
1216,-873
1217,-197
1218,-187
1219,-99
1220,231
1221,179
1222,-467
1223,23
1224,-1002
1225,-545
1226,-65
1227,287
1228,-515
1229,-57
1230,-53
1231,87
1232,-469
1233,-91
1234,161
1235,409
1236,147
1237,401
1238,309
1239,187
1240,275
1241,389
1242,-53
1243,375
1244,-1002
1245,137
1246,-1002
1247,211
1248,327
1249,-13
1250,27
1251,225
1252,357
1253,311
1254,-1002
1255,-1002
1256,-1002
1257,-1002
1258,-1002
1259,355
1260,-1002
1261,-1002
1262,-373
1263,-1002
1264,-91
1265,-149
1266,335
1267,-357
1268,47
1269,87
1270,-189
1271,-1002
1272,163
1273,-547
1274,-1002
1275,-171
1276,253
1277,-171
1278,-1002
1279,283
1280,131
1281,-1002
1282,-385
1283,-1002
1284,191
1285,135
1286,71
1287,359
1288,-85
1289,345
1290,-1002
1291,163
1292,-1002
1293,227
1294,171
1295,73
1296,-15
1297,399
1298,377
1299,-373
1300,-575
1301,177
1302,-1002
1303,-561
1304,267
1305,-465
1306,35
1307,379
1308,-223
1309,-217
1310,-1002
1311,-15
1312,247
1313,-91
1314,-215
1315,381
1316,211
1317,-391
1318,-565
1319,105
1320,-1002
1321,-1002
1322,-127
1323,-123
1324,405
1325,371
1326,411
1327,-47
1328,395
1329,-1002
1330,115
1331,-1002
1332,225
1333,-53
1334,-453
1335,-1002
1336,43
1337,-1002
1338,337
1339,159
1340,-427
1341,-241
1342,387
1343,-305
1344,325
1345,-1002
1346,-1002
1347,-1002
1348,-23
1349,37
1350,-139
1351,-209
1352,425
1353,125
1354,231
1355,-83
1356,-1002
1357,-1107
1358,257
1359,223
1360,-1002
1361,-1002
1362,157
1363,-277
1364,137
1365,-1002
1366,193
1367,-439
1368,-1002
1369,-1002
1370,-1002
1371,281
1372,207
1373,-205
1374,-83
1375,-1002
1376,-505
1377,-295
1378,-73
1379,-1002
1380,87
1381,1
1382,-5
1383,-881
1384,277
1385,-1002
1386,339
1387,41
1388,-231
1389,-1002
1390,315
1391,403
1392,-1002
1393,-225
1394,-1002
1395,19
1396,65
1397,425
1398,235
1399,-425
1400,333
1401,-47
1402,-387
1403,-67
1404,143
1405,-413
1406,159
1407,-31
1408,-1002
1409,-133
1410,197
1411,-1002
1412,281
1413,-1002
1414,-1002
1415,413
1416,-75
1417,295
1418,369
1419,345
1420,101
1421,313
1422,-53
1423,-281
1424,-1002
1425,-1002
1426,239
1427,331
1428,349
1429,95
1430,137
1431,-467
1432,-47
1433,55
1434,-1002
1435,169
1436,-261
1437,-545
1438,-547
1439,373
1440,-315
1441,253
1442,-1002
1443,397
1444,257
1445,-1
1446,-1002
1447,315
1448,389
1449,135
1450,-209
1451,285
1452,165
1453,107
1454,-1002
1455,187
1456,-3
1457,-1002
1458,315
1459,-219
1460,-505
1461,395
1462,389
1463,351
1464,-497
1465,-253
1466,371
1467,-81
1468,87
1469,-143
1470,-249
1471,-1002
1472,-1002
1473,87
1474,-243
1475,301
1476,-1002
1477,-155
1478,-1002
1479,-1002
1480,275
1481,-247
1482,75
1483,381
1484,-13
1485,-1002
1486,-43
1487,425
1488,425
1489,425
1490,425
1491,425
1492,425
1493,425
1494,425
1495,425
1496,425
1497,425
1498,425
1499,425
1500,425
1501,425
1502,425
1503,425
1504,425
1505,425
1506,425
1507,425
1508,425
1509,425
1510,425
1511,425
1512,425
1513,425
1514,425
1515,425
1516,425
1517,425
1518,425
1519,425
1520,425
1521,425
1522,425
1523,425
1524,425
1525,425
1526,425
1527,425
1528,425
1529,425
1530,425
1531,425
1532,425
1533,425
1534,425
1535,425
1536,425
1537,425
1538,425
1539,425
1540,425
1541,425
1542,425
1543,425
1544,425
1545,425
1546,425
1547,425
1548,425
1549,425
1550,425
1551,425
1552,425
1553,425
1554,425
1555,425
1556,425
1557,425
1558,425
1559,425
1560,425
1561,425
1562,425
1563,425
1564,425
1565,425
1566,425
1567,425
1568,425
1569,425
1570,425
1571,425
1572,425
1573,425
1574,425
1575,425
1576,425
1577,425
1578,425
1579,425
1580,425
1581,425
1582,425
1583,425
1584,425
1585,425
1586,425
1587,425
1588,425
1589,425
1590,425
1591,425
1592,425
1593,425
1594,425
1595,425
1596,425
1597,425
1598,425
1599,425
1600,425
1601,425
1602,425
1603,425
1604,425
1605,425
1606,425
1607,425
1608,425
1609,425
1610,425
1611,425
1612,425
1613,425
1614,425
1615,425
1616,425
1617,425
1618,425
1619,425
1620,425
1621,425
1622,425
1623,425
1624,425
1625,425
1626,425
1627,425
1628,425
1629,425
1630,425
1631,425
1632,425
1633,425
1634,425
1635,425
1636,425
1637,425
1638,425
1639,425
1640,425
1641,425
1642,425
1643,425
1644,425
1645,425
1646,425
1647,423
1648,425
1649,425
1650,425
1651,425
1652,425
1653,425
1654,425
1655,425
1656,425
1657,425
1658,425
1659,425
1660,425
1661,425
1662,425
1663,425
1664,425
1665,425
1666,425
1667,425
1668,425
1669,425
1670,425
1671,425
1672,425
1673,425
1674,425
1675,425
1676,425
1677,425
1678,425
1679,425
1680,425
1681,425
1682,425
1683,425
1684,425
1685,425
1686,425
1687,425
1688,425
1689,425
1690,425
1691,425
1692,325
1693,425
1694,425
1695,425
1696,425
1697,425
1698,425
1699,425
1700,425
1701,425
1702,425
1703,425
1704,425
1705,425
1706,425
1707,425
1708,425
1709,425
1710,425
1711,425
1712,425
1713,425
1714,425
1715,425
1716,425
1717,425
1718,425
1719,425
1720,425
1721,425
1722,425
1723,425
1724,425
1725,425
1726,425
1727,425
1728,425
1729,425
1730,425
1731,425
1732,425
1733,425
1734,425
1735,425
1736,425
1737,425
1738,425
1739,425
1740,425
1741,425
1742,425
1743,425
1744,425
1745,425
1746,425
1747,425
1748,425
1749,425
1750,425
1751,425
1752,425
1753,425
1754,425
1755,425
1756,-75
1757,425
1758,425
1759,425
1760,425
1761,425
1762,425
1763,425
1764,425
1765,425
1766,425
1767,425
1768,425
1769,425
1770,425
1771,425
1772,425
1773,425
1774,425
1775,425
1776,425
1777,425
1778,425
1779,425
1780,425
1781,425
1782,425
1783,425
1784,425
1785,425
1786,425
1787,425
1788,425
1789,425
1790,425
1791,425
1792,425
1793,425
1794,425
1795,425
1796,425
1797,425
1798,425
1799,425
1800,425
1801,425
1802,425
1803,425
1804,-75
1805,425
1806,425
1807,425
1808,425
1809,425
1810,425
1811,425
1812,-75
1813,425
1814,425
1815,425
1816,425
1817,425
1818,425
1819,425
1820,425
1821,425
1822,425
1823,425
1824,425
1825,425
1826,425
1827,425
1828,425
1829,425
1830,425
1831,425
1832,425
1833,425
1834,425
1835,423
1836,425
1837,425
1838,425
1839,425
1840,425
1841,425
1842,425
1843,425
1844,425
1845,425
1846,425
1847,425
1848,425
1849,425
1850,425
1851,425
1852,425
1853,425
1854,425
1855,425
1856,425
1857,425
1858,425
1859,375
1860,425
1861,425
1862,425
1863,425
1864,425
1865,425
1866,425
1867,425
1868,425
1869,425
1870,425
1871,425
1872,425
1873,375
1874,425
1875,425
1876,425
1877,425
1878,425
1879,425
1880,425
1881,425
1882,425
1883,375
1884,425
1885,425
1886,425
1887,425
1888,425
1889,425
1890,425
1891,425
1892,425
1893,425
1894,425
1895,425
1896,425
1897,425
1898,425
1899,425
1900,425
1901,425
1902,425
1903,425
1904,375
1905,425
1906,425
1907,425
1908,425
1909,425
1910,425
1911,425
1912,425
1913,425
1914,425
1915,425
1916,425
1917,425
1918,-334
1919,425
1920,425
1921,425
1922,425
1923,425
1924,425
1925,425
1926,425
1927,425
1928,425
1929,425
1930,425
1931,425
1932,425
1933,425
1934,425
1935,425
1936,425
1937,425
1938,425
1939,425
1940,425
1941,325
1942,425
1943,425
1944,-125
1945,425
1946,425
1947,425
1948,425
1949,425
1950,425
1951,425
1952,425
1953,425
1954,425
1955,425
1956,425
1957,425
1958,425
1959,425
1960,425
1961,425
1962,425
1963,425
1964,425
1965,425
1966,425
1967,425
1968,325
1969,425
1970,425
1971,425
1972,425
1973,425
1974,425
1975,425
1976,425
1977,425
1978,425
1979,425
1980,425
1981,425
1982,425
1983,425
1984,425
1985,425
1986,425
1987,425
1988,425
1989,425
1990,425
1991,425
1992,425
1993,425
1994,425
1995,425
1996,425
1997,425
1998,425
1999,425
2000,425
2001,425
2002,425
2003,425
2004,425
2005,425
2006,425
2007,425
2008,425
2009,425
2010,425
2011,425
2012,425
2013,425
2014,425
2015,425
2016,425
2017,425
2018,425
2019,375
2020,425
2021,425
2022,425
2023,425
2024,425
2025,425
2026,425
2027,425
2028,425
2029,425
2030,425
2031,425
2032,425
2033,425
2034,425
2035,425
2036,425
2037,425
2038,425
2039,425
2040,425
2041,425
2042,425
2043,425
2044,425
2045,425
2046,425
2047,425
2048,425
2049,425
2050,425
2051,425
2052,425
2053,425
2054,425
2055,425
2056,425
2057,425
2058,425
2059,425
2060,425
2061,425
2062,425
2063,425
2064,425
2065,425
2066,425
2067,425
2068,425
2069,425
2070,425
2071,425
2072,425
2073,425
2074,425
2075,425
2076,425
2077,425
2078,425
2079,425
2080,425
2081,425
2082,425
2083,425
2084,425
2085,425
2086,425
2087,425
2088,425
2089,425
2090,425
2091,425
2092,425
2093,425
2094,425
2095,425
2096,325
2097,425
2098,425
2099,425
2100,425
2101,425
2102,425
2103,425
2104,425
2105,425
2106,425
2107,425
2108,425
2109,425
2110,425
2111,425
2112,425
2113,425
2114,425
2115,425
2116,425
2117,425
2118,425
2119,425
2120,425
2121,425
2122,425
2123,425
2124,425
2125,425
2126,425
2127,425
2128,425
2129,425
2130,425
2131,425
2132,425
2133,-2575
2134,425
2135,425
2136,425
2137,425
2138,425
2139,425
2140,425
2141,425
2142,425
2143,425
2144,425
2145,425
2146,425
2147,425
2148,425
2149,425
2150,425
2151,425
2152,425
2153,425
2154,425
2155,425
2156,425
2157,425
2158,425
2159,425
2160,425
2161,425
2162,425
2163,425
2164,425
2165,425
2166,425
2167,425
2168,425
2169,425
2170,425
2171,425
2172,425
2173,425
2174,425
2175,425
2176,425
2177,425
2178,425
2179,425
2180,425
2181,425
2182,425
2183,425
2184,425
2185,425
2186,425
2187,425
2188,425
2189,425
2190,425
2191,425
2192,425
2193,425
2194,425
2195,425
2196,425
2197,425
2198,425
2199,425
2200,425
2201,425
2202,425
2203,425
2204,425
2205,425
2206,425
2207,425
2208,425
2209,425
2210,425
2211,425
2212,425
2213,425
2214,425
2215,425
2216,425
2217,425
2218,425
2219,425
2220,425
2221,425
2222,425
2223,375
2224,425
2225,425
2226,425
2227,425
2228,425
2229,425
2230,425
2231,425
2232,425
2233,375
2234,425
2235,425
2236,425
2237,425
2238,425
2239,-125
2240,425
2241,425
2242,425
2243,425
2244,425
2245,425
2246,425
2247,425
2248,425
2249,425
2250,425
2251,425
2252,425
2253,425
2254,425
2255,425
2256,425
2257,425
2258,425
2259,425
2260,425
2261,425
2262,425
2263,425
2264,425
2265,425
2266,425
2267,425
2268,425
2269,425
2270,425
2271,425
2272,325
2273,425
2274,425
2275,425
2276,425
2277,425
2278,425
2279,425
2280,425
2281,425
2282,425
2283,425
2284,425
2285,425
2286,425
2287,425
2288,425
2289,425
2290,425
2291,425
2292,425
2293,425
2294,425
2295,425
2296,425
2297,425
2298,425
2299,425
2300,425
2301,425
2302,425
2303,425
2304,425
2305,425
2306,425
2307,425
2308,425
2309,425
2310,425
2311,425
2312,425
2313,425
2314,425
2315,425
2316,425
2317,425
2318,425
2319,425
2320,-125
2321,425
2322,425
2323,425
2324,425
2325,425
2326,425
2327,425
2328,425
2329,425
2330,425
2331,425
2332,425
2333,425
2334,425
2335,425
2336,425
2337,425
2338,425
2339,375
2340,425
2341,425
2342,425
2343,425
2344,425
2345,425
2346,425
2347,425
2348,425
2349,425
2350,425
2351,425
2352,425
2353,425
2354,425
2355,425
2356,425
2357,425
2358,425
2359,425
2360,425
2361,425
2362,425
2363,425
2364,425
2365,425
2366,425
2367,425
2368,425
2369,425
2370,425
2371,425
2372,425
2373,425
2374,425
2375,425
2376,425
2377,425
2378,425
2379,425
2380,425
2381,425
2382,425
2383,425
2384,425
2385,425
2386,425
2387,425
2388,425
2389,425
2390,425
2391,425
2392,425
2393,425
2394,375
2395,425
2396,425
2397,425
2398,425
2399,425
2400,425
2401,425
2402,425
2403,425
2404,425
2405,425
2406,425
2407,425
2408,425
2409,425
2410,425
2411,425
2412,425
2413,425
2414,425
2415,375
2416,425
2417,425
2418,425
2419,425
2420,425
2421,425
2422,425
2423,425
2424,425
2425,325
2426,425
2427,425
2428,425
2429,425
2430,425
2431,425
2432,425
2433,425
2434,425
2435,425
2436,425
2437,425
2438,425
2439,425
2440,425
2441,425
2442,425
2443,425
2444,425
2445,425
2446,425
2447,425
2448,425
2449,425
2450,425
2451,425
2452,425
2453,425
2454,425
2455,375
2456,425
2457,425
2458,425
2459,425
2460,425
2461,425
2462,425
2463,425
2464,425
2465,425
2466,425
2467,425
2468,425
2469,425
2470,425
2471,425
2472,425
2473,425
2474,425
2475,425
2476,425
2477,425
2478,425
2479,425
2480,425
2481,425
2482,425
2483,425
2484,425
2485,425
2486,425
2487,425
2488,425
2489,425
2490,425
2491,425
2492,425
2493,425
2494,425
2495,425
2496,425
2497,425
2498,425
2499,425
2500,425
2501,425
2502,375
2503,425
2504,375
2505,425
2506,425
2507,425
2508,425
2509,425
2510,425
2511,425
2512,425
2513,425
2514,425
2515,375
2516,425
2517,425
2518,425
2519,425
2520,425
2521,425
2522,425
2523,425
2524,425
2525,425
2526,425
2527,425
2528,425
2529,425
2530,425
2531,425
2532,425
2533,425
2534,375
2535,425
2536,425
2537,375
2538,425
2539,425
2540,425
2541,425
2542,425
2543,425
2544,425
2545,425
2546,425
2547,425
2548,425
2549,425
2550,425
2551,425
2552,425
2553,425
2554,425
2555,425
2556,425
2557,425
2558,425
2559,425
2560,425
2561,425
2562,425
2563,425
2564,425
2565,425
2566,425
2567,425
2568,425
2569,425
2570,425
2571,425
2572,425
2573,425
2574,425
2575,425
2576,425
2577,425
2578,425
2579,425
2580,425
2581,425
2582,425
2583,425
2584,425
2585,425
2586,425
2587,425
2588,425
2589,425
2590,425
2591,425
2592,425
2593,425
2594,425
2595,425
2596,425
2597,425
2598,425
2599,425
2600,425
2601,425
2602,425
2603,425
2604,375
2605,375
2606,425
2607,425
2608,425
2609,425
2610,425
2611,425
2612,425
2613,425
2614,425
2615,425
2616,425
2617,425
2618,425
2619,425
2620,425
2621,425
2622,425
2623,425
2624,425
2625,425
2626,425
2627,375
2628,425
2629,425
2630,425
2631,425
2632,425
2633,425
2634,425
2635,425
2636,425
2637,425
2638,425
2639,425
2640,425
2641,425
2642,425
2643,425
2644,425
2645,425
2646,425
2647,425
2648,425
2649,425
2650,425
2651,425
2652,425
2653,425
2654,425
2655,425
2656,425
2657,425
2658,425
2659,425
2660,425
2661,425
2662,425
2663,425
2664,425
2665,425
2666,425
2667,425
2668,425
2669,425
2670,425
2671,425
2672,425
2673,425
2674,425
2675,375
2676,425
2677,425
2678,425
2679,425
2680,-125
2681,425
2682,425
2683,425
2684,375
2685,425
2686,425
2687,425
2688,425
2689,425
2690,425
2691,425
2692,425
2693,425
2694,375
2695,425
2696,425
2697,425
2698,425
2699,425
2700,425
2701,425
2702,425
2703,425
2704,425
2705,425
2706,425
2707,425
2708,425
2709,425
2710,425
2711,425
2712,425
2713,425
2714,425
2715,425
2716,375
2717,425
2718,425
2719,425
2720,425
2721,425
2722,425
2723,425
2724,425
2725,425
2726,425
2727,425
2728,425
2729,425
2730,425
2731,425
2732,425
2733,425
2734,425
2735,425
2736,425
2737,425
2738,425
2739,425
2740,425
2741,425
2742,425
2743,425
2744,425
2745,425
2746,425
2747,425
2748,425
2749,425
2750,425
2751,425
2752,425
2753,425
2754,425
2755,425
2756,425
2757,425
2758,425
2759,425
2760,425
2761,425
2762,425
2763,425
2764,425
2765,425
2766,425
2767,425
2768,425
2769,425
2770,425
2771,425
2772,425
2773,425
2774,425
2775,425
2776,425
2777,425
2778,425
2779,425
2780,425
2781,425
2782,425
2783,425
2784,425
2785,425
2786,425
2787,425
2788,375
2789,425
2790,425
2791,425
2792,425
2793,425
2794,425
2795,425
2796,425
2797,425
2798,425
2799,425
2800,425
2801,425
2802,425
2803,425
2804,425
2805,425
2806,425
2807,425
2808,425
2809,425
2810,425
2811,325
2812,425
2813,425
2814,425
2815,425
2816,425
2817,425
2818,425
2819,425
2820,425
2821,425
2822,425
2823,425
2824,425
2825,425
2826,425
2827,425
2828,425
2829,425
2830,425
2831,425
2832,425
2833,425
2834,425
2835,425
2836,425
2837,425
2838,425
2839,425
2840,425
2841,425
2842,425
2843,425
2844,425
2845,425
2846,425
2847,425
2848,425
2849,425
2850,425
2851,425
2852,425
2853,425
2854,425
2855,425
2856,425
2857,425
2858,425
2859,425
2860,425
2861,425
2862,425
2863,425
2864,425
2865,425
2866,425
2867,425
2868,425
2869,425
2870,425
2871,425
2872,425
2873,425
2874,425
2875,425
2876,425
2877,425
2878,425
2879,425
2880,325
2881,425
2882,425
2883,425
2884,425
2885,425
2886,425
2887,425
2888,425
2889,425
2890,425
2891,425
2892,425
2893,425
2894,425
2895,425
2896,425
2897,425
2898,425
2899,425
2900,425
2901,425
2902,425
2903,425
2904,425
2905,425
2906,425
2907,375
2908,425
2909,425
2910,425
2911,425
2912,425
2913,425
2914,425
2915,425
2916,425
2917,425
2918,425
2919,425
2920,425
2921,425
2922,423
2923,425
2924,425
2925,425
2926,425
2927,425
2928,425
2929,425
2930,425
2931,425
2932,425
2933,425
2934,425
2935,425
2936,425
2937,425
2938,425
2939,425
2940,425
2941,425
2942,425
2943,425
2944,425
2945,425
2946,425
2947,425
2948,425
2949,425
2950,425
2951,425
2952,425
2953,425
2954,425
2955,425
2956,425
2957,425
2958,425
2959,425
2960,425
2961,425
2962,425
2963,425
2964,425
2965,425
2966,425
2967,425
2968,425
2969,425
2970,425
2971,425
2972,425
2973,425
2974,425
2975,425
2976,425
2977,425
2978,425
2979,425
2980,425
2981,425
2982,425
2983,425
2984,425
2985,425
2986,425
2987,425
2988,425
2989,425
2990,425
2991,425
2992,425
2993,425
2994,425
2995,425
2996,425
2997,425
2998,425
2999,425
3000,425
3001,425
3002,425
3003,425
3004,425
3005,425
3006,425
3007,425
3008,425
3009,425
3010,425
3011,425
3012,425
3013,425
3014,425
3015,425
3016,425
3017,-125
3018,425
3019,425
3020,425
3021,425
3022,425
3023,425
3024,425
3025,425
3026,425
3027,425
3028,425
3029,425
3030,425
3031,425
3032,425
3033,425
3034,425
3035,425
3036,425
3037,425
3038,425
3039,425
3040,425
3041,425
3042,425
3043,425
3044,425
3045,425
3046,425
3047,425
3048,425
3049,425
3050,425
3051,425
3052,425
3053,425
3054,425
3055,425
3056,425
3057,425
3058,425
3059,425
3060,425
3061,425
3062,425
3063,425
3064,425
3065,425
3066,425
3067,425
3068,425
3069,425
3070,425
3071,425
3072,425
3073,425
3074,425
3075,425
3076,425
3077,425
3078,425
3079,425
3080,425
3081,425
3082,425
3083,425
3084,425
3085,425
3086,425
3087,425
3088,425
3089,425
3090,425
3091,425
3092,425
3093,425
3094,425
3095,425
3096,325
3097,425
3098,425
3099,425
3100,425
3101,425
3102,425
3103,425
3104,425
3105,425
3106,425
3107,425
3108,425
3109,425
3110,425
3111,425
3112,425
3113,425
3114,425
3115,425
3116,425
3117,425
3118,425
3119,425
3120,425
3121,425
3122,425
3123,425
3124,425
3125,425
3126,425
3127,425
3128,425
3129,425
3130,425
3131,425
3132,425
3133,425
3134,425
3135,425
3136,425
3137,425
3138,425
3139,425
3140,425
3141,425
3142,425
3143,425
3144,425
3145,425
3146,425
3147,425
3148,425
3149,425
3150,375
3151,-75
3152,425
3153,425
3154,425
3155,425
3156,425
3157,425
3158,425
3159,425
3160,425
3161,425
3162,425
3163,425
3164,425
3165,425
3166,425
3167,425
3168,425
3169,425
3170,425
3171,425
3172,425
3173,425
3174,425
3175,425
3176,425
3177,425
3178,425
3179,425
3180,425
3181,425
3182,375
3183,425
3184,425
3185,425
3186,425
3187,425
3188,425
3189,425
3190,-75
3191,425
3192,425
3193,425
3194,425
3195,425
3196,425
3197,425
3198,425
3199,425
3200,423
3201,425
3202,425
3203,425
3204,425
3205,425
3206,425
3207,425
3208,425
3209,425
3210,425
3211,425
3212,375
3213,425
3214,425
3215,425
3216,425
3217,425
3218,425
3219,425
3220,425
3221,425
3222,425
3223,425
3224,425
3225,425
3226,425
3227,425
3228,425
3229,425
3230,425
3231,425
3232,425
3233,425
3234,425
3235,425
3236,425
3237,425
3238,425
3239,425
3240,425
3241,425
3242,425
3243,325
3244,425
3245,425
3246,425
3247,425
3248,425
3249,425
3250,425
3251,425
3252,425
3253,425
3254,425
3255,425
3256,425
3257,425
3258,425
3259,425
3260,375
3261,425
3262,425
3263,425
3264,425
3265,425
3266,425
3267,425
3268,425
3269,425
3270,425
3271,425
3272,425
3273,425
3274,425
3275,425
3276,425
3277,425
3278,425
3279,425
3280,425
3281,425
3282,375
3283,425
3284,425
3285,425
3286,425
3287,425
3288,425
3289,425
3290,425
3291,425
3292,425
3293,425
3294,425
3295,425
3296,425
3297,425
3298,425
3299,425
3300,425
3301,425
3302,425
3303,425
3304,425
3305,425
3306,425
3307,425
3308,425
3309,425
3310,425
3311,425
3312,425
3313,425
3314,425
3315,425
3316,425
3317,425
3318,425
3319,425
3320,425
3321,425
3322,425
3323,425
3324,425
3325,425
3326,425
3327,425
3328,425
3329,425
3330,425
3331,425
3332,425
3333,425
3334,425
3335,375
3336,425
3337,425
3338,425
3339,425
3340,425
3341,425
3342,425
3343,425
3344,425
3345,425
3346,425
3347,425
3348,425
3349,425
3350,425
3351,425
3352,425
3353,425
3354,425
3355,425
3356,425
3357,425
3358,425
3359,375
3360,425
3361,425
3362,425
3363,425
3364,425
3365,425
3366,425
3367,425
3368,425
3369,425
3370,425
3371,425
3372,425
3373,425
3374,425
3375,425
3376,425
3377,425
3378,425
3379,425
3380,425
3381,425
3382,425
3383,425
3384,425
3385,425
3386,425
3387,425
3388,425
3389,425
3390,425
3391,425
3392,425
3393,425
3394,425
3395,425
3396,425
3397,425
3398,425
3399,425
3400,425
3401,425
3402,425
3403,425
3404,425
3405,425
3406,425
3407,425
3408,425
3409,425
3410,425
3411,425
3412,425
3413,425
3414,425
3415,375
3416,425
3417,425
3418,425
3419,425
3420,425
3421,425
3422,425
3423,425
3424,425
3425,425
3426,425
3427,425
3428,425
3429,425
3430,425
3431,425
3432,425
3433,425
3434,425
3435,425
3436,425
3437,425
3438,425
3439,425
3440,425
3441,425
3442,425
3443,425
3444,425
3445,425
3446,425
3447,425
3448,425
3449,425
3450,425
3451,425
3452,425
3453,425
3454,425
3455,425
3456,425
3457,425
3458,425
3459,425
3460,425
3461,425
3462,425
3463,425
3464,425
3465,425
3466,425
3467,425
3468,425
3469,425
3470,425
3471,425
3472,425
3473,425
3474,425
3475,425
3476,425
3477,425
3478,425
3479,425
3480,425
3481,425
3482,425
3483,425
3484,425
3485,425
3486,425
3487,425
3488,425
3489,425
3490,425
3491,425
3492,425
3493,425
3494,425
3495,425
3496,425
3497,425
3498,425
3499,425
3500,425
3501,425
3502,425
3503,425
3504,425
3505,425
3506,425
3507,425
3508,425
3509,425
3510,425
3511,425
3512,425
3513,425
3514,425
3515,425
3516,425
3517,425
3518,425
3519,425
3520,425
3521,425
3522,425
3523,425
3524,425
3525,425
3526,425
3527,425
3528,425
3529,425
3530,425
3531,425
3532,425
3533,425
3534,425
3535,425
3536,425
3537,425
3538,425
3539,425
3540,425
3541,425
3542,425
3543,425
3544,425
3545,425
3546,425
3547,425
3548,425
3549,375
3550,425
3551,425
3552,425
3553,425
3554,425
3555,425
3556,425
3557,425
3558,425
3559,425
3560,425
3561,425
3562,425
3563,425
3564,425
3565,425
3566,425
3567,425
3568,425
3569,425
3570,425
3571,425
3572,425
3573,425
3574,425
3575,425
3576,425
3577,425
3578,425
3579,425
3580,425
3581,425
3582,425
3583,425
3584,425
3585,425
3586,425
3587,425
3588,425
3589,425
3590,425
3591,425
3592,425
3593,425
3594,425
3595,425
3596,425
3597,425
3598,425
3599,425
3600,425
3601,425
3602,425
3603,375
3604,425
3605,425
3606,425
3607,425
3608,425
3609,425
3610,425
3611,425
3612,425
3613,425
3614,425
3615,425
3616,425
3617,425
3618,425
3619,425
3620,425
3621,425
3622,425
3623,425
3624,425
3625,425
3626,425
3627,425
3628,425
3629,425
3630,425
3631,423
3632,425
3633,425
3634,425
3635,425
3636,425
3637,425
3638,425
3639,425
3640,425
3641,425
3642,425
3643,425
3644,425
3645,425
3646,425
3647,425
3648,425
3649,425
3650,425
3651,425
3652,425
3653,425
3654,425
3655,425
3656,425
3657,425
3658,425
3659,425
3660,425
3661,425
3662,425
3663,425
3664,425
3665,425
3666,425
3667,425
3668,425
3669,425
3670,425
3671,425
3672,425
3673,425
3674,425
3675,425
3676,425
3677,425
3678,425
3679,425
3680,425
3681,425
3682,425
3683,425
3684,425
3685,425
3686,425
3687,425
3688,425
3689,425
3690,425
3691,425
3692,425
3693,425
3694,425
3695,425
3696,425
3697,425
3698,425
3699,425
3700,425
3701,425
3702,425
3703,425
3704,425
3705,425
3706,425
3707,425
3708,425
3709,425
3710,425
3711,425
3712,425
3713,425
3714,425
3715,425
3716,425
3717,425
3718,425
3719,425
3720,425
3721,425
3722,425
3723,425
3724,425
3725,425
3726,425
3727,425
3728,425
3729,425
3730,425
3731,425
3732,425
3733,425
3734,425
3735,425
3736,425
3737,425
3738,425
3739,425
3740,425
3741,425
3742,425
3743,425
3744,425
3745,425
3746,425
3747,425
3748,425
3749,425
3750,425
3751,425
3752,425
3753,425
3754,425
3755,425
3756,425
3757,425
3758,425
3759,425
3760,425
3761,375
3762,425
3763,425
3764,425
3765,425
3766,425
3767,425
3768,425
3769,425
3770,425
3771,425
3772,425
3773,425
3774,425
3775,425
3776,425
3777,425
3778,425
3779,425
3780,425
3781,425
3782,425
3783,425
3784,425
3785,425
3786,425
3787,425
3788,425
3789,375
3790,425
3791,425
3792,425
3793,425
3794,425
3795,425
3796,425
3797,425
3798,425
3799,425
3800,425
3801,425
3802,425
3803,425
3804,425
3805,425
3806,425
3807,425
3808,425
3809,425
3810,425
3811,425
3812,425
3813,425
3814,425
3815,425
3816,425
3817,425
3818,425
3819,425
3820,425
3821,425
3822,425
3823,425
3824,425
3825,425
3826,425
3827,425
3828,425
3829,425
3830,425
3831,425
3832,425
3833,425
3834,425
3835,425
3836,375
3837,425
3838,425
3839,425
3840,425
3841,425
3842,425
3843,425
3844,425
3845,425
3846,425
3847,425
3848,425
3849,425
3850,425
3851,425
3852,425
3853,425
3854,-125
3855,425
3856,425
3857,425
3858,425
3859,425
3860,425
3861,425
3862,425
3863,425
3864,425
3865,425
3866,425
3867,425
3868,425
3869,425
3870,425
3871,425
3872,425
3873,425
3874,425
3875,425
3876,425
3877,425
3878,425
3879,425
3880,425
3881,425
3882,425
3883,425
3884,425
3885,425
3886,425
3887,425
3888,425
3889,425
3890,425
3891,425
3892,425
3893,425
3894,425
3895,425
3896,425
3897,425
3898,425
3899,425
3900,425
3901,425
3902,425
3903,425
3904,425
3905,425
3906,425
3907,425
3908,425
3909,425
3910,425
3911,425
3912,425
3913,425
3914,425
3915,425
3916,425
3917,425
3918,425
3919,425
3920,425
3921,425
3922,425
3923,425
3924,425
3925,425
3926,425
3927,425
3928,425
3929,425
3930,425
3931,425
3932,425
3933,425
3934,425
3935,425
3936,375
3937,425
3938,425
3939,425
3940,425
3941,425
3942,425
3943,425
3944,425
3945,425
3946,425
3947,425
3948,425
3949,425
3950,425
3951,425
3952,425
3953,425
3954,425
3955,425
3956,425
3957,425
3958,425
3959,425
3960,425
3961,425
3962,425
3963,425
3964,425
3965,425
3966,-125
3967,425
3968,425
3969,425
3970,425
3971,425
3972,425
3973,425
3974,425
3975,425
3976,425
3977,425
3978,425
3979,425
3980,425
3981,425
3982,425
3983,425
3984,425
3985,425
3986,425
3987,425
3988,425
3989,425
3990,425
3991,425
3992,425
3993,425
3994,375
3995,425
3996,425
3997,425
3998,425
3999,425
4000,425
4001,425
4002,425
4003,425
4004,425
4005,425
4006,425
4007,425
4008,425
4009,425
4010,425
4011,425
4012,425
4013,425
4014,425
4015,425
4016,425
4017,425
4018,425
4019,425
4020,425
4021,425
4022,425
4023,425
4024,425
4025,425
4026,425
4027,425
4028,425
4029,423
4030,425
4031,425
4032,425
4033,425
4034,425
4035,425
4036,425
4037,425
4038,425
4039,425
4040,425
4041,425
4042,425
4043,425
4044,425
4045,425
4046,425
4047,425
4048,425
4049,425
4050,425
4051,425
4052,425
4053,425
4054,425
4055,425
4056,425
4057,425
4058,425
4059,425
4060,425
4061,425
4062,425
4063,425
4064,425
4065,425
4066,425
4067,425
4068,425
4069,425
4070,425
4071,425
4072,425
4073,425
4074,425
4075,425
4076,425
4077,425
4078,425
4079,425
4080,425
4081,425
4082,425
4083,425
4084,425
4085,425
4086,425
4087,425
4088,425
4089,375
4090,425
4091,425
4092,425
4093,425
4094,425
4095,425
4096,375
4097,425
4098,425
4099,425
4100,425
4101,425
4102,425
4103,425
4104,425
4105,425
4106,425
4107,425
4108,425
4109,425
4110,425
4111,425
4112,425
4113,425
4114,425
4115,425
4116,425
4117,425
4118,425
4119,425
4120,425
4121,425
4122,425
4123,425
4124,425
4125,425
4126,425
4127,425
4128,425
4129,425
4130,425
4131,425
4132,425
4133,425
4134,425
4135,423
4136,425
4137,425
4138,425
4139,425
4140,425
4141,425
4142,425
4143,425
4144,425
4145,425
4146,425
4147,425
4148,425
4149,425
4150,425
4151,425
4152,425
4153,375
4154,425
4155,425
4156,425
4157,425
4158,425
4159,425
4160,425
4161,425
4162,425
4163,425
4164,425
4165,425
4166,425
4167,425
4168,375
4169,425
4170,425
4171,425
4172,425
4173,425
4174,425
4175,425
4176,425
4177,425
4178,425
4179,425
4180,425
4181,425
4182,425
4183,425
4184,425
4185,425
4186,425
4187,425
4188,375
4189,425
4190,325
4191,425
4192,425
4193,425
4194,425
4195,425
4196,423
4197,425
4198,425
4199,425
4200,425
4201,425
4202,425
4203,425
4204,425
4205,425
4206,425
4207,425
4208,425
4209,425
4210,425
4211,425
4212,425
4213,425
4214,425
4215,375
4216,425
4217,425
4218,425
4219,425
4220,425
4221,425
4222,425
4223,425
4224,425
4225,425
4226,325
4227,425
4228,425
4229,425
4230,425
4231,425
4232,425
4233,425
4234,425
4235,425
4236,425
4237,425
4238,425
4239,425
4240,425
4241,425
4242,425
4243,425
4244,425
4245,425
4246,425
4247,425
4248,425
4249,425
4250,425
4251,425
4252,425
4253,425
4254,425
4255,425
4256,425
4257,425
4258,425
4259,425
4260,425
4261,425
4262,425
4263,425
4264,425
4265,425
4266,375
4267,425
4268,425
4269,425
4270,425
4271,425
4272,375
4273,425
4274,425
4275,425
4276,425
4277,425
4278,425
4279,425
4280,425
4281,425
4282,425
4283,425
4284,425
4285,425
4286,425
4287,425
4288,425
4289,425
4290,425
4291,375
4292,425
4293,425
4294,425
4295,425
4296,425
4297,425
4298,425
4299,425
4300,425
4301,425
4302,425
4303,425
4304,425
4305,375
4306,325
4307,425
4308,425
4309,423
4310,425
4311,425
4312,425
4313,425
4314,425
4315,425
4316,425
4317,425
4318,425
4319,425
4320,425
4321,425
4322,425
4323,425
4324,425
4325,425
4326,425
4327,425
4328,425
4329,425
4330,425
4331,425
4332,425
4333,425
4334,425
4335,425
4336,425
4337,425
4338,425
4339,425
4340,425
4341,425
4342,425
4343,425
4344,425
4345,425
4346,425
4347,425
4348,425
4349,425
4350,425
4351,425
4352,425
4353,425
4354,425
4355,425
4356,425
4357,425
4358,425
4359,425
4360,425
4361,425
4362,425
4363,425
4364,425
4365,425
4366,425
4367,425
4368,425
4369,425
4370,425
4371,425
4372,425
4373,425
4374,425
4375,425
4376,425
4377,425
4378,425
4379,425
4380,425
4381,425
4382,425
4383,425
4384,425
4385,425
4386,425
4387,425
4388,425
4389,425
4390,425
4391,425
4392,425
4393,425
4394,425
4395,425
4396,425
4397,425
4398,425
4399,425
4400,423
4401,425
4402,425
4403,425
4404,425
4405,425
4406,425
4407,425
4408,425
4409,425
4410,425
4411,425
4412,425
4413,425
4414,425
4415,425
4416,425
4417,425
4418,425
4419,425
4420,425
4421,425
4422,425
4423,425
4424,425
4425,425
4426,425
4427,423
4428,425
4429,425
4430,425
4431,425
4432,425
4433,425
4434,425
4435,425
4436,425
4437,425
4438,425
4439,425
4440,425
4441,425
4442,425
4443,425
4444,425
4445,425
4446,425
4447,425
4448,425
4449,425
4450,425
4451,425
4452,425
4453,425
4454,425
4455,-75
4456,375
4457,425
4458,425
4459,425
4460,425
4461,425
4462,425
4463,425
4464,425
4465,425
4466,425
4467,425
4468,425
4469,425
4470,425
4471,425
4472,425
4473,425
4474,425
4475,425
4476,425
4477,425
4478,425
4479,425
4480,425
4481,425
4482,425
4483,425
4484,425
4485,425
4486,425
4487,425
4488,425
4489,425
4490,425
4491,425
4492,425
4493,425
4494,425
4495,425
4496,425
4497,425
4498,425
4499,425
4500,375
4501,425
4502,425
4503,425
4504,425
4505,425
4506,425
4507,425
4508,425
4509,425
4510,425
4511,425
4512,425
4513,425
4514,425
4515,425
4516,425
4517,425
4518,425
4519,425
4520,425
4521,425
4522,425
4523,425
4524,425
4525,425
4526,425
4527,425
4528,375
4529,425
4530,425
4531,425
4532,425
4533,425
4534,425
4535,425
4536,425
4537,375
4538,425
4539,425
4540,425
4541,425
4542,425
4543,425
4544,425
4545,425
4546,425
4547,425
4548,425
4549,425
4550,425
4551,425
4552,425
4553,425
4554,425
4555,425
4556,425
4557,425
4558,425
4559,425
4560,425
4561,425
4562,425
4563,425
4564,425
4565,425
4566,425
4567,425
4568,425
4569,425
4570,425
4571,425
4572,425
4573,425
4574,425
4575,425
4576,425
4577,425
4578,425
4579,425
4580,425
4581,425
4582,425
4583,425
4584,425
4585,425
4586,425
4587,425
4588,425
4589,425
4590,425
4591,425
4592,425
4593,425
4594,425
4595,425
4596,425
4597,425
4598,425
4599,425
4600,425
4601,425
4602,425
4603,425
4604,425
4605,425
4606,425
4607,425
4608,425
4609,425
4610,425
4611,425
4612,425
4613,425
4614,425
4615,375
4616,425
4617,425
4618,425
4619,425
4620,-125
4621,425
4622,425
4623,425
4624,425
4625,425
4626,425
4627,425
4628,425
4629,425
4630,425
4631,425
4632,425
4633,425
4634,425
4635,-125
4636,425
4637,425
4638,425
4639,425
4640,425
4641,425
4642,425
4643,425
4644,425
4645,425
4646,425
4647,425
4648,425
4649,425
4650,425
4651,425
4652,425
4653,425
4654,425
4655,425
4656,425
4657,375
4658,425
4659,425
4660,425
4661,425
4662,425
4663,425
4664,425
4665,425
4666,425
4667,425
4668,425
4669,425
4670,425
4671,425
4672,425
4673,425
4674,425
4675,425
4676,425
4677,425
4678,425
4679,375
4680,425
4681,425
4682,425
4683,425
4684,425
4685,425
4686,425
4687,425
4688,375
4689,425
4690,425
4691,425
4692,425
4693,425
4694,425
4695,425
4696,425
4697,425
4698,425
4699,425
4700,425
4701,425
4702,425
4703,425
4704,425
4705,425
4706,425
4707,425
4708,425
4709,425
4710,425
4711,425
4712,425
4713,425
4714,425
4715,425
4716,425
4717,425
4718,425
4719,425
4720,425
4721,425
4722,425
4723,425
4724,425
4725,425
4726,425
4727,375
4728,425
4729,425
4730,425
4731,425
4732,425
4733,425
4734,425
4735,425
4736,425
4737,425
4738,425
4739,425
4740,425
4741,425
4742,425
4743,425
4744,425
4745,425
4746,425
4747,425
4748,425
4749,425
4750,425
4751,425
4752,425
4753,425
4754,425
4755,425
4756,425
4757,425
4758,425
4759,425
4760,425
4761,425
4762,425
4763,425
4764,425
4765,425
4766,425
4767,425
4768,425
4769,425
4770,425
4771,425
4772,425
4773,425
4774,425
4775,425
4776,425
4777,425
4778,425
4779,425
4780,425
4781,425
4782,425
4783,425
4784,425
4785,425
4786,425
4787,425
4788,425
4789,425
4790,425
4791,425
4792,425
4793,425
4794,425
4795,425
4796,425
4797,425
4798,425
4799,425
4800,425
4801,425
4802,425
4803,425
4804,425
4805,425
4806,425
4807,425
4808,425
4809,425
4810,425
4811,425
4812,425
4813,425
4814,425
4815,425
4816,425
4817,425
4818,425
4819,425
4820,425
4821,425
4822,425
4823,425
4824,375
4825,425
4826,425
4827,425
4828,425
4829,425
4830,425
4831,425
4832,425
4833,425
4834,425
4835,425
4836,425
4837,425
4838,425
4839,425
4840,425
4841,425
4842,425
4843,425
4844,425
4845,425
4846,425
4847,425
4848,425
4849,425
4850,425
4851,425
4852,425
4853,425
4854,425
4855,425
4856,425
4857,425
4858,425
4859,425
4860,425
4861,425
4862,425
4863,425
4864,425
4865,425
4866,425
4867,423
4868,425
4869,425
4870,425
4871,425
4872,425
4873,425
4874,425
4875,425
4876,425
4877,425
4878,425
4879,425
4880,425
4881,425
4882,425
4883,425
4884,425
4885,425
4886,425
4887,425
4888,425
4889,425
4890,425
4891,425
4892,425
4893,425
4894,425
4895,425
4896,425
4897,425
4898,425
4899,425
4900,425
4901,425
4902,425
4903,425
4904,425
4905,425
4906,425
4907,375
4908,425
4909,425
4910,425
4911,425
4912,425
4913,425
4914,425
4915,425
4916,375
4917,425
4918,425
4919,425
4920,425
4921,425
4922,425
4923,425
4924,425
4925,425
4926,425
4927,425
4928,425
4929,425
4930,425
4931,425
4932,425
4933,425
4934,425
4935,425
4936,425
4937,425
4938,425
4939,425
4940,425
4941,425
4942,425
4943,425
4944,425
4945,425
4946,425
4947,425
4948,425
4949,425
4950,425
4951,425
4952,425
4953,425
4954,425
4955,425
4956,425
4957,423
4958,425
4959,425
4960,425
4961,425
4962,425
4963,425
4964,425
4965,425
4966,425
4967,425
4968,425
4969,425
4970,425
4971,425
4972,425
4973,425
4974,425
4975,425
4976,425
4977,425
4978,425
4979,425
4980,425
4981,425
4982,425
4983,425
4984,425
4985,425
4986,425
4987,425
4988,425
4989,425
4990,425
4991,425
4992,425
4993,425
4994,425
4995,425
4996,425
4997,425
4998,425
4999,425
5000,425
5001,425
5002,425
5003,425
5004,425
5005,425
5006,375
5007,425
5008,425
5009,425
5010,425
5011,425
5012,425
5013,425
5014,425
5015,425
5016,425
5017,425
5018,425
5019,425
5020,425
5021,425
5022,425
5023,425
5024,425
5025,425
5026,425
5027,425
5028,425
5029,425
5030,425
5031,425
5032,425
5033,425
5034,425
5035,425
5036,425
5037,425
5038,425
5039,425
5040,425
5041,425
5042,425
5043,425
5044,425
5045,425
5046,425
5047,425
5048,425
5049,425
5050,425
5051,425
5052,425
5053,425
5054,425
5055,425
5056,425
5057,425
5058,425
5059,425
5060,425
5061,425
5062,425
5063,425
5064,-75
5065,425
5066,425
5067,425
5068,425
5069,425
5070,425
5071,425
5072,425
5073,425
5074,425
5075,425
5076,425
5077,425
5078,425
5079,425
5080,425
5081,425
5082,425
5083,425
5084,325
5085,425
5086,425
5087,425
5088,425
5089,425
5090,425
5091,425
5092,425
5093,425
5094,425
5095,425
5096,425
5097,425
5098,425
5099,425
5100,425
5101,425
5102,425
5103,425
5104,425
5105,425
5106,425
5107,425
5108,425
5109,425
5110,425
5111,425
5112,425
5113,425
5114,425
5115,425
5116,425
5117,425
5118,425
5119,425
5120,425
5121,425
5122,425
5123,425
5124,425
5125,425
5126,425
5127,425
5128,425
5129,425
5130,425
5131,425
5132,425
5133,425
5134,425
5135,425
5136,425
5137,425
5138,425
5139,425
5140,425
5141,425
5142,425
5143,425
5144,425
5145,425
5146,425
5147,425
5148,425
5149,425
5150,425
5151,425
5152,425
5153,425
5154,425
5155,425
5156,425
5157,425
5158,425
5159,425
5160,425
5161,425
5162,425
5163,425
5164,425
5165,425
5166,425
5167,425
5168,425
5169,425
5170,425
5171,425
5172,425
5173,425
5174,425
5175,425
5176,425
5177,425
5178,375
5179,425
5180,425
5181,425
5182,425
5183,425
5184,425
5185,425
5186,425
5187,425
5188,425
5189,425
5190,425
5191,425
5192,425
5193,375
5194,425
5195,375
5196,425
5197,425
5198,425
5199,375
5200,425
5201,425
5202,425
5203,425
5204,425
5205,425
5206,425
5207,425
5208,425
5209,425
5210,425
5211,425
5212,425
5213,425
5214,425
5215,425
5216,425
5217,425
5218,425
5219,425
5220,425
5221,425
5222,425
5223,425
5224,425
5225,425
5226,425
5227,425
5228,425
5229,425
5230,425
5231,425
5232,425
5233,425
5234,425
5235,425
5236,425
5237,425
5238,425
5239,425
5240,425
5241,425
5242,425
5243,425
5244,425
5245,425
5246,425
5247,375
5248,425
5249,425
5250,425
5251,425
5252,425
5253,425
5254,425
5255,425
5256,425
5257,425
5258,425
5259,425
5260,425
5261,425
5262,425
5263,425
5264,425
5265,425
5266,425
5267,425
5268,425
5269,425
5270,425
5271,425
5272,425
5273,425
5274,425
5275,425
5276,425
5277,425
5278,425
5279,425
5280,425
5281,425
5282,425
5283,425
5284,425
5285,425
5286,425
5287,425
5288,425
5289,425
5290,425
5291,425
5292,425
5293,425
5294,425
5295,425
5296,425
5297,425
5298,425
5299,425
5300,425
5301,425
5302,425
5303,425
5304,425
5305,425
5306,425
5307,425
5308,425
5309,425
5310,425
5311,425
5312,425
5313,425
5314,425
5315,425
5316,425
5317,423
5318,425
5319,425
5320,425
5321,425
5322,425
5323,425
5324,375
5325,425
5326,425
5327,425
5328,425
5329,425
5330,425
5331,425
5332,425
5333,425
5334,425
5335,425
5336,425
5337,425
5338,425
5339,425
5340,425
5341,425
5342,375
5343,425
5344,425
5345,425
5346,425
5347,425
5348,425
5349,425
5350,425
5351,425
5352,425
5353,425
5354,425
5355,425
5356,425
5357,425
5358,425
5359,425
5360,425
5361,425
5362,425
5363,425
5364,425
5365,425
5366,425
5367,425
5368,425
5369,425
5370,425
5371,425
5372,425
5373,425
5374,425
5375,425
5376,425
5377,425
5378,425
5379,375
5380,425
5381,425
5382,425
5383,425
5384,425
5385,425
5386,425
5387,425
5388,425
5389,425
5390,425
5391,425
5392,425
5393,425
5394,425
5395,425
5396,425
5397,425
5398,425
5399,425
5400,425
5401,425
5402,425
5403,425
5404,425
5405,425
5406,425
5407,425
5408,425
5409,425
5410,425
5411,425
5412,425
5413,425
5414,425
5415,425
5416,425
5417,425
5418,425
5419,425
5420,425
5421,425
5422,425
5423,425
5424,425
5425,425
5426,425
5427,425
5428,425
5429,425
5430,425
5431,425
5432,425
5433,425
5434,425
5435,425
5436,425
5437,425
5438,425
5439,425
5440,425
5441,425
5442,425
5443,425
5444,425
5445,425
5446,425
5447,425
5448,425
5449,425
5450,425
5451,425
5452,425
5453,425
5454,425
5455,425
5456,425
5457,425
5458,425
5459,425
5460,425
5461,425
5462,423
5463,425
5464,425
5465,425
5466,425
5467,425
5468,425
5469,375
5470,425
5471,425
5472,425
5473,425
5474,425
5475,425
5476,425
5477,425
5478,425
5479,425
5480,425
5481,425
5482,425
5483,425
5484,425
5485,425
5486,425
5487,425
5488,425
5489,425
5490,425
5491,425
5492,425
5493,425
5494,425
5495,425
5496,425
5497,425
5498,425
5499,425
5500,425
5501,425
5502,425
5503,425
5504,425
5505,425
5506,425
5507,425
5508,425
5509,425
5510,425
5511,425
5512,425
5513,425
5514,425
5515,425
5516,425
5517,425
5518,425
5519,425
5520,425
5521,425
5522,375
5523,425
5524,425
5525,425
5526,425
5527,425
5528,425
5529,-75
5530,425
5531,425
5532,425
5533,425
5534,425
5535,425
5536,425
5537,425
5538,425
5539,425
5540,425
5541,425
5542,425
5543,425
5544,425
5545,425
5546,425
5547,425
5548,425
5549,425
5550,425
5551,425
5552,425
5553,425
5554,425
5555,425
5556,375
5557,425
5558,425
5559,425
5560,425
5561,425
5562,425
5563,425
5564,425
5565,425
5566,425
5567,425
5568,425
5569,425
5570,425
5571,425
5572,425
5573,425
5574,425
5575,425
5576,425
5577,425
5578,425
5579,425
5580,425
5581,425
5582,425
5583,425
5584,425
5585,425
5586,425
5587,425
5588,425
5589,425
5590,425
5591,425
5592,425
5593,425
5594,425
5595,425
5596,425
5597,425
5598,425
5599,425
5600,425
5601,425
5602,425
5603,425
5604,425
5605,425
5606,425
5607,425
5608,425
5609,425
5610,425
5611,425
5612,425
5613,425
5614,425
5615,425
5616,425
5617,425
5618,425
5619,425
5620,425
5621,425
5622,425
5623,425
5624,425
5625,425
5626,425
5627,425
5628,425
5629,425
5630,425
5631,425
5632,425
5633,425
5634,425
5635,425
5636,425
5637,425
5638,425
5639,425
5640,-125
5641,425
5642,425
5643,425
5644,425
5645,425
5646,425
5647,425
5648,425
5649,425
5650,425
5651,425
5652,425
5653,425
5654,425
5655,425
5656,425
5657,425
5658,425
5659,425
5660,425
5661,425
5662,425
5663,425
5664,425
5665,425
5666,425
5667,425
5668,425
5669,425
5670,425
5671,425
5672,425
5673,425
5674,425
5675,425
5676,425
5677,425
5678,425
5679,425
5680,425
5681,425
5682,425
5683,425
5684,425
5685,425
5686,425
5687,425
5688,425
5689,425
5690,425
5691,425
5692,425
5693,425
5694,425
5695,425
5696,425
5697,425
5698,425
5699,425
5700,425
5701,425
5702,425
5703,425
5704,425
5705,425
5706,425
5707,425
5708,425
5709,425
5710,425
5711,425
5712,425
5713,425
5714,425
5715,425
5716,425
5717,425
5718,425
5719,425
5720,425
5721,425
5722,425
5723,425
5724,425
5725,425
5726,425
5727,425
5728,425
5729,425
5730,425
5731,425
5732,425
5733,425
5734,425
5735,425
5736,425
5737,425
5738,425
5739,425
5740,425
5741,425
5742,425
5743,425
5744,425
5745,425
5746,425
5747,425
5748,425
5749,425
5750,425
5751,425
5752,425
5753,425
5754,425
5755,425
5756,425
5757,425
5758,425
5759,425
5760,425
5761,425
5762,425
5763,425
5764,425
5765,425
5766,425
5767,425
5768,425
5769,425
5770,425
5771,425
5772,425
5773,425
5774,425
5775,425
5776,425
5777,425
5778,425
5779,425
5780,425
5781,425
5782,375
5783,425
5784,425
5785,425
5786,425
5787,425
5788,425
5789,425
5790,425
5791,425
5792,425
5793,425
5794,425
5795,425
5796,425
5797,425
5798,425
5799,425
5800,425
5801,425
5802,425
5803,425
5804,425
5805,425
5806,425
5807,425
5808,425
5809,425
5810,425
5811,425
5812,425
5813,425
5814,425
5815,425
5816,425
5817,425
5818,425
5819,425
5820,425
5821,425
5822,425
5823,425
5824,425
5825,425
5826,425
5827,425
5828,425
5829,425
5830,425
5831,425
5832,425
5833,425
5834,425
5835,425
5836,425
5837,425
5838,425
5839,425
5840,425
5841,425
5842,425
5843,425
5844,425
5845,425
5846,425
5847,425
5848,425
5849,425
5850,425
5851,425
5852,425
5853,425
5854,425
5855,425
5856,425
5857,425
5858,425
5859,425
5860,425
5861,425
5862,425
5863,425
5864,425
5865,425
5866,425
5867,425
5868,425
5869,425
5870,425
5871,425
5872,425
5873,425
5874,425
5875,425
5876,425
5877,425
5878,425
5879,425
5880,425
5881,425
5882,425
5883,425
5884,425
5885,425
5886,425
5887,425
5888,425
5889,425
5890,425
5891,425
5892,425
5893,425
5894,425
5895,425
5896,425
5897,425
5898,425
5899,425
5900,425
5901,425
5902,425
5903,425
5904,425
5905,425
5906,425
5907,425
5908,425
5909,425
5910,425
5911,425
5912,425
5913,375
5914,425
5915,425
5916,425
5917,425
5918,425
5919,425
5920,425
5921,425
5922,425
5923,425
5924,425
5925,425
5926,425
5927,425
5928,425
5929,425
5930,425
5931,425
5932,425
5933,425
5934,425
5935,425
5936,423
5937,425
5938,425
5939,425
5940,425
5941,425
5942,425
5943,425
5944,425
5945,425
5946,425
5947,425
5948,425
5949,425
5950,425
5951,425
5952,425
5953,425
5954,425
5955,425
5956,425
5957,425
5958,425
5959,425
5960,425
5961,425
5962,425
5963,425
5964,425
5965,425
5966,425
5967,425
5968,425
5969,425
5970,425
5971,425
5972,425
5973,425
5974,425
5975,425
5976,425
5977,425
5978,425
5979,425
5980,425
5981,425
5982,425
5983,425
5984,425
5985,425
5986,425
5987,425
5988,425
5989,425
5990,425
5991,425
5992,425
5993,425
5994,425
5995,425
5996,425
5997,425
5998,425
5999,425
6000,425
6001,425
6002,423
6003,425
6004,425
6005,425
6006,425
6007,425
6008,425
6009,425
6010,425
6011,425
6012,425
6013,425
6014,425
6015,425
6016,425
6017,425
6018,425
6019,425
6020,425
6021,425
6022,425
6023,425
6024,425
6025,425
6026,425
6027,375
6028,425
6029,425
6030,425
6031,425
6032,425
6033,375
6034,425
6035,425
6036,425
6037,425
6038,425
6039,425
6040,425
6041,425
6042,425
6043,425
6044,425
6045,425
6046,425
6047,425
6048,425
6049,425
6050,425
6051,425
6052,425
6053,425
6054,425
6055,425
6056,425
6057,425
6058,425
6059,423
6060,425
6061,425
6062,425
6063,425
6064,425
6065,425
6066,425
6067,425
6068,425
6069,425
6070,425
6071,425
6072,425
6073,425
6074,425
6075,425
6076,425
6077,425
6078,425
6079,425
6080,425
6081,425
6082,425
6083,425
6084,425
6085,425
6086,425
6087,425
6088,425
6089,425
6090,425
6091,425
6092,425
6093,425
6094,425
6095,425
6096,425
6097,425
6098,425
6099,425
6100,425
6101,425
6102,425
6103,425
6104,425
6105,425
6106,425
6107,425
6108,425
6109,425
6110,425
6111,425
6112,425
6113,-75
6114,425
6115,425
6116,425
6117,425
6118,425
6119,425
6120,425
6121,375
6122,425
6123,425
6124,425
6125,425
6126,425
6127,375
6128,425
6129,425
6130,425
6131,425
6132,425
6133,425
6134,425
6135,425
6136,425
6137,425
6138,425
6139,425
6140,425
6141,425
6142,425
6143,425
6144,425
6145,425
6146,425
6147,425
6148,425
6149,425
6150,425
6151,425
6152,425
6153,425
6154,425
6155,425
6156,425
6157,425
6158,425
6159,425
6160,425
6161,425
6162,425
6163,425
6164,425
6165,425
6166,425
6167,423
6168,425
6169,425
6170,425
6171,425
6172,425
6173,425
6174,425
6175,425
6176,425
6177,425
6178,425
6179,425
6180,425
6181,425
6182,425
6183,425
6184,425
6185,425
6186,425
6187,425
6188,425
6189,425
6190,425
6191,425
6192,425
6193,425
6194,425
6195,425
6196,425
6197,425
6198,425
6199,425
6200,425
6201,425
6202,425
6203,425
6204,425
6205,425
6206,425
6207,425
6208,425
6209,425
6210,425
6211,425
6212,425
6213,425
6214,425
6215,425
6216,425
6217,425
6218,425
6219,425
6220,425
6221,375
6222,425
6223,425
6224,425
6225,425
6226,425
6227,425
6228,425
6229,425
6230,425
6231,425
6232,425
6233,425
6234,425
6235,425
6236,425
6237,375
6238,425
6239,425
6240,425
6241,425
6242,425
6243,425
6244,425
6245,425
6246,425
6247,425
6248,425
6249,425
6250,425
6251,425
6252,425
6253,425
6254,425
6255,425
6256,425
6257,425
6258,425
6259,425
6260,425
6261,425
6262,425
6263,425
6264,425
6265,425
6266,425
6267,425
6268,425
6269,425
6270,425
6271,425
6272,425
6273,425
6274,425
6275,375
6276,425
6277,425
6278,425
6279,425
6280,425
6281,425
6282,425
6283,425
6284,425
6285,425
6286,425
6287,425
6288,425
6289,425
6290,425
6291,425
6292,425
6293,425
6294,425
6295,425
6296,425
6297,425
6298,425
6299,425
6300,425
6301,425
6302,425
6303,425
6304,425
6305,425
6306,425
6307,425
6308,425
6309,425
6310,425
6311,425
6312,425
6313,375
6314,425
6315,425
6316,425
6317,425
6318,425
6319,425
6320,425
6321,425
6322,425
6323,425
6324,425
6325,425
6326,425
6327,425
6328,425
6329,425
6330,425
6331,425
6332,425
6333,425
6334,425
6335,425
6336,425
6337,425
6338,425
6339,425
6340,425
6341,425
6342,425
6343,425
6344,425
6345,425
6346,425
6347,425
6348,425
6349,425
6350,425
6351,425
6352,425
6353,425
6354,425
6355,425
6356,425
6357,425
6358,425
6359,425
6360,425
6361,425
6362,425
6363,425
6364,425
6365,425
6366,425
6367,425
6368,425
6369,425
6370,423
6371,425
6372,425
6373,425
6374,425
6375,425
6376,425
6377,425
6378,423
6379,425
6380,425
6381,425
6382,425
6383,425
6384,425
6385,425
6386,425
6387,425
6388,425
6389,425
6390,425
6391,425
6392,425
6393,425
6394,425
6395,325
6396,425
6397,425
6398,425
6399,425
6400,425
6401,425
6402,425
6403,425
6404,425
6405,425
6406,425
6407,425
6408,425
6409,425
6410,425
6411,425
6412,425
6413,425
6414,425
6415,425
6416,425
6417,425
6418,425
6419,425
6420,425
6421,425
6422,425
6423,425
6424,425
6425,425
6426,425
6427,425
6428,425
6429,425
6430,425
6431,425
6432,425
6433,425
6434,425
6435,425
6436,425
6437,425
6438,425
6439,425
6440,425
6441,425
6442,425
6443,425
6444,425
6445,425
6446,425
6447,425
6448,425
6449,425
6450,425
6451,425
6452,425
6453,425
6454,425
6455,425
6456,425
6457,425
6458,425
6459,425
6460,425
6461,425
6462,425
6463,425
6464,425
6465,425
6466,425
6467,425
6468,425
6469,425
6470,425
6471,375
6472,425
6473,425
6474,425
6475,425
6476,425
6477,425
6478,425
6479,425
6480,425
6481,425
6482,425
6483,425
6484,425
6485,425
6486,425
6487,425
6488,425
6489,425
6490,425
6491,425
6492,425
6493,425
6494,425
6495,425
6496,425
6497,425
6498,425
6499,425
6500,425
6501,425
6502,425
6503,425
6504,425
6505,425
6506,425
6507,425
6508,425
6509,425
6510,425
6511,425
6512,425
6513,425
6514,425
6515,425
6516,425
6517,425
6518,425
6519,425
6520,425
6521,425
6522,425
6523,425
6524,425
6525,425
6526,425
6527,425
6528,425
6529,425
6530,425
6531,425
6532,425
6533,425
6534,425
6535,425
6536,425
6537,425
6538,425
6539,425
6540,425
6541,425
6542,425
6543,425
6544,425
6545,425
6546,425
6547,425
6548,425
6549,425
6550,425
6551,425
6552,425
6553,425
6554,425
6555,425
6556,425
6557,425
6558,425
6559,425
6560,425
6561,425
6562,425
6563,425
6564,425
6565,425
6566,425
6567,425
6568,425
6569,425
6570,425
6571,425
6572,425
6573,425
6574,425
6575,425
6576,425
6577,425
6578,425
6579,425
6580,425
6581,425
6582,425
6583,425
6584,425
6585,425
6586,425
6587,425
6588,425
6589,425
6590,425
6591,425
6592,425
6593,375
6594,425
6595,425
6596,425
6597,425
6598,425
6599,425
6600,425
6601,425
6602,425
6603,425
6604,425
6605,425
6606,425
6607,425
6608,425
6609,425
6610,425
6611,425
6612,425
6613,425
6614,425
6615,425
6616,425
6617,425
6618,425
6619,425
6620,425
6621,425
6622,425
6623,425
6624,425
6625,425
6626,425
6627,425
6628,425
6629,425
6630,425
6631,425
6632,425
6633,425
6634,425
6635,425
6636,425
6637,425
6638,425
6639,425
6640,425
6641,425
6642,425
6643,425
6644,425
6645,425
6646,425
6647,425
6648,425
6649,425
6650,425
6651,425
6652,425
6653,425
6654,425
6655,425
6656,425
6657,425
6658,375
6659,425
6660,425
6661,425
6662,425
6663,425
6664,425
6665,425
6666,425
6667,425
6668,425
6669,425
6670,425
6671,425
6672,425
6673,425
6674,425
6675,425
6676,425
6677,425
6678,425
6679,425
6680,425
6681,425
6682,425
6683,425
6684,425
6685,425
6686,425
6687,423
6688,425
6689,425
6690,425
6691,425
6692,425
6693,425
6694,425
6695,425
6696,425
6697,425
6698,425
6699,425
6700,425
6701,425
6702,425
6703,425
6704,425
6705,425
6706,425
6707,425
6708,425
6709,425
6710,425
6711,425
6712,425
6713,425
6714,425
6715,425
6716,425
6717,425
6718,425
6719,425
6720,425
6721,425
6722,425
6723,425
6724,425
6725,425
6726,425
6727,425
6728,425
6729,425
6730,425
6731,425
6732,425
6733,425
6734,425
6735,425
6736,425
6737,425
6738,425
6739,425
6740,425
6741,425
6742,425
6743,425
6744,425
6745,425
6746,425
6747,425
6748,425
6749,425
6750,425
6751,425
6752,425
6753,425
6754,425
6755,425
6756,425
6757,425
6758,425
6759,425
6760,425
6761,425
6762,425
6763,425
6764,425
6765,425
6766,425
6767,425
6768,425
6769,425
6770,425
6771,425
6772,425
6773,425
6774,425
6775,425
6776,425
6777,425
6778,425
6779,425
6780,425
6781,425
6782,425
6783,425
6784,425
6785,425
6786,425
6787,425
6788,425
6789,425
6790,425
6791,425
6792,425
6793,425
6794,425
6795,425
6796,425
6797,425
6798,425
6799,425
6800,425
6801,425
6802,425
6803,425
6804,425
6805,425
6806,425
6807,425
6808,425
6809,425
6810,425
6811,425
6812,425
6813,425
6814,425
6815,425
6816,425
6817,425
6818,425
6819,425
6820,425
6821,425
6822,425
6823,425
6824,425
6825,425
6826,425
6827,425
6828,425
6829,425
6830,425
6831,425
6832,425
6833,425
6834,425
6835,375
6836,425
6837,425
6838,425
6839,425
6840,425
6841,425
6842,425
6843,425
6844,425
6845,425
6846,425
6847,425
6848,425
6849,425
6850,425
6851,425
6852,425
6853,425
6854,325
6855,425
6856,425
6857,425
6858,425
6859,425
6860,425
6861,425
6862,425
6863,425
6864,425
6865,425
6866,425
6867,425
6868,425
6869,425
6870,425
6871,425
6872,425
6873,425
6874,425
6875,425
6876,425
6877,425
6878,375
6879,425
6880,425
6881,425
6882,425
6883,425
6884,425
6885,425
6886,425
6887,425
6888,425
6889,425
6890,425
6891,425
6892,425
6893,425
6894,425
6895,425
6896,425
6897,425
6898,425
6899,425
6900,425
6901,425
6902,425
6903,425
6904,425
6905,425
6906,425
6907,425
6908,425
6909,425
6910,425
6911,425
6912,425
6913,425
6914,425
6915,425
6916,425
6917,425
6918,425
6919,425
6920,425
6921,425
6922,425
6923,425
6924,425
6925,425
6926,425
6927,425
6928,425
6929,425
6930,425
6931,425
6932,425
6933,425
6934,425
6935,425
6936,425
6937,425
6938,425
6939,425
6940,425
6941,425
6942,425
6943,425
6944,425
6945,425
6946,425
6947,425
6948,425
6949,425
6950,425
6951,425
6952,425
6953,425
6954,425
6955,425
6956,425
6957,425
6958,425
6959,425
6960,425
6961,425
6962,425
6963,325
6964,425
6965,425
6966,425
6967,425
6968,425
6969,425
6970,425
6971,425
6972,425
6973,425
6974,425
6975,425
6976,425
6977,425
6978,425
6979,425
6980,425
6981,425
6982,425
6983,425
6984,423
6985,425
6986,425
6987,425
6988,425
6989,425
6990,425
6991,425
6992,425
6993,425
6994,425
6995,375
6996,425
6997,425
6998,425
6999,425
7000,425
7001,425
7002,425
7003,425
7004,425
7005,425
7006,425
7007,425
7008,425
7009,425
7010,425
7011,425
7012,425
7013,425
7014,425
7015,425
7016,425
7017,425
7018,425
7019,425
7020,425
7021,425
7022,425
7023,425
7024,425
7025,425
7026,425
7027,425
7028,425
7029,425
7030,425
7031,425
7032,425
7033,425
7034,425
7035,425
7036,425
7037,425
7038,425
7039,425
7040,425
7041,425
7042,425
7043,425
7044,425
7045,425
7046,425
7047,425
7048,425
7049,425
7050,425
7051,425
7052,425
7053,425
7054,425
7055,425
7056,425
7057,425
7058,425
7059,425
7060,425
7061,425
7062,425
7063,425
7064,425
7065,425
7066,425
7067,425
7068,425
7069,425
7070,375
7071,425
7072,423
7073,425
7074,425
7075,425
7076,425
7077,425
7078,425
7079,425
7080,425
7081,425
7082,425
7083,425
7084,425
7085,425
7086,425
7087,425
7088,375
7089,425
7090,425
7091,425
7092,425
7093,425
7094,425
7095,425
7096,425
7097,425
7098,425
7099,425
7100,425
7101,425
7102,425
7103,425
7104,425
7105,425
7106,425
7107,425
7108,425
7109,425
7110,425
7111,425
7112,425
7113,425
7114,425
7115,425
7116,425
7117,425
7118,425
7119,425
7120,425
7121,425
7122,425
7123,425
7124,425
7125,425
7126,425
7127,425
7128,425
7129,425
7130,425
7131,425
7132,425
7133,425
7134,425
7135,425
7136,425
7137,425
7138,425
7139,425
7140,425
7141,425
7142,425
7143,425
7144,425
7145,425
7146,425
7147,425
7148,425
7149,425
7150,425
7151,425
7152,425
7153,425
7154,425
7155,425
7156,425
7157,425
7158,425
7159,425
7160,425
7161,425
7162,425
7163,425
7164,425
7165,425
7166,425
7167,425
7168,425
7169,425
7170,425
7171,375
7172,325
7173,425
7174,425
7175,425
7176,425
7177,425
7178,425
7179,425
7180,425
7181,425
7182,425
7183,425
7184,425
7185,425
7186,425
7187,425
7188,425
7189,425
7190,425
7191,425
7192,425
7193,425
7194,425
7195,375
7196,425
7197,425
7198,425
7199,425
7200,425
7201,425
7202,425
7203,425
7204,425
7205,425
7206,425
7207,425
7208,425
7209,425
7210,425
7211,425
7212,425
7213,425
7214,425
7215,425
7216,425
7217,425
7218,425
7219,425
7220,425
7221,425
7222,425
7223,425
7224,425
7225,425
7226,425
7227,425
7228,425
7229,425
7230,425
7231,425
7232,-125
7233,425
7234,425
7235,425
7236,425
7237,425
7238,375
7239,425
7240,425
7241,425
7242,425
7243,425
7244,425
7245,425
7246,425
7247,425
7248,425
7249,425
7250,425
7251,425
7252,425
7253,425
7254,425
7255,425
7256,425
7257,425
7258,425
7259,425
7260,425
7261,425
7262,423
7263,425
7264,425
7265,375
7266,425
7267,425
7268,425
7269,425
7270,425
7271,425
7272,425
7273,425
7274,425
7275,425
7276,425
7277,425
7278,425
7279,425
7280,425
7281,375
7282,425
7283,375
7284,425
7285,425
7286,425
7287,425
7288,425
7289,425
7290,425
7291,425
7292,425
7293,425
7294,425
7295,425
7296,425
7297,425
7298,425
7299,425
7300,425
7301,425
7302,425
7303,425
7304,425
7305,425
7306,425
7307,425
7308,425
7309,425
7310,425
7311,425
7312,425
7313,425
7314,425
7315,425
7316,425
7317,425
7318,425
7319,425
7320,425
7321,425
7322,425
7323,425
7324,425
7325,425
7326,425
7327,425
7328,425
7329,425
7330,425
7331,425
7332,425
7333,425
7334,425
7335,425
7336,425
7337,425
7338,425
7339,425
7340,425
7341,425
7342,425
7343,425
7344,425
7345,425
7346,425
7347,425
7348,425
7349,425
7350,425
7351,425
7352,425
7353,425
7354,425
7355,425
7356,425
7357,425
7358,425
7359,425
7360,425
7361,425
7362,425
7363,425
7364,425
7365,425
7366,425
7367,425
7368,425
7369,425
7370,425
7371,425
7372,425
7373,425
7374,425
7375,425
7376,425
7377,425
7378,425
7379,425
7380,425
7381,425
7382,425
7383,425
7384,425
7385,425
7386,425
7387,425
7388,425
7389,425
7390,425
7391,425
7392,425
7393,425
7394,425
7395,425
7396,425
7397,425
7398,425
7399,425
7400,425
7401,425
7402,425
7403,425
7404,425
7405,425
7406,425
7407,425
7408,425
7409,425
7410,425
7411,425
7412,423
7413,425
7414,375
7415,425
7416,375
7417,425
7418,425
7419,425
7420,425
7421,425
7422,425
7423,425
7424,425
7425,425
7426,425
7427,425
7428,425
7429,425
7430,425
7431,425
7432,425
7433,425
7434,425
7435,425
7436,425
7437,425
7438,425
7439,325
7440,425
7441,425
7442,425
7443,425
7444,425
7445,425
7446,425
7447,425
7448,425
7449,425
7450,425
7451,425
7452,425
7453,425
7454,425
7455,425
7456,375
7457,425
7458,425
7459,425
7460,325
7461,425
7462,425
7463,425
7464,425
7465,425
7466,425
7467,425
7468,425
7469,425
7470,425
7471,425
7472,425
7473,425
7474,425
7475,425
7476,425
7477,375
7478,425
7479,425
7480,425
7481,425
7482,425
7483,425
7484,425
7485,425
7486,425
7487,425
7488,425
7489,425
7490,425
7491,425
7492,425
7493,425
7494,-125
7495,425
7496,425
7497,425
7498,425
7499,425
7500,425
7501,425
7502,425
7503,425
7504,425
7505,425
7506,425
7507,425
7508,425
7509,425
7510,425
7511,425
7512,425
7513,425
7514,425
7515,425
7516,425
7517,425
7518,425
7519,425
7520,425
7521,425
7522,425
7523,425
7524,425
7525,425
7526,425
7527,375
7528,425
7529,425
7530,425
7531,425
7532,425
7533,425
7534,425
7535,425
7536,425
7537,425
7538,425
7539,425
7540,425
7541,425
7542,425
7543,425
7544,425
7545,425
7546,375
7547,425
7548,425
7549,425
7550,425
7551,425
7552,425
7553,425
7554,425
7555,425
7556,425
7557,425
7558,425
7559,425
7560,425
7561,425
7562,425
7563,425
7564,425
7565,425
7566,425
7567,425
7568,425
7569,425
7570,425
7571,425
7572,425
7573,425
7574,425
7575,375
7576,425
7577,425
7578,425
7579,425
7580,425
7581,425
7582,425
7583,425
7584,425
7585,425
7586,425
7587,425
7588,425
7589,425
7590,425
7591,425
7592,425
7593,425
7594,425
7595,425
7596,425
7597,425
7598,425
7599,425
7600,425
7601,425
7602,425
7603,425
7604,425
7605,425
7606,425
7607,425
7608,425
7609,425
7610,425
7611,425
7612,425
7613,425
7614,425
7615,425
7616,425
7617,425
7618,425
7619,425
7620,425
7621,425
7622,425
7623,425
7624,425
7625,425
7626,425
7627,425
7628,425
7629,425
7630,425
7631,425
7632,425
7633,425
7634,425
7635,425
7636,425
7637,425
7638,425
7639,425
7640,425
7641,425
7642,425
7643,425
7644,425
7645,425
7646,425
7647,425
7648,425
7649,425
7650,425
7651,425
7652,425
7653,425
7654,425
7655,425
7656,425
7657,425
7658,375
7659,425
7660,425
7661,425
7662,425
7663,425
7664,425
7665,425
7666,425
7667,425
7668,425
7669,425
7670,425
7671,425
7672,425
7673,425
7674,425
7675,425
7676,425
7677,425
7678,425
7679,425
7680,425
7681,425
7682,425
7683,425
7684,425
7685,425
7686,425
7687,425
7688,425
7689,425
7690,425
7691,425
7692,425
7693,425
7694,425
7695,425
7696,425
7697,425
7698,425
7699,425
7700,425
7701,425
7702,425
7703,425
7704,425
7705,425
7706,425
7707,425
7708,425
7709,425
7710,425
7711,425
7712,425
7713,425
7714,425
7715,425
7716,425
7717,425
7718,425
7719,425
7720,425
7721,425
7722,425
7723,425
7724,425
7725,425
7726,425
7727,425
7728,425
7729,425
7730,425
7731,425
7732,425
7733,425
7734,425
7735,425
7736,425
7737,425
7738,425
7739,425
7740,425
7741,425
7742,425
7743,425
7744,425
7745,425
7746,425
7747,425
7748,425
7749,425
7750,425
7751,425
7752,425
7753,425
7754,425
7755,425
7756,425
7757,425
7758,425
7759,425
7760,425
7761,425
7762,425
7763,425
7764,425
7765,425
7766,425
7767,425
7768,425
7769,425
7770,425
7771,425
7772,425
7773,425
7774,425
7775,-75
7776,425
7777,425
7778,425
7779,425
7780,425
7781,425
7782,425
7783,425
7784,425
7785,425
7786,425
7787,425
7788,425
7789,425
7790,425
7791,425
7792,425
7793,425
7794,425
7795,425
7796,425
7797,425
7798,425
7799,425
7800,425
7801,425
7802,425
7803,425
7804,425
7805,425
7806,425
7807,425
7808,425
7809,425
7810,425
7811,425
7812,425
7813,425
7814,425
7815,425
7816,425
7817,425
7818,425
7819,425
7820,425
7821,425
7822,425
7823,425
7824,425
7825,425
7826,425
7827,425
7828,375
7829,425
7830,425
7831,425
7832,425
7833,425
7834,425
7835,425
7836,425
7837,425
7838,425
7839,425
7840,425
7841,425
7842,425
7843,425
7844,425
7845,425
7846,425
7847,425
7848,425
7849,425
7850,425
7851,425
7852,425
7853,425
7854,425
7855,425
7856,425
7857,425
7858,425
7859,425
7860,425
7861,425
7862,425
7863,425
7864,425
7865,425
7866,425
7867,425
7868,425
7869,425
7870,425
7871,425
7872,425
7873,425
7874,425
7875,425
7876,425
7877,425
7878,425
7879,425
7880,425
7881,425
7882,425
7883,425
7884,425
7885,425
7886,425
7887,425
7888,425
7889,425
7890,425
7891,425
7892,425
7893,425
7894,425
7895,425
7896,425
7897,425
7898,425
7899,425
7900,425
7901,425
7902,425
7903,425
7904,425
7905,425
7906,425
7907,425
7908,425
7909,425
7910,425
7911,425
7912,425
7913,425
7914,425
7915,425
7916,425
7917,425
7918,425
7919,425
7920,425
7921,425
7922,425
7923,425
7924,425
7925,425
7926,425
7927,425
7928,425
7929,425
7930,425
7931,425
7932,425
7933,425
7934,425
7935,425
7936,425
7937,425
7938,425
7939,425
7940,425
7941,425
7942,425
7943,425
7944,425
7945,425
7946,425
7947,425
7948,425
7949,425
7950,425
7951,425
7952,425
7953,425
7954,-125
7955,425
7956,425
7957,425
7958,425
7959,425
7960,425
7961,425
7962,425
7963,425
7964,425
7965,425
7966,425
7967,425
7968,425
7969,425
7970,425
7971,425
7972,425
7973,425
7974,425
7975,425
7976,425
7977,425
7978,425
7979,425
7980,425
7981,425
7982,425
7983,425
7984,425
7985,425
7986,425
7987,425
7988,425
7989,425
7990,425
7991,425
7992,425
7993,425
7994,425
7995,425
7996,425
7997,425
7998,-125
7999,425
8000,425
8001,425
8002,425
8003,425
8004,425
8005,425
8006,425
8007,425
8008,425
8009,425
8010,425
8011,425
8012,425
8013,425
8014,425
8015,425
8016,425
8017,425
8018,425
8019,425
8020,425
8021,425
8022,425
8023,425
8024,425
8025,425
8026,425
8027,425
8028,425
8029,425
8030,375
8031,425
8032,425
8033,425
8034,425
8035,425
8036,425
8037,425
8038,425
8039,425
8040,425
8041,425
8042,425
8043,425
8044,425
8045,425
8046,425
8047,425
8048,425
8049,375
8050,425
8051,425
8052,425
8053,425
8054,425
8055,425
8056,425
8057,425
8058,425
8059,425
8060,425
8061,425
8062,425
8063,425
8064,425
8065,425
8066,425
8067,425
8068,425
8069,425
8070,425
8071,425
8072,425
8073,425
8074,425
8075,425
8076,425
8077,425
8078,425
8079,425
8080,425
8081,425
8082,425
8083,425
8084,425
8085,425
8086,425
8087,425
8088,425
8089,425
8090,425
8091,425
8092,425
8093,425
8094,425
8095,375
8096,425
8097,425
8098,425
8099,425
8100,425
8101,425
8102,425
8103,425
8104,425
8105,425
8106,425
8107,425
8108,425
8109,425
8110,425
8111,425
8112,425
8113,425
8114,425
8115,425
8116,425
8117,425
8118,425
8119,425
8120,425
8121,425
8122,425
8123,425
8124,425
8125,425
8126,425
8127,425
8128,425
8129,425
8130,425
8131,425
8132,425
8133,425
8134,425
8135,425
8136,425
8137,425
8138,425
8139,425
8140,425
8141,425
8142,425
8143,425
8144,425
8145,425
8146,425
8147,425
8148,425
8149,425
8150,425
8151,425
8152,425
8153,425
8154,425
8155,425
8156,425
8157,425
8158,425
8159,425
8160,425
8161,425
8162,425
8163,425
8164,375
8165,425
8166,425
8167,425
8168,425
8169,425
8170,425
8171,425
8172,425
8173,425
8174,425
8175,425
8176,425
8177,425
8178,425
8179,425
8180,425
8181,425
8182,425
8183,425
8184,425
8185,425
8186,425
8187,425
8188,425
8189,425
8190,425
8191,425
8192,425
8193,425
8194,425
8195,425
8196,425
8197,425
8198,425
8199,425
8200,425
8201,425
8202,425
8203,425
8204,425
8205,425
8206,425
8207,425
8208,425
8209,425
8210,425
8211,425
8212,425
8213,425
8214,425
8215,423
8216,425
8217,425
8218,425
8219,425
8220,375
8221,425
8222,425
8223,425
8224,425
8225,425
8226,425
8227,425
8228,425
8229,425
8230,425
8231,425
8232,425
8233,425
8234,425
8235,425
8236,425
8237,423
8238,423
8239,425
8240,425
8241,425
8242,425
8243,425
8244,425
8245,425
8246,425
8247,425
8248,425
8249,425
8250,425
8251,425
8252,425
8253,425
8254,425
8255,425
8256,425
8257,425
8258,425
8259,425
8260,425
8261,425
8262,425
8263,425
8264,425
8265,425
8266,425
8267,425
8268,425
8269,425
8270,425
8271,425
8272,425
8273,425
8274,425
8275,425
8276,425
8277,425
8278,425
8279,425
8280,425
8281,425
8282,425
8283,425
8284,425
8285,425
8286,425
8287,425
8288,425
8289,425
8290,425
8291,425
8292,425
8293,425
8294,425
8295,425
8296,425
8297,425
8298,425
8299,375
8300,375
8301,425
8302,425
8303,425
8304,425
8305,425
8306,425
8307,425
8308,425
8309,425
8310,425
8311,425
8312,425
8313,425
8314,425
8315,425
8316,425
8317,425
8318,425
8319,425
8320,425
8321,425
8322,425
8323,425
8324,425
8325,425
8326,425
8327,425
8328,425
8329,425
8330,425
8331,425
8332,425
8333,425
8334,425
8335,425
8336,425
8337,425
8338,425
8339,425
8340,425
8341,425
8342,425
8343,425
8344,425
8345,425
8346,425
8347,425
8348,425
8349,425
8350,425
8351,425
8352,425
8353,425
8354,425
8355,425
8356,425
8357,425
8358,425
8359,425
8360,425
8361,425
8362,425
8363,425
8364,425
8365,425
8366,425
8367,425
8368,425
8369,425
8370,425
8371,425
8372,425
8373,425
8374,425
8375,425
8376,425
8377,425
8378,425
8379,425
8380,425
8381,425
8382,425
8383,425
8384,425
8385,425
8386,425
8387,425
8388,425
8389,425
8390,425
8391,425
8392,425
8393,425
8394,375
8395,425
8396,375
8397,425
8398,425
8399,375
8400,425
8401,425
8402,425
8403,425
8404,425
8405,425
8406,425
8407,425
8408,425
8409,425
8410,425
8411,425
8412,425
8413,425
8414,425
8415,425
8416,425
8417,425
8418,425
8419,425
8420,425
8421,425
8422,425
8423,425
8424,425
8425,425
8426,425
8427,425
8428,425
8429,425
8430,425
8431,425
8432,425
8433,425
8434,425
8435,425
8436,425
8437,425
8438,425
8439,425
8440,425
8441,425
8442,425
8443,425
8444,425
8445,425
8446,425
8447,-125
8448,425
8449,425
8450,425
8451,425
8452,425
8453,425
8454,425
8455,425
8456,425
8457,425
8458,425
8459,425
8460,425
8461,425
8462,425
8463,425
8464,425
8465,425
8466,425
8467,425
8468,425
8469,425
8470,425
8471,425
8472,425
8473,425
8474,425
8475,425
8476,425
8477,425
8478,425
8479,425
8480,375
8481,425
8482,425
8483,425
8484,425
8485,425
8486,425
8487,425
8488,425
8489,425
8490,425
8491,425
8492,425
8493,425
8494,425
8495,425
8496,425
8497,425
8498,425
8499,425
8500,425
8501,425
8502,425
8503,425
8504,425
8505,425
8506,425
8507,425
8508,425
8509,425
8510,425
8511,425
8512,425
8513,425
8514,425
8515,425
8516,425
8517,425
8518,425
8519,425
8520,425
8521,425
8522,425
8523,425
8524,425
8525,425
8526,425
8527,425
8528,425
8529,425
8530,425
8531,425
8532,425
8533,425
8534,425
8535,425
8536,425
8537,425
8538,425
8539,425
8540,425
8541,425
8542,425
8543,425
8544,425
8545,425
8546,425
8547,425
8548,425
8549,425
8550,425
8551,425
8552,425
8553,425
8554,425
8555,425
8556,425
8557,425
8558,425
8559,425
8560,425
8561,425
8562,425
8563,375
8564,425
8565,425
8566,425
8567,375
8568,425
8569,425
8570,425
8571,425
8572,425
8573,425
8574,425
8575,425
8576,425
8577,425
8578,425
8579,425
8580,425
8581,425
8582,425
8583,425
8584,425
8585,375
8586,425
8587,425
8588,425
8589,425
8590,425
8591,425
8592,425
8593,425
8594,425
8595,425
8596,425
8597,425
8598,425
8599,425
8600,425
8601,425
8602,425
8603,425
8604,425
8605,425
8606,425
8607,425
8608,425
8609,425
8610,425
8611,425
8612,425
8613,425
8614,425
8615,375
8616,425
8617,425
8618,425
8619,425
8620,425
8621,425
8622,425
8623,425
8624,425
8625,425
8626,425
8627,425
8628,425
8629,425
8630,425
8631,423
8632,425
8633,425
8634,425
8635,425
8636,425
8637,425
8638,425
8639,425
8640,425
8641,425
8642,425
8643,425
8644,425
8645,425
8646,425
8647,425
8648,425
8649,425
8650,425
8651,425
8652,425
8653,425
8654,425
8655,425
8656,425
8657,425
8658,-125
8659,425
8660,425
8661,423
8662,425
8663,425
8664,425
8665,425
8666,425
8667,425
8668,425
8669,425
8670,425
8671,425
8672,425
8673,425
8674,425
8675,425
8676,425
8677,425
8678,425
8679,425
8680,425
8681,425
8682,425
8683,425
8684,425
8685,425
8686,425
8687,425
8688,425
8689,425
8690,425
8691,425
8692,425
8693,425
8694,425
8695,425
8696,425
8697,425
8698,425
8699,425
8700,425
8701,425
8702,425
8703,425
8704,425
8705,425
8706,425
8707,425
8708,425
8709,425
8710,425
8711,425
8712,425
8713,425
8714,425
8715,425
8716,425
8717,425
8718,425
8719,425
8720,425
8721,425
8722,425
8723,425
8724,425
8725,425
8726,425
8727,425
8728,425
8729,425
8730,425
8731,425
8732,425
8733,425
8734,425
8735,425
8736,425
8737,425
8738,425
8739,425
8740,425
8741,425
8742,425
8743,425
8744,425
8745,425
8746,425
8747,425
8748,425
8749,425
8750,425
8751,425
8752,425
8753,425
8754,425
8755,425
8756,425
8757,425
8758,425
8759,425
8760,425
8761,425
8762,425
8763,425
8764,425
8765,425
8766,425
8767,425
8768,425
8769,425
8770,425
8771,425
8772,425
8773,425
8774,425
8775,375
8776,425
8777,425
8778,425
8779,425
8780,375
8781,425
8782,425
8783,425
8784,425
8785,425
8786,425
8787,425
8788,425
8789,425
8790,425
8791,425
8792,425
8793,425
8794,425
8795,425
8796,423
8797,425
8798,425
8799,425
8800,425
8801,425
8802,425
8803,425
8804,425
8805,375
8806,425
8807,425
8808,425
8809,425
8810,425
8811,425
8812,425
8813,425
8814,425
8815,425
8816,425
8817,425
8818,425
8819,425
8820,425
8821,425
8822,425
8823,425
8824,425
8825,425
8826,425
8827,425
8828,425
8829,425
8830,425
8831,425
8832,425
8833,425
8834,-75
8835,425
8836,425
8837,425
8838,425
8839,425
8840,425
8841,425
8842,425
8843,425
8844,425
8845,375
8846,425
8847,425
8848,425
8849,425
8850,425
8851,425
8852,425
8853,425
8854,425
8855,425
8856,425
8857,425
8858,425
8859,425
8860,425
8861,425
8862,425
8863,425
8864,425
8865,425
8866,425
8867,425
8868,425
8869,425
8870,425
8871,425
8872,425
8873,425
8874,425
8875,425
8876,425
8877,425
8878,425
8879,425
8880,425
8881,425
8882,425
8883,425
8884,425
8885,425
8886,425
8887,425
8888,425
8889,425
8890,425
8891,425
8892,425
8893,425
8894,425
8895,425
8896,425
8897,425
8898,425
8899,425
8900,425
8901,425
8902,425
8903,425
8904,423
8905,425
8906,425
8907,425
8908,425
8909,425
8910,425
8911,425
8912,425
8913,425
8914,425
8915,425
8916,425
8917,423
8918,425
8919,425
8920,425
8921,425
8922,425
8923,425
8924,-75
8925,425
8926,425
8927,425
8928,425
8929,425
8930,425
8931,425
8932,425
8933,425
8934,425
8935,425
8936,425
8937,425
8938,425
8939,425
8940,425
8941,425
8942,425
8943,425
8944,425
8945,425
8946,375
8947,425
8948,425
8949,425
8950,425
8951,425
8952,425
8953,375
8954,425
8955,425
8956,425
8957,425
8958,425
8959,425
8960,425
8961,425
8962,425
8963,425
8964,425
8965,425
8966,425
8967,425
8968,425
8969,425
8970,425
8971,425
8972,425
8973,425
8974,425
8975,425
8976,425
8977,425
8978,425
8979,425
8980,425
8981,425
8982,425
8983,425
8984,425
8985,425
8986,425
8987,425
8988,425
8989,425
8990,425
8991,425
8992,425
8993,425
8994,425
8995,425
8996,425
8997,425
8998,425
8999,425
9000,425
9001,425
9002,425
9003,425
9004,425
9005,425
9006,425
9007,425
9008,425
9009,425
9010,425
9011,425
9012,425
9013,425
9014,425
9015,425
9016,425
9017,425
9018,425
9019,425
9020,425
9021,425
9022,425
9023,425
9024,425
9025,425
9026,425
9027,425
9028,425
9029,425
9030,423
9031,425
9032,425
9033,425
9034,425
9035,425
9036,425
9037,425
9038,425
9039,425
9040,425
9041,425
9042,425
9043,375
9044,425
9045,425
9046,425
9047,425
9048,425
9049,425
9050,425
9051,425
9052,425
9053,425
9054,425
9055,425
9056,425
9057,425
9058,425
9059,425
9060,425
9061,425
9062,425
9063,425
9064,425
9065,425
9066,425
9067,425
9068,425
9069,425
9070,425
9071,425
9072,425
9073,425
9074,425
9075,425
9076,425
9077,425
9078,425
9079,375
9080,425
9081,425
9082,425
9083,425
9084,425
9085,425
9086,425
9087,425
9088,423
9089,425
9090,425
9091,425
9092,425
9093,425
9094,425
9095,425
9096,425
9097,425
9098,425
9099,425
9100,425
9101,425
9102,425
9103,425
9104,425
9105,425
9106,425
9107,425
9108,425
9109,425
9110,425
9111,425
9112,425
9113,425
9114,425
9115,425
9116,425
9117,425
9118,425
9119,425
9120,425
9121,425
9122,425
9123,425
9124,425
9125,425
9126,425
9127,425
9128,425
9129,425
9130,425
9131,425
9132,425
9133,425
9134,425
9135,425
9136,425
9137,425
9138,425
9139,425
9140,425
9141,425
9142,425
9143,425
9144,425
9145,425
9146,425
9147,425
9148,425
9149,425
9150,425
9151,425
9152,425
9153,425
9154,425
9155,425
9156,425
9157,425
9158,425
9159,425
9160,425
9161,425
9162,425
9163,425
9164,425
9165,425
9166,425
9167,425
9168,425
9169,425
9170,425
9171,425
9172,425
9173,425
9174,425
9175,425
9176,425
9177,425
9178,425
9179,425
9180,425
9181,425
9182,425
9183,425
9184,425
9185,425
9186,425
9187,425
9188,425
9189,425
9190,425
9191,425
9192,425
9193,425
9194,425
9195,425
9196,425
9197,425
9198,425
9199,425
9200,425
9201,425
9202,425
9203,425
9204,375
9205,425
9206,425
9207,425
9208,425
9209,425
9210,425
9211,425
9212,425
9213,425
9214,425
9215,425
9216,425
9217,425
9218,425
9219,425
9220,425
9221,425
9222,425
9223,425
9224,425
9225,425
9226,425
9227,425
9228,425
9229,425
9230,425
9231,425
9232,425
9233,425
9234,425
9235,425
9236,425
9237,425
9238,425
9239,425
9240,425
9241,425
9242,425
9243,425
9244,425
9245,425
9246,425
9247,425
9248,425
9249,425
9250,425
9251,425
9252,425
9253,425
9254,425
9255,425
9256,425
9257,425
9258,425
9259,425
9260,425
9261,425
9262,425
9263,425
9264,425
9265,425
9266,425
9267,425
9268,425
9269,425
9270,425
9271,425
9272,425
9273,425
9274,425
9275,425
9276,425
9277,425
9278,425
9279,425
9280,425
9281,425
9282,425
9283,425
9284,425
9285,425
9286,425
9287,425
9288,425
9289,425
9290,425
9291,-125
9292,425
9293,425
9294,425
9295,425
9296,425
9297,425
9298,425
9299,425
9300,425
9301,425
9302,425
9303,425
9304,425
9305,425
9306,425
9307,425
9308,425
9309,425
9310,425
9311,425
9312,425
9313,425
9314,425
9315,425
9316,425
9317,425
9318,425
9319,425
9320,425
9321,425
9322,425
9323,425
9324,375
9325,425
9326,425
9327,425
9328,425
9329,425
9330,425
9331,425
9332,425
9333,425
9334,425
9335,425
9336,425
9337,425
9338,425
9339,425
9340,425
9341,425
9342,425
9343,425
9344,425
9345,425
9346,425
9347,425
9348,425
9349,425
9350,425
9351,425
9352,425
9353,425
9354,425
9355,425
9356,425
9357,425
9358,425
9359,425
9360,425
9361,425
9362,425
9363,425
9364,425
9365,425
9366,375
9367,425
9368,-125
9369,425
9370,425
9371,425
9372,425
9373,425
9374,425
9375,425
9376,425
9377,425
9378,425
9379,425
9380,425
9381,425
9382,425
9383,425
9384,425
9385,425
9386,425
9387,425
9388,425
9389,425
9390,425
9391,425
9392,425
9393,425
9394,425
9395,375
9396,425
9397,425
9398,425
9399,425
9400,425
9401,425
9402,425
9403,425
9404,425
9405,425
9406,425
9407,425
9408,425
9409,425
9410,425
9411,425
9412,425
9413,425
9414,425
9415,425
9416,425
9417,425
9418,425
9419,425
9420,425
9421,425
9422,425
9423,425
9424,425
9425,425
9426,425
9427,425
9428,425
9429,425
9430,425
9431,425
9432,425
9433,425
9434,425
9435,425
9436,425
9437,425
9438,425
9439,425
9440,425
9441,425
9442,425
9443,425
9444,425
9445,425
9446,425
9447,425
9448,425
9449,425
9450,425
9451,425
9452,425
9453,425
9454,425
9455,425
9456,425
9457,425
9458,425
9459,425
9460,425
9461,425
9462,425
9463,425
9464,425
9465,425
9466,425
9467,425
9468,425
9469,425
9470,425
9471,425
9472,425
9473,425
9474,425
9475,425
9476,425
9477,425
9478,425
9479,425
9480,425
9481,425
9482,425
9483,425
9484,425
9485,425
9486,425
9487,425
9488,425
9489,425
9490,425
9491,425
9492,425
9493,425
9494,425
9495,425
9496,425
9497,425
9498,425
9499,425
9500,425
9501,425
9502,425
9503,425
9504,425
9505,425
9506,425
9507,425
9508,425
9509,425
9510,425
9511,425
9512,425
9513,425
9514,425
9515,425
9516,425
9517,425
9518,425
9519,425
9520,425
9521,425
9522,425
9523,425
9524,425
9525,425
9526,425
9527,425
9528,425
9529,425
9530,425
9531,425
9532,425
9533,425
9534,425
9535,425
9536,425
9537,425
9538,425
9539,425
9540,425
9541,425
9542,425
9543,425
9544,425
9545,425
9546,425
9547,425
9548,425
9549,425
9550,425
9551,425
9552,425
9553,425
9554,425
9555,425
9556,425
9557,425
9558,425
9559,425
9560,425
9561,425
9562,425
9563,425
9564,425
9565,425
9566,425
9567,425
9568,425
9569,425
9570,425
9571,425
9572,425
9573,425
9574,425
9575,425
9576,425
9577,425
9578,425
9579,425
9580,425
9581,425
9582,425
9583,425
9584,425
9585,425
9586,425
9587,425
9588,425
9589,425
9590,425
9591,425
9592,425
9593,425
9594,425
9595,425
9596,425
9597,425
9598,425
9599,425
9600,425
9601,425
9602,425
9603,425
9604,425
9605,375
9606,425
9607,425
9608,425
9609,425
9610,425
9611,425
9612,425
9613,425
9614,425
9615,425
9616,425
9617,425
9618,425
9619,425
9620,425
9621,425
9622,425
9623,425
9624,425
9625,425
9626,425
9627,425
9628,425
9629,425
9630,425
9631,425
9632,425
9633,425
9634,425
9635,425
9636,425
9637,425
9638,425
9639,425
9640,425
9641,425
9642,425
9643,425
9644,425
9645,425
9646,425
9647,425
9648,425
9649,425
9650,425
9651,425
9652,425
9653,425
9654,425
9655,425
9656,425
9657,425
9658,425
9659,425
9660,425
9661,425
9662,425
9663,425
9664,425
9665,425
9666,425
9667,425
9668,425
9669,425
9670,425
9671,425
9672,425
9673,425
9674,425
9675,425
9676,425
9677,325
9678,425
9679,425
9680,425
9681,425
9682,425
9683,425
9684,425
9685,425
9686,425
9687,425
9688,425
9689,425
9690,425
9691,425
9692,425
9693,425
9694,425
9695,425
9696,425
9697,425
9698,425
9699,425
9700,425
9701,425
9702,425
9703,425
9704,425
9705,425
9706,425
9707,425
9708,425
9709,425
9710,425
9711,425
9712,425
9713,425
9714,425
9715,425
9716,375
9717,425
9718,425
9719,425
9720,425
9721,425
9722,425
9723,425
9724,425
9725,425
9726,425
9727,425
9728,425
9729,425
9730,425
9731,425
9732,425
9733,425
9734,425
9735,425
9736,425
9737,425
9738,425
9739,425
9740,425
9741,425
9742,425
9743,425
9744,425
9745,425
9746,425
9747,425
9748,425
9749,425
9750,425
9751,425
9752,425
9753,425
9754,425
9755,425
9756,425
9757,425
9758,425
9759,425
9760,375
9761,425
9762,425
9763,425
9764,425
9765,425
9766,425
9767,425
9768,425
9769,425
9770,425
9771,425
9772,425
9773,425
9774,425
9775,425
9776,425
9777,425
9778,425
9779,425
9780,425
9781,425
9782,425
9783,425
9784,425
9785,425
9786,425
9787,425
9788,425
9789,425
9790,425
9791,425
9792,425
9793,425
9794,-121
9795,425
9796,425
9797,425
9798,425
9799,425
9800,425
9801,425
9802,425
9803,425
9804,425
9805,425
9806,425
9807,425
9808,425
9809,425
9810,425
9811,425
9812,425
9813,425
9814,425
9815,425
9816,425
9817,425
9818,425
9819,425
9820,425
9821,425
9822,425
9823,425
9824,425
9825,425
9826,425
9827,425
9828,425
9829,425
9830,425
9831,425
9832,425
9833,425
9834,425
9835,425
9836,425
9837,425
9838,425
9839,425
9840,425
9841,425
9842,425
9843,425
9844,425
9845,425
9846,425
9847,425
9848,425
9849,425
9850,425
9851,425
9852,425
9853,425
9854,425
9855,425
9856,425
9857,425
9858,425
9859,425
9860,425
9861,425
9862,425
9863,425
9864,425
9865,425
9866,425
9867,425
9868,425
9869,425
9870,425
9871,425
9872,425
9873,425
9874,425
9875,425
9876,425
9877,425
9878,425
9879,425
9880,425
9881,425
9882,425
9883,423
9884,425
9885,425
9886,425
9887,425
9888,425
9889,425
9890,425
9891,425
9892,425
9893,425
9894,425
9895,425
9896,425
9897,425
9898,425
9899,425
9900,425
9901,425
9902,425
9903,425
9904,425
9905,425
9906,425
9907,425
9908,425
9909,425
9910,425
9911,425
9912,425
9913,425
9914,425
9915,425
9916,425
9917,425
9918,425
9919,425
9920,425
9921,425
9922,425
9923,425
9924,425
9925,425
9926,425
9927,425
9928,425
9929,425
9930,425
9931,425
9932,425
9933,425
9934,425
9935,425
9936,425
9937,425
9938,425
9939,425
9940,425
9941,425
9942,425
9943,423
9944,425
9945,425
9946,425
9947,425
9948,425
9949,425
9950,425
9951,425
9952,425
9953,425
9954,425
9955,425
9956,425
9957,425
9958,425
9959,425
9960,425
9961,425
9962,425
9963,425
9964,425
9965,425
9966,425
9967,425
9968,425
9969,425
9970,425
9971,425
9972,425
9973,425
9974,425
9975,425
9976,425
9977,425
9978,325
9979,425
9980,425
9981,425
9982,425
9983,425
9984,425
9985,375
9986,425
9987,425
9988,425
9989,425
9990,425
9991,425
9992,425
9993,425
9994,425
9995,425
9996,425
9997,425
9998,425
9999,425
[[(4, 4), 0, -25], [(3, 4), 2, 50], [(3, 3), 2, 50], [(3, 2), 2, 250], [(3, 1), 0, 250], [(2, 1), 3, -150]]