0,-429
1,-1082
2,-1002
3,-259
4,-1019
5,-1002
6,-237
7,-11938
8,-1002
9,-1002
10,-821
11,-1002
12,-9845
13,-3770
14,-1064
15,-1002
16,-8189
17,-11296
18,-224
19,-518
20,-200
21,-200
22,-200
23,-200
24,-200
25,-200
26,-200
27,-200
28,-200
29,-200
30,-200
31,-200
32,-200
33,-200
34,-200
35,-200
36,-200
37,-200
38,-200
39,-200
40,-200
41,-200
42,-200
43,-200
44,-200
45,-200
46,-200
47,-202
48,-200
49,-200
50,-200
51,-200
52,-200
53,-200
54,-200
55,-200
56,-200
57,-200
58,-200
59,-200
60,-200
61,-200
62,-200
63,-200
64,-200
65,-200
66,-200
67,-200
68,-200
69,-200
70,-200
71,-200
72,-200
73,-200
74,-200
75,-200
76,-200
77,-200
78,-200
79,-200
80,-200
81,-200
82,-200
83,-200
84,-200
85,-200
86,-200
87,-200
88,-200
89,-200
90,-200
91,-200
92,-200
93,-200
94,-200
95,-200
96,-200
97,-200
98,-200
99,-200
100,-200
101,-200
102,-200
103,-200
104,-200
105,-200
106,-200
107,-200
108,-200
109,-200
110,-200
111,-125
112,-200
113,-200
114,-200
115,-200
116,-200
117,-200
118,-200
119,-200
120,-200
121,-200
122,-200
123,-200
124,-200
125,-200
126,-200
127,-200
128,-200
129,-200
130,-200
131,-200
132,-200
133,-200
134,-200
135,-200
136,-200
137,-200
138,-200
139,-200
140,-200
141,-200
142,-200
143,-200
144,-200
145,-200
146,-200
147,-200
148,-200
149,-200
150,-200
151,-200
152,-200
153,-200
154,-200
155,-200
156,-125
157,-200
158,-200
159,-200
160,-200
161,-200
162,-200
163,-200
164,-200
165,-200
166,-200
167,-1485
168,-200
169,-200
170,-200
171,-200
172,-200
173,-200
174,-200
175,-200
176,-200
177,-200
178,-200
179,-200
180,-200
181,-200
182,-200
183,-200
184,-200
185,-200
186,-200
187,-200
188,-200
189,-200
190,-200
191,-200
192,-200
193,-200
194,-200
195,-200
196,-200
197,-200
198,-200
199,-200
200,-200
201,-200
202,-200
203,-200
204,-200
205,-200
206,-200
207,-200
208,-200
209,-200
210,-200
211,-200
212,-200
213,-200
214,-200
215,-200
216,-200
217,-200
218,-200
219,-200
220,-200
221,-200
222,-200
223,-200
224,-200
225,-200
226,-200
227,-200
228,-200
229,-200
230,-200
231,-200
232,-200
233,-200
234,-200
235,-200
236,-200
237,-200
238,-200
239,-200
240,-200
241,-200
242,-200
243,-200
244,-200
245,-200
246,-200
247,-200
248,-200
249,-200
250,-200
251,-200
252,-200
253,-200
254,-200
255,-200
256,-200
257,-200
258,-200
259,-250
260,-200
261,-200
262,-200
263,-200
264,-200
265,-200
266,-200
267,-200
268,-200
269,-200
270,-200
271,-200
272,-200
273,-200
274,-200
275,-200
276,-200
277,-200
278,-200
279,-200
280,-200
281,-200
282,-200
283,-200
284,-200
285,-200
286,-200
287,-200
288,-200
289,-200
290,-200
291,-200
292,-200
293,-200
294,-200
295,-200
296,-200
297,-200
298,-200
299,-200
300,-200
301,-200
302,-200
303,-200
304,-200
305,-200
306,-200
307,-200
308,-200
309,-200
310,-200
311,-200
312,-200
313,-200
314,-200
315,-200
316,-200
317,-200
318,-200
319,-200
320,-200
321,-200
322,-200
323,-200
324,-200
325,-200
326,-200
327,-200
328,-200
329,-200
330,-200
331,-200
332,-200
333,-200
334,-200
335,-200
336,-200
337,-200
338,-202
339,-200
340,-200
341,-200
342,-200
343,-200
344,-200
345,-200
346,-200
347,-200
348,-200
349,-200
350,-200
351,-200
352,-200
353,-200
354,-200
355,-200
356,-200
357,-200
358,-200
359,-200
360,-200
361,-200
362,-200
363,-200
364,-200
365,-250
366,-200
367,-200
368,-200
369,-200
370,-200
371,-200
372,-200
373,-200
374,-200
375,-200
376,-200
377,-200
378,-200
379,-200
380,-200
381,-200
382,-200
383,-200
384,-200
385,-200
386,-200
387,-200
388,-200
389,-200
390,-200
391,-200
392,-200
393,-200
394,-125
395,-200
396,-200
397,-200
398,-200
399,-200
400,-200
401,-200
402,-200
403,-200
404,-125
405,-200
406,-200
407,-200
408,-200
409,-200
410,-200
411,-200
412,-200
413,-200
414,-200
415,-200
416,-200
417,-200
418,-200
419,-200
420,-200
421,-200
422,-200
423,-200
424,-200
425,-200
426,-200
427,-200
428,-200
429,-200
430,-200
431,-200
432,-200
433,-200
434,-200
435,-200
436,-200
437,-200
438,-200
439,-200
440,-200
441,-200
442,-200
443,-200
444,-200
445,-200
446,-200
447,-200
448,-200
449,-200
450,-200
451,-200
452,-200
453,-200
454,-200
455,-200
456,-200
457,-200
458,-200
459,-200
460,-200
461,-200
462,-200
463,-200
464,-200
465,-200
466,-200
467,-200
468,-200
469,-200
470,-200
471,-200
472,-200
473,-200
474,-200
475,-200
476,-200
477,-200
478,-200
479,-200
480,-200
481,-200
482,-200
483,-200
484,-200
485,-200
486,-200
487,-200
488,-200
489,-200
490,-200
491,-200
492,-200
493,-200
494,-200
495,-200
496,-200
497,-200
498,-200
499,-200
500,-200
501,-200
502,-200
503,-200
504,-200
505,-200
506,-200
507,-200
508,-200
509,-200
510,-200
511,-200
512,-200
513,-200
514,-200
515,-200
516,-200
517,-200
518,-200
519,-200
520,-200
521,-200
522,-200
523,-200
524,-200
525,-200
526,-200
527,-200
528,-200
529,-200
530,-200
531,-200
532,-200
533,-200
534,-200
535,-200
536,-200
537,-200
538,-200
539,-200
540,-200
541,-200
542,-200
543,-200
544,-200
545,-200
546,-200
547,-200
548,-200
549,-200
550,-200
551,-200
552,-200
553,-200
554,-200
555,-200
556,-200
557,-200
558,-200
559,-200
560,-200
561,-200
562,-200
563,-200
564,-200
565,-200
566,-200
567,-200
568,-125
569,-200
570,-200
571,-200
572,-200
573,-200
574,-200
575,-200
576,-200
577,-200
578,-200
579,-200
580,-200
581,-200
582,-200
583,-200
584,-200
585,-200
586,-200
587,-200
588,-200
589,-200
590,-200
591,-200
592,-200
593,-200
594,-200
595,-200
596,-200
597,-200
598,-200
599,-200
600,-200
601,-200
602,-200
603,-200
604,-200
605,-200
606,-200
607,-200
608,-200
609,-200
610,-200
611,-200
612,-200
613,-200
614,-200
615,-200
616,-200
617,-200
618,-200
619,-200
620,-200
621,-200
622,-200
623,-200
624,-200
625,-200
626,-200
627,-200
628,-200
629,-200
630,-200
631,-200
632,-200
633,-200
634,-200
635,-200
636,-200
637,-250
638,-200
639,-200
640,-200
641,-200
642,-200
643,-200
644,-200
645,-200
646,-200
647,-200
648,-200
649,-200
650,-200
651,-200
652,-200
653,-200
654,-200
655,-200
656,-200
657,-200
658,-200
659,-200
660,-200
661,-200
662,-200
663,-200
664,-200
665,-200
666,-200
667,-200
668,-200
669,-200
670,-200
671,-200
672,-200
673,-200
674,-200
675,-200
676,-200
677,-200
678,-200
679,-200
680,-200
681,-200
682,-200
683,-200
684,-200
685,-200
686,-200
687,-200
688,-200
689,-200
690,-200
691,-200
692,-200
693,-200
694,-200
695,-200
696,-200
697,-200
698,-200
699,-200
700,-200
701,-200
702,-200
703,-200
704,-200
705,-200
706,-200
707,-200
708,-200
709,-200
710,-200
711,-200
712,-200
713,-200
714,-200
715,-200
716,-200
717,-200
718,-200
719,-200
720,-200
721,-200
722,-200
723,-200
724,-200
725,-200
726,-200
727,-200
728,-200
729,-200
730,-200
731,-200
732,-200
733,-200
734,-200
735,-200
736,-200
737,-200
738,-200
739,-200
740,-200
741,-200
742,-200
743,-200
744,-200
745,-200
746,-200
747,-200
748,-200
749,-200
750,-200
751,-200
752,-200
753,-200
754,-200
755,-200
756,-200
757,-200
758,-200
759,-200
760,-200
761,-200
762,-200
763,-200
764,-200
765,-200
766,-200
767,-200
768,-200
769,-200
770,-200
771,-200
772,-200
773,-200
774,-200
775,-200
776,-200
777,-200
778,-200
779,-200
780,-200
781,-200
782,-200
783,-200
784,-200
785,-200
786,-200
787,-200
788,-200
789,-200
790,-200
791,-200
792,-200
793,-200
794,-200
795,-200
796,-200
797,-200
798,-200
799,-200
800,-200
801,-200
802,-200
803,-200
804,-200
805,-200
806,-200
807,-200
808,-200
809,-200
810,-200
811,-200
812,-200
813,-200
814,-200
815,-200
816,-200
817,-200
818,-200
819,-200
820,-200
821,-200
822,-200
823,-200
824,-200
825,-200
826,-200
827,-200
828,-200
829,-200
830,-200
831,-200
832,-200
833,-200
834,-200
835,-200
836,-200
837,-200
838,-200
839,-200
840,-200
841,-200
842,-200
843,-200
844,-200
845,-200
846,-200
847,-200
848,-200
849,-200
850,-200
851,-200
852,-200
853,-200
854,-200
855,-200
856,-200
857,-200
858,-200
859,-200
860,-200
861,-200
862,-200
863,-200
864,-200
865,-200
866,-200
867,-200
868,-200
869,-200
870,-200
871,-200
872,-200
873,-200
874,-200
875,-200
876,-200
877,-200
878,-200
879,-200
880,-200
881,-200
882,-200
883,-200
884,-200
885,-200
886,-200
887,-200
888,-200
889,-200
890,-200
891,-200
892,-200
893,-200
894,-200
895,-200
896,-200
897,-200
898,-200
899,-200
900,-200
901,-200
902,-200
903,-200
904,-200
905,-200
906,-200
907,-200
908,-200
909,-200
910,-200
911,-200
912,-200
913,-200
914,-200
915,-200
916,-200
917,-200
918,-200
919,-200
920,-200
921,-200
922,-200
923,-200
924,-200
925,-200
926,-200
927,-200
928,-200
929,-200
930,-200
931,-200
932,-200
933,-200
934,-200
935,-200
936,-200
937,-200
938,-200
939,-200
940,-200
941,-200
942,-200
943,-200
944,-200
945,-200
946,-200
947,-200
948,-200
949,-202
950,-200
951,-200
952,-200
953,-200
954,-200
955,-200
956,-200
957,-200
958,-200
959,-200
960,-200
961,-200
962,-200
963,-125
964,-200
965,-200
966,-200
967,-200
968,-200
969,-200
970,-200
971,-200
972,-200
973,-200
974,-200
975,-200
976,-250
977,-200
978,-200
979,-200
980,-200
981,-200
982,-200
983,-200
984,-200
985,-125
986,-200
987,-200
988,-200
989,-200
990,-200
991,-200
992,-200
993,-200
994,-200
995,-200
996,-200
997,-200
998,-200
999,-200
1000,-200
1001,-200
1002,-200
1003,-200
1004,-200
1005,-608
1006,-200
1007,-200
1008,-202
1009,-200
1010,-200
1011,-200
1012,-200
1013,-200
1014,-200
1015,-200
1016,-200
1017,-200
1018,-200
1019,-200
1020,-200
1021,-200
1022,-200
1023,-200
1024,-200
1025,-200
1026,-200
1027,-200
1028,-200
1029,-200
1030,-202
1031,-200
1032,-200
1033,-200
1034,-200
1035,-200
1036,-200
1037,-200
1038,-200
1039,-200
1040,-200
1041,-200
1042,-200
1043,-200
1044,-200
1045,-200
1046,-200
1047,-200
1048,-200
1049,-200
1050,-200
1051,-200
1052,-200
1053,-200
1054,-200
1055,-200
1056,-200
1057,-200
1058,-200
1059,-200
1060,-200
1061,-200
1062,-200
1063,-200
1064,-200
1065,-200
1066,-200
1067,-200
1068,-200
1069,-200
1070,-200
1071,-200
1072,-200
1073,-200
1074,-200
1075,-200
1076,-200
1077,-200
1078,-200
1079,-200
1080,-200
1081,-200
1082,-200
1083,-200
1084,-200
1085,-200
1086,-200
1087,-200
1088,-200
1089,-200
1090,-200
1091,-200
1092,-200
1093,-200
1094,-200
1095,-200
1096,-200
1097,-200
1098,-200
1099,-200
1100,-200
1101,-200
1102,-200
1103,-200
1104,-200
1105,-200
1106,-200
1107,-200
1108,-200
1109,-200
1110,-200
1111,-200
1112,-250
1113,-200
1114,-200
1115,-200
1116,-200
1117,-200
1118,-200
1119,-200
1120,-200
1121,-200
1122,-200
1123,-200
1124,-200
1125,-200
1126,-200
1127,-200
1128,-200
1129,-200
1130,-200
1131,-200
1132,-200
1133,-200
1134,-200
1135,-200
1136,-200
1137,-200
1138,-200
1139,-200
1140,-200
1141,-200
1142,-200
1143,-200
1144,-200
1145,-200
1146,-200
1147,-200
1148,-200
1149,-200
1150,-200
1151,-200
1152,-200
1153,-200
1154,-200
1155,-200
1156,-200
1157,-200
1158,-200
1159,-200
1160,-200
1161,-200
1162,-200
1163,-200
1164,-200
1165,-200
1166,-200
1167,-200
1168,-200
1169,-200
1170,-200
1171,-200
1172,-200
1173,-200
1174,-200
1175,-200
1176,-200
1177,-200
1178,-200
1179,-200
1180,-200
1181,-200
1182,-200
1183,-200
1184,-200
1185,-200
1186,-200
1187,-200
1188,-200
1189,-200
1190,-200
1191,-200
1192,-200
1193,-200
1194,-200
1195,-200
1196,-200
1197,-200
1198,-200
1199,-200
1200,-200
1201,-200
1202,-200
1203,-200
1204,-200
1205,-200
1206,-200
1207,-200
1208,-200
1209,-200
1210,-200
1211,-200
1212,-200
1213,-200
1214,-200
1215,-200
1216,-200
1217,-200
1218,-200
1219,-200
1220,-200
1221,-200
1222,-200
1223,-200
1224,-200
1225,-200
1226,-200
1227,-200
1228,-200
1229,-200
1230,-200
1231,-200
1232,-200
1233,-200
1234,-200
1235,-200
1236,-200
1237,-200
1238,-200
1239,-200
1240,-200
1241,-200
1242,-200
1243,-200
1244,-200
1245,-200
1246,-250
1247,-200
1248,-200
1249,-200
1250,-200
1251,-200
1252,-200
1253,-200
1254,-200
1255,-200
1256,-200
1257,-200
1258,-200
1259,-200
1260,-200
1261,-200
1262,-200
1263,-200
1264,-200
1265,-200
1266,-200
1267,-200
1268,-200
1269,-200
1270,-200
1271,-200
1272,-200
1273,-200
1274,-200
1275,-200
1276,-200
1277,-200
1278,-200
1279,-200
1280,-200
1281,-200
1282,-200
1283,-200
1284,-200
1285,-200
1286,-200
1287,-200
1288,-200
1289,-200
1290,-200
1291,-200
1292,-200
1293,-200
1294,-200
1295,-200
1296,-200
1297,-200
1298,-200
1299,-200
1300,-200
1301,-200
1302,-200
1303,-200
1304,-200
1305,-200
1306,-200
1307,-200
1308,-200
1309,-200
1310,-200
1311,-200
1312,-200
1313,-200
1314,-200
1315,-200
1316,-200
1317,-200
1318,-200
1319,-200
1320,-200
1321,-200
1322,-200
1323,-200
1324,-200
1325,-200
1326,-200
1327,-200
1328,-200
1329,-200
1330,-200
1331,-200
1332,-200
1333,-200
1334,-200
1335,-200
1336,-200
1337,-200
1338,-200
1339,-200
1340,-200
1341,-200
1342,-200
1343,-200
1344,-200
1345,-200
1346,-200
1347,-200
1348,-200
1349,-200
1350,-200
1351,-200
1352,-200
1353,-200
1354,-200
1355,-200
1356,-200
1357,-200
1358,-200
1359,-200
1360,-200
1361,-200
1362,-200
1363,-200
1364,-200
1365,-200
1366,-200
1367,-200
1368,-200
1369,-200
1370,-200
1371,-200
1372,-200
1373,-200
1374,-200
1375,-200
1376,-200
1377,-200
1378,-200
1379,-200
1380,-200
1381,-200
1382,-200
1383,-200
1384,-200
1385,-200
1386,-200
1387,-200
1388,-200
1389,-200
1390,-200
1391,-200
1392,-200
1393,-200
1394,-200
1395,-200
1396,-200
1397,-200
1398,-200
1399,-200
1400,-200
1401,-200
1402,-200
1403,-200
1404,-200
1405,-200
1406,-200
1407,-200
1408,-200
1409,-200
1410,-200
1411,-200
1412,-200
1413,-200
1414,-200
1415,-200
1416,-200
1417,-200
1418,-200
1419,-200
1420,-200
1421,-200
1422,-200
1423,-200
1424,-200
1425,-200
1426,-200
1427,-200
1428,-200
1429,-200
1430,-200
1431,-200
1432,-200
1433,-200
1434,-200
1435,-200
1436,-200
1437,-200
1438,-200
1439,-200
1440,-200
1441,-200
1442,-200
1443,-200
1444,-200
1445,-200
1446,-200
1447,-200
1448,-200
1449,-200
1450,-200
1451,-200
1452,-200
1453,-200
1454,-200
1455,-200
1456,-200
1457,-200
1458,-200
1459,-200
1460,-200
1461,-200
1462,-200
1463,-200
1464,-200
1465,-200
1466,-200
1467,-200
1468,-200
1469,-200
1470,-200
1471,-200
1472,-200
1473,-200
1474,-200
1475,-200
1476,-200
1477,-200
1478,-200
1479,-200
1480,-200
1481,-200
1482,-200
1483,-200
1484,-200
1485,-200
1486,-200
1487,-200
1488,-200
1489,-200
1490,-200
1491,-200
1492,-200
1493,-200
1494,-200
1495,-200
1496,-200
1497,-200
1498,-200
1499,-200
1500,-200
1501,-200
1502,-200
1503,-200
1504,-200
1505,-200
1506,-200
1507,-200
1508,-200
1509,-200
1510,-200
1511,-200
1512,-200
1513,-200
1514,-200
1515,-200
1516,-200
1517,-200
1518,-200
1519,-200
1520,-200
1521,-200
1522,-200
1523,-200
1524,-200
1525,-200
1526,-200
1527,-200
1528,-200
1529,-200
1530,-200
1531,-200
1532,-200
1533,-200
1534,-200
1535,-200
1536,-200
1537,-200
1538,-200
1539,-200
1540,-200
1541,-200
1542,-200
1543,-200
1544,-200
1545,-200
1546,-200
1547,-200
1548,-200
1549,-200
1550,-200
1551,-200
1552,-200
1553,-200
1554,-200
1555,-200
1556,-200
1557,-200
1558,-200
1559,-200
1560,-200
1561,-200
1562,-200
1563,-200
1564,-200
1565,-200
1566,-200
1567,-200
1568,-200
1569,-200
1570,-200
1571,-200
1572,-200
1573,-200
1574,-200
1575,-200
1576,-200
1577,-200
1578,-200
1579,-200
1580,-200
1581,-200
1582,-200
1583,-200
1584,-200
1585,-200
1586,-200
1587,-200
1588,-200
1589,-200
1590,-200
1591,-200
1592,-200
1593,-200
1594,-200
1595,-200
1596,-200
1597,-200
1598,-200
1599,-200
1600,-200
1601,-200
1602,-200
1603,-200
1604,-200
1605,-200
1606,-200
1607,-200
1608,-200
1609,-200
1610,-200
1611,-200
1612,-200
1613,-200
1614,-200
1615,-200
1616,-200
1617,-200
1618,-200
1619,-200
1620,-200
1621,-200
1622,-200
1623,-250
1624,-200
1625,-200
1626,-200
1627,-200
1628,-200
1629,-200
1630,-200
1631,-200
1632,-200
1633,-200
1634,-200
1635,-200
1636,-200
1637,-200
1638,-200
1639,-200
1640,-200
1641,-200
1642,-200
1643,-200
1644,-200
1645,-200
1646,-200
1647,-200
1648,-200
1649,-200
1650,-200
1651,-200
1652,-200
1653,-200
1654,-200
1655,-200
1656,-200
1657,-200
1658,-200
1659,-200
1660,-200
1661,-200
1662,-200
1663,-200
1664,-200
1665,-200
1666,-200
1667,-200
1668,-200
1669,-200
1670,-200
1671,-200
1672,-200
1673,-200
1674,-200
1675,-200
1676,-200
1677,-200
1678,-200
1679,-200
1680,-200
1681,-200
1682,-200
1683,-200
1684,-200
1685,-200
1686,-200
1687,-200
1688,-200
1689,-200
1690,-200
1691,-200
1692,-200
1693,-200
1694,-200
1695,-200
1696,-200
1697,-250
1698,-200
1699,-200
1700,-200
1701,-200
1702,-200
1703,-200
1704,-200
1705,-200
1706,-200
1707,-200
1708,-200
1709,-200
1710,-200
1711,-200
1712,-200
1713,-200
1714,-200
1715,-200
1716,-200
1717,-200
1718,-200
1719,-200
1720,-200
1721,-200
1722,-200
1723,-200
1724,-200
1725,-200
1726,-200
1727,-200
1728,-200
1729,-200
1730,-200
1731,-200
1732,-200
1733,-200
1734,-200
1735,-200
1736,-200
1737,-200
1738,-200
1739,-200
1740,-200
1741,-200
1742,-200
1743,-200
1744,-200
1745,-200
1746,-200
1747,-200
1748,-200
1749,-200
1750,-200
1751,-200
1752,-200
1753,-200
1754,-200
1755,-200
1756,-200
1757,-200
1758,-200
1759,-200
1760,-200
1761,-250
1762,-200
1763,-200
1764,-200
1765,-200
1766,-200
1767,-200
1768,-200
1769,-200
1770,-200
1771,-200
1772,-200
1773,-200
1774,-200
1775,-200
1776,-200
1777,-200
1778,-200
1779,-200
1780,-200
1781,-200
1782,-200
1783,-200
1784,-200
1785,-200
1786,-200
1787,-200
1788,-200
1789,-200
1790,-200
1791,-200
1792,-200
1793,-200
1794,-200
1795,-200
1796,-200
1797,-200
1798,-200
1799,-200
1800,-200
1801,-200
1802,-200
1803,-200
1804,-200
1805,-200
1806,-200
1807,-200
1808,-200
1809,-200
1810,-200
1811,-200
1812,-200
1813,-200
1814,-200
1815,-200
1816,-200
1817,-200
1818,-200
1819,-200
1820,-200
1821,-200
1822,-200
1823,-200
1824,-200
1825,-200
1826,-200
1827,-200
1828,-200
1829,-200
1830,-200
1831,-200
1832,-200
1833,-200
1834,-200
1835,-200
1836,-200
1837,-200
1838,-200
1839,-200
1840,-200
1841,-200
1842,-200
1843,-200
1844,-200
1845,-200
1846,-200
1847,-200
1848,-200
1849,-200
1850,-200
1851,-200
1852,-200
1853,-200
1854,-200
1855,-200
1856,-200
1857,-200
1858,-200
1859,-200
1860,-200
1861,-200
1862,-200
1863,-200
1864,-200
1865,-200
1866,-200
1867,-200
1868,-200
1869,-200
1870,-200
1871,-200
1872,-200
1873,-200
1874,-200
1875,-200
1876,-250
1877,-200
1878,-200
1879,-200
1880,-200
1881,-200
1882,-200
1883,-200
1884,-200
1885,-200
1886,-200
1887,-200
1888,-200
1889,-200
1890,-200
1891,-200
1892,-200
1893,-200
1894,-200
1895,-200
1896,-200
1897,-200
1898,-200
1899,-200
1900,-200
1901,-200
1902,-200
1903,-200
1904,-200
1905,-200
1906,-200
1907,-200
1908,-200
1909,-200
1910,-200
1911,-200
1912,-200
1913,-200
1914,-200
1915,-200
1916,-200
1917,-200
1918,-200
1919,-200
1920,-200
1921,-200
1922,-200
1923,-200
1924,-200
1925,-200
1926,-200
1927,-200
1928,-200
1929,-200
1930,-200
1931,-200
1932,-200
1933,-200
1934,-200
1935,-200
1936,-200
1937,-200
1938,-200
1939,-200
1940,-200
1941,-200
1942,-200
1943,-200
1944,-200
1945,-200
1946,-200
1947,-200
1948,-200
1949,-200
1950,-200
1951,-200
1952,-200
1953,-200
1954,-200
1955,-200
1956,-200
1957,-200
1958,-200
1959,-200
1960,-200
1961,-200
1962,-200
1963,-200
1964,-200
1965,-200
1966,-200
1967,-200
1968,-200
1969,-200
1970,-200
1971,-200
1972,-200
1973,-200
1974,-200
1975,-200
1976,-200
1977,-200
1978,-200
1979,-200
1980,-200
1981,-200
1982,-200
1983,-200
1984,-200
1985,-200
1986,-200
1987,-200
1988,-200
1989,-200
1990,-200
1991,-200
1992,-200
1993,-200
1994,-200
1995,-200
1996,-200
1997,-200
1998,-200
1999,-200
2000,-200
2001,-202
2002,-200
2003,-200
2004,-200
2005,-200
2006,-200
2007,-200
2008,-200
2009,-200
2010,-200
2011,-200
2012,-200
2013,-200
2014,-200
2015,-200
2016,-200
2017,-200
2018,-200
2019,-200
2020,-200
2021,-200
2022,-200
2023,-200
2024,-200
2025,-200
2026,-200
2027,-200
2028,-200
2029,-200
2030,-200
2031,-200
2032,-200
2033,-200
2034,-200
2035,-200
2036,-200
2037,-200
2038,-200
2039,-200
2040,-200
2041,-200
2042,-200
2043,-200
2044,-200
2045,-200
2046,-200
2047,-200
2048,-200
2049,-200
2050,-200
2051,-200
2052,-200
2053,-200
2054,-200
2055,-200
2056,-200
2057,-200
2058,-200
2059,-200
2060,-200
2061,-200
2062,-200
2063,-200
2064,-200
2065,-200
2066,-200
2067,-200
2068,-200
2069,-200
2070,-200
2071,-200
2072,-200
2073,-200
2074,-200
2075,-200
2076,-250
2077,-200
2078,-200
2079,-200
2080,-202
2081,-200
2082,-200
2083,-200
2084,-200
2085,-200
2086,-200
2087,-200
2088,-200
2089,-200
2090,-200
2091,-250
2092,-200
2093,-200
2094,-200
2095,-200
2096,-200
2097,-200
2098,-200
2099,-200
2100,-200
2101,-200
2102,-200
2103,-200
2104,-200
2105,-200
2106,-200
2107,-200
2108,-200
2109,-200
2110,-200
2111,-200
2112,-200
2113,-200
2114,-200
2115,-200
2116,-200
2117,-200
2118,-200
2119,-200
2120,-200
2121,-200
2122,-200
2123,-200
2124,-200
2125,-200
2126,-200
2127,-200
2128,-200
2129,-200
2130,-200
2131,-200
2132,-200
2133,-200
2134,-200
2135,-200
2136,-202
2137,-200
2138,-200
2139,-200
2140,-200
2141,-200
2142,-200
2143,-200
2144,-200
2145,-200
2146,-200
2147,-200
2148,-200
2149,-200
2150,-200
2151,-200
2152,-200
2153,-200
2154,-200
2155,-200
2156,-200
2157,-200
2158,-200
2159,-200
2160,-200
2161,-200
2162,-200
2163,-200
2164,-200
2165,-200
2166,-200
2167,-200
2168,-200
2169,-200
2170,-200
2171,-200
2172,-200
2173,-200
2174,-200
2175,-200
2176,-200
2177,-200
2178,-200
2179,-200
2180,-202
2181,-200
2182,-200
2183,-200
2184,-200
2185,-200
2186,-125
2187,-200
2188,-200
2189,-200
2190,-200
2191,-200
2192,-200
2193,-200
2194,-200
2195,-200
2196,-200
2197,-200
2198,-200
2199,-200
2200,-200
2201,-200
2202,-200
2203,-200
2204,-200
2205,-200
2206,-200
2207,-200
2208,-200
2209,-200
2210,-200
2211,-200
2212,-200
2213,-200
2214,-200
2215,-200
2216,-200
2217,-200
2218,-200
2219,-200
2220,-200
2221,-200
2222,-200
2223,-200
2224,-200
2225,-200
2226,-200
2227,-200
2228,-200
2229,-200
2230,-200
2231,-200
2232,-200
2233,-200
2234,-200
2235,-200
2236,-200
2237,-200
2238,-200
2239,-200
2240,-200
2241,-200
2242,-200
2243,-200
2244,-200
2245,-200
2246,-200
2247,-200
2248,-200
2249,-200
2250,-200
2251,-200
2252,-200
2253,-200
2254,-200
2255,-200
2256,-200
2257,-200
2258,-200
2259,-200
2260,-200
2261,-200
2262,-200
2263,-200
2264,-200
2265,-200
2266,-200
2267,-200
2268,-200
2269,-200
2270,-200
2271,-200
2272,-200
2273,-200
2274,-200
2275,-200
2276,-200
2277,-200
2278,-200
2279,-200
2280,-200
2281,-200
2282,-200
2283,-200
2284,-200
2285,-200
2286,-200
2287,-200
2288,-200
2289,-200
2290,-200
2291,-200
2292,-200
2293,-200
2294,-200
2295,-200
2296,-200
2297,-200
2298,-200
2299,-200
2300,-200
2301,-200
2302,-200
2303,-200
2304,-200
2305,-200
2306,-200
2307,-200
2308,-200
2309,-200
2310,-200
2311,-200
2312,-200
2313,-200
2314,-200
2315,-200
2316,-200
2317,-200
2318,-200
2319,-200
2320,-200
2321,-200
2322,-200
2323,-200
2324,-200
2325,-200
2326,-200
2327,-200
2328,-200
2329,-200
2330,-200
2331,-200
2332,-200
2333,-200
2334,-200
2335,-200
2336,-200
2337,-200
2338,-200
2339,-200
2340,-200
2341,-200
2342,-200
2343,-200
2344,-200
2345,-200
2346,-200
2347,-200
2348,-200
2349,-200
2350,-200
2351,-200
2352,-200
2353,-200
2354,-200
2355,-200
2356,-200
2357,-200
2358,-200
2359,-200
2360,-200
2361,-200
2362,-200
2363,-200
2364,-200
2365,-200
2366,-200
2367,-200
2368,-200
2369,-200
2370,-200
2371,-200
2372,-200
2373,-200
2374,-200
2375,-200
2376,-200
2377,-200
2378,-200
2379,-200
2380,-200
2381,-200
2382,-200
2383,-200
2384,-200
2385,-200
2386,-200
2387,-200
2388,-200
2389,-200
2390,-200
2391,-200
2392,-200
2393,-200
2394,-200
2395,-200
2396,-200
2397,-200
2398,-200
2399,-200
2400,-200
2401,-200
2402,-200
2403,-200
2404,-200
2405,-200
2406,-200
2407,-200
2408,-200
2409,-200
2410,-200
2411,-200
2412,-200
2413,-200
2414,-200
2415,-200
2416,-200
2417,-200
2418,-200
2419,-200
2420,-200
2421,-200
2422,-200
2423,-200
2424,-200
2425,-200
2426,-200
2427,-200
2428,-200
2429,-200
2430,-200
2431,-200
2432,-200
2433,-200
2434,-200
2435,-200
2436,-200
2437,-200
2438,-200
2439,-200
2440,-200
2441,-200
2442,-200
2443,-200
2444,-200
2445,-200
2446,-200
2447,-200
2448,-200
2449,-200
2450,-200
2451,-200
2452,-200
2453,-200
2454,-200
2455,-200
2456,-200
2457,-200
2458,-200
2459,-200
2460,-200
2461,-200
2462,-200
2463,-200
2464,-200
2465,-200
2466,-200
2467,-200
2468,-200
2469,-200
2470,-200
2471,-200
2472,-200
2473,-200
2474,-200
2475,-200
2476,-200
2477,-200
2478,-250
2479,-200
2480,-200
2481,-200
2482,-200
2483,-200
2484,-200
2485,-200
2486,-200
2487,-200
2488,-200
2489,-200
2490,-200
2491,-200
2492,-200
2493,-200
2494,-200
2495,-200
2496,-200
2497,-200
2498,-200
2499,-200
2500,-200
2501,-200
2502,-200
2503,-200
2504,-200
2505,-200
2506,-200
2507,-200
2508,-200
2509,-200
2510,-200
2511,-200
2512,-200
2513,-200
2514,-200
2515,-200
2516,-200
2517,-200
2518,-200
2519,-200
2520,-200
2521,-200
2522,-200
2523,-200
2524,-200
2525,-200
2526,-200
2527,-200
2528,-200
2529,-200
2530,-200
2531,-200
2532,-200
2533,-200
2534,-200
2535,-200
2536,-200
2537,-200
2538,-200
2539,-200
2540,-200
2541,-200
2542,-200
2543,-200
2544,-200
2545,-200
2546,-200
2547,-200
2548,-200
2549,-250
2550,-200
2551,-200
2552,-200
2553,-200
2554,-200
2555,-200
2556,-200
2557,-200
2558,-200
2559,-200
2560,-200
2561,-202
2562,-200
2563,-200
2564,-200
2565,-200
2566,-200
2567,-200
2568,-200
2569,-200
2570,-200
2571,-200
2572,-200
2573,-200
2574,-200
2575,-200
2576,-200
2577,-200
2578,-200
2579,-200
2580,-200
2581,-200
2582,-200
2583,-200
2584,-200
2585,-200
2586,-200
2587,-200
2588,-200
2589,-200
2590,-200
2591,-200
2592,-200
2593,-200
2594,-200
2595,-200
2596,-200
2597,-200
2598,-200
2599,-200
2600,-200
2601,-200
2602,-200
2603,-200
2604,-200
2605,-200
2606,-200
2607,-200
2608,-200
2609,-200
2610,-200
2611,-200
2612,-200
2613,-200
2614,-200
2615,-200
2616,-200
2617,-200
2618,-200
2619,-200
2620,-200
2621,-200
2622,-200
2623,-200
2624,-200
2625,-200
2626,-200
2627,-200
2628,-200
2629,-200
2630,-200
2631,-200
2632,-200
2633,-200
2634,-200
2635,-200
2636,-200
2637,-200
2638,-200
2639,-200
2640,-200
2641,-200
2642,-200
2643,-200
2644,-200
2645,-200
2646,-200
2647,-200
2648,-200
2649,-200
2650,-200
2651,-200
2652,-200
2653,-200
2654,-200
2655,-200
2656,-200
2657,-200
2658,-200
2659,-200
2660,-200
2661,-200
2662,-200
2663,-200
2664,-200
2665,-200
2666,-200
2667,-200
2668,-200
2669,-200
2670,-200
2671,-200
2672,-200
2673,-200
2674,-200
2675,-200
2676,-200
2677,-200
2678,-200
2679,-200
2680,-200
2681,-200
2682,-200
2683,-200
2684,-200
2685,-200
2686,-200
2687,-200
2688,-200
2689,-200
2690,-200
2691,-200
2692,-200
2693,-200
2694,-200
2695,-200
2696,-200
2697,-200
2698,-200
2699,-200
2700,-200
2701,-200
2702,-200
2703,-200
2704,-200
2705,-200
2706,-200
2707,-200
2708,-200
2709,-200
2710,-200
2711,-200
2712,-200
2713,-200
2714,-200
2715,-200
2716,-200
2717,-200
2718,-200
2719,-200
2720,-200
2721,-200
2722,-200
2723,-200
2724,-200
2725,-200
2726,-200
2727,-200
2728,-200
2729,-200
2730,-200
2731,-200
2732,-200
2733,-200
2734,-200
2735,-200
2736,-200
2737,-200
2738,-200
2739,-200
2740,-200
2741,-250
2742,-200
2743,-200
2744,-200
2745,-200
2746,-200
2747,-200
2748,-200
2749,-200
2750,-200
2751,-200
2752,-200
2753,-200
2754,-200
2755,-200
2756,-200
2757,-200
2758,-200
2759,-200
2760,-200
2761,-200
2762,-200
2763,-200
2764,-200
2765,-200
2766,-200
2767,-200
2768,-200
2769,-200
2770,-200
2771,-200
2772,-200
2773,-200
2774,-200
2775,-200
2776,-200
2777,-200
2778,-200
2779,-200
2780,-200
2781,-200
2782,-200
2783,-200
2784,-200
2785,-200
2786,-200
2787,-200
2788,-200
2789,-200
2790,-200
2791,-200
2792,-200
2793,-200
2794,-200
2795,-200
2796,-200
2797,-200
2798,-200
2799,-200
2800,-200
2801,-200
2802,-200
2803,-200
2804,-200
2805,-200
2806,-200
2807,-200
2808,-200
2809,-200
2810,-200
2811,-200
2812,-200
2813,-200
2814,-200
2815,-200
2816,-200
2817,-200
2818,-200
2819,-200
2820,-200
2821,-200
2822,-200
2823,-200
2824,-200
2825,-200
2826,-200
2827,-200
2828,-200
2829,-200
2830,-200
2831,-200
2832,-200
2833,-200
2834,-200
2835,-200
2836,-200
2837,-200
2838,-200
2839,-200
2840,-200
2841,-200
2842,-200
2843,-200
2844,-200
2845,-200
2846,-200
2847,-200
2848,-200
2849,-200
2850,-200
2851,-200
2852,-200
2853,-200
2854,-200
2855,-200
2856,-200
2857,-200
2858,-200
2859,-200
2860,-200
2861,-200
2862,-200
2863,-200
2864,-200
2865,-200
2866,-200
2867,-200
2868,-200
2869,-200
2870,-200
2871,-200
2872,-200
2873,-200
2874,-200
2875,-200
2876,-200
2877,-200
2878,-200
2879,-200
2880,-200
2881,-200
2882,-200
2883,-200
2884,-200
2885,-200
2886,-200
2887,-200
2888,-200
2889,-200
2890,-200
2891,-200
2892,-200
2893,-200
2894,-200
2895,-200
2896,-200
2897,-200
2898,-200
2899,-200
2900,-200
2901,-200
2902,-200
2903,-200
2904,-200
2905,-200
2906,-200
2907,-200
2908,-200
2909,-200
2910,-200
2911,-200
2912,-200
2913,-200
2914,-200
2915,-200
2916,-200
2917,-200
2918,-200
2919,-200
2920,-200
2921,-200
2922,-200
2923,-202
2924,-200
2925,-200
2926,-200
2927,-200
2928,-200
2929,-200
2930,-200
2931,-200
2932,-200
2933,-200
2934,-200
2935,-200
2936,-200
2937,-200
2938,-200
2939,-200
2940,-200
2941,-200
2942,-200
2943,-200
2944,-200
2945,-200
2946,-200
2947,-250
2948,-200
2949,-200
2950,-200
2951,-200
2952,-200
2953,-200
2954,-200
2955,-200
2956,-200
2957,-200
2958,-200
2959,-200
2960,-200
2961,-200
2962,-200
2963,-200
2964,-202
2965,-200
2966,-200
2967,-200
2968,-200
2969,-200
2970,-200
2971,-200
2972,-200
2973,-200
2974,-200
2975,-200
2976,-200
2977,-200
2978,-200
2979,-200
2980,-200
2981,-200
2982,-200
2983,-200
2984,-200
2985,-200
2986,-202
2987,-200
2988,-200
2989,-200
2990,-200
2991,-200
2992,-200
2993,-200
2994,-200
2995,-200
2996,-200
2997,-200
2998,-200
2999,-200
3000,-200
3001,-200
3002,-200
3003,-200
3004,-200
3005,-200
3006,-200
3007,-200
3008,-200
3009,-200
3010,-200
3011,-200
3012,-200
3013,-200
3014,-200
3015,-200
3016,-200
3017,-200
3018,-200
3019,-200
3020,-200
3021,-200
3022,-200
3023,-200
3024,-200
3025,-200
3026,-200
3027,-200
3028,-200
3029,-200
3030,-200
3031,-202
3032,-200
3033,-200
3034,-200
3035,-200
3036,-200
3037,-200
3038,-200
3039,-202
3040,-200
3041,-200
3042,-200
3043,-200
3044,-200
3045,-200
3046,-202
3047,-200
3048,-200
3049,-200
3050,-200
3051,-200
3052,-200
3053,-200
3054,-200
3055,-200
3056,-200
3057,-200
3058,-200
3059,-200
3060,-200
3061,-200
3062,-200
3063,-200
3064,-200
3065,-200
3066,-200
3067,-200
3068,-200
3069,-200
3070,-200
3071,-200
3072,-200
3073,-200
3074,-200
3075,-200
3076,-200
3077,-200
3078,-200
3079,-200
3080,-200
3081,-200
3082,-200
3083,-200
3084,-200
3085,-200
3086,-200
3087,-200
3088,-200
3089,-200
3090,-200
3091,-200
3092,-200
3093,-200
3094,-200
3095,-200
3096,-200
3097,-125
3098,-200
3099,-200
3100,-200
3101,-200
3102,-200
3103,-200
3104,-200
3105,-200
3106,-200
3107,-200
3108,-200
3109,-200
3110,-200
3111,-200
3112,-200
3113,-200
3114,-200
3115,-200
3116,-200
3117,-200
3118,-200
3119,-200
3120,-200
3121,-200
3122,-200
3123,-200
3124,-200
3125,-200
3126,-200
3127,-200
3128,-200
3129,-200
3130,-200
3131,-200
3132,-200
3133,-200
3134,-200
3135,-200
3136,-200
3137,-200
3138,-200
3139,-200
3140,-200
3141,-200
3142,-200
3143,-200
3144,-200
3145,-200
3146,-200
3147,-200
3148,-200
3149,-200
3150,-200
3151,-200
3152,-200
3153,-200
3154,-200
3155,-200
3156,-200
3157,-200
3158,-200
3159,-200
3160,-200
3161,-200
3162,-200
3163,-200
3164,-200
3165,-200
3166,-200
3167,-200
3168,-200
3169,-200
3170,-200
3171,-200
3172,-200
3173,-200
3174,-200
3175,-200
3176,-200
3177,-200
3178,-200
3179,-200
3180,-200
3181,-200
3182,-200
3183,-200
3184,-200
3185,-200
3186,-200
3187,-200
3188,-200
3189,-200
3190,-200
3191,-200
3192,-200
3193,-200
3194,-200
3195,-200
3196,-200
3197,-200
3198,-200
3199,-200
3200,-200
3201,-200
3202,-200
3203,-200
3204,-200
3205,-200
3206,-200
3207,-200
3208,-200
3209,-200
3210,-200
3211,-200
3212,-200
3213,-200
3214,-200
3215,-200
3216,-200
3217,-200
3218,-200
3219,-200
3220,-200
3221,-200
3222,-200
3223,-200
3224,-200
3225,-200
3226,-200
3227,-200
3228,-200
3229,-200
3230,-200
3231,-200
3232,-200
3233,-200
3234,-200
3235,-200
3236,-200
3237,-200
3238,-200
3239,-200
3240,-200
3241,-200
3242,-200
3243,-200
3244,-200
3245,-200
3246,-200
3247,-200
3248,-200
3249,-200
3250,-200
3251,-200
3252,-200
3253,-200
3254,-200
3255,-200
3256,-200
3257,-200
3258,-200
3259,-202
3260,-200
3261,-200
3262,-200
3263,-200
3264,-200
3265,-200
3266,-200
3267,-200
3268,-200
3269,-200
3270,-200
3271,-200
3272,-200
3273,-200
3274,-200
3275,-200
3276,-200
3277,-200
3278,-200
3279,-200
3280,-200
3281,-200
3282,-200
3283,-200
3284,-200
3285,-200
3286,-200
3287,-200
3288,-200
3289,-200
3290,-200
3291,-200
3292,-200
3293,-200
3294,-200
3295,-200
3296,-200
3297,-200
3298,-200
3299,-200
3300,-200
3301,-200
3302,-200
3303,-200
3304,-200
3305,-200
3306,-200
3307,-200
3308,-200
3309,-200
3310,-200
3311,-200
3312,-200
3313,-200
3314,-200
3315,-200
3316,-200
3317,-200
3318,-200
3319,-200
3320,-200
3321,-200
3322,-200
3323,-200
3324,-200
3325,-200
3326,-200
3327,-200
3328,-200
3329,-200
3330,-200
3331,-200
3332,-200
3333,-200
3334,-200
3335,-200
3336,-200
3337,-200
3338,-200
3339,-200
3340,-200
3341,-200
3342,-200
3343,-200
3344,-200
3345,-200
3346,-200
3347,-200
3348,-200
3349,-200
3350,-200
3351,-200
3352,-200
3353,-200
3354,-200
3355,-200
3356,-200
3357,-200
3358,-200
3359,-200
3360,-200
3361,-200
3362,-200
3363,-200
3364,-200
3365,-200
3366,-200
3367,-200
3368,-200
3369,-200
3370,-200
3371,-200
3372,-200
3373,-200
3374,-200
3375,-200
3376,-125
3377,-200
3378,-200
3379,-200
3380,-200
3381,-200
3382,-200
3383,-200
3384,-200
3385,-200
3386,-200
3387,-200
3388,-200
3389,-200
3390,-200
3391,-202
3392,-200
3393,-200
3394,-200
3395,-200
3396,-200
3397,-200
3398,-200
3399,-200
3400,-200
3401,-200
3402,-200
3403,-200
3404,-200
3405,-200
3406,-200
3407,-200
3408,-200
3409,-200
3410,-200
3411,-200
3412,-200
3413,-200
3414,-200
3415,-200
3416,-200
3417,-200
3418,-200
3419,-200
3420,-200
3421,-200
3422,-200
3423,-200
3424,-200
3425,-200
3426,-200
3427,-200
3428,-200
3429,-200
3430,-200
3431,-200
3432,-200
3433,-200
3434,-200
3435,-200
3436,-200
3437,-200
3438,-200
3439,-200
3440,-200
3441,-200
3442,-202
3443,-200
3444,-200
3445,-200
3446,-200
3447,-200
3448,-200
3449,-200
3450,-200
3451,-200
3452,-200
3453,-200
3454,-200
3455,-200
3456,-200
3457,-200
3458,-200
3459,-200
3460,-200
3461,-200
3462,-200
3463,-200
3464,-200
3465,-200
3466,-200
3467,-200
3468,-200
3469,-200
3470,-200
3471,-200
3472,-200
3473,-200
3474,-200
3475,-200
3476,-200
3477,-200
3478,-200
3479,-200
3480,-200
3481,-200
3482,-200
3483,-200
3484,-200
3485,-200
3486,-200
3487,-200
3488,-200
3489,-200
3490,-200
3491,-200
3492,-200
3493,-200
3494,-200
3495,-200
3496,-200
3497,-200
3498,-125
3499,-200
3500,-200
3501,-200
3502,-200
3503,-200
3504,-200
3505,-200
3506,-200
3507,-200
3508,-200
3509,-200
3510,-200
3511,-200
3512,-200
3513,-200
3514,-200
3515,-200
3516,-200
3517,-200
3518,-200
3519,-200
3520,-200
3521,-200
3522,-200
3523,-200
3524,-200
3525,-200
3526,-200
3527,-200
3528,-200
3529,-200
3530,-200
3531,-200
3532,-200
3533,-200
3534,-200
3535,-200
3536,-200
3537,-200
3538,-125
3539,-200
3540,-200
3541,-200
3542,-200
3543,-200
3544,-200
3545,-200
3546,-200
3547,-200
3548,-200
3549,-200
3550,-200
3551,-200
3552,-200
3553,-200
3554,-200
3555,-200
3556,-200
3557,-200
3558,-200
3559,-200
3560,-200
3561,-200
3562,-200
3563,-200
3564,-200
3565,-200
3566,-200
3567,-200
3568,-200
3569,-200
3570,-200
3571,-200
3572,-200
3573,-200
3574,-200
3575,-200
3576,-200
3577,-200
3578,-200
3579,-200
3580,-200
3581,-200
3582,-200
3583,-200
3584,-200
3585,-200
3586,-200
3587,-200
3588,-200
3589,-200
3590,-200
3591,-200
3592,-200
3593,-200
3594,-200
3595,-200
3596,-200
3597,-200
3598,-200
3599,-200
3600,-200
3601,-200
3602,-200
3603,-200
3604,-200
3605,-200
3606,-200
3607,-200
3608,-200
3609,-200
3610,-200
3611,-200
3612,-200
3613,-200
3614,-200
3615,-200
3616,-200
3617,-200
3618,-200
3619,-200
3620,-200
3621,-200
3622,-200
3623,-200
3624,-200
3625,-200
3626,-200
3627,-200
3628,-200
3629,-200
3630,-200
3631,-200
3632,-200
3633,-200
3634,-200
3635,-200
3636,-200
3637,-200
3638,-200
3639,-200
3640,-200
3641,-200
3642,-200
3643,-200
3644,-200
3645,-200
3646,-200
3647,-200
3648,-200
3649,-200
3650,-200
3651,-200
3652,-200
3653,-200
3654,-200
3655,-200
3656,-200
3657,-200
3658,-200
3659,-200
3660,-200
3661,-200
3662,-200
3663,-200
3664,-200
3665,-200
3666,-200
3667,-200
3668,-200
3669,-200
3670,-200
3671,-200
3672,-200
3673,-200
3674,-200
3675,-200
3676,-200
3677,-200
3678,-200
3679,-200
3680,-202
3681,-200
3682,-200
3683,-200
3684,-200
3685,-200
3686,-200
3687,-200
3688,-200
3689,-200
3690,-200
3691,-200
3692,-200
3693,-200
3694,-200
3695,-200
3696,-200
3697,-200
3698,-200
3699,-200
3700,-200
3701,-200
3702,-200
3703,-200
3704,-200
3705,-200
3706,-200
3707,-200
3708,-200
3709,-200
3710,-200
3711,-200
3712,-200
3713,-200
3714,-200
3715,-200
3716,-200
3717,-200
3718,-200
3719,-200
3720,-200
3721,-200
3722,-200
3723,-200
3724,-200
3725,-200
3726,-200
3727,-200
3728,-200
3729,-200
3730,-200
3731,-125
3732,-200
3733,-200
3734,-250
3735,-200
3736,-200
3737,-200
3738,-200
3739,-200
3740,-200
3741,-200
3742,-200
3743,-200
3744,-200
3745,-200
3746,-200
3747,-200
3748,-200
3749,-200
3750,-200
3751,-200
3752,-200
3753,-200
3754,-200
3755,-200
3756,-200
3757,-200
3758,-200
3759,-200
3760,-200
3761,-200
3762,-200
3763,-200
3764,-200
3765,-200
3766,-200
3767,-200
3768,-200
3769,-200
3770,-200
3771,-200
3772,-200
3773,-200
3774,-200
3775,-200
3776,-200
3777,-200
3778,-200
3779,-200
3780,-200
3781,-200
3782,-200
3783,-202
3784,-200
3785,-200
3786,-200
3787,-200
3788,-200
3789,-200
3790,-200
3791,-200
3792,-200
3793,-200
3794,-200
3795,-200
3796,-200
3797,-200
3798,-200
3799,-200
3800,-200
3801,-200
3802,-200
3803,-200
3804,-200
3805,-200
3806,-200
3807,-200
3808,-200
3809,-200
3810,-200
3811,-200
3812,-200
3813,-200
3814,-200
3815,-200
3816,-200
3817,-200
3818,-200
3819,-200
3820,-200
3821,-200
3822,-200
3823,-200
3824,-200
3825,-200
3826,-200
3827,-200
3828,-200
3829,-200
3830,-200
3831,-200
3832,-200
3833,-200
3834,-200
3835,-200
3836,-200
3837,-200
3838,-200
3839,-200
3840,-200
3841,-200
3842,-200
3843,-200
3844,-200
3845,-200
3846,-200
3847,-200
3848,-200
3849,-200
3850,-200
3851,-200
3852,-200
3853,-202
3854,-200
3855,-200
3856,-200
3857,-200
3858,-200
3859,-250
3860,-200
3861,-200
3862,-200
3863,-200
3864,-200
3865,-200
3866,-250
3867,-200
3868,-200
3869,-200
3870,-200
3871,-200
3872,-200
3873,-200
3874,-200
3875,-200
3876,-200
3877,-200
3878,-200
3879,-200
3880,-200
3881,-200
3882,-200
3883,-200
3884,-200
3885,-200
3886,-200
3887,-200
3888,-200
3889,-200
3890,-200
3891,-200
3892,-200
3893,-200
3894,-200
3895,-200
3896,-200
3897,-200
3898,-200
3899,-200
3900,-200
3901,-200
3902,-200
3903,-200
3904,-200
3905,-200
3906,-200
3907,-200
3908,-200
3909,-200
3910,-200
3911,-200
3912,-200
3913,-200
3914,-200
3915,-200
3916,-200
3917,-200
3918,-200
3919,-200
3920,-200
3921,-200
3922,-200
3923,-200
3924,-200
3925,-200
3926,-200
3927,-200
3928,-200
3929,-200
3930,-200
3931,-200
3932,-200
3933,-200
3934,-200
3935,-200
3936,-200
3937,-200
3938,-200
3939,-200
3940,-200
3941,-200
3942,-200
3943,-200
3944,-200
3945,-200
3946,-200
3947,-202
3948,-200
3949,-200
3950,-200
3951,-200
3952,-200
3953,-200
3954,-200
3955,-200
3956,-200
3957,-200
3958,-200
3959,-200
3960,-200
3961,-200
3962,-200
3963,-200
3964,-200
3965,-200
3966,-200
3967,-200
3968,-200
3969,-200
3970,-200
3971,-200
3972,-200
3973,-200
3974,-200
3975,-200
3976,-200
3977,-200
3978,-200
3979,-200
3980,-125
3981,-200
3982,-200
3983,-200
3984,-200
3985,-200
3986,-200
3987,-200
3988,-200
3989,-200
3990,-200
3991,-200
3992,-200
3993,-200
3994,-200
3995,-200
3996,-200
3997,-200
3998,-200
3999,-200
4000,-200
4001,-200
4002,-200
4003,-200
4004,-200
4005,-200
4006,-200
4007,-200
4008,-200
4009,-200
4010,-200
4011,-200
4012,-200
4013,-200
4014,-200
4015,-200
4016,-200
4017,-200
4018,-200
4019,-200
4020,-200
4021,-200
4022,-200
4023,-200
4024,-200
4025,-200
4026,-200
4027,-200
4028,-200
4029,-250
4030,-200
4031,-200
4032,-200
4033,-200
4034,-200
4035,-200
4036,-200
4037,-200
4038,-200
4039,-200
4040,-200
4041,-200
4042,-200
4043,-200
4044,-200
4045,-200
4046,-200
4047,-200
4048,-200
4049,-200
4050,-200
4051,-200
4052,-200
4053,-200
4054,-200
4055,-200
4056,-200
4057,-200
4058,-200
4059,-200
4060,-200
4061,-200
4062,-200
4063,-200
4064,-200
4065,-200
4066,-200
4067,-200
4068,-200
4069,-200
4070,-200
4071,-200
4072,-200
4073,-200
4074,-200
4075,-200
4076,-200
4077,-200
4078,-200
4079,-200
4080,-200
4081,-200
4082,-200
4083,-200
4084,-200
4085,-200
4086,-200
4087,-200
4088,-200
4089,-200
4090,-200
4091,-200
4092,-200
4093,-200
4094,-200
4095,-200
4096,-200
4097,-200
4098,-200
4099,-200
4100,-200
4101,-200
4102,-200
4103,-200
4104,-200
4105,-200
4106,-200
4107,-200
4108,-200
4109,-200
4110,-200
4111,-200
4112,-200
4113,-200
4114,-200
4115,-200
4116,-200
4117,-200
4118,-200
4119,-200
4120,-200
4121,-200
4122,-200
4123,-200
4124,-200
4125,-200
4126,-200
4127,-200
4128,-200
4129,-200
4130,-200
4131,-200
4132,-200
4133,-200
4134,-200
4135,-200
4136,-200
4137,-200
4138,-200
4139,-200
4140,-200
4141,-200
4142,-200
4143,-200
4144,-200
4145,-200
4146,-200
4147,-200
4148,-200
4149,-200
4150,-200
4151,-200
4152,-200
4153,-200
4154,-200
4155,-200
4156,-200
4157,-200
4158,-200
4159,-200
4160,-200
4161,-200
4162,-200
4163,-200
4164,-200
4165,-200
4166,-200
4167,-200
4168,-200
4169,-200
4170,-200
4171,-200
4172,-200
4173,-200
4174,-200
4175,-200
4176,-200
4177,-200
4178,-200
4179,-200
4180,-200
4181,-200
4182,-200
4183,-200
4184,-200
4185,-200
4186,-200
4187,-200
4188,-200
4189,-200
4190,-200
4191,-200
4192,-200
4193,-200
4194,-200
4195,-200
4196,-200
4197,-200
4198,-200
4199,-200
4200,-200
4201,-200
4202,-200
4203,-200
4204,-200
4205,-200
4206,-200
4207,-200
4208,-200
4209,-200
4210,-200
4211,-200
4212,-200
4213,-200
4214,-200
4215,-200
4216,-200
4217,-200
4218,-200
4219,-200
4220,-200
4221,-200
4222,-200
4223,-200
4224,-200
4225,-202
4226,-200
4227,-200
4228,-200
4229,-200
4230,-200
4231,-200
4232,-200
4233,-200
4234,-200
4235,-200
4236,-200
4237,-200
4238,-200
4239,-200
4240,-200
4241,-200
4242,-200
4243,-200
4244,-200
4245,-200
4246,-200
4247,-200
4248,-200
4249,-200
4250,-200
4251,-200
4252,-200
4253,-200
4254,-200
4255,-200
4256,-200
4257,-200
4258,-200
4259,-200
4260,-200
4261,-200
4262,-200
4263,-200
4264,-200
4265,-200
4266,-200
4267,-200
4268,-200
4269,-200
4270,-200
4271,-200
4272,-200
4273,-200
4274,-200
4275,-200
4276,-200
4277,-200
4278,-200
4279,-200
4280,-200
4281,-200
4282,-200
4283,-200
4284,-200
4285,-200
4286,-200
4287,-200
4288,-200
4289,-200
4290,-200
4291,-200
4292,-200
4293,-200
4294,-200
4295,-200
4296,-200
4297,-200
4298,-200
4299,-200
4300,-200
4301,-200
4302,-200
4303,-200
4304,-200
4305,-200
4306,-200
4307,-200
4308,-200
4309,-200
4310,-200
4311,-200
4312,-200
4313,-200
4314,-200
4315,-200
4316,-200
4317,-200
4318,-200
4319,-200
4320,-200
4321,-200
4322,-200
4323,-200
4324,-200
4325,-200
4326,-200
4327,-200
4328,-200
4329,-200
4330,-250
4331,-200
4332,-200
4333,-200
4334,-200
4335,-200
4336,-200
4337,-200
4338,-200
4339,-200
4340,-200
4341,-200
4342,-200
4343,-200
4344,-200
4345,-200
4346,-200
4347,-200
4348,-200
4349,-200
4350,-200
4351,-200
4352,-200
4353,-200
4354,-200
4355,-200
4356,-200
4357,-200
4358,-200
4359,-200
4360,-200
4361,-200
4362,-200
4363,-200
4364,-200
4365,-200
4366,-200
4367,-200
4368,-200
4369,-250
4370,-200
4371,-200
4372,-200
4373,-200
4374,-200
4375,-200
4376,-200
4377,-200
4378,-200
4379,-200
4380,-200
4381,-200
4382,-200
4383,-200
4384,-200
4385,-200
4386,-200
4387,-200
4388,-200
4389,-200
4390,-200
4391,-200
4392,-200
4393,-200
4394,-200
4395,-200
4396,-200
4397,-200
4398,-200
4399,-200
4400,-200
4401,-200
4402,-200
4403,-200
4404,-200
4405,-200
4406,-200
4407,-200
4408,-200
4409,-200
4410,-200
4411,-200
4412,-200
4413,-200
4414,-200
4415,-200
4416,-200
4417,-200
4418,-200
4419,-200
4420,-200
4421,-200
4422,-200
4423,-200
4424,-200
4425,-200
4426,-200
4427,-200
4428,-200
4429,-200
4430,-200
4431,-200
4432,-200
4433,-200
4434,-200
4435,-200
4436,-200
4437,-200
4438,-200
4439,-200
4440,-200
4441,-200
4442,-200
4443,-200
4444,-200
4445,-200
4446,-200
4447,-200
4448,-200
4449,-200
4450,-200
4451,-200
4452,-200
4453,-200
4454,-200
4455,-200
4456,-200
4457,-200
4458,-250
4459,-200
4460,-200
4461,-200
4462,-200
4463,-200
4464,-200
4465,-200
4466,-200
4467,-200
4468,-200
4469,-200
4470,-200
4471,-200
4472,-200
4473,-200
4474,-200
4475,-200
4476,-200
4477,-200
4478,-200
4479,-200
4480,-200
4481,-200
4482,-200
4483,-200
4484,-200
4485,-200
4486,-200
4487,-200
4488,-200
4489,-200
4490,-200
4491,-200
4492,-200
4493,-200
4494,-200
4495,-200
4496,-200
4497,-200
4498,-200
4499,-200
4500,-200
4501,-200
4502,-200
4503,-200
4504,-200
4505,-200
4506,-200
4507,-200
4508,-200
4509,-200
4510,-200
4511,-200
4512,-200
4513,-200
4514,-200
4515,-200
4516,-200
4517,-200
4518,-200
4519,-200
4520,-200
4521,-200
4522,-200
4523,-200
4524,-200
4525,-200
4526,-200
4527,-200
4528,-200
4529,-200
4530,-200
4531,-200
4532,-200
4533,-200
4534,-200
4535,-200
4536,-200
4537,-200
4538,-200
4539,-200
4540,-200
4541,-200
4542,-200
4543,-200
4544,-200
4545,-200
4546,-200
4547,-200
4548,-200
4549,-200
4550,-250
4551,-200
4552,-200
4553,-200
4554,-200
4555,-200
4556,-200
4557,-200
4558,-200
4559,-200
4560,-200
4561,-200
4562,-200
4563,-200
4564,-200
4565,-200
4566,-200
4567,-200
4568,-200
4569,-200
4570,-200
4571,-200
4572,-202
4573,-200
4574,-200
4575,-200
4576,-200
4577,-200
4578,-200
4579,-200
4580,-200
4581,-200
4582,-200
4583,-200
4584,-200
4585,-200
4586,-200
4587,-200
4588,-200
4589,-200
4590,-200
4591,-200
4592,-200
4593,-200
4594,-200
4595,-200
4596,-200
4597,-200
4598,-200
4599,-200
4600,-200
4601,-200
4602,-200
4603,-200
4604,-200
4605,-200
4606,-200
4607,-200
4608,-200
4609,-200
4610,-200
4611,-200
4612,-200
4613,-200
4614,-200
4615,-200
4616,-200
4617,-200
4618,-200
4619,-200
4620,-200
4621,-200
4622,-200
4623,-200
4624,-200
4625,-200
4626,-200
4627,-200
4628,-200
4629,-200
4630,-200
4631,-200
4632,-200
4633,-200
4634,-200
4635,-200
4636,-200
4637,-200
4638,-200
4639,-200
4640,-200
4641,-200
4642,-200
4643,-200
4644,-200
4645,-200
4646,-200
4647,-200
4648,-200
4649,-200
4650,-200
4651,-200
4652,-200
4653,-200
4654,-200
4655,-200
4656,-200
4657,-250
4658,-200
4659,-200
4660,-200
4661,-200
4662,-200
4663,-200
4664,-200
4665,-200
4666,-200
4667,-200
4668,-200
4669,-200
4670,-200
4671,-200
4672,-200
4673,-200
4674,-200
4675,-200
4676,-200
4677,-200
4678,-200
4679,-200
4680,-200
4681,-200
4682,-200
4683,-200
4684,-200
4685,-200
4686,-200
4687,-200
4688,-200
4689,-200
4690,-200
4691,-200
4692,-200
4693,-200
4694,-200
4695,-200
4696,-200
4697,-200
4698,-200
4699,-200
4700,-200
4701,-200
4702,-200
4703,-200
4704,-200
4705,-200
4706,-200
4707,-200
4708,-200
4709,-200
4710,-200
4711,-200
4712,-200
4713,-200
4714,-200
4715,-200
4716,-200
4717,-250
4718,-200
4719,-200
4720,-200
4721,-200
4722,-200
4723,-200
4724,-200
4725,-200
4726,-200
4727,-200
4728,-200
4729,-200
4730,-200
4731,-200
4732,-200
4733,-200
4734,-200
4735,-200
4736,-200
4737,-200
4738,-200
4739,-200
4740,-200
4741,-200
4742,-200
4743,-200
4744,-200
4745,-200
4746,-200
4747,-200
4748,-200
4749,-200
4750,-200
4751,-200
4752,-200
4753,-200
4754,-200
4755,-200
4756,-200
4757,-200
4758,-200
4759,-200
4760,-200
4761,-200
4762,-125
4763,-200
4764,-200
4765,-200
4766,-200
4767,-200
4768,-200
4769,-200
4770,-200
4771,-200
4772,-200
4773,-200
4774,-200
4775,-200
4776,-200
4777,-200
4778,-200
4779,-200
4780,-200
4781,-200
4782,-200
4783,-200
4784,-200
4785,-200
4786,-200
4787,-200
4788,-200
4789,-200
4790,-200
4791,-200
4792,-200
4793,-200
4794,-200
4795,-200
4796,-200
4797,-200
4798,-200
4799,-200
4800,-200
4801,-200
4802,-200
4803,-200
4804,-200
4805,-200
4806,-200
4807,-200
4808,-200
4809,-200
4810,-200
4811,-200
4812,-200
4813,-200
4814,-200
4815,-200
4816,-200
4817,-200
4818,-200
4819,-200
4820,-200
4821,-200
4822,-200
4823,-200
4824,-200
4825,-200
4826,-200
4827,-200
4828,-200
4829,-200
4830,-250
4831,-200
4832,-200
4833,-200
4834,-250
4835,-200
4836,-200
4837,-200
4838,-200
4839,-200
4840,-200
4841,-200
4842,-200
4843,-200
4844,-200
4845,-200
4846,-200
4847,-200
4848,-200
4849,-200
4850,-200
4851,-200
4852,-200
4853,-200
4854,-200
4855,-200
4856,-200
4857,-200
4858,-200
4859,-202
4860,-200
4861,-200
4862,-200
4863,-200
4864,-200
4865,-200
4866,-200
4867,-200
4868,-200
4869,-200
4870,-200
4871,-200
4872,-200
4873,-200
4874,-200
4875,-200
4876,-200
4877,-200
4878,-200
4879,-200
4880,-200
4881,-200
4882,-200
4883,-200
4884,-200
4885,-200
4886,-200
4887,-200
4888,-200
4889,-200
4890,-200
4891,-200
4892,-200
4893,-200
4894,-200
4895,-200
4896,-200
4897,-200
4898,-200
4899,-200
4900,-200
4901,-200
4902,-200
4903,-200
4904,-200
4905,-200
4906,-200
4907,-200
4908,-200
4909,-200
4910,-200
4911,-200
4912,-200
4913,-200
4914,-200
4915,-200
4916,-200
4917,-200
4918,-200
4919,-200
4920,-200
4921,-200
4922,-200
4923,-200
4924,-200
4925,-200
4926,-200
4927,-200
4928,-200
4929,-200
4930,-200
4931,-200
4932,-200
4933,-200
4934,-200
4935,-200
4936,-200
4937,-200
4938,-200
4939,-200
4940,-200
4941,-200
4942,-200
4943,-200
4944,-200
4945,-200
4946,-200
4947,-200
4948,-200
4949,-200
4950,-200
4951,-200
4952,-200
4953,-200
4954,-200
4955,-200
4956,-200
4957,-200
4958,-250
4959,-200
4960,-200
4961,-202
4962,-200
4963,-200
4964,-200
4965,-200
4966,-200
4967,-200
4968,-200
4969,-200
4970,-200
4971,-200
4972,-200
4973,-200
4974,-200
4975,-200
4976,-200
4977,-200
4978,-200
4979,-200
4980,-125
4981,-125
4982,-125
4983,-125
4984,-125
4985,-125
4986,-125
4987,-125
4988,-125
4989,-125
4990,-125
4991,-125
4992,-125
4993,-125
4994,-125
4995,-125
4996,-125
4997,-125
4998,-125
4999,-125
5000,-125
5001,-125
5002,-125
5003,-125
5004,-125
5005,-125
5006,-125
5007,-125
5008,-125
5009,-125
5010,-125
5011,-125
5012,-125
5013,-125
5014,-125
5015,-125
5016,-125
5017,-125
5018,-125
5019,-125
5020,-125
5021,-125
5022,-125
5023,-125
5024,-125
5025,-125
5026,-125
5027,-125
5028,-125
5029,-125
5030,-125
5031,-125
5032,-125
5033,-125
5034,-125
5035,-125
5036,-125
5037,-125
5038,-125
5039,-125
5040,-125
5041,-125
5042,-125
5043,-125
5044,-125
5045,-125
5046,-125
5047,-125
5048,-175
5049,-125
5050,-125
5051,-125
5052,-125
5053,-125
5054,-125
5055,-125
5056,-125
5057,-125
5058,-125
5059,-125
5060,-125
5061,-125
5062,-125
5063,-125
5064,-125
5065,-125
5066,-125
5067,-125
5068,-125
5069,-125
5070,-125
5071,-125
5072,-125
5073,-125
5074,-125
5075,-125
5076,-125
5077,-125
5078,-125
5079,-125
5080,-125
5081,-125
5082,-125
5083,-125
5084,-125
5085,-125
5086,-125
5087,-125
5088,-127
5089,-125
5090,-125
5091,-125
5092,-125
5093,-125
5094,-125
5095,-125
5096,-125
5097,-125
5098,-125
5099,-125
5100,-125
5101,-125
5102,-125
5103,-125
5104,-125
5105,-125
5106,-125
5107,-125
5108,-125
5109,-125
5110,-125
5111,-125
5112,-125
5113,-125
5114,-125
5115,-125
5116,-125
5117,-125
5118,-125
5119,-125
5120,-125
5121,-125
5122,-125
5123,-125
5124,-125
5125,-125
5126,-125
5127,-125
5128,-125
5129,-125
5130,-125
5131,-125
5132,-125
5133,-125
5134,-125
5135,-125
5136,-125
5137,-125
5138,-125
5139,-125
5140,-125
5141,-125
5142,-125
5143,-125
5144,-125
5145,-125
5146,-125
5147,-125
5148,-125
5149,-125
5150,-125
5151,-125
5152,-125
5153,-125
5154,-125
5155,-125
5156,-125
5157,-125
5158,-125
5159,-125
5160,-125
5161,-125
5162,-125
5163,-125
5164,-125
5165,-125
5166,-125
5167,-125
5168,-125
5169,-125
5170,-125
5171,-125
5172,-125
5173,-125
5174,-125
5175,-125
5176,-125
5177,-125
5178,-125
5179,-125
5180,-125
5181,-125
5182,-125
5183,-125
5184,-125
5185,-125
5186,-125
5187,-125
5188,-125
5189,-125
5190,-125
5191,-125
5192,-125
5193,-125
5194,-125
5195,-125
5196,-125
5197,-125
5198,-125
5199,-125
5200,-125
5201,-125
5202,-125
5203,-125
5204,-125
5205,-125
5206,-125
5207,-125
5208,-125
5209,-125
5210,-125
5211,-125
5212,-125
5213,-125
5214,-125
5215,-125
5216,-125
5217,-125
5218,-125
5219,-125
5220,-125
5221,-125
5222,-125
5223,-125
5224,-125
5225,-125
5226,-125
5227,-125
5228,-125
5229,-125
5230,-125
5231,-125
5232,-125
5233,-125
5234,-125
5235,-125
5236,-125
5237,-125
5238,-125
5239,-125
5240,-125
5241,-125
5242,-125
5243,-125
5244,-125
5245,-125
5246,-125
5247,-125
5248,-125
5249,-125
5250,-125
5251,-125
5252,-125
5253,-125
5254,-125
5255,-125
5256,-125
5257,-125
5258,-125
5259,-125
5260,-125
5261,-125
5262,-125
5263,-125
5264,-125
5265,-125
5266,-125
5267,-125
5268,-125
5269,-125
5270,-125
5271,-125
5272,-125
5273,-125
5274,-125
5275,-125
5276,-125
5277,-125
5278,-125
5279,-125
5280,-125
5281,-125
5282,-125
5283,-125
5284,-125
5285,-125
5286,-125
5287,-125
5288,-125
5289,-125
5290,-125
5291,-125
5292,-125
5293,-125
5294,-125
5295,-125
5296,-125
5297,-125
5298,-125
5299,-125
5300,-125
5301,-125
5302,-125
5303,-125
5304,-125
5305,-125
5306,-125
5307,-125
5308,-125
5309,-125
5310,-125
5311,-125
5312,-125
5313,-125
5314,-125
5315,-125
5316,-125
5317,-125
5318,-125
5319,-125
5320,-125
5321,-125
5322,-125
5323,-125
5324,-125
5325,-125
5326,-125
5327,-125
5328,-125
5329,-125
5330,-125
5331,-125
5332,-125
5333,-175
5334,-125
5335,-125
5336,-125
5337,-125
5338,-125
5339,-125
5340,-125
5341,-125
5342,-125
5343,-125
5344,-125
5345,-125
5346,-125
5347,-125
5348,-125
5349,-125
5350,-125
5351,-125
5352,-125
5353,-125
5354,-125
5355,-125
5356,-125
5357,-125
5358,-125
5359,-125
5360,-125
5361,-125
5362,-125
5363,-125
5364,-125
5365,-125
5366,-125
5367,-125
5368,-125
5369,-125
5370,-125
5371,-175
5372,-125
5373,-125
5374,-125
5375,-125
5376,-125
5377,-125
5378,-125
5379,-125
5380,-125
5381,-125
5382,-125
5383,-125
5384,-125
5385,-125
5386,-125
5387,-125
5388,-125
5389,-125
5390,-125
5391,-125
5392,-125
5393,-125
5394,-125
5395,-125
5396,-125
5397,-125
5398,-125
5399,-125
5400,-125
5401,-125
5402,-125
5403,-125
5404,-125
5405,-125
5406,-125
5407,-125
5408,-125
5409,-125
5410,-175
5411,-125
5412,-125
5413,-125
5414,-125
5415,-125
5416,-125
5417,-125
5418,-125
5419,-125
5420,-125
5421,-125
5422,-125
5423,-125
5424,-125
5425,-125
5426,-125
5427,-125
5428,-125
5429,-125
5430,-125
5431,-125
5432,-125
5433,-125
5434,-125
5435,-125
5436,-125
5437,-125
5438,-125
5439,-125
5440,-125
5441,-125
5442,-125
5443,-125
5444,-125
5445,-125
5446,-125
5447,-125
5448,-125
5449,-125
5450,-125
5451,-125
5452,-125
5453,-125
5454,-125
5455,-125
5456,-125
5457,-125
5458,-125
5459,-125
5460,-125
5461,-125
5462,-125
5463,-125
5464,-125
5465,-125
5466,-125
5467,-125
5468,-125
5469,-125
5470,-125
5471,-125
5472,-125
5473,-125
5474,-125
5475,-125
5476,-125
5477,-125
5478,-125
5479,-125
5480,-125
5481,-125
5482,-175
5483,-125
5484,-125
5485,-125
5486,-125
5487,-125
5488,-125
5489,-125
5490,-125
5491,-125
5492,-125
5493,-125
5494,-125
5495,-125
5496,-125
5497,-125
5498,-125
5499,-125
5500,-125
5501,-125
5502,-125
5503,-125
5504,-125
5505,-125
5506,-125
5507,-125
5508,-125
5509,-125
5510,-125
5511,-125
5512,-125
5513,-125
5514,-125
5515,-125
5516,-175
5517,-125
5518,-125
5519,-125
5520,-125
5521,-125
5522,-125
5523,-125
5524,-125
5525,-125
5526,-125
5527,-125
5528,-125
5529,-125
5530,-125
5531,-125
5532,-125
5533,-125
5534,-125
5535,-125
5536,-125
5537,-125
5538,-125
5539,-125
5540,-125
5541,-125
5542,-125
5543,-125
5544,-125
5545,-125
5546,-125
5547,-125
5548,-125
5549,-125
5550,-125
5551,-125
5552,-125
5553,-125
5554,-125
5555,-125
5556,-125
5557,-125
5558,-125
5559,-125
5560,-125
5561,-125
5562,-127
5563,-125
5564,-125
5565,-125
5566,-125
5567,-125
5568,-125
5569,-125
5570,-125
5571,-125
5572,-125
5573,-125
5574,-125
5575,-125
5576,-125
5577,-125
5578,-125
5579,-125
5580,-125
5581,-125
5582,-125
5583,-125
5584,-125
5585,-125
5586,-125
5587,-125
5588,-125
5589,-125
5590,-125
5591,-125
5592,-125
5593,-125
5594,-125
5595,-125
5596,-125
5597,-125
5598,-125
5599,-125
5600,-125
5601,-125
5602,-125
5603,-125
5604,-125
5605,-125
5606,-125
5607,-125
5608,-125
5609,-125
5610,-125
5611,-125
5612,-125
5613,-125
5614,-125
5615,-125
5616,-125
5617,-125
5618,-125
5619,-175
5620,-125
5621,-125
5622,-125
5623,-125
5624,-125
5625,-125
5626,-125
5627,-125
5628,-125
5629,-125
5630,-125
5631,-125
5632,-125
5633,-125
5634,-125
5635,-125
5636,-125
5637,-200
5638,-125
5639,-125
5640,-125
5641,-125
5642,-125
5643,-125
5644,-125
5645,-125
5646,-125
5647,-125
5648,-125
5649,-125
5650,-125
5651,-125
5652,-125
5653,-125
5654,-125
5655,-125
5656,-125
5657,-125
5658,-125
5659,-125
5660,-125
5661,-125
5662,-125
5663,-125
5664,-125
5665,-125
5666,-125
5667,-125
5668,-125
5669,-125
5670,-125
5671,-125
5672,-125
5673,-125
5674,-125
5675,-125
5676,-125
5677,-125
5678,-125
5679,-125
5680,-125
5681,-125
5682,-125
5683,-125
5684,-125
5685,-125
5686,-125
5687,-125
5688,-125
5689,-125
5690,-125
5691,-125
5692,-125
5693,-125
5694,-125
5695,-125
5696,-125
5697,-125
5698,-125
5699,-125
5700,-125
5701,-125
5702,-125
5703,-125
5704,-125
5705,-125
5706,-125
5707,-125
5708,-125
5709,-125
5710,-125
5711,-125
5712,-125
5713,-125
5714,-125
5715,-125
5716,-125
5717,-125
5718,-125
5719,-125
5720,-125
5721,-125
5722,-125
5723,-125
5724,-125
5725,-125
5726,-125
5727,-125
5728,-125
5729,-125
5730,-125
5731,-75
5732,-125
5733,-125
5734,-125
5735,-125
5736,-125
5737,-125
5738,-125
5739,-125
5740,-125
5741,-125
5742,-125
5743,-125
5744,-125
5745,-125
5746,-125
5747,-125
5748,-125
5749,-125
5750,-125
5751,-125
5752,-125
5753,-125
5754,-125
5755,-125
5756,-125
5757,-125
5758,-125
5759,-125
5760,-125
5761,-125
5762,-125
5763,-125
5764,-125
5765,-125
5766,-125
5767,-125
5768,-125
5769,-125
5770,-125
5771,-125
5772,-125
5773,-125
5774,-125
5775,-125
5776,-125
5777,-125
5778,-125
5779,-125
5780,-125
5781,-125
5782,-125
5783,-125
5784,-125
5785,-125
5786,-125
5787,-125
5788,-125
5789,-125
5790,-125
5791,-125
5792,-125
5793,-125
5794,-125
5795,-125
5796,-127
5797,-125
5798,-125
5799,-125
5800,-125
5801,-125
5802,-125
5803,-125
5804,-125
5805,-125
5806,-125
5807,-125
5808,-125
5809,-125
5810,-125
5811,-125
5812,-125
5813,-125
5814,-125
5815,-125
5816,-125
5817,-125
5818,-125
5819,-125
5820,-125
5821,-125
5822,-125
5823,-125
5824,-125
5825,-125
5826,-125
5827,-125
5828,-125
5829,-125
5830,-125
5831,-125
5832,-125
5833,-125
5834,-125
5835,-125
5836,-125
5837,-125
5838,-125
5839,-125
5840,-125
5841,-125
5842,-125
5843,-125
5844,-125
5845,-125
5846,-125
5847,-125
5848,-125
5849,-125
5850,-125
5851,-125
5852,-125
5853,-125
5854,-125
5855,-125
5856,-125
5857,-125
5858,-125
5859,-125
5860,-125
5861,-125
5862,-125
5863,-125
5864,-125
5865,-125
5866,-125
5867,-125
5868,-125
5869,-125
5870,-125
5871,-125
5872,-125
5873,-125
5874,-125
5875,-125
5876,-200
5877,-125
5878,-125
5879,-125
5880,-125
5881,-125
5882,-125
5883,-125
5884,-125
5885,-125
5886,-125
5887,-125
5888,-125
5889,-125
5890,-125
5891,-125
5892,-125
5893,-125
5894,-125
5895,-125
5896,-125
5897,-125
5898,-125
5899,-125
5900,-125
5901,-125
5902,-125
5903,-125
5904,-125
5905,-125
5906,-125
5907,-125
5908,-125
5909,-125
5910,-125
5911,-125
5912,-125
5913,-125
5914,-125
5915,-125
5916,-125
5917,-125
5918,-125
5919,-125
5920,-125
5921,-125
5922,-125
5923,-125
5924,-125
5925,-125
5926,-125
5927,-125
5928,-125
5929,-125
5930,-125
5931,-125
5932,-125
5933,-125
5934,-125
5935,-125
5936,-125
5937,-125
5938,-125
5939,-125
5940,-125
5941,-125
5942,-125
5943,-125
5944,-125
5945,-125
5946,-125
5947,-125
5948,-125
5949,-125
5950,-125
5951,-125
5952,-125
5953,-125
5954,-125
5955,-125
5956,-125
5957,-125
5958,-125
5959,-125
5960,-125
5961,-125
5962,-125
5963,-125
5964,-125
5965,-125
5966,-125
5967,-125
5968,-125
5969,-125
5970,-125
5971,-125
5972,-125
5973,-125
5974,-125
5975,-125
5976,-125
5977,-125
5978,-125
5979,-125
5980,-125
5981,-125
5982,-125
5983,-125
5984,-125
5985,-125
5986,-125
5987,-125
5988,-125
5989,-125
5990,-125
5991,-127
5992,-125
5993,-125
5994,-125
5995,-125
5996,-125
5997,-125
5998,-125
5999,-125
6000,-125
6001,-125
6002,-125
6003,-125
6004,-125
6005,-125
6006,-125
6007,-125
6008,-125
6009,-125
6010,-125
6011,-125
6012,-125
6013,-125
6014,-125
6015,-125
6016,-125
6017,-125
6018,-125
6019,-125
6020,-125
6021,-125
6022,-125
6023,-125
6024,-125
6025,-125
6026,-125
6027,-125
6028,-125
6029,-125
6030,-125
6031,-125
6032,-125
6033,-125
6034,-125
6035,-125
6036,-125
6037,-125
6038,-125
6039,-125
6040,-125
6041,-200
6042,-125
6043,-125
6044,-125
6045,-125
6046,-125
6047,-125
6048,-125
6049,-125
6050,-125
6051,-125
6052,-125
6053,-125
6054,-125
6055,-125
6056,-125
6057,-125
6058,-125
6059,-125
6060,-125
6061,-125
6062,-125
6063,-125
6064,-125
6065,-125
6066,-125
6067,-125
6068,-125
6069,-125
6070,-125
6071,-125
6072,-125
6073,-125
6074,-125
6075,-125
6076,-125
6077,-125
6078,-125
6079,-125
6080,-125
6081,-125
6082,-125
6083,-125
6084,-125
6085,-125
6086,-125
6087,-125
6088,-125
6089,-125
6090,-125
6091,-125
6092,-125
6093,-175
6094,-125
6095,-125
6096,-125
6097,-125
6098,-125
6099,-125
6100,-125
6101,-125
6102,-125
6103,-125
6104,-125
6105,-125
6106,-125
6107,-125
6108,-125
6109,-125
6110,-125
6111,-125
6112,-125
6113,-125
6114,-125
6115,-200
6116,-125
6117,-125
6118,-125
6119,-125
6120,-125
6121,-125
6122,-125
6123,-125
6124,-125
6125,-125
6126,-125
6127,-125
6128,-125
6129,-125
6130,-125
6131,-125
6132,-125
6133,-125
6134,-125
6135,-125
6136,-125
6137,-125
6138,-125
6139,-125
6140,-125
6141,-125
6142,-125
6143,-125
6144,-125
6145,-125
6146,-125
6147,-125
6148,-125
6149,-125
6150,-125
6151,-75
6152,-125
6153,-125
6154,-125
6155,-125
6156,-125
6157,-125
6158,-125
6159,-125
6160,-125
6161,-125
6162,-125
6163,-125
6164,-125
6165,-125
6166,-125
6167,-125
6168,-125
6169,-125
6170,-125
6171,-125
6172,-125
6173,-125
6174,-125
6175,-125
6176,-125
6177,-125
6178,-125
6179,-125
6180,-125
6181,-125
6182,-125
6183,-175
6184,-125
6185,-125
6186,-125
6187,-125
6188,-125
6189,-125
6190,-125
6191,-125
6192,-125
6193,-125
6194,-125
6195,-125
6196,-125
6197,-125
6198,-125
6199,-125
6200,-125
6201,-125
6202,-125
6203,-125
6204,-125
6205,-125
6206,-125
6207,-125
6208,-125
6209,-125
6210,-125
6211,-125
6212,-125
6213,-125
6214,-125
6215,-125
6216,-125
6217,-125
6218,-125
6219,-125
6220,-125
6221,-125
6222,-125
6223,-125
6224,-125
6225,-125
6226,-125
6227,-125
6228,-125
6229,-125
6230,-125
6231,-125
6232,-125
6233,-125
6234,-125
6235,-125
6236,-125
6237,-125
6238,-125
6239,-125
6240,-125
6241,-125
6242,-125
6243,-125
6244,-125
6245,-125
6246,-125
6247,-125
6248,-125
6249,-125
6250,-125
6251,-125
6252,-125
6253,-125
6254,-125
6255,-125
6256,-125
6257,-125
6258,-125
6259,-125
6260,-125
6261,-125
6262,-125
6263,-125
6264,-125
6265,-125
6266,-125
6267,-125
6268,-125
6269,-125
6270,-125
6271,-125
6272,-125
6273,-125
6274,-125
6275,-125
6276,-125
6277,-125
6278,-125
6279,-125
6280,-125
6281,-125
6282,-125
6283,-125
6284,-125
6285,-125
6286,-125
6287,-125
6288,-125
6289,-125
6290,-125
6291,-125
6292,-125
6293,-125
6294,-125
6295,-125
6296,-125
6297,-125
6298,-125
6299,-125
6300,-125
6301,-125
6302,-125
6303,-125
6304,-125
6305,-125
6306,-125
6307,-125
6308,-125
6309,-125
6310,-125
6311,-125
6312,-125
6313,-125
6314,-125
6315,-125
6316,-125
6317,-125
6318,-125
6319,-125
6320,-125
6321,-125
6322,-125
6323,-125
6324,-125
6325,-125
6326,-125
6327,-125
6328,-125
6329,-125
6330,-125
6331,-125
6332,-125
6333,-125
6334,-125
6335,-125
6336,-125
6337,-125
6338,-125
6339,-125
6340,-125
6341,-125
6342,-125
6343,-125
6344,-125
6345,-125
6346,-125
6347,-125
6348,-125
6349,-125
6350,-125
6351,-125
6352,-125
6353,-125
6354,-125
6355,-125
6356,-125
6357,-125
6358,-175
6359,-125
6360,-125
6361,-125
6362,-125
6363,-125
6364,-125
6365,-125
6366,-125
6367,-125
6368,-125
6369,-125
6370,-125
6371,-125
6372,-125
6373,-125
6374,-125
6375,-125
6376,-125
6377,-125
6378,-125
6379,-125
6380,-125
6381,-125
6382,-125
6383,-125
6384,-125
6385,-125
6386,-125
6387,-125
6388,-125
6389,-125
6390,-125
6391,-125
6392,-125
6393,-125
6394,-125
6395,-125
6396,-125
6397,-125
6398,-125
6399,-125
6400,-125
6401,-125
6402,-125
6403,-125
6404,-125
6405,-125
6406,-125
6407,-125
6408,-125
6409,-125
6410,-125
6411,-125
6412,-125
6413,-125
6414,-125
6415,-125
6416,-125
6417,-125
6418,-125
6419,-125
6420,-125
6421,-125
6422,-125
6423,-125
6424,-125
6425,-125
6426,-125
6427,-125
6428,-125
6429,-125
6430,-125
6431,-125
6432,-125
6433,-125
6434,-125
6435,-125
6436,-125
6437,-125
6438,-125
6439,-125
6440,-125
6441,-125
6442,-125
6443,-125
6444,-125
6445,-125
6446,-125
6447,-125
6448,-125
6449,-125
6450,-125
6451,-175
6452,-125
6453,-125
6454,-125
6455,-125
6456,-125
6457,-125
6458,-125
6459,-125
6460,-125
6461,-125
6462,-125
6463,-125
6464,-125
6465,-125
6466,-125
6467,-125
6468,-125
6469,-125
6470,-125
6471,-125
6472,-125
6473,-175
6474,-125
6475,-125
6476,-125
6477,-75
6478,-125
6479,-125
6480,-125
6481,-125
6482,-125
6483,-125
6484,-125
6485,-125
6486,-125
6487,-125
6488,-125
6489,-125
6490,-125
6491,-125
6492,-125
6493,-125
6494,-125
6495,-125
6496,-125
6497,-125
6498,-200
6499,-125
6500,-127
6501,-125
6502,-125
6503,-125
6504,-125
6505,-125
6506,-125
6507,-125
6508,-125
6509,-125
6510,-125
6511,-125
6512,-125
6513,-125
6514,-125
6515,-125
6516,-125
6517,-125
6518,-125
6519,-125
6520,-125
6521,-125
6522,-125
6523,-125
6524,-125
6525,-125
6526,-125
6527,-125
6528,-125
6529,-125
6530,-125
6531,-125
6532,-125
6533,-125
6534,-125
6535,-125
6536,-125
6537,-125
6538,-125
6539,-125
6540,-125
6541,-125
6542,-125
6543,-125
6544,-125
6545,-125
6546,-125
6547,-125
6548,-125
6549,-125
6550,-125
6551,-125
6552,-125
6553,-125
6554,-125
6555,-125
6556,-125
6557,-125
6558,-125
6559,-125
6560,-125
6561,-125
6562,-125
6563,-125
6564,-125
6565,-125
6566,-125
6567,-125
6568,-125
6569,-125
6570,-125
6571,-125
6572,-125
6573,-125
6574,-125
6575,-125
6576,-125
6577,-125
6578,-125
6579,-125
6580,-125
6581,-125
6582,-125
6583,-125
6584,-125
6585,-125
6586,-125
6587,-125
6588,-125
6589,-125
6590,-125
6591,-125
6592,-125
6593,-75
6594,-125
6595,-125
6596,-125
6597,-125
6598,-125
6599,-125
6600,-125
6601,-125
6602,-125
6603,-125
6604,-125
6605,-125
6606,-125
6607,-125
6608,-125
6609,-125
6610,-125
6611,-125
6612,-125
6613,-125
6614,-125
6615,-125
6616,-125
6617,-125
6618,-125
6619,-125
6620,-125
6621,-125
6622,-125
6623,-125
6624,-125
6625,-125
6626,-125
6627,-125
6628,-125
6629,-125
6630,-125
6631,-125
6632,-125
6633,-125
6634,-125
6635,-125
6636,-125
6637,-125
6638,-125
6639,-125
6640,-125
6641,-125
6642,-125
6643,-125
6644,-125
6645,-125
6646,-125
6647,-125
6648,-125
6649,-125
6650,-125
6651,-125
6652,-125
6653,-175
6654,-125
6655,-125
6656,-125
6657,-125
6658,-125
6659,-125
6660,-125
6661,-125
6662,-125
6663,-125
6664,-125
6665,-125
6666,-125
6667,-125
6668,-125
6669,-125
6670,-125
6671,-125
6672,-125
6673,-125
6674,-125
6675,-125
6676,-125
6677,-125
6678,-125
6679,-125
6680,-125
6681,-125
6682,-125
6683,-125
6684,-125
6685,-125
6686,-125
6687,-125
6688,-125
6689,-125
6690,-125
6691,-125
6692,-125
6693,-125
6694,-125
6695,-125
6696,-125
6697,-125
6698,-125
6699,-125
6700,-125
6701,-125
6702,-125
6703,-125
6704,-125
6705,-125
6706,-125
6707,-125
6708,-125
6709,-125
6710,-125
6711,-125
6712,-125
6713,-125
6714,-125
6715,-125
6716,-125
6717,-125
6718,-125
6719,-125
6720,-125
6721,-125
6722,-125
6723,-125
6724,-125
6725,-125
6726,-125
6727,-125
6728,-125
6729,-125
6730,-125
6731,-125
6732,-125
6733,-125
6734,-125
6735,-125
6736,-125
6737,-125
6738,-125
6739,-125
6740,-125
6741,-125
6742,-125
6743,-125
6744,-125
6745,-125
6746,-125
6747,-125
6748,-125
6749,-125
6750,-125
6751,-125
6752,-125
6753,-125
6754,-125
6755,-125
6756,-125
6757,-125
6758,-125
6759,-125
6760,-125
6761,-125
6762,-125
6763,-125
6764,-125
6765,-125
6766,-125
6767,-125
6768,-125
6769,-125
6770,-125
6771,-125
6772,-125
6773,-125
6774,-125
6775,-125
6776,-125
6777,-125
6778,-125
6779,-125
6780,-125
6781,-125
6782,-125
6783,-125
6784,-125
6785,-125
6786,-125
6787,-125
6788,-125
6789,-125
6790,-125
6791,-125
6792,-125
6793,-125
6794,-125
6795,-125
6796,-125
6797,-125
6798,-125
6799,-125
6800,-125
6801,-125
6802,-125
6803,-125
6804,-125
6805,-125
6806,-125
6807,-125
6808,-125
6809,-175
6810,-125
6811,-125
6812,-125
6813,-125
6814,-125
6815,-125
6816,-125
6817,-125
6818,-125
6819,-125
6820,-125
6821,-125
6822,-125
6823,-125
6824,-125
6825,-125
6826,-125
6827,-125
6828,-125
6829,-125
6830,-125
6831,-125
6832,-125
6833,-125
6834,-125
6835,-125
6836,-125
6837,-125
6838,-125
6839,-125
6840,-125
6841,-125
6842,-125
6843,-125
6844,-125
6845,-125
6846,-125
6847,-125
6848,-125
6849,-125
6850,-125
6851,-125
6852,-125
6853,-125
6854,-125
6855,-125
6856,-125
6857,-125
6858,-125
6859,-125
6860,-125
6861,-125
6862,-125
6863,-125
6864,-125
6865,-125
6866,-127
6867,-125
6868,-125
6869,-125
6870,-125
6871,-125
6872,-125
6873,-125
6874,-125
6875,-125
6876,-125
6877,-125
6878,-125
6879,-125
6880,-125
6881,-125
6882,-125
6883,-125
6884,-125
6885,-125
6886,-125
6887,-125
6888,-125
6889,-125
6890,-200
6891,-125
6892,-125
6893,-125
6894,-125
6895,-125
6896,-125
6897,-125
6898,-125
6899,-75
6900,-125
6901,-125
6902,-125
6903,-125
6904,-125
6905,-125
6906,-125
6907,-125
6908,-125
6909,-125
6910,-125
6911,-125
6912,-125
6913,-125
6914,-125
6915,-125
6916,-125
6917,-125
6918,-125
6919,-125
6920,-125
6921,-125
6922,-125
6923,-125
6924,-125
6925,-125
6926,-125
6927,-125
6928,-125
6929,-125
6930,-125
6931,-125
6932,-125
6933,-125
6934,-125
6935,-125
6936,-125
6937,-125
6938,-125
6939,-125
6940,-125
6941,-125
6942,-125
6943,-125
6944,-125
6945,-125
6946,-125
6947,-125
6948,-125
6949,-125
6950,-125
6951,-125
6952,-125
6953,-125
6954,-125
6955,-125
6956,-125
6957,-125
6958,-125
6959,-125
6960,-125
6961,-125
6962,-125
6963,-125
6964,-125
6965,-125
6966,-125
6967,-125
6968,-125
6969,-125
6970,-125
6971,-125
6972,-125
6973,-125
6974,-125
6975,-125
6976,-125
6977,-125
6978,-125
6979,-125
6980,-125
6981,-125
6982,-125
6983,-125
6984,-125
6985,-125
6986,-125
6987,-125
6988,-125
6989,-125
6990,-125
6991,-125
6992,-125
6993,-125
6994,-125
6995,-125
6996,-125
6997,-125
6998,-125
6999,-125
7000,-125
7001,-125
7002,-125
7003,-125
7004,-125
7005,-125
7006,-125
7007,-125
7008,-125
7009,-125
7010,-125
7011,-125
7012,-125
7013,-125
7014,-125
7015,-125
7016,-125
7017,-125
7018,-125
7019,-125
7020,-125
7021,-125
7022,-125
7023,-125
7024,-125
7025,-125
7026,-125
7027,-125
7028,-125
7029,-125
7030,-125
7031,-125
7032,-125
7033,-125
7034,-125
7035,-125
7036,-125
7037,-125
7038,-125
7039,-125
7040,-125
7041,-125
7042,-125
7043,-125
7044,-125
7045,-125
7046,-125
7047,-125
7048,-125
7049,-127
7050,-125
7051,-125
7052,-125
7053,-125
7054,-125
7055,-125
7056,-125
7057,-125
7058,-125
7059,-125
7060,-125
7061,-125
7062,-125
7063,-125
7064,-125
7065,-125
7066,-125
7067,-125
7068,-125
7069,-125
7070,-125
7071,-125
7072,-125
7073,-125
7074,-125
7075,-125
7076,-125
7077,-125
7078,-125
7079,-125
7080,-125
7081,-125
7082,-125
7083,-125
7084,-125
7085,-125
7086,-125
7087,-125
7088,-125
7089,-125
7090,-125
7091,-125
7092,-125
7093,-125
7094,-125
7095,-125
7096,-125
7097,-125
7098,-125
7099,-125
7100,-125
7101,-125
7102,-175
7103,-125
7104,-125
7105,-125
7106,-125
7107,-125
7108,-125
7109,-125
7110,-125
7111,-125
7112,-125
7113,-125
7114,-125
7115,-125
7116,-125
7117,-125
7118,-125
7119,-125
7120,-125
7121,-125
7122,-125
7123,-125
7124,-125
7125,-125
7126,-125
7127,-125
7128,-125
7129,-125
7130,-125
7131,-125
7132,-125
7133,-125
7134,-125
7135,-125
7136,-125
7137,-125
7138,-125
7139,-125
7140,-125
7141,-125
7142,-125
7143,-125
7144,-125
7145,-125
7146,-125
7147,-125
7148,-125
7149,-125
7150,-125
7151,-125
7152,-125
7153,-125
7154,-125
7155,-125
7156,-125
7157,-125
7158,-125
7159,-125
7160,-125
7161,-125
7162,-125
7163,-125
7164,-125
7165,-125
7166,-125
7167,-125
7168,-125
7169,-125
7170,-125
7171,-125
7172,-125
7173,-125
7174,-125
7175,-125
7176,-125
7177,-125
7178,-125
7179,-125
7180,-125
7181,-125
7182,-125
7183,-125
7184,-125
7185,-125
7186,-125
7187,-125
7188,-125
7189,-125
7190,-125
7191,-125
7192,-125
7193,-125
7194,-125
7195,-125
7196,-125
7197,-125
7198,-125
7199,-125
7200,-125
7201,-125
7202,-125
7203,-125
7204,-125
7205,-125
7206,-125
7207,-125
7208,-125
7209,-125
7210,-125
7211,-125
7212,-125
7213,-125
7214,-125
7215,-125
7216,-125
7217,-125
7218,-125
7219,-125
7220,-125
7221,-125
7222,-125
7223,-125
7224,-125
7225,-125
7226,-125
7227,-125
7228,-125
7229,-125
7230,-125
7231,-125
7232,-125
7233,-125
7234,-125
7235,-125
7236,-125
7237,-125
7238,-125
7239,-125
7240,-125
7241,-125
7242,-125
7243,-125
7244,-125
7245,-125
7246,-125
7247,-125
7248,-125
7249,-125
7250,-125
7251,-125
7252,-125
7253,-125
7254,-125
7255,-125
7256,-125
7257,-125
7258,-125
7259,-125
7260,-125
7261,-125
7262,-125
7263,-125
7264,-125
7265,-125
7266,-125
7267,-125
7268,-125
7269,-125
7270,-125
7271,-125
7272,-125
7273,-125
7274,-125
7275,-125
7276,-125
7277,-125
7278,-125
7279,-125
7280,-125
7281,-125
7282,-125
7283,-125
7284,-125
7285,-125
7286,-125
7287,-125
7288,-125
7289,-125
7290,-125
7291,-125
7292,-125
7293,-125
7294,-125
7295,-125
7296,-125
7297,-125
7298,-125
7299,-125
7300,-125
7301,-125
7302,-125
7303,-125
7304,-125
7305,-125
7306,-125
7307,-125
7308,-125
7309,-125
7310,-125
7311,-125
7312,-125
7313,-125
7314,-125
7315,-125
7316,-125
7317,-125
7318,-125
7319,-125
7320,-125
7321,-125
7322,-125
7323,-125
7324,-125
7325,-125
7326,-125
7327,-125
7328,-125
7329,-125
7330,-125
7331,-125
7332,-125
7333,-125
7334,-125
7335,-125
7336,-125
7337,-125
7338,-125
7339,-125
7340,-125
7341,-125
7342,-125
7343,-125
7344,-125
7345,-125
7346,-125
7347,-125
7348,-125
7349,-125
7350,-125
7351,-125
7352,-125
7353,-125
7354,-125
7355,-125
7356,-125
7357,-125
7358,-125
7359,-125
7360,-125
7361,-125
7362,-125
7363,-127
7364,-125
7365,-125
7366,-125
7367,-125
7368,-125
7369,-125
7370,-125
7371,-125
7372,-125
7373,-125
7374,-125
7375,-125
7376,-125
7377,-125
7378,-125
7379,-125
7380,-125
7381,-125
7382,-125
7383,-125
7384,-125
7385,-125
7386,-125
7387,-125
7388,-125
7389,-125
7390,-125
7391,-125
7392,-125
7393,-125
7394,-125
7395,-125
7396,-125
7397,-125
7398,-125
7399,-125
7400,-125
7401,-125
7402,-125
7403,-125
7404,-125
7405,-125
7406,-125
7407,-125
7408,-125
7409,-125
7410,-125
7411,-125
7412,-125
7413,-125
7414,-125
7415,-75
7416,-125
7417,-125
7418,-125
7419,-125
7420,-127
7421,-125
7422,-125
7423,-125
7424,-125
7425,-127
7426,-125
7427,-125
7428,-125
7429,-125
7430,-125
7431,-125
7432,-125
7433,-125
7434,-125
7435,-125
7436,-200
7437,-125
7438,-125
7439,-125
7440,-125
7441,-125
7442,-125
7443,-125
7444,-125
7445,-125
7446,-125
7447,-125
7448,-125
7449,-125
7450,-177
7451,-125
7452,-125
7453,-125
7454,-125
7455,-125
7456,-125
7457,-125
7458,-125
7459,-125
7460,-125
7461,-125
7462,-125
7463,-125
7464,-125
7465,-125
7466,-125
7467,-125
7468,-125
7469,-125
7470,-125
7471,-125
7472,-125
7473,-125
7474,-125
7475,-125
7476,-125
7477,-125
7478,-125
7479,-125
7480,-125
7481,-125
7482,-125
7483,-125
7484,-125
7485,-125
7486,-125
7487,-125
7488,-125
7489,-125
7490,-125
7491,-125
7492,-125
7493,-125
7494,-125
7495,-125
7496,-125
7497,-125
7498,-125
7499,-125
7500,-125
7501,-125
7502,-125
7503,-125
7504,-125
7505,-125
7506,-125
7507,-125
7508,-125
7509,-125
7510,-125
7511,-125
7512,-125
7513,-125
7514,-125
7515,-125
7516,-125
7517,-125
7518,-125
7519,-125
7520,-125
7521,-125
7522,-125
7523,-125
7524,-125
7525,-125
7526,-125
7527,-125
7528,-125
7529,-125
7530,-125
7531,-125
7532,-125
7533,-125
7534,-125
7535,-125
7536,-125
7537,-125
7538,-125
7539,-125
7540,-125
7541,-125
7542,-125
7543,-125
7544,-125
7545,-125
7546,-125
7547,-125
7548,-125
7549,-125
7550,-125
7551,-125
7552,-125
7553,-125
7554,-125
7555,-125
7556,-125
7557,-125
7558,-125
7559,-125
7560,-125
7561,-125
7562,-125
7563,-125
7564,-125
7565,-125
7566,-125
7567,-125
7568,-125
7569,-125
7570,-125
7571,-125
7572,-125
7573,-125
7574,-125
7575,-125
7576,-125
7577,-125
7578,-125
7579,-125
7580,-125
7581,-125
7582,-125
7583,-125
7584,-125
7585,-125
7586,-125
7587,-125
7588,-125
7589,-125
7590,-125
7591,-175
7592,-125
7593,-125
7594,-125
7595,-125
7596,-125
7597,-125
7598,-125
7599,-125
7600,-125
7601,-125
7602,-125
7603,-125
7604,-125
7605,-125
7606,-125
7607,-125
7608,-125
7609,-125
7610,-125
7611,-125
7612,-125
7613,-125
7614,-125
7615,-125
7616,-125
7617,-125
7618,-125
7619,-125
7620,-125
7621,-125
7622,-125
7623,-125
7624,-125
7625,-125
7626,-125
7627,-125
7628,-125
7629,-125
7630,-125
7631,-125
7632,-125
7633,-125
7634,-125
7635,-125
7636,-125
7637,-125
7638,-125
7639,-125
7640,-125
7641,-125
7642,-125
7643,-125
7644,-125
7645,-125
7646,-125
7647,-125
7648,-125
7649,-125
7650,-125
7651,-125
7652,-125
7653,-125
7654,-125
7655,-125
7656,-125
7657,-125
7658,-125
7659,-125
7660,-125
7661,-125
7662,-125
7663,-125
7664,-125
7665,-125
7666,-125
7667,-125
7668,-125
7669,-125
7670,-125
7671,-125
7672,-125
7673,-125
7674,-125
7675,-125
7676,-125
7677,-125
7678,-125
7679,-125
7680,-125
7681,-125
7682,-200
7683,-125
7684,-125
7685,-125
7686,-125
7687,-125
7688,-125
7689,-125
7690,-125
7691,-125
7692,-125
7693,-125
7694,-125
7695,-125
7696,-125
7697,-125
7698,-125
7699,-125
7700,-125
7701,-125
7702,-125
7703,-125
7704,-125
7705,-125
7706,-125
7707,-125
7708,-125
7709,-125
7710,-125
7711,-125
7712,-125
7713,-125
7714,-125
7715,-125
7716,-125
7717,-125
7718,-125
7719,-125
7720,-125
7721,-125
7722,-125
7723,-125
7724,-125
7725,-125
7726,-125
7727,-125
7728,-125
7729,-125
7730,-125
7731,-125
7732,-125
7733,-125
7734,-125
7735,-125
7736,-125
7737,-125
7738,-125
7739,-125
7740,-125
7741,-125
7742,-125
7743,-125
7744,-125
7745,-125
7746,-125
7747,-125
7748,-125
7749,-125
7750,-127
7751,-125
7752,-125
7753,-125
7754,-125
7755,-125
7756,-125
7757,-125
7758,-125
7759,-125
7760,-125
7761,-125
7762,-125
7763,-125
7764,-125
7765,-125
7766,-125
7767,-125
7768,-125
7769,-125
7770,-125
7771,-125
7772,-125
7773,-125
7774,-125
7775,-125
7776,-125
7777,-125
7778,-125
7779,-125
7780,-125
7781,-125
7782,-125
7783,-125
7784,-125
7785,-125
7786,-125
7787,-125
7788,-125
7789,-125
7790,-125
7791,-125
7792,-125
7793,-125
7794,-125
7795,-125
7796,-125
7797,-125
7798,-125
7799,-125
7800,-125
7801,-125
7802,-125
7803,-125
7804,-125
7805,-125
7806,-125
7807,-125
7808,-125
7809,-125
7810,-125
7811,-125
7812,-125
7813,-125
7814,-125
7815,-125
7816,-125
7817,-125
7818,-125
7819,-125
7820,-125
7821,-125
7822,-125
7823,-125
7824,-125
7825,-125
7826,-125
7827,-125
7828,-125
7829,-125
7830,-125
7831,-125
7832,-125
7833,-125
7834,-127
7835,-125
7836,-125
7837,-125
7838,-125
7839,-125
7840,-125
7841,-125
7842,-125
7843,-125
7844,-125
7845,-127
7846,-125
7847,-125
7848,-125
7849,-125
7850,-125
7851,-125
7852,-125
7853,-125
7854,-125
7855,-125
7856,-125
7857,-125
7858,-125
7859,-125
7860,-125
7861,-125
7862,-125
7863,-125
7864,-125
7865,-125
7866,-125
7867,-125
7868,-125
7869,-125
7870,-125
7871,-125
7872,-125
7873,-125
7874,-125
7875,-125
7876,-125
7877,-125
7878,-125
7879,-125
7880,-125
7881,-127
7882,-125
7883,-125
7884,-125
7885,-125
7886,-125
7887,-125
7888,-125
7889,-125
7890,-125
7891,-125
7892,-125
7893,-125
7894,-125
7895,-175
7896,-125
7897,-125
7898,-125
7899,-125
7900,-125
7901,-125
7902,-125
7903,-125
7904,-125
7905,-125
7906,-125
7907,-125
7908,-125
7909,-125
7910,-125
7911,-125
7912,-125
7913,-125
7914,-125
7915,-125
7916,-125
7917,-125
7918,-125
7919,-125
7920,-125
7921,-125
7922,-125
7923,-125
7924,-125
7925,-125
7926,-125
7927,-125
7928,-125
7929,-125
7930,-125
7931,-125
7932,-125
7933,-125
7934,-125
7935,-125
7936,-125
7937,-125
7938,-125
7939,-125
7940,-125
7941,-125
7942,-125
7943,-125
7944,-125
7945,-125
7946,-125
7947,-125
7948,-125
7949,-125
7950,-125
7951,-125
7952,-125
7953,-125
7954,-125
7955,-125
7956,-125
7957,-125
7958,-125
7959,-125
7960,-125
7961,-125
7962,-125
7963,-125
7964,-125
7965,-125
7966,-200
7967,-125
7968,-125
7969,-125
7970,-125
7971,-125
7972,-125
7973,-125
7974,-125
7975,-125
7976,-125
7977,-125
7978,-125
7979,-125
7980,-125
7981,-125
7982,-125
7983,-125
7984,-125
7985,-125
7986,-125
7987,-125
7988,-125
7989,-125
7990,-125
7991,-125
7992,-125
7993,-125
7994,-125
7995,-125
7996,-125
7997,-125
7998,-125
7999,-125
8000,-125
8001,-125
8002,-125
8003,-125
8004,-125
8005,-125
8006,-125
8007,-125
8008,-125
8009,-125
8010,-125
8011,-125
8012,-125
8013,-125
8014,-125
8015,-125
8016,-125
8017,-125
8018,-125
8019,-125
8020,-125
8021,-125
8022,-125
8023,-125
8024,-125
8025,-125
8026,-125
8027,-125
8028,-125
8029,-125
8030,-125
8031,-125
8032,-125
8033,-125
8034,-125
8035,-125
8036,-125
8037,-125
8038,-125
8039,-125
8040,-125
8041,-125
8042,-125
8043,-125
8044,-125
8045,-125
8046,-125
8047,-125
8048,-125
8049,-125
8050,-125
8051,-125
8052,-125
8053,-125
8054,-125
8055,-125
8056,-125
8057,-125
8058,-125
8059,-125
8060,-125
8061,-125
8062,-125
8063,-125
8064,-125
8065,-125
8066,-125
8067,-125
8068,-125
8069,-125
8070,-125
8071,-125
8072,-125
8073,-175
8074,-125
8075,-125
8076,-125
8077,-125
8078,-125
8079,-75
8080,-125
8081,-125
8082,-125
8083,-125
8084,-125
8085,-125
8086,-125
8087,-125
8088,-125
8089,-125
8090,-125
8091,-125
8092,-125
8093,-125
8094,-125
8095,-125
8096,-125
8097,-125
8098,-125
8099,-125
8100,-125
8101,-125
8102,-125
8103,-125
8104,-125
8105,-125
8106,-175
8107,-125
8108,-125
8109,-125
8110,-125
8111,-125
8112,-125
8113,-125
8114,-125
8115,-125
8116,-125
8117,-125
8118,-125
8119,-125
8120,-125
8121,-125
8122,-125
8123,-125
8124,-125
8125,-125
8126,-125
8127,-125
8128,-125
8129,-125
8130,-125
8131,-125
8132,-125
8133,-125
8134,-125
8135,-125
8136,-125
8137,-125
8138,-125
8139,-125
8140,-125
8141,-125
8142,-125
8143,-125
8144,-125
8145,-125
8146,-125
8147,-125
8148,-125
8149,-125
8150,-125
8151,-125
8152,-125
8153,-125
8154,-125
8155,-125
8156,-125
8157,-125
8158,-125
8159,-125
8160,-125
8161,-125
8162,-125
8163,-125
8164,-125
8165,-125
8166,-125
8167,-125
8168,-125
8169,-125
8170,-125
8171,-125
8172,-125
8173,-125
8174,-125
8175,-125
8176,-125
8177,-125
8178,-125
8179,-125
8180,-125
8181,-125
8182,-125
8183,-125
8184,-125
8185,-125
8186,-125
8187,-125
8188,-125
8189,-125
8190,-125
8191,-125
8192,-125
8193,-125
8194,-125
8195,-125
8196,-125
8197,-125
8198,-125
8199,-125
8200,-125
8201,-125
8202,-125
8203,-125
8204,-125
8205,-125
8206,-125
8207,-125
8208,-125
8209,-125
8210,-125
8211,-125
8212,-125
8213,-125
8214,-125
8215,-125
8216,-125
8217,-125
8218,-125
8219,-125
8220,-125
8221,-125
8222,-125
8223,-125
8224,-125
8225,-125
8226,-125
8227,-125
8228,-125
8229,-125
8230,-125
8231,-125
8232,-125
8233,-125
8234,-125
8235,-125
8236,-125
8237,-125
8238,-125
8239,-125
8240,-125
8241,-125
8242,-125
8243,-125
8244,-125
8245,-125
8246,-125
8247,-125
8248,-125
8249,-125
8250,-125
8251,-125
8252,-200
8253,-125
8254,-125
8255,-125
8256,-125
8257,-125
8258,-125
8259,-125
8260,-125
8261,-125
8262,-125
8263,-125
8264,-125
8265,-125
8266,-125
8267,-125
8268,-125
8269,-125
8270,-125
8271,-125
8272,-125
8273,-125
8274,-125
8275,-125
8276,-125
8277,-125
8278,-125
8279,-125
8280,-125
8281,-125
8282,-125
8283,-125
8284,-125
8285,-125
8286,-125
8287,-125
8288,-125
8289,-125
8290,-125
8291,-125
8292,-125
8293,-125
8294,-125
8295,-125
8296,-125
8297,-125
8298,-125
8299,-125
8300,-125
8301,-125
8302,-125
8303,-125
8304,-175
8305,-125
8306,-125
8307,-125
8308,-125
8309,-125
8310,-125
8311,-125
8312,-125
8313,-125
8314,-125
8315,-125
8316,-125
8317,-125
8318,-125
8319,-127
8320,-125
8321,-125
8322,-125
8323,-125
8324,-125
8325,-125
8326,-125
8327,-125
8328,-125
8329,-125
8330,-125
8331,-125
8332,-125
8333,-125
8334,-125
8335,-125
8336,-125
8337,-125
8338,-125
8339,-125
8340,-125
8341,-125
8342,-125
8343,-125
8344,-125
8345,-125
8346,-125
8347,-125
8348,-125
8349,-125
8350,-175
8351,-125
8352,-125
8353,-125
8354,-125
8355,-125
8356,-175
8357,-125
8358,-125
8359,-125
8360,-125
8361,-125
8362,-125
8363,-125
8364,-125
8365,-125
8366,-125
8367,-125
8368,-125
8369,-125
8370,-125
8371,-125
8372,-125
8373,-125
8374,-125
8375,-125
8376,-125
8377,-125
8378,-125
8379,-125
8380,-125
8381,-125
8382,-125
8383,-125
8384,-125
8385,-125
8386,-125
8387,-125
8388,-125
8389,-125
8390,-125
8391,-125
8392,-125
8393,-125
8394,-125
8395,-125
8396,-125
8397,-125
8398,-125
8399,-125
8400,-125
8401,-125
8402,-125
8403,-125
8404,-125
8405,-125
8406,-125
8407,-125
8408,-125
8409,-125
8410,-125
8411,-125
8412,-125
8413,-125
8414,-125
8415,-125
8416,-125
8417,-125
8418,-125
8419,-125
8420,-125
8421,-125
8422,-125
8423,-125
8424,-125
8425,-125
8426,-125
8427,-125
8428,-125
8429,-125
8430,-125
8431,-125
8432,-125
8433,-125
8434,-125
8435,-125
8436,-125
8437,-125
8438,-125
8439,-125
8440,-125
8441,-125
8442,-125
8443,-125
8444,-125
8445,-125
8446,-125
8447,-125
8448,-125
8449,-125
8450,-125
8451,-125
8452,-125
8453,-125
8454,-127
8455,-125
8456,-125
8457,-125
8458,-125
8459,-125
8460,-125
8461,-125
8462,-125
8463,-125
8464,-125
8465,-125
8466,-125
8467,-125
8468,-125
8469,-125
8470,-125
8471,-125
8472,-125
8473,-125
8474,-125
8475,-125
8476,-125
8477,-125
8478,-125
8479,-125
8480,-125
8481,-125
8482,-125
8483,-125
8484,-125
8485,-125
8486,-125
8487,-125
8488,-125
8489,-125
8490,-125
8491,-125
8492,-125
8493,-125
8494,-125
8495,-125
8496,-125
8497,-125
8498,-127
8499,-125
8500,-125
8501,-125
8502,-125
8503,-125
8504,-125
8505,-125
8506,-125
8507,-125
8508,-125
8509,-125
8510,-125
8511,-125
8512,-125
8513,-125
8514,-125
8515,-125
8516,-125
8517,-125
8518,-125
8519,-125
8520,-125
8521,-125
8522,-125
8523,-125
8524,-125
8525,-125
8526,-125
8527,-125
8528,-125
8529,-125
8530,-125
8531,-125
8532,-125
8533,-125
8534,-125
8535,-125
8536,-125
8537,-125
8538,-125
8539,-125
8540,-125
8541,-125
8542,-125
8543,-125
8544,-125
8545,-125
8546,-125
8547,-125
8548,-125
8549,-125
8550,-125
8551,-125
8552,-125
8553,-125
8554,-125
8555,-125
8556,-125
8557,-125
8558,-125
8559,-125
8560,-125
8561,-125
8562,-125
8563,-125
8564,-125
8565,-125
8566,-125
8567,-125
8568,-125
8569,-125
8570,-125
8571,-125
8572,-125
8573,-125
8574,-125
8575,-125
8576,-125
8577,-125
8578,-125
8579,-125
8580,-125
8581,-125
8582,-125
8583,-125
8584,-125
8585,-125
8586,-125
8587,-125
8588,-125
8589,-125
8590,-125
8591,-125
8592,-125
8593,-125
8594,-125
8595,-125
8596,-125
8597,-125
8598,-125
8599,-125
8600,-125
8601,-125
8602,-125
8603,-125
8604,-125
8605,-125
8606,-125
8607,-125
8608,-125
8609,-125
8610,-125
8611,-125
8612,-125
8613,-125
8614,-125
8615,-125
8616,-125
8617,-125
8618,-125
8619,-125
8620,-125
8621,-125
8622,-125
8623,-125
8624,-125
8625,-125
8626,-125
8627,-125
8628,-125
8629,-125
8630,-125
8631,-125
8632,-125
8633,-125
8634,-125
8635,-125
8636,-125
8637,-125
8638,-125
8639,-125
8640,-125
8641,-125
8642,-125
8643,-125
8644,-125
8645,-125
8646,-125
8647,-125
8648,-125
8649,-125
8650,-125
8651,-125
8652,-125
8653,-125
8654,-125
8655,-125
8656,-125
8657,-125
8658,-125
8659,-125
8660,-125
8661,-127
8662,-125
8663,-125
8664,-125
8665,-125
8666,-125
8667,-125
8668,-125
8669,-125
8670,-125
8671,-125
8672,-125
8673,-125
8674,-125
8675,-125
8676,-125
8677,-125
8678,-125
8679,-125
8680,-125
8681,-125
8682,-125
8683,-125
8684,-125
8685,-125
8686,-125
8687,-125
8688,-125
8689,-125
8690,-125
8691,-125
8692,-125
8693,-125
8694,-125
8695,-125
8696,-125
8697,-125
8698,-125
8699,-125
8700,-125
8701,-125
8702,-125
8703,-125
8704,-125
8705,-125
8706,-125
8707,-125
8708,-125
8709,-125
8710,-125
8711,-125
8712,-125
8713,-125
8714,-125
8715,-125
8716,-125
8717,-125
8718,-125
8719,-125
8720,-125
8721,-125
8722,-125
8723,-125
8724,-125
8725,-125
8726,-125
8727,-125
8728,-125
8729,-125
8730,-125
8731,-125
8732,-125
8733,-125
8734,-125
8735,-125
8736,-125
8737,-125
8738,-125
8739,-125
8740,-125
8741,-127
8742,-125
8743,-125
8744,-125
8745,-125
8746,-125
8747,-125
8748,-125
8749,-125
8750,-125
8751,-125
8752,-125
8753,-125
8754,-125
8755,-125
8756,-125
8757,-125
8758,-125
8759,-125
8760,-125
8761,-125
8762,-125
8763,-125
8764,-125
8765,-125
8766,-125
8767,-125
8768,-125
8769,-125
8770,-127
8771,-125
8772,-125
8773,-125
8774,-125
8775,-125
8776,-125
8777,-125
8778,-125
8779,-125
8780,-125
8781,-125
8782,-125
8783,-125
8784,-125
8785,-125
8786,-125
8787,-125
8788,-125
8789,-125
8790,-125
8791,-125
8792,-125
8793,-125
8794,-125
8795,-125
8796,-125
8797,-125
8798,-125
8799,-125
8800,-125
8801,-125
8802,-125
8803,-125
8804,-125
8805,-125
8806,-125
8807,-125
8808,-125
8809,-125
8810,-125
8811,-125
8812,-125
8813,-125
8814,-125
8815,-125
8816,-125
8817,-125
8818,-125
8819,-125
8820,-125
8821,-125
8822,-125
8823,-125
8824,-125
8825,-125
8826,-125
8827,-125
8828,-125
8829,-125
8830,-125
8831,-175
8832,-125
8833,-125
8834,-125
8835,-125
8836,-125
8837,-125
8838,-125
8839,-125
8840,-125
8841,-125
8842,-125
8843,-125
8844,-125
8845,-125
8846,-127
8847,-125
8848,-125
8849,-125
8850,-125
8851,-125
8852,-125
8853,-125
8854,-125
8855,-125
8856,-125
8857,-125
8858,-125
8859,-125
8860,-125
8861,-125
8862,-125
8863,-125
8864,-125
8865,-125
8866,-125
8867,-125
8868,-125
8869,-125
8870,-125
8871,-125
8872,-125
8873,-125
8874,-125
8875,-125
8876,-125
8877,-125
8878,-125
8879,-125
8880,-125
8881,-125
8882,-125
8883,-125
8884,-125
8885,-125
8886,-125
8887,-125
8888,-125
8889,-125
8890,-125
8891,-125
8892,-125
8893,-125
8894,-125
8895,-125
8896,-125
8897,-125
8898,-125
8899,-125
8900,-125
8901,-125
8902,-125
8903,-125
8904,-125
8905,-125
8906,-125
8907,-125
8908,-125
8909,-125
8910,-125
8911,-125
8912,-125
8913,-125
8914,-125
8915,-125
8916,-125
8917,-125
8918,-125
8919,-125
8920,-125
8921,-125
8922,-125
8923,-125
8924,-125
8925,-125
8926,-125
8927,-125
8928,-125
8929,-125
8930,-125
8931,-125
8932,-125
8933,-125
8934,-125
8935,-175
8936,-125
8937,-125
8938,-125
8939,-125
8940,-125
8941,-125
8942,-125
8943,-125
8944,-125
8945,-125
8946,-125
8947,-125
8948,-125
8949,-125
8950,-125
8951,-125
8952,-125
8953,-125
8954,-125
8955,-125
8956,-125
8957,-125
8958,-125
8959,-125
8960,-125
8961,-125
8962,-125
8963,-125
8964,-125
8965,-125
8966,-125
8967,-125
8968,-125
8969,-125
8970,-125
8971,-125
8972,-125
8973,-125
8974,-125
8975,-125
8976,-125
8977,-125
8978,-125
8979,-125
8980,-125
8981,-125
8982,-125
8983,-125
8984,-125
8985,-125
8986,-125
8987,-125
8988,-125
8989,-125
8990,-125
8991,-125
8992,-125
8993,-125
8994,-125
8995,-125
8996,-125
8997,-125
8998,-125
8999,-125
9000,-125
9001,-125
9002,-125
9003,-125
9004,-125
9005,-125
9006,-125
9007,-125
9008,-125
9009,-125
9010,-125
9011,-125
9012,-125
9013,-125
9014,-125
9015,-125
9016,-125
9017,-125
9018,-125
9019,-125
9020,-125
9021,-125
9022,-125
9023,-125
9024,-125
9025,-125
9026,-125
9027,-75
9028,-125
9029,-125
9030,-125
9031,-125
9032,-125
9033,-125
9034,-125
9035,-125
9036,-125
9037,-125
9038,-125
9039,-125
9040,-125
9041,-125
9042,-125
9043,-125
9044,-125
9045,-125
9046,-125
9047,-125
9048,-125
9049,-125
9050,-125
9051,-127
9052,-125
9053,-125
9054,-125
9055,-125
9056,-125
9057,-125
9058,-125
9059,-125
9060,-125
9061,-125
9062,-125
9063,-125
9064,-125
9065,-125
9066,-125
9067,-125
9068,-125
9069,-125
9070,-125
9071,-125
9072,-125
9073,-125
9074,-125
9075,-125
9076,-125
9077,-125
9078,-125
9079,-125
9080,-125
9081,-125
9082,-125
9083,-125
9084,-125
9085,-125
9086,-125
9087,-125
9088,-125
9089,-125
9090,-125
9091,-125
9092,-125
9093,-75
9094,-125
9095,-125
9096,-125
9097,-125
9098,-125
9099,-125
9100,-125
9101,-125
9102,-125
9103,-125
9104,-125
9105,-125
9106,-125
9107,-125
9108,-125
9109,-125
9110,-125
9111,-125
9112,-125
9113,-125
9114,-125
9115,-125
9116,-125
9117,-125
9118,-125
9119,-125
9120,-125
9121,-125
9122,-125
9123,-125
9124,-125
9125,-125
9126,-125
9127,-125
9128,-125
9129,-125
9130,-125
9131,-75
9132,-125
9133,-125
9134,-125
9135,-125
9136,-125
9137,-125
9138,-125
9139,-125
9140,-125
9141,-125
9142,-125
9143,-125
9144,-125
9145,-125
9146,-125
9147,-125
9148,-125
9149,-125
9150,-125
9151,-125
9152,-125
9153,-125
9154,-125
9155,-125
9156,-125
9157,-125
9158,-125
9159,-125
9160,-125
9161,-125
9162,-125
9163,-125
9164,-125
9165,-125
9166,-125
9167,-125
9168,-125
9169,-125
9170,-125
9171,-125
9172,-125
9173,-125
9174,-125
9175,-125
9176,-125
9177,-125
9178,-125
9179,-125
9180,-125
9181,-125
9182,-125
9183,-125
9184,-125
9185,-125
9186,-125
9187,-125
9188,-125
9189,-125
9190,-125
9191,-125
9192,-125
9193,-125
9194,-125
9195,-125
9196,-125
9197,-125
9198,-125
9199,-125
9200,-125
9201,-125
9202,-125
9203,-125
9204,-125
9205,-125
9206,-125
9207,-125
9208,-125
9209,-125
9210,-125
9211,-125
9212,-125
9213,-125
9214,-125
9215,-125
9216,-125
9217,-125
9218,-125
9219,-125
9220,-125
9221,-125
9222,-125
9223,-125
9224,-125
9225,-125
9226,-125
9227,-125
9228,-125
9229,-125
9230,-125
9231,-125
9232,-125
9233,-125
9234,-125
9235,-125
9236,-125
9237,-125
9238,-125
9239,-125
9240,-125
9241,-125
9242,-125
9243,-125
9244,-125
9245,-125
9246,-125
9247,-125
9248,-125
9249,-125
9250,-125
9251,-125
9252,-125
9253,-125
9254,-125
9255,-125
9256,-125
9257,-125
9258,-125
9259,-125
9260,-125
9261,-125
9262,-125
9263,-125
9264,-125
9265,-125
9266,-125
9267,-125
9268,-125
9269,-125
9270,-125
9271,-125
9272,-125
9273,-125
9274,-125
9275,-125
9276,-125
9277,-125
9278,-125
9279,-125
9280,-125
9281,-125
9282,-125
9283,-125
9284,-125
9285,-125
9286,-125
9287,-125
9288,-125
9289,-125
9290,-125
9291,-125
9292,-125
9293,-125
9294,-125
9295,-125
9296,-125
9297,-125
9298,-125
9299,-125
9300,-125
9301,-125
9302,-125
9303,-125
9304,-125
9305,-125
9306,-125
9307,-125
9308,-125
9309,-125
9310,-125
9311,-200
9312,-125
9313,-125
9314,-125
9315,-125
9316,-125
9317,-125
9318,-125
9319,-125
9320,-125
9321,-125
9322,-125
9323,-125
9324,-125
9325,-125
9326,-125
9327,-125
9328,-125
9329,-125
9330,-125
9331,-125
9332,-125
9333,-125
9334,-125
9335,-125
9336,-125
9337,-125
9338,-125
9339,-125
9340,-125
9341,-125
9342,-125
9343,-125
9344,-125
9345,-125
9346,-125
9347,-125
9348,-125
9349,-125
9350,-125
9351,-125
9352,-125
9353,-125
9354,-125
9355,-125
9356,-125
9357,-125
9358,-125
9359,-125
9360,-125
9361,-125
9362,-125
9363,-125
9364,-125
9365,-125
9366,-125
9367,-125
9368,-125
9369,-125
9370,-125
9371,-125
9372,-125
9373,-125
9374,-125
9375,-125
9376,-125
9377,-127
9378,-125
9379,-125
9380,-125
9381,-125
9382,-125
9383,-125
9384,-125
9385,-125
9386,-125
9387,-125
9388,-125
9389,-125
9390,-125
9391,-125
9392,-125
9393,-125
9394,-125
9395,-125
9396,-125
9397,-125
9398,-125
9399,-125
9400,-125
9401,-125
9402,-125
9403,-125
9404,-125
9405,-125
9406,-125
9407,-125
9408,-125
9409,-125
9410,-125
9411,-125
9412,-125
9413,-125
9414,-125
9415,-125
9416,-125
9417,-125
9418,-125
9419,-125
9420,-125
9421,-125
9422,-125
9423,-125
9424,-125
9425,-125
9426,-125
9427,-125
9428,-125
9429,-125
9430,-125
9431,-125
9432,-125
9433,-125
9434,-125
9435,-125
9436,-125
9437,-125
9438,-125
9439,-125
9440,-125
9441,-125
9442,-125
9443,-125
9444,-125
9445,-125
9446,-125
9447,-125
9448,-125
9449,-125
9450,-125
9451,-125
9452,-125
9453,-125
9454,-125
9455,-125
9456,-125
9457,-125
9458,-125
9459,-125
9460,-125
9461,-125
9462,-125
9463,-125
9464,-125
9465,-125
9466,-125
9467,-125
9468,-125
9469,-125
9470,-125
9471,-125
9472,-125
9473,-125
9474,-125
9475,-125
9476,-125
9477,-125
9478,-125
9479,-125
9480,-125
9481,-125
9482,-125
9483,-125
9484,-125
9485,-125
9486,-125
9487,-125
9488,-125
9489,-125
9490,-125
9491,-125
9492,-125
9493,-125
9494,-125
9495,-125
9496,-125
9497,-125
9498,-125
9499,-125
9500,-125
9501,-125
9502,-125
9503,-125
9504,-125
9505,-125
9506,-125
9507,-125
9508,-125
9509,-125
9510,-125
9511,-125
9512,-125
9513,-125
9514,-125
9515,-125
9516,-125
9517,-125
9518,-125
9519,-125
9520,-125
9521,-125
9522,-125
9523,-125
9524,-125
9525,-125
9526,-125
9527,-125
9528,-125
9529,-125
9530,-127
9531,-125
9532,-125
9533,-125
9534,-125
9535,-125
9536,-125
9537,-125
9538,-125
9539,-125
9540,-125
9541,-125
9542,-125
9543,-125
9544,-125
9545,-125
9546,-125
9547,-125
9548,-125
9549,-125
9550,-125
9551,-125
9552,-125
9553,-125
9554,-125
9555,-125
9556,-125
9557,-125
9558,-125
9559,-125
9560,-125
9561,-125
9562,-125
9563,-125
9564,-125
9565,-125
9566,-125
9567,-125
9568,-125
9569,-125
9570,-125
9571,-125
9572,-125
9573,-125
9574,-125
9575,-125
9576,-125
9577,-125
9578,-125
9579,-125
9580,-125
9581,-125
9582,-125
9583,-125
9584,-125
9585,-125
9586,-125
9587,-125
9588,-125
9589,-125
9590,-125
9591,-125
9592,-125
9593,-125
9594,-125
9595,-125
9596,-125
9597,-125
9598,-125
9599,-125
9600,-125
9601,-125
9602,-127
9603,-125
9604,-125
9605,-125
9606,-125
9607,-125
9608,-125
9609,-125
9610,-125
9611,-125
9612,-125
9613,-175
9614,-125
9615,-125
9616,-125
9617,-125
9618,-125
9619,-125
9620,-125
9621,-125
9622,-125
9623,-125
9624,-125
9625,-125
9626,-125
9627,-125
9628,-125
9629,-125
9630,-125
9631,-125
9632,-125
9633,-125
9634,-125
9635,-125
9636,-125
9637,-125
9638,-125
9639,-125
9640,-125
9641,-125
9642,-125
9643,-125
9644,-125
9645,-125
9646,-175
9647,-125
9648,-125
9649,-125
9650,-125
9651,-125
9652,-125
9653,-125
9654,-125
9655,-125
9656,-125
9657,-125
9658,-125
9659,-125
9660,-125
9661,-125
9662,-125
9663,-125
9664,-125
9665,-125
9666,-125
9667,-125
9668,-125
9669,-125
9670,-125
9671,-125
9672,-125
9673,-125
9674,-125
9675,-125
9676,-125
9677,-125
9678,-125
9679,-125
9680,-125
9681,-125
9682,-125
9683,-125
9684,-125
9685,-175
9686,-125
9687,-125
9688,-125
9689,-125
9690,-125
9691,-125
9692,-125
9693,-125
9694,-125
9695,-125
9696,-125
9697,-125
9698,-125
9699,-125
9700,-125
9701,-125
9702,-125
9703,-125
9704,-125
9705,-125
9706,-125
9707,-125
9708,-125
9709,-125
9710,-125
9711,-125
9712,-125
9713,-125
9714,-125
9715,-125
9716,-125
9717,-125
9718,-125
9719,-125
9720,-125
9721,-125
9722,-125
9723,-125
9724,-127
9725,-125
9726,-127
9727,-125
9728,-125
9729,-125
9730,-125
9731,-125
9732,-125
9733,-125
9734,-125
9735,-125
9736,-125
9737,-125
9738,-125
9739,-125
9740,-125
9741,-125
9742,-125
9743,-125
9744,-125
9745,-125
9746,-125
9747,-125
9748,-125
9749,-125
9750,-125
9751,-125
9752,-125
9753,-125
9754,-125
9755,-125
9756,-125
9757,-125
9758,-125
9759,-125
9760,-125
9761,-125
9762,-125
9763,-125
9764,-125
9765,-125
9766,-125
9767,-125
9768,-125
9769,-125
9770,-125
9771,-125
9772,-125
9773,-125
9774,-127
9775,-125
9776,-125
9777,-125
9778,-125
9779,-125
9780,-125
9781,-125
9782,-125
9783,-125
9784,-125
9785,-125
9786,-125
9787,-125
9788,-125
9789,-125
9790,-125
9791,-125
9792,-125
9793,-125
9794,-125
9795,-125
9796,-125
9797,-125
9798,-125
9799,-125
9800,-125
9801,-125
9802,-125
9803,-125
9804,-125
9805,-125
9806,-125
9807,-125
9808,-125
9809,-125
9810,-125
9811,-125
9812,-125
9813,-125
9814,-125
9815,-125
9816,-125
9817,-125
9818,-125
9819,-125
9820,-125
9821,-125
9822,-125
9823,-125
9824,-125
9825,-125
9826,-125
9827,-125
9828,-125
9829,-125
9830,-125
9831,-125
9832,-125
9833,-125
9834,-125
9835,-125
9836,-125
9837,-125
9838,-125
9839,-125
9840,-125
9841,-125
9842,-125
9843,-125
9844,-125
9845,-125
9846,-125
9847,-125
9848,-125
9849,-125
9850,-125
9851,-175
9852,-125
9853,-125
9854,-125
9855,-125
9856,-125
9857,-125
9858,-125
9859,-125
9860,-125
9861,-125
9862,-125
9863,-125
9864,-125
9865,-125
9866,-125
9867,-125
9868,-125
9869,-125
9870,-125
9871,-125
9872,-125
9873,-125
9874,-125
9875,-175
9876,-125
9877,-125
9878,-125
9879,-125
9880,-125
9881,-125
9882,-125
9883,-125
9884,-125
9885,-125
9886,-125
9887,-125
9888,-125
9889,-125
9890,-125
9891,-125
9892,-125
9893,-125
9894,-125
9895,-125
9896,-125
9897,-125
9898,-125
9899,-125
9900,-125
9901,-125
9902,-125
9903,-125
9904,-125
9905,-125
9906,-125
9907,-125
9908,-125
9909,-125
9910,-125
9911,-125
9912,-125
9913,-125
9914,-125
9915,-125
9916,-125
9917,-125
9918,-125
9919,-125
9920,-125
9921,-125
9922,-125
9923,-125
9924,-125
9925,-125
9926,-125
9927,-125
9928,-125
9929,-125
9930,-125
9931,-125
9932,-125
9933,-125
9934,-125
9935,-125
9936,-125
9937,-125
9938,-125
9939,-125
9940,-125
9941,-125
9942,-125
9943,-125
9944,-125
9945,-125
9946,-125
9947,-125
9948,-125
9949,-125
9950,-125
9951,-125
9952,-125
9953,-125
9954,-125
9955,-125
9956,-125
9957,-125
9958,-125
9959,-125
9960,-125
9961,-125
9962,-125
9963,-125
9964,-125
9965,-125
9966,-125
9967,-125
9968,-125
9969,-125
9970,-125
9971,-125
9972,-125
9973,-125
9974,-125
9975,-125
9976,-125
9977,-125
9978,-125
9979,-125
9980,-125
9981,-125
9982,-125
9983,-125
9984,-125
9985,-125
9986,-125
9987,-125
9988,-125
9989,-125
9990,-125
9991,-125
9992,-125
9993,-125
9994,-125
9995,-125
9996,-125
9997,-125
9998,-125
9999,-125
[[(4, 4), 0, -25], [(3, 4), 2, 50], [(3, 3), 0, -150]]