0,-504
1,-400
2,-1048
3,-1002
4,-365
5,-1025
6,-1140
7,-550
8,-2057
9,-1134
10,-1094
11,-548
12,-1002
13,-1112
14,-696
15,-4429
16,-200
17,-200
18,-200
19,-200
20,-200
21,-200
22,-200
23,-200
24,-200
25,-200
26,-200
27,-200
28,-200
29,-200
30,-200
31,-200
32,-200
33,-200
34,-200
35,-200
36,-200
37,-200
38,-200
39,-200
40,-200
41,-200
42,-200
43,-200
44,-200
45,-200
46,-200
47,-200
48,-200
49,-200
50,-200
51,-200
52,-200
53,-200
54,-200
55,-200
56,-200
57,-200
58,-200
59,-200
60,-200
61,-200
62,-200
63,-200
64,-200
65,-200
66,-200
67,-200
68,-200
69,-200
70,-200
71,-200
72,-200
73,-200
74,-200
75,-200
76,-200
77,-200
78,-200
79,-200
80,-200
81,-200
82,-200
83,-200
84,-200
85,-200
86,-200
87,-200
88,-200
89,-200
90,-200
91,-200
92,-200
93,-200
94,-200
95,-200
96,-200
97,-200
98,-200
99,-200
100,-200
101,-200
102,-200
103,-200
104,-200
105,-200
106,-200
107,-200
108,-200
109,-200
110,-200
111,-200
112,-200
113,-200
114,-200
115,-200
116,-200
117,-200
118,-200
119,-200
120,-200
121,-200
122,-200
123,-200
124,-200
125,-200
126,-200
127,-200
128,-200
129,-200
130,-200
131,-200
132,-200
133,-200
134,-200
135,-200
136,-200
137,-200
138,-200
139,-200
140,-200
141,-200
142,-200
143,-200
144,-200
145,-200
146,-200
147,-200
148,-200
149,-200
150,-200
151,-200
152,-200
153,-200
154,-200
155,-200
156,-326
157,-200
158,-200
159,-200
160,-200
161,-200
162,-200
163,-202
164,-200
165,-200
166,-200
167,-200
168,-200
169,-200
170,-200
171,-200
172,-200
173,-200
174,-200
175,-200
176,-200
177,-200
178,-200
179,-200
180,-200
181,-200
182,-200
183,-200
184,-200
185,-200
186,-200
187,-200
188,-200
189,-200
190,-200
191,-200
192,-12525
193,-200
194,-200
195,-200
196,-200
197,-200
198,-200
199,-200
200,-200
201,-200
202,-200
203,-200
204,-200
205,-200
206,-200
207,-200
208,-200
209,-200
210,-200
211,-200
212,-200
213,-200
214,-200
215,-200
216,-200
217,-200
218,-200
219,-200
220,-200
221,-200
222,-200
223,-200
224,-200
225,-200
226,-200
227,-200
228,-200
229,-200
230,-200
231,-200
232,-200
233,-200
234,-200
235,-200
236,-200
237,-200
238,-200
239,-200
240,-200
241,-200
242,-200
243,-200
244,-200
245,-200
246,-200
247,-200
248,-200
249,-200
250,-200
251,-200
252,-200
253,-200
254,-200
255,-200
256,-200
257,-200
258,-200
259,-200
260,-200
261,-200
262,-200
263,-200
264,-200
265,-200
266,-200
267,-200
268,-200
269,-200
270,-200
271,-200
272,-200
273,-200
274,-200
275,-200
276,-200
277,-200
278,-200
279,-200
280,-200
281,-200
282,-200
283,-200
284,-200
285,-200
286,-200
287,-200
288,-200
289,-200
290,-200
291,-200
292,-200
293,-200
294,-200
295,-200
296,-200
297,-200
298,-200
299,-200
300,-200
301,-200
302,-200
303,-200
304,-200
305,-200
306,-200
307,-200
308,-200
309,-200
310,-200
311,-200
312,-200
313,-200
314,-200
315,-200
316,-200
317,-200
318,-200
319,-200
320,-200
321,-200
322,-200
323,-200
324,-200
325,-200
326,-200
327,-200
328,-200
329,-200
330,-200
331,-200
332,-202
333,-200
334,-200
335,-200
336,-200
337,-200
338,-200
339,-200
340,-200
341,-200
342,-200
343,-200
344,-200
345,-200
346,-200
347,-200
348,-200
349,-200
350,-200
351,-200
352,-200
353,-200
354,-200
355,-200
356,-200
357,-200
358,-200
359,-200
360,-200
361,-200
362,-200
363,-200
364,-200
365,-200
366,-200
367,-200
368,-200
369,-200
370,-200
371,-200
372,-200
373,-200
374,-200
375,-200
376,-200
377,-200
378,-200
379,-200
380,-200
381,-200
382,-200
383,-200
384,-200
385,-200
386,-200
387,-200
388,-200
389,-200
390,-200
391,-200
392,-200
393,-200
394,-200
395,-200
396,-200
397,-200
398,-200
399,-200
400,-200
401,-200
402,-200
403,-200
404,-200
405,-200
406,-200
407,-200
408,-200
409,-200
410,-200
411,-200
412,-200
413,-200
414,-200
415,-200
416,-200
417,-200
418,-200
419,-200
420,-200
421,-200
422,-200
423,-200
424,-200
425,-200
426,-200
427,-200
428,-200
429,-200
430,-200
431,-200
432,-200
433,-200
434,-200
435,-200
436,-200
437,-200
438,-200
439,-200
440,-200
441,-200
442,-200
443,-200
444,-200
445,-200
446,-200
447,-200
448,-200
449,-200
450,-200
451,-200
452,-200
453,-200
454,-200
455,-200
456,-200
457,-200
458,-200
459,-200
460,-200
461,-200
462,-200
463,-200
464,-200
465,-200
466,-200
467,-200
468,-200
469,-200
470,-200
471,-200
472,-200
473,-200
474,-200
475,-200
476,-200
477,-200
478,-200
479,-200
480,-200
481,-200
482,-200
483,-200
484,-250
485,-200
486,-200
487,-200
488,-200
489,-200
490,-200
491,-200
492,-200
493,-200
494,-200
495,-200
496,-200
497,-200
498,-200
499,-200
500,-200
501,-200
502,-200
503,-200
504,-200
505,-200
506,-200
507,-200
508,-200
509,-200
510,-200
511,-200
512,-200
513,-200
514,-200
515,-200
516,-200
517,-200
518,-200
519,-200
520,-200
521,-200
522,-200
523,-200
524,-200
525,-200
526,-200
527,-200
528,-200
529,-200
530,-200
531,-200
532,-200
533,-200
534,-200
535,-200
536,-200
537,-200
538,-200
539,-200
540,-200
541,-200
542,-200
543,-200
544,-200
545,-200
546,-200
547,-200
548,-200
549,-200
550,-200
551,-200
552,-200
553,-200
554,-200
555,-200
556,-200
557,-200
558,-200
559,-200
560,-200
561,-200
562,-200
563,-200
564,-200
565,-4352
566,-200
567,-200
568,-200
569,-200
570,-200
571,-200
572,-200
573,-200
574,-200
575,-200
576,-200
577,-200
578,-200
579,-200
580,-200
581,-200
582,-200
583,-200
584,-200
585,-200
586,-200
587,-200
588,-200
589,-202
590,-200
591,-200
592,-200
593,-200
594,-200
595,-200
596,-200
597,-200
598,-200
599,-200
600,-200
601,-200
602,-200
603,-200
604,-200
605,-200
606,-200
607,-200
608,-200
609,-200
610,-200
611,-200
612,-200
613,-200
614,-200
615,-200
616,-200
617,-200
618,-200
619,-200
620,-200
621,-200
622,-200
623,-200
624,-200
625,-200
626,-200
627,-200
628,-200
629,-200
630,-200
631,-200
632,-200
633,-200
634,-200
635,-200
636,-200
637,-200
638,-200
639,-200
640,-200
641,-200
642,-200
643,-200
644,-200
645,-200
646,-200
647,-200
648,-200
649,-200
650,-200
651,-200
652,-200
653,-200
654,-200
655,-200
656,-200
657,-200
658,-200
659,-202
660,-202
661,-200
662,-200
663,-200
664,-200
665,-200
666,-200
667,-200
668,-200
669,-200
670,-200
671,-200
672,-200
673,-200
674,-200
675,-200
676,-200
677,-200
678,-200
679,-200
680,-200
681,-200
682,-200
683,-200
684,-200
685,-200
686,-200
687,-200
688,-200
689,-200
690,-200
691,-250
692,-200
693,-200
694,-200
695,-200
696,-200
697,-200
698,-200
699,-200
700,-200
701,-200
702,-200
703,-200
704,-200
705,-200
706,-200
707,-200
708,-200
709,-200
710,-200
711,-200
712,-200
713,-200
714,-200
715,-200
716,-200
717,-200
718,-200
719,-200
720,-200
721,-200
722,-200
723,-200
724,-200
725,-200
726,-200
727,-200
728,-250
729,-200
730,-200
731,-200
732,-200
733,-200
734,-200
735,-200
736,-200
737,-200
738,-200
739,-200
740,-200
741,-200
742,-200
743,-200
744,-200
745,-200
746,-200
747,-200
748,-200
749,-200
750,-200
751,-200
752,-200
753,-200
754,-200
755,-200
756,-200
757,-200
758,-200
759,-200
760,-200
761,-200
762,-200
763,-200
764,-7104
765,-200
766,-200
767,-200
768,-200
769,-200
770,-200
771,-200
772,-200
773,-200
774,-200
775,-200
776,-200
777,-200
778,-200
779,-200
780,-200
781,-200
782,-200
783,-200
784,-200
785,-200
786,-200
787,-200
788,-200
789,-200
790,-200
791,-200
792,-200
793,-200
794,-200
795,-200
796,-200
797,-200
798,-200
799,-200
800,-200
801,-200
802,-200
803,-200
804,-200
805,-200
806,-200
807,-200
808,-200
809,-200
810,-200
811,-200
812,-200
813,-200
814,-200
815,-200
816,-200
817,-200
818,-200
819,-200
820,-200
821,-200
822,-200
823,-200
824,-200
825,-200
826,-200
827,-200
828,-200
829,-200
830,-200
831,-200
832,-200
833,-200
834,-200
835,-200
836,-200
837,-200
838,-200
839,-200
840,-200
841,-200
842,-200
843,-200
844,-200
845,-200
846,-200
847,-200
848,-200
849,-200
850,-200
851,-200
852,-200
853,-200
854,-200
855,-200
856,-200
857,-200
858,-200
859,-200
860,-200
861,-200
862,-200
863,-200
864,-200
865,-200
866,-200
867,-200
868,-200
869,-200
870,-200
871,-200
872,-200
873,-200
874,-200
875,-200
876,-200
877,-200
878,-200
879,-200
880,-200
881,-200
882,-200
883,-200
884,-200
885,-200
886,-200
887,-200
888,-200
889,-200
890,-200
891,-200
892,-200
893,-200
894,-200
895,-200
896,-200
897,-200
898,-200
899,-200
900,-200
901,-200
902,-200
903,-200
904,-200
905,-200
906,-200
907,-200
908,-200
909,-200
910,-200
911,-200
912,-200
913,-200
914,-200
915,-200
916,-200
917,-200
918,-200
919,-200
920,-200
921,-200
922,-200
923,-200
924,-200
925,-200
926,-200
927,-200
928,-200
929,-200
930,-200
931,-200
932,-200
933,-200
934,-200
935,-200
936,-200
937,-200
938,-200
939,-200
940,-200
941,-200
942,-200
943,-200
944,-200
945,-200
946,-200
947,-200
948,-200
949,-200
950,-200
951,-200
952,-200
953,-200
954,-200
955,-200
956,-200
957,-200
958,-200
959,-200
960,-200
961,-200
962,-200
963,-200
964,-200
965,-200
966,-200
967,-200
968,-200
969,-200
970,-200
971,-200
972,-200
973,-200
974,-200
975,-200
976,-200
977,-200
978,-200
979,-200
980,-200
981,-200
982,-200
983,-200
984,-200
985,-200
986,-200
987,-200
988,-200
989,-200
990,-200
991,-200
992,-200
993,-200
994,-200
995,-200
996,-200
997,-200
998,-200
999,-200
1000,-200
1001,-200
1002,-200
1003,-200
1004,-200
1005,-200
1006,-200
1007,-200
1008,-200
1009,-200
1010,-200
1011,-200
1012,-200
1013,-200
1014,-200
1015,-200
1016,-200
1017,-200
1018,-200
1019,-200
1020,-200
1021,-200
1022,-200
1023,-200
1024,-200
1025,-200
1026,-200
1027,-200
1028,-200
1029,-200
1030,-200
1031,-200
1032,-200
1033,-200
1034,-200
1035,-200
1036,-200
1037,-200
1038,-200
1039,-200
1040,-200
1041,-200
1042,-200
1043,-250
1044,-200
1045,-200
1046,-200
1047,-200
1048,-200
1049,-200
1050,-250
1051,-200
1052,-200
1053,-200
1054,-200
1055,-200
1056,-200
1057,-200
1058,-200
1059,-200
1060,-200
1061,-200
1062,-200
1063,-200
1064,-200
1065,-200
1066,-200
1067,-200
1068,-200
1069,-200
1070,-200
1071,-200
1072,-200
1073,-200
1074,-200
1075,-200
1076,-200
1077,-200
1078,-200
1079,-200
1080,-200
1081,-200
1082,-200
1083,-200
1084,-200
1085,-200
1086,-200
1087,-200
1088,-200
1089,-200
1090,-200
1091,-200
1092,-200
1093,-200
1094,-200
1095,-200
1096,-200
1097,-200
1098,-200
1099,-200
1100,-200
1101,-200
1102,-200
1103,-200
1104,-200
1105,-200
1106,-200
1107,-200
1108,-200
1109,-200
1110,-200
1111,-200
1112,-200
1113,-200
1114,-200
1115,-200
1116,-250
1117,-200
1118,-200
1119,-200
1120,-200
1121,-200
1122,-200
1123,-200
1124,-200
1125,-200
1126,-200
1127,-200
1128,-200
1129,-200
1130,-200
1131,-200
1132,-200
1133,-200
1134,-200
1135,-200
1136,-200
1137,-200
1138,-200
1139,-200
1140,-200
1141,-200
1142,-200
1143,-200
1144,-200
1145,-200
1146,-200
1147,-200
1148,-200
1149,-200
1150,-200
1151,-200
1152,-200
1153,-200
1154,-200
1155,-200
1156,-200
1157,-200
1158,-200
1159,-200
1160,-200
1161,-200
1162,-200
1163,-200
1164,-200
1165,-200
1166,-200
1167,-200
1168,-200
1169,-200
1170,-200
1171,-200
1172,-200
1173,-200
1174,-200
1175,-200
1176,-200
1177,-200
1178,-200
1179,-200
1180,-200
1181,-200
1182,-200
1183,-200
1184,-200
1185,-200
1186,-200
1187,-200
1188,-200
1189,-200
1190,-200
1191,-200
1192,-200
1193,-200
1194,-200
1195,-200
1196,-200
1197,-200
1198,-200
1199,-200
1200,-200
1201,-200
1202,-200
1203,-200
1204,-200
1205,-200
1206,-200
1207,-200
1208,-200
1209,-200
1210,-200
1211,-200
1212,-200
1213,-200
1214,-200
1215,-200
1216,-200
1217,-200
1218,-200
1219,-200
1220,-200
1221,-200
1222,-200
1223,-200
1224,-200
1225,-12525
1226,-200
1227,-200
1228,-200
1229,-200
1230,-200
1231,-200
1232,-200
1233,-200
1234,-200
1235,-200
1236,-200
1237,-200
1238,-200
1239,-200
1240,-200
1241,-200
1242,-200
1243,-200
1244,-200
1245,-200
1246,-200
1247,-200
1248,-200
1249,-200
1250,-200
1251,-200
1252,-200
1253,-200
1254,-200
1255,-200
1256,-200
1257,-200
1258,-200
1259,-200
1260,-200
1261,-200
1262,-200
1263,-200
1264,-200
1265,-200
1266,-200
1267,-200
1268,-200
1269,-200
1270,-200
1271,-200
1272,-200
1273,-200
1274,-200
1275,-200
1276,-200
1277,-200
1278,-200
1279,-200
1280,-200
1281,-200
1282,-200
1283,-200
1284,-200
1285,-200
1286,-200
1287,-200
1288,-200
1289,-200
1290,-200
1291,-200
1292,-200
1293,-200
1294,-200
1295,-200
1296,-200
1297,-200
1298,-200
1299,-200
1300,-200
1301,-200
1302,-200
1303,-200
1304,-200
1305,-200
1306,-200
1307,-200
1308,-200
1309,-200
1310,-200
1311,-200
1312,-200
1313,-200
1314,-25
1315,-200
1316,-200
1317,-200
1318,-200
1319,-200
1320,-200
1321,-200
1322,-200
1323,-250
1324,-200
1325,-200
1326,-200
1327,-200
1328,-200
1329,-200
1330,-200
1331,-200
1332,-200
1333,-200
1334,-200
1335,-200
1336,-200
1337,-200
1338,-200
1339,-200
1340,-200
1341,-200
1342,-200
1343,-200
1344,-200
1345,-3029
1346,-200
1347,-200
1348,-200
1349,-200
1350,-200
1351,-200
1352,-200
1353,-200
1354,-200
1355,-200
1356,-200
1357,-200
1358,-200
1359,-200
1360,-200
1361,-200
1362,-200
1363,-200
1364,-200
1365,-200
1366,-200
1367,-200
1368,-200
1369,-650
1370,-200
1371,-200
1372,-200
1373,-200
1374,-200
1375,-200
1376,-200
1377,-200
1378,-200
1379,-200
1380,-200
1381,-200
1382,-200
1383,-200
1384,-200
1385,-200
1386,-200
1387,-200
1388,-200
1389,-200
1390,-200
1391,-200
1392,-200
1393,-200
1394,-200
1395,-200
1396,-200
1397,-200
1398,-200
1399,-25
1400,-200
1401,-200
1402,-200
1403,-200
1404,-200
1405,-200
1406,-200
1407,-200
1408,-200
1409,-200
1410,-200
1411,-200
1412,-200
1413,-200
1414,-200
1415,-200
1416,-200
1417,-200
1418,-200
1419,-200
1420,-200
1421,-200
1422,-200
1423,-200
1424,-200
1425,-200
1426,-200
1427,-200
1428,-200
1429,-200
1430,-200
1431,-200
1432,-200
1433,-200
1434,-200
1435,-200
1436,-200
1437,-200
1438,-200
1439,-200
1440,-12502
1441,-200
1442,-200
1443,-200
1444,-200
1445,-200
1446,-200
1447,-200
1448,-200
1449,-200
1450,-200
1451,-200
1452,-200
1453,-200
1454,-200
1455,-200
1456,-200
1457,-200
1458,-200
1459,-200
1460,-200
1461,-200
1462,-200
1463,-200
1464,-200
1465,-200
1466,-200
1467,-200
1468,-200
1469,-200
1470,-200
1471,-200
1472,-200
1473,-200
1474,-200
1475,-200
1476,-200
1477,-200
1478,-200
1479,-200
1480,-200
1481,-202
1482,-200
1483,-200
1484,-200
1485,-200
1486,-200
1487,-200
1488,-200
1489,-200
1490,-200
1491,-200
1492,-200
1493,-200
1494,-200
1495,-200
1496,-200
1497,-200
1498,-200
1499,-200
1500,-200
1501,-200
1502,-200
1503,-200
1504,-200
1505,-200
1506,-200
1507,-200
1508,-200
1509,-200
1510,-200
1511,-200
1512,-200
1513,-200
1514,-200
1515,-200
1516,-200
1517,-200
1518,-200
1519,-200
1520,-200
1521,-200
1522,-200
1523,-200
1524,-200
1525,-200
1526,-200
1527,-200
1528,-200
1529,-200
1530,-200
1531,-200
1532,-200
1533,-200
1534,-200
1535,-200
1536,-200
1537,-200
1538,-200
1539,-200
1540,-200
1541,-200
1542,-200
1543,-200
1544,-200
1545,-200
1546,-200
1547,-200
1548,-200
1549,-200
1550,-200
1551,-200
1552,-200
1553,-200
1554,-200
1555,-200
1556,-200
1557,-200
1558,-250
1559,-200
1560,-200
1561,-200
1562,-200
1563,-200
1564,-200
1565,-200
1566,-200
1567,-200
1568,-200
1569,-200
1570,-200
1571,-200
1572,-200
1573,-200
1574,-200
1575,-200
1576,-200
1577,-200
1578,-200
1579,-200
1580,-200
1581,-200
1582,-200
1583,-200
1584,-200
1585,-200
1586,-200
1587,-200
1588,-200
1589,-200
1590,-200
1591,-200
1592,-200
1593,-200
1594,-200
1595,-200
1596,-200
1597,-200
1598,-200
1599,-200
1600,-200
1601,-200
1602,-200
1603,-200
1604,-200
1605,-200
1606,-200
1607,-200
1608,-200
1609,-200
1610,-200
1611,-200
1612,-200
1613,-200
1614,-200
1615,-200
1616,-200
1617,-200
1618,-200
1619,-200
1620,-200
1621,-200
1622,-200
1623,-200
1624,-200
1625,-200
1626,-200
1627,-200
1628,-200
1629,-200
1630,-200
1631,-250
1632,-200
1633,-200
1634,-200
1635,-200
1636,-200
1637,-200
1638,-200
1639,-200
1640,-200
1641,-200
1642,-200
1643,-200
1644,-200
1645,-200
1646,-200
1647,-200
1648,-200
1649,-200
1650,-200
1651,-200
1652,-200
1653,-200
1654,-200
1655,-200
1656,-200
1657,-200
1658,-200
1659,-200
1660,-200
1661,-200
1662,-25
1663,-200
1664,-200
1665,-200
1666,-200
1667,-200
1668,-200
1669,-200
1670,-200
1671,-200
1672,-200
1673,-200
1674,-200
1675,-200
1676,-200
1677,-200
1678,-200
1679,-200
1680,-200
1681,-200
1682,-200
1683,-200
1684,-200
1685,-200
1686,-200
1687,-200
1688,-200
1689,-200
1690,-200
1691,-200
1692,-200
1693,-200
1694,-200
1695,-200
1696,-200
1697,-200
1698,-200
1699,-200
1700,-200
1701,-200
1702,-200
1703,-200
1704,-200
1705,-200
1706,-200
1707,-200
1708,-200
1709,-200
1710,-200
1711,-200
1712,-200
1713,-200
1714,-200
1715,-250
1716,-200
1717,-200
1718,-200
1719,-200
1720,-200
1721,-200
1722,-200
1723,-200
1724,-200
1725,-200
1726,-200
1727,-200
1728,-250
1729,-200
1730,-200
1731,-200
1732,-200
1733,-200
1734,-200
1735,-200
1736,-200
1737,-200
1738,-200
1739,-200
1740,-200
1741,-200
1742,-200
1743,-200
1744,-200
1745,-200
1746,-200
1747,-200
1748,-200
1749,-200
1750,-200
1751,-200
1752,-200
1753,-200
1754,-200
1755,-200
1756,-200
1757,-200
1758,-200
1759,-7852
1760,-200
1761,-200
1762,-200
1763,-200
1764,-200
1765,-200
1766,-200
1767,-200
1768,-200
1769,-200
1770,-200
1771,-200
1772,-200
1773,-200
1774,-200
1775,-200
1776,-200
1777,-200
1778,-202
1779,-200
1780,-200
1781,-200
1782,-200
1783,-200
1784,-200
1785,-200
1786,-200
1787,-200
1788,-200
1789,-200
1790,-200
1791,-200
1792,-200
1793,-200
1794,-200
1795,-200
1796,-200
1797,-200
1798,-200
1799,-200
1800,-200
1801,-200
1802,-200
1803,-200
1804,-200
1805,-200
1806,-200
1807,-200
1808,-200
1809,-200
1810,-200
1811,-200
1812,-200
1813,-200
1814,-200
1815,-200
1816,-200
1817,-200
1818,-200
1819,-200
1820,-200
1821,-200
1822,-200
1823,-200
1824,-200
1825,-200
1826,-200
1827,-202
1828,-200
1829,-200
1830,-200
1831,-200
1832,-200
1833,-200
1834,-200
1835,-200
1836,-200
1837,-200
1838,-200
1839,-200
1840,-200
1841,-200
1842,-200
1843,-200
1844,-200
1845,-200
1846,-200
1847,-200
1848,-200
1849,-200
1850,-200
1851,-200
1852,-200
1853,-200
1854,-200
1855,-200
1856,-200
1857,-200
1858,-200
1859,-200
1860,-200
1861,-200
1862,-200
1863,-200
1864,-200
1865,-200
1866,-200
1867,-200
1868,-200
1869,-200
1870,-200
1871,-200
1872,-200
1873,-200
1874,-200
1875,-200
1876,-200
1877,-200
1878,-200
1879,-200
1880,-200
1881,-200
1882,-200
1883,-200
1884,-200
1885,-200
1886,-200
1887,-200
1888,-200
1889,-200
1890,-200
1891,-200
1892,-200
1893,-200
1894,-200
1895,-200
1896,-200
1897,-200
1898,-200
1899,-200
1900,-200
1901,-200
1902,-200
1903,-200
1904,-200
1905,-1925
1906,-200
1907,-200
1908,-200
1909,-200
1910,-200
1911,-200
1912,-200
1913,-200
1914,-200
1915,-200
1916,-200
1917,-200
1918,-200
1919,-200
1920,-200
1921,-200
1922,-200
1923,-200
1924,-200
1925,-200
1926,-200
1927,-200
1928,-200
1929,-200
1930,-200
1931,-200
1932,-200
1933,-200
1934,-200
1935,-200
1936,-200
1937,-200
1938,-200
1939,-200
1940,-200
1941,-200
1942,-200
1943,-200
1944,-200
1945,-200
1946,-200
1947,-200
1948,-200
1949,-200
1950,-200
1951,-200
1952,-200
1953,-200
1954,-200
1955,-200
1956,-200
1957,-200
1958,-200
1959,-200
1960,-200
1961,-200
1962,-200
1963,-200
1964,-200
1965,-200
1966,-200
1967,-200
1968,-200
1969,-200
1970,-200
1971,-200
1972,-200
1973,-200
1974,-200
1975,-200
1976,-200
1977,-200
1978,-200
1979,-200
1980,-200
1981,-200
1982,-200
1983,-200
1984,-200
1985,-200
1986,-200
1987,-200
1988,-200
1989,-200
1990,-200
1991,-200
1992,-200
1993,-200
1994,-200
1995,-200
1996,-200
1997,-200
1998,-200
1999,-200
2000,-200
2001,-200
2002,-200
2003,-200
2004,-200
2005,-200
2006,-200
2007,-200
2008,-200
2009,-200
2010,-200
2011,-200
2012,-200
2013,-2350
2014,-200
2015,-200
2016,-200
2017,-200
2018,-200
2019,-200
2020,-200
2021,-200
2022,-200
2023,-200
2024,-200
2025,-200
2026,-200
2027,-200
2028,-200
2029,-200
2030,-200
2031,-200
2032,-200
2033,-200
2034,-200
2035,-200
2036,-200
2037,-200
2038,-200
2039,-200
2040,-200
2041,-200
2042,-200
2043,-200
2044,-200
2045,-200
2046,-200
2047,-200
2048,-200
2049,-200
2050,-200
2051,-200
2052,-200
2053,-200
2054,-200
2055,-200
2056,-200
2057,-200
2058,-200
2059,-200
2060,-200
2061,-200
2062,-200
2063,-200
2064,-200
2065,-200
2066,-200
2067,-200
2068,-200
2069,-200
2070,-200
2071,-200
2072,-200
2073,-200
2074,-200
2075,-200
2076,-200
2077,-200
2078,-200
2079,-200
2080,-200
2081,-200
2082,-200
2083,-200
2084,-200
2085,-200
2086,-200
2087,-200
2088,-200
2089,-200
2090,-200
2091,-200
2092,-200
2093,-200
2094,-200
2095,-200
2096,-200
2097,-200
2098,-200
2099,-200
2100,-200
2101,-200
2102,-200
2103,-200
2104,-200
2105,-9029
2106,-200
2107,-200
2108,-200
2109,-200
2110,-200
2111,-200
2112,-200
2113,-200
2114,-200
2115,-200
2116,-200
2117,-200
2118,-200
2119,-200
2120,-200
2121,-200
2122,-200
2123,-200
2124,-200
2125,-200
2126,-200
2127,-250
2128,-200
2129,-200
2130,-200
2131,-200
2132,-200
2133,-202
2134,-200
2135,-200
2136,-200
2137,-200
2138,-250
2139,-200
2140,-200
2141,-200
2142,-200
2143,-200
2144,-200
2145,-200
2146,-200
2147,-200
2148,-200
2149,-200
2150,-200
2151,-200
2152,-200
2153,-200
2154,-200
2155,-200
2156,-200
2157,-200
2158,-200
2159,-200
2160,-200
2161,-200
2162,-200
2163,-200
2164,-200
2165,-200
2166,-200
2167,-200
2168,-200
2169,-200
2170,-200
2171,-200
2172,-200
2173,-200
2174,-200
2175,-200
2176,-200
2177,-200
2178,-200
2179,-200
2180,-200
2181,-200
2182,-200
2183,-200
2184,-200
2185,-200
2186,-200
2187,-200
2188,-200
2189,-200
2190,-200
2191,-200
2192,-200
2193,-200
2194,-200
2195,-200
2196,-200
2197,-200
2198,-200
2199,-200
2200,-200
2201,-200
2202,-200
2203,-200
2204,-200
2205,-200
2206,-200
2207,-200
2208,-200
2209,-200
2210,-200
2211,-200
2212,-200
2213,-200
2214,-200
2215,-200
2216,-200
2217,-200
2218,-200
2219,-200
2220,-200
2221,-200
2222,-200
2223,-200
2224,-200
2225,-200
2226,-200
2227,-200
2228,-200
2229,-200
2230,-200
2231,-200
2232,-200
2233,-200
2234,-200
2235,-200
2236,-200
2237,-200
2238,-200
2239,-200
2240,-200
2241,-200
2242,-200
2243,-200
2244,-200
2245,-200
2246,-200
2247,-200
2248,-200
2249,-200
2250,-200
2251,-200
2252,-200
2253,-200
2254,-200
2255,-250
2256,-200
2257,-200
2258,-200
2259,-200
2260,-200
2261,-200
2262,-200
2263,-200
2264,-200
2265,-200
2266,-200
2267,-200
2268,-200
2269,-200
2270,-200
2271,-200
2272,-200
2273,-200
2274,-200
2275,-200
2276,-200
2277,-200
2278,-200
2279,-200
2280,-200
2281,-200
2282,-200
2283,-200
2284,-250
2285,-200
2286,-200
2287,-200
2288,-200
2289,-200
2290,-200
2291,-200
2292,-200
2293,-200
2294,-200
2295,-200
2296,-200
2297,-200
2298,-200
2299,-200
2300,-200
2301,-200
2302,-200
2303,-200
2304,-200
2305,-200
2306,-200
2307,-200
2308,-200
2309,-200
2310,-200
2311,-200
2312,-200
2313,-200
2314,-200
2315,-200
2316,-200
2317,-200
2318,-200
2319,-200
2320,-200
2321,-200
2322,-200
2323,-200
2324,-200
2325,-200
2326,-200
2327,-200
2328,-200
2329,-200
2330,-200
2331,-200
2332,-200
2333,-200
2334,-200
2335,-200
2336,-200
2337,-200
2338,-200
2339,-200
2340,-200
2341,-200
2342,-200
2343,-200
2344,-200
2345,-200
2346,-200
2347,-200
2348,-200
2349,-200
2350,-200
2351,-200
2352,-200
2353,-200
2354,-200
2355,-200
2356,-200
2357,-200
2358,-200
2359,-200
2360,-200
2361,-200
2362,-200
2363,-250
2364,-200
2365,-200
2366,-200
2367,-200
2368,-200
2369,-200
2370,-200
2371,-200
2372,-200
2373,-200
2374,-200
2375,-200
2376,-200
2377,-200
2378,-200
2379,-200
2380,-200
2381,-200
2382,-200
2383,-200
2384,-200
2385,-200
2386,-200
2387,-200
2388,-200
2389,-200
2390,-200
2391,-200
2392,-200
2393,-200
2394,-200
2395,-200
2396,-200
2397,-200
2398,-200
2399,-200
2400,-200
2401,-200
2402,-200
2403,-200
2404,-200
2405,-200
2406,-200
2407,-200
2408,-200
2409,-200
2410,-200
2411,-200
2412,-200
2413,-200
2414,-200
2415,-200
2416,-200
2417,-200
2418,-200
2419,-200
2420,-200
2421,-200
2422,-200
2423,-200
2424,-200
2425,-200
2426,-200
2427,-200
2428,-200
2429,-200
2430,-200
2431,-200
2432,-200
2433,-200
2434,-200
2435,-200
2436,-200
2437,-200
2438,-200
2439,-200
2440,-200
2441,-200
2442,-200
2443,-200
2444,-200
2445,-200
2446,-200
2447,-200
2448,-200
2449,-200
2450,-200
2451,-200
2452,-200
2453,-200
2454,-200
2455,-200
2456,-200
2457,-200
2458,-200
2459,-200
2460,-200
2461,-200
2462,-200
2463,-200
2464,-200
2465,-200
2466,-200
2467,-200
2468,-200
2469,-200
2470,-200
2471,-200
2472,-200
2473,-200
2474,-200
2475,-200
2476,-200
2477,-200
2478,-200
2479,-200
2480,-200
2481,-200
2482,-200
2483,-200
2484,-200
2485,-200
2486,-200
2487,-200
2488,-200
2489,-200
2490,-200
2491,-200
2492,-200
2493,-200
2494,-200
2495,-200
2496,-200
2497,-200
2498,-200
2499,-200
2500,-200
2501,-200
2502,-200
2503,-200
2504,-200
2505,-200
2506,-200
2507,-200
2508,-200
2509,-200
2510,-200
2511,-200
2512,-200
2513,-200
2514,-200
2515,-200
2516,-200
2517,-200
2518,-200
2519,-200
2520,-200
2521,-200
2522,-200
2523,-200
2524,-25
2525,-200
2526,-200
2527,-200
2528,-200
2529,-200
2530,-200
2531,-200
2532,-200
2533,-200
2534,-200
2535,-200
2536,-200
2537,-200
2538,-200
2539,-200
2540,-200
2541,-200
2542,-200
2543,-200
2544,-200
2545,-200
2546,-200
2547,-200
2548,-200
2549,-200
2550,-200
2551,-200
2552,-200
2553,-200
2554,-200
2555,-200
2556,-200
2557,-200
2558,-200
2559,-200
2560,-200
2561,-200
2562,-200
2563,-202
2564,-200
2565,-200
2566,-200
2567,-200
2568,-200
2569,-200
2570,-200
2571,-200
2572,-200
2573,-200
2574,-200
2575,-200
2576,-200
2577,-200
2578,-200
2579,-200
2580,-200
2581,-200
2582,-200
2583,-200
2584,-200
2585,-200
2586,-200
2587,-200
2588,-200
2589,-200
2590,-200
2591,-200
2592,-200
2593,-200
2594,-200
2595,-200
2596,-200
2597,-200
2598,-200
2599,-200
2600,-200
2601,-200
2602,-200
2603,-200
2604,-200
2605,-200
2606,-200
2607,-200
2608,-252
2609,-200
2610,-200
2611,-200
2612,-200
2613,-200
2614,-200
2615,-200
2616,-200
2617,-200
2618,-200
2619,-200
2620,-200
2621,-200
2622,-200
2623,-200
2624,-200
2625,-200
2626,-200
2627,-200
2628,-250
2629,-200
2630,-200
2631,-200
2632,-200
2633,-200
2634,-200
2635,-200
2636,-200
2637,-200
2638,-200
2639,-200
2640,-200
2641,-200
2642,-200
2643,-200
2644,-200
2645,-200
2646,-200
2647,-200
2648,-200
2649,-200
2650,-200
2651,-200
2652,-200
2653,-200
2654,-200
2655,-200
2656,-200
2657,-200
2658,-200
2659,-200
2660,-200
2661,-200
2662,-200
2663,-200
2664,-200
2665,-200
2666,-200
2667,-200
2668,-200
2669,-200
2670,-200
2671,-200
2672,-200
2673,-200
2674,-200
2675,-200
2676,-200
2677,-200
2678,-200
2679,-200
2680,-200
2681,-200
2682,-202
2683,-200
2684,-200
2685,-200
2686,-200
2687,-200
2688,-200
2689,-200
2690,-200
2691,-200
2692,-200
2693,-200
2694,-200
2695,-200
2696,-200
2697,-200
2698,-250
2699,-200
2700,-200
2701,-200
2702,-200
2703,-200
2704,-200
2705,-200
2706,-200
2707,-200
2708,-200
2709,-200
2710,-200
2711,-200
2712,-200
2713,-200
2714,-200
2715,-200
2716,-250
2717,-200
2718,-200
2719,-200
2720,-200
2721,-200
2722,-200
2723,-200
2724,-200
2725,-200
2726,-200
2727,-200
2728,-200
2729,-200
2730,-200
2731,-200
2732,-200
2733,-200
2734,-200
2735,-200
2736,-200
2737,-200
2738,-200
2739,-200
2740,-200
2741,-200
2742,-200
2743,-200
2744,-200
2745,-200
2746,-200
2747,-200
2748,-200
2749,-200
2750,-200
2751,-200
2752,-200
2753,-200
2754,-200
2755,-200
2756,-200
2757,-200
2758,-200
2759,-200
2760,-200
2761,-200
2762,-200
2763,-200
2764,-200
2765,-200
2766,-200
2767,-200
2768,-200
2769,-200
2770,-200
2771,-200
2772,-200
2773,-200
2774,-200
2775,-200
2776,-200
2777,-200
2778,-200
2779,-200
2780,-200
2781,-200
2782,-200
2783,-200
2784,-200
2785,-200
2786,-200
2787,-200
2788,-200
2789,-200
2790,-200
2791,-200
2792,-200
2793,-200
2794,-200
2795,-200
2796,-200
2797,-200
2798,-200
2799,-200
2800,-200
2801,-200
2802,-200
2803,-200
2804,-200
2805,-200
2806,-200
2807,-200
2808,-200
2809,-200
2810,-200
2811,-200
2812,-200
2813,-200
2814,-200
2815,-200
2816,-200
2817,-200
2818,-200
2819,-200
2820,-200
2821,-200
2822,-200
2823,-200
2824,-200
2825,-200
2826,-200
2827,-200
2828,-200
2829,-200
2830,-200
2831,-200
2832,-200
2833,-200
2834,-200
2835,-200
2836,-200
2837,-200
2838,-200
2839,-200
2840,-200
2841,-200
2842,-200
2843,-200
2844,-200
2845,-200
2846,-200
2847,-200
2848,-200
2849,-200
2850,-200
2851,-200
2852,-200
2853,-200
2854,-200
2855,-200
2856,-200
2857,-200
2858,-200
2859,-200
2860,-200
2861,-200
2862,-200
2863,-200
2864,-200
2865,-200
2866,-200
2867,-200
2868,-200
2869,-200
2870,-200
2871,-200
2872,-200
2873,-200
2874,-200
2875,-200
2876,-200
2877,-200
2878,-200
2879,-200
2880,-200
2881,-200
2882,-200
2883,-200
2884,-200
2885,-200
2886,-200
2887,-200
2888,-200
2889,-200
2890,-200
2891,-200
2892,-200
2893,-200
2894,-200
2895,-200
2896,-200
2897,-200
2898,-200
2899,-200
2900,-200
2901,-200
2902,-200
2903,-200
2904,-200
2905,-200
2906,-200
2907,-200
2908,-200
2909,-200
2910,-200
2911,-200
2912,-200
2913,-200
2914,-200
2915,-200
2916,-200
2917,-200
2918,-200
2919,-200
2920,-200
2921,-200
2922,-200
2923,-200
2924,-200
2925,-200
2926,-200
2927,-200
2928,-200
2929,-200
2930,-200
2931,-200
2932,-200
2933,-200
2934,-200
2935,-200
2936,-200
2937,-200
2938,-200
2939,-200
2940,-200
2941,-200
2942,-200
2943,-200
2944,-200
2945,-200
2946,-200
2947,-200
2948,-200
2949,-200
2950,-200
2951,-200
2952,-200
2953,-200
2954,-200
2955,-202
2956,-200
2957,-200
2958,-200
2959,-200
2960,-202
2961,-200
2962,-200
2963,-200
2964,-200
2965,-200
2966,-200
2967,-200
2968,-200
2969,-200
2970,-200
2971,-200
2972,-200
2973,-200
2974,-200
2975,-200
2976,-200
2977,-200
2978,-200
2979,-200
2980,-200
2981,-200
2982,-200
2983,-200
2984,-200
2985,-200
2986,-200
2987,-200
2988,-200
2989,-200
2990,-200
2991,-200
2992,-200
2993,-200
2994,-200
2995,-200
2996,-200
2997,-200
2998,-200
2999,-200
3000,-200
3001,-200
3002,-200
3003,-200
3004,-202
3005,-200
3006,-200
3007,-200
3008,-200
3009,-200
3010,-200
3011,-200
3012,-200
3013,-200
3014,-200
3015,-200
3016,-200
3017,-200
3018,-200
3019,-200
3020,-200
3021,-200
3022,-200
3023,-200
3024,-200
3025,-200
3026,-200
3027,-200
3028,-200
3029,-200
3030,-200
3031,-200
3032,-200
3033,-200
3034,-200
3035,-200
3036,-200
3037,-200
3038,-200
3039,-200
3040,-200
3041,-200
3042,-200
3043,-200
3044,-200
3045,-200
3046,-200
3047,-200
3048,-200
3049,-200
3050,-200
3051,-200
3052,-200
3053,-200
3054,-200
3055,-200
3056,-200
3057,-200
3058,-200
3059,-200
3060,-200
3061,-200
3062,-200
3063,-200
3064,-200
3065,-200
3066,-200
3067,-200
3068,-200
3069,-200
3070,-200
3071,-200
3072,-200
3073,-200
3074,-200
3075,-200
3076,-200
3077,-200
3078,-200
3079,-200
3080,-200
3081,-200
3082,-200
3083,-200
3084,-200
3085,-200
3086,-200
3087,-200
3088,-200
3089,-200
3090,-200
3091,-200
3092,-200
3093,-200
3094,-200
3095,-200
3096,-200
3097,-200
3098,-200
3099,-200
3100,-200
3101,-200
3102,-200
3103,-200
3104,-200
3105,-200
3106,-200
3107,-200
3108,-200
3109,-200
3110,-200
3111,-200
3112,-200
3113,-200
3114,-200
3115,-200
3116,-200
3117,-200
3118,-200
3119,-200
3120,-200
3121,-200
3122,-200
3123,-200
3124,-200
3125,-200
3126,-200
3127,-200
3128,-200
3129,-200
3130,-200
3131,-200
3132,-200
3133,-200
3134,-200
3135,-200
3136,-200
3137,-200
3138,-200
3139,-200
3140,-200
3141,-200
3142,-200
3143,-200
3144,-200
3145,-200
3146,-200
3147,-200
3148,-200
3149,-200
3150,-200
3151,-200
3152,-200
3153,-200
3154,-200
3155,-200
3156,-200
3157,-200
3158,-200
3159,-200
3160,-200
3161,-200
3162,-200
3163,-200
3164,-200
3165,-200
3166,-200
3167,-200
3168,-200
3169,-200
3170,-200
3171,-250
3172,-200
3173,-200
3174,-200
3175,-200
3176,-200
3177,-200
3178,-200
3179,-200
3180,-200
3181,-200
3182,-200
3183,-200
3184,-200
3185,-200
3186,-200
3187,-200
3188,-200
3189,-200
3190,-200
3191,-200
3192,-200
3193,-200
3194,-200
3195,-200
3196,-200
3197,-200
3198,-200
3199,-200
3200,-200
3201,-200
3202,-200
3203,-200
3204,-200
3205,-200
3206,-200
3207,-200
3208,-200
3209,-200
3210,-200
3211,-200
3212,-200
3213,-200
3214,-200
3215,-200
3216,-200
3217,-200
3218,-200
3219,-200
3220,-200
3221,-200
3222,-200
3223,-200
3224,-200
3225,-200
3226,-200
3227,-200
3228,-200
3229,-200
3230,-200
3231,-200
3232,-200
3233,-200
3234,-200
3235,-200
3236,-200
3237,-200
3238,-200
3239,-200
3240,-200
3241,-200
3242,-200
3243,-200
3244,-200
3245,-200
3246,-200
3247,-200
3248,-200
3249,-200
3250,-200
3251,-200
3252,-200
3253,-200
3254,-200
3255,-200
3256,-200
3257,-202
3258,-200
3259,-200
3260,-200
3261,-200
3262,-200
3263,-200
3264,-200
3265,-200
3266,-200
3267,-200
3268,-200
3269,-200
3270,-200
3271,-200
3272,-200
3273,-200
3274,-200
3275,-200
3276,-200
3277,-200
3278,-200
3279,-200
3280,-200
3281,-200
3282,-200
3283,-200
3284,-200
3285,-200
3286,-200
3287,-200
3288,-200
3289,-200
3290,-200
3291,-200
3292,-200
3293,-200
3294,-200
3295,-200
3296,-200
3297,-200
3298,-202
3299,-200
3300,-200
3301,-200
3302,-200
3303,-200
3304,-200
3305,-200
3306,-250
3307,-200
3308,-200
3309,-200
3310,-200
3311,-200
3312,-200
3313,-200
3314,-200
3315,-200
3316,-200
3317,-200
3318,-200
3319,-200
3320,-200
3321,-200
3322,-200
3323,-200
3324,-200
3325,-200
3326,-200
3327,-200
3328,-200
3329,-200
3330,-200
3331,-200
3332,-200
3333,-200
3334,-200
3335,-200
3336,-200
3337,-250
3338,-200
3339,-200
3340,-200
3341,-200
3342,-200
3343,-200
3344,-200
3345,-200
3346,-200
3347,-200
3348,-200
3349,-200
3350,-200
3351,-200
3352,-200
3353,-200
3354,-200
3355,-200
3356,-200
3357,-200
3358,-200
3359,-200
3360,-200
3361,-200
3362,-200
3363,-200
3364,-200
3365,-200
3366,-200
3367,-200
3368,-200
3369,-200
3370,-200
3371,-200
3372,-200
3373,-200
3374,-200
3375,-200
3376,-200
3377,-200
3378,-200
3379,-200
3380,-200
3381,-200
3382,-200
3383,-200
3384,-200
3385,-200
3386,-200
3387,-250
3388,-200
3389,-250
3390,-200
3391,-200
3392,-200
3393,-200
3394,-200
3395,-200
3396,-200
3397,-200
3398,-200
3399,-200
3400,-200
3401,-200
3402,-200
3403,-200
3404,-200
3405,-200
3406,-200
3407,-200
3408,-200
3409,-200
3410,-200
3411,-200
3412,-200
3413,-200
3414,-200
3415,-200
3416,-200
3417,-200
3418,-200
3419,-200
3420,-200
3421,-200
3422,-200
3423,-200
3424,-200
3425,-200
3426,-200
3427,-200
3428,-200
3429,-200
3430,-200
3431,-200
3432,-200
3433,-200
3434,-200
3435,-200
3436,-200
3437,-200
3438,-200
3439,-200
3440,-200
3441,-200
3442,-200
3443,-200
3444,-200
3445,-200
3446,-200
3447,-200
3448,-200
3449,-200
3450,-200
3451,-200
3452,-200
3453,-200
3454,-200
3455,-200
3456,-200
3457,-200
3458,-200
3459,-250
3460,-200
3461,-200
3462,-200
3463,-200
3464,-200
3465,-200
3466,-200
3467,-200
3468,-200
3469,-200
3470,-200
3471,-200
3472,-200
3473,-200
3474,-200
3475,-200
3476,-200
3477,-200
3478,-200
3479,-200
3480,-200
3481,-200
3482,-200
3483,-200
3484,-200
3485,-200
3486,-200
3487,-200
3488,-200
3489,-200
3490,-200
3491,-200
3492,-200
3493,-200
3494,-200
3495,-200
3496,-200
3497,-200
3498,-200
3499,-200
3500,-200
3501,-200
3502,-250
3503,-200
3504,-200
3505,-200
3506,-200
3507,-200
3508,-200
3509,-200
3510,-200
3511,-200
3512,-200
3513,-200
3514,-200
3515,-200
3516,-200
3517,-200
3518,-200
3519,-200
3520,-200
3521,-200
3522,-200
3523,-200
3524,-200
3525,-200
3526,-200
3527,-200
3528,-200
3529,-200
3530,-200
3531,-200
3532,-200
3533,-200
3534,-200
3535,-200
3536,-200
3537,-200
3538,-200
3539,-200
3540,-200
3541,-200
3542,-200
3543,-200
3544,-200
3545,-200
3546,-200
3547,-200
3548,-200
3549,-200
3550,-200
3551,-250
3552,-200
3553,-200
3554,-200
3555,-200
3556,-200
3557,-200
3558,-200
3559,-200
3560,-200
3561,-200
3562,-200
3563,-200
3564,-200
3565,-200
3566,-200
3567,-200
3568,-200
3569,-200
3570,-200
3571,-200
3572,-200
3573,-200
3574,-200
3575,-200
3576,-200
3577,-200
3578,-200
3579,-200
3580,-200
3581,-200
3582,-200
3583,-200
3584,-200
3585,-200
3586,-200
3587,-200
3588,-200
3589,-200
3590,-200
3591,-200
3592,-200
3593,-200
3594,-200
3595,-200
3596,-200
3597,-200
3598,-200
3599,-200
3600,-200
3601,-200
3602,-200
3603,-200
3604,-200
3605,-200
3606,-200
3607,-200
3608,-200
3609,-200
3610,-200
3611,-200
3612,-200
3613,-200
3614,-200
3615,-200
3616,-200
3617,-200
3618,-200
3619,-200
3620,-200
3621,-200
3622,-200
3623,-200
3624,-200
3625,-200
3626,-200
3627,-200
3628,-200
3629,-200
3630,-200
3631,-200
3632,-200
3633,-200
3634,-200
3635,-200
3636,-200
3637,-200
3638,-200
3639,-200
3640,-200
3641,-200
3642,-200
3643,-200
3644,-200
3645,-200
3646,-200
3647,-200
3648,-202
3649,-200
3650,-200
3651,-200
3652,-200
3653,-200
3654,-200
3655,-200
3656,-200
3657,-200
3658,-200
3659,-200
3660,-200
3661,-200
3662,-200
3663,-200
3664,-200
3665,-200
3666,-200
3667,-200
3668,-200
3669,-200
3670,-200
3671,-200
3672,-200
3673,-200
3674,-200
3675,-200
3676,-200
3677,-200
3678,-200
3679,-200
3680,-200
3681,-200
3682,-200
3683,-200
3684,-200
3685,-200
3686,-200
3687,-200
3688,-200
3689,-200
3690,-200
3691,-200
3692,-200
3693,-200
3694,-200
3695,-200
3696,-200
3697,-200
3698,-200
3699,-200
3700,-200
3701,-200
3702,-200
3703,-200
3704,-200
3705,-200
3706,-200
3707,-200
3708,-200
3709,-200
3710,-200
3711,-200
3712,-200
3713,-200
3714,-200
3715,-200
3716,-200
3717,-200
3718,-200
3719,-200
3720,-200
3721,-200
3722,-200
3723,-200
3724,-200
3725,-200
3726,-200
3727,-200
3728,-200
3729,-200
3730,-200
3731,-200
3732,-200
3733,-200
3734,-200
3735,-200
3736,-200
3737,-200
3738,-200
3739,-200
3740,-200
3741,-200
3742,-200
3743,-200
3744,-200
3745,-200
3746,-200
3747,-200
3748,-200
3749,-200
3750,-200
3751,-200
3752,-200
3753,-200
3754,-200
3755,-200
3756,-200
3757,-200
3758,-200
3759,-200
3760,-200
3761,-200
3762,-200
3763,-200
3764,-200
3765,-200
3766,-200
3767,-200
3768,-200
3769,-200
3770,-200
3771,-200
3772,-200
3773,-200
3774,-200
3775,-200
3776,-200
3777,-200
3778,-200
3779,-200
3780,-200
3781,-200
3782,-200
3783,-200
3784,-200
3785,-200
3786,-200
3787,-200
3788,-250
3789,-200
3790,-200
3791,-200
3792,-200
3793,-200
3794,-200
3795,-200
3796,-200
3797,-200
3798,-200
3799,-200
3800,-200
3801,-200
3802,-200
3803,-200
3804,-200
3805,-200
3806,-200
3807,-200
3808,-200
3809,-200
3810,-200
3811,-200
3812,-200
3813,-200
3814,-200
3815,-200
3816,-200
3817,-200
3818,-200
3819,-200
3820,-200
3821,-200
3822,-200
3823,-200
3824,-200
3825,-200
3826,-200
3827,-200
3828,-200
3829,-200
3830,-200
3831,-200
3832,-200
3833,-200
3834,-200
3835,-200
3836,-200
3837,-200
3838,-200
3839,-200
3840,-200
3841,-200
3842,-200
3843,-200
3844,-200
3845,-200
3846,-200
3847,-200
3848,-200
3849,-200
3850,-200
3851,-200
3852,-200
3853,-200
3854,-200
3855,-200
3856,-200
3857,-200
3858,-200
3859,-200
3860,-200
3861,-200
3862,-200
3863,-200
3864,-200
3865,-200
3866,-200
3867,-200
3868,-200
3869,-200
3870,-200
3871,-200
3872,-200
3873,-200
3874,-200
3875,-200
3876,-200
3877,-200
3878,-200
3879,-200
3880,-250
3881,-200
3882,-200
3883,-200
3884,-200
3885,-200
3886,-200
3887,-200
3888,-200
3889,-200
3890,-200
3891,-200
3892,-200
3893,-200
3894,-200
3895,-200
3896,-200
3897,-200
3898,-200
3899,-200
3900,-200
3901,-200
3902,-250
3903,-200
3904,-200
3905,-200
3906,-200
3907,-200
3908,-200
3909,-200
3910,-200
3911,-200
3912,-200
3913,-200
3914,-200
3915,-200
3916,-200
3917,-200
3918,-200
3919,-200
3920,-200
3921,-200
3922,-200
3923,-200
3924,-200
3925,-200
3926,-200
3927,-200
3928,-200
3929,-200
3930,-200
3931,-200
3932,-200
3933,-200
3934,-200
3935,-200
3936,-200
3937,-202
3938,-200
3939,-200
3940,-200
3941,-200
3942,-200
3943,-200
3944,-200
3945,-200
3946,-200
3947,-200
3948,-200
3949,-200
3950,-200
3951,-200
3952,-200
3953,-200
3954,-200
3955,-200
3956,-200
3957,-200
3958,-200
3959,-200
3960,-200
3961,-200
3962,-200
3963,-200
3964,-200
3965,-200
3966,-200
3967,-200
3968,-200
3969,-200
3970,-200
3971,-200
3972,-200
3973,-200
3974,-200
3975,-200
3976,-200
3977,-200
3978,-200
3979,-200
3980,-200
3981,-200
3982,-200
3983,-200
3984,-200
3985,-200
3986,-200
3987,-200
3988,-200
3989,-200
3990,-200
3991,-200
3992,-200
3993,-200
3994,-200
3995,-200
3996,-200
3997,-200
3998,-200
3999,-200
4000,-200
4001,-200
4002,-200
4003,-200
4004,-200
4005,-200
4006,-200
4007,-200
4008,-200
4009,-200
4010,-200
4011,-200
4012,-200
4013,-200
4014,-200
4015,-200
4016,-200
4017,-200
4018,-200
4019,-200
4020,-200
4021,-200
4022,-200
4023,-200
4024,-200
4025,-200
4026,-200
4027,-200
4028,-200
4029,-200
4030,-200
4031,-200
4032,-200
4033,-200
4034,-200
4035,-200
4036,-200
4037,-200
4038,-200
4039,-200
4040,-200
4041,-200
4042,-200
4043,-200
4044,-200
4045,-200
4046,-200
4047,-200
4048,-200
4049,-200
4050,-200
4051,-200
4052,-200
4053,-200
4054,-200
4055,-200
4056,-200
4057,-200
4058,-200
4059,-200
4060,-200
4061,-200
4062,-200
4063,-200
4064,-200
4065,-200
4066,-200
4067,-200
4068,-200
4069,-200
4070,-202
4071,-200
4072,-200
4073,-200
4074,-200
4075,-200
4076,-200
4077,-200
4078,-200
4079,-200
4080,-200
4081,-200
4082,-200
4083,-200
4084,-200
4085,-200
4086,-200
4087,-200
4088,-200
4089,-200
4090,-200
4091,-200
4092,-200
4093,-200
4094,-200
4095,-200
4096,-200
4097,-200
4098,-200
4099,-200
4100,-200
4101,-200
4102,-200
4103,-200
4104,-200
4105,-200
4106,-200
4107,-200
4108,-200
4109,-200
4110,-25
4111,-200
4112,-200
4113,-200
4114,-200
4115,-202
4116,-200
4117,-200
4118,-200
4119,-200
4120,-200
4121,-200
4122,-200
4123,-200
4124,-200
4125,-200
4126,-200
4127,-200
4128,-200
4129,-200
4130,-200
4131,-200
4132,-200
4133,-200
4134,-200
4135,-200
4136,-200
4137,-200
4138,-200
4139,-200
4140,-200
4141,-200
4142,-200
4143,-200
4144,-200
4145,-202
4146,-200
4147,-200
4148,-200
4149,-200
4150,-200
4151,-200
4152,-200
4153,-200
4154,-200
4155,-200
4156,-200
4157,-200
4158,-200
4159,-200
4160,-200
4161,-200
4162,-200
4163,-200
4164,-200
4165,-200
4166,-200
4167,-200
4168,-200
4169,-200
4170,-200
4171,-200
4172,-200
4173,-200
4174,-200
4175,-200
4176,-200
4177,-200
4178,-200
4179,-200
4180,-200
4181,-200
4182,-200
4183,-200
4184,-200
4185,-200
4186,-200
4187,-200
4188,-200
4189,-200
4190,-200
4191,-200
4192,-200
4193,-200
4194,-200
4195,-200
4196,-200
4197,-200
4198,-200
4199,-200
4200,-200
4201,-200
4202,-200
4203,-200
4204,-200
4205,-200
4206,-200
4207,-200
4208,-200
4209,-200
4210,-200
4211,-200
4212,-200
4213,-200
4214,-200
4215,-200
4216,-200
4217,-200
4218,-200
4219,-200
4220,-200
4221,-200
4222,-200
4223,-200
4224,-200
4225,-200
4226,-200
4227,-200
4228,-200
4229,-200
4230,-200
4231,-200
4232,-200
4233,-200
4234,-200
4235,-200
4236,-200
4237,-200
4238,-200
4239,-200
4240,-200
4241,-200
4242,-200
4243,-200
4244,-200
4245,-200
4246,-200
4247,-200
4248,-200
4249,-200
4250,-200
4251,-200
4252,-200
4253,-200
4254,-200
4255,-200
4256,-200
4257,-200
4258,-200
4259,-200
4260,-200
4261,-200
4262,-200
4263,-200
4264,-200
4265,-200
4266,-200
4267,-200
4268,-200
4269,-200
4270,-200
4271,-200
4272,-200
4273,-200
4274,-200
4275,-200
4276,-200
4277,-200
4278,-200
4279,-200
4280,-200
4281,-200
4282,-200
4283,-200
4284,-200
4285,-200
4286,-200
4287,-200
4288,-200
4289,-200
4290,-200
4291,-200
4292,-200
4293,-200
4294,-200
4295,-200
4296,-200
4297,-200
4298,-200
4299,-200
4300,-200
4301,-200
4302,-200
4303,-200
4304,-200
4305,-200
4306,-200
4307,-200
4308,-200
4309,-202
4310,-200
4311,-200
4312,-200
4313,-200
4314,-200
4315,-200
4316,-200
4317,-200
4318,-200
4319,-200
4320,-200
4321,-200
4322,-200
4323,-200
4324,-200
4325,-200
4326,-200
4327,-200
4328,-200
4329,-200
4330,-200
4331,-200
4332,-200
4333,-200
4334,-200
4335,-200
4336,-200
4337,-200
4338,-200
4339,-200
4340,-200
4341,-200
4342,-200
4343,-200
4344,-200
4345,-200
4346,-200
4347,-200
4348,-200
4349,-200
4350,-200
4351,-200
4352,-200
4353,-200
4354,-200
4355,-200
4356,-200
4357,-250
4358,-200
4359,-200
4360,-200
4361,-200
4362,-200
4363,-200
4364,-200
4365,-200
4366,-200
4367,-200
4368,-200
4369,-200
4370,-200
4371,-200
4372,-200
4373,-200
4374,-200
4375,-200
4376,-200
4377,-200
4378,-200
4379,-200
4380,-200
4381,-200
4382,-200
4383,-200
4384,-200
4385,-200
4386,-200
4387,-200
4388,-200
4389,-200
4390,-200
4391,-200
4392,-200
4393,-200
4394,-200
4395,-200
4396,-200
4397,-200
4398,-200
4399,-200
4400,-200
4401,-200
4402,-200
4403,-200
4404,-200
4405,-200
4406,-200
4407,-200
4408,-200
4409,-200
4410,-200
4411,-200
4412,-200
4413,-200
4414,-200
4415,-200
4416,-200
4417,-200
4418,-200
4419,-200
4420,-200
4421,-200
4422,-200
4423,-200
4424,-200
4425,-200
4426,-200
4427,-200
4428,-200
4429,-200
4430,-200
4431,-200
4432,-200
4433,-200
4434,-200
4435,-200
4436,-200
4437,-200
4438,-200
4439,-200
4440,-200
4441,-200
4442,-200
4443,-200
4444,-200
4445,-200
4446,-200
4447,-200
4448,-200
4449,-200
4450,-200
4451,-200
4452,-200
4453,-200
4454,-200
4455,-200
4456,-200
4457,-200
4458,-200
4459,-200
4460,-200
4461,-200
4462,-200
4463,-200
4464,-200
4465,-200
4466,-200
4467,-200
4468,-200
4469,-200
4470,-200
4471,-200
4472,-200
4473,-200
4474,-200
4475,-200
4476,-200
4477,-200
4478,-200
4479,-200
4480,-200
4481,-200
4482,-200
4483,-200
4484,-200
4485,-200
4486,-200
4487,-200
4488,-200
4489,-200
4490,-200
4491,-200
4492,-200
4493,-200
4494,-200
4495,-200
4496,-200
4497,-200
4498,-200
4499,-200
4500,-200
4501,-200
4502,-200
4503,-200
4504,-200
4505,-200
4506,-200
4507,-200
4508,-200
4509,-200
4510,-200
4511,-200
4512,-200
4513,-200
4514,-200
4515,-200
4516,-200
4517,-200
4518,-200
4519,-200
4520,-200
4521,-200
4522,-200
4523,-200
4524,-200
4525,-200
4526,-200
4527,-200
4528,-200
4529,-200
4530,-200
4531,-200
4532,-200
4533,-200
4534,-200
4535,-200
4536,-200
4537,-200
4538,-202
4539,-200
4540,-200
4541,-200
4542,-200
4543,-200
4544,-200
4545,-200
4546,-200
4547,-200
4548,-200
4549,-200
4550,-200
4551,-200
4552,-200
4553,-200
4554,-200
4555,-200
4556,-200
4557,-200
4558,-200
4559,-200
4560,-200
4561,-200
4562,-200
4563,-200
4564,-200
4565,-200
4566,-200
4567,-200
4568,-200
4569,-200
4570,-200
4571,-200
4572,-200
4573,-25
4574,-200
4575,-200
4576,-200
4577,-200
4578,-200
4579,-200
4580,-200
4581,-200
4582,-200
4583,-200
4584,-200
4585,-200
4586,-200
4587,-200
4588,-200
4589,-200
4590,-200
4591,-200
4592,-200
4593,-200
4594,-200
4595,-200
4596,-200
4597,-200
4598,-200
4599,-200
4600,-200
4601,-200
4602,-200
4603,-200
4604,-200
4605,-200
4606,-200
4607,-200
4608,-200
4609,-200
4610,-200
4611,-200
4612,-200
4613,-200
4614,-200
4615,-200
4616,-200
4617,-200
4618,-200
4619,-200
4620,-200
4621,-200
4622,-200
4623,-250
4624,-200
4625,-200
4626,-200
4627,-200
4628,-200
4629,-200
4630,-200
4631,-200
4632,-200
4633,-200
4634,-200
4635,-200
4636,-200
4637,-200
4638,-200
4639,-200
4640,-200
4641,-200
4642,-200
4643,-200
4644,-200
4645,-200
4646,-200
4647,-200
4648,-200
4649,-200
4650,-200
4651,-200
4652,-200
4653,-200
4654,-200
4655,-200
4656,-200
4657,-200
4658,-200
4659,-200
4660,-200
4661,-200
4662,-200
4663,-200
4664,-200
4665,-200
4666,-200
4667,-200
4668,-200
4669,-200
4670,-200
4671,-200
4672,-200
4673,-200
4674,-200
4675,-200
4676,-200
4677,-200
4678,-200
4679,-200
4680,-200
4681,-200
4682,-200
4683,-200
4684,-200
4685,-200
4686,-200
4687,-200
4688,-200
4689,-200
4690,-200
4691,-200
4692,-200
4693,-200
4694,-200
4695,-200
4696,-200
4697,-200
4698,-200
4699,-200
4700,-200
4701,-200
4702,-200
4703,-200
4704,-200
4705,-200
4706,-200
4707,-200
4708,-200
4709,-200
4710,-200
4711,-200
4712,-200
4713,-200
4714,-200
4715,-200
4716,-200
4717,-200
4718,-200
4719,-200
4720,-200
4721,-200
4722,-200
4723,-200
4724,-200
4725,-200
4726,-200
4727,-200
4728,-200
4729,-200
4730,-200
4731,-200
4732,-200
4733,-200
4734,-200
4735,-200
4736,-200
4737,-200
4738,-200
4739,-200
4740,-200
4741,-200
4742,-200
4743,-200
4744,-200
4745,-200
4746,-200
4747,-200
4748,-200
4749,-200
4750,-200
4751,-200
4752,-200
4753,-200
4754,-200
4755,-200
4756,-200
4757,-200
4758,-200
4759,-200
4760,-200
4761,-200
4762,-200
4763,-200
4764,-200
4765,-200
4766,-200
4767,-200
4768,-200
4769,-200
4770,-200
4771,-200
4772,-200
4773,-200
4774,-200
4775,-200
4776,-200
4777,-200
4778,-200
4779,-200
4780,-200
4781,-200
4782,-200
4783,-200
4784,-200
4785,-200
4786,-200
4787,-200
4788,-200
4789,-200
4790,-200
4791,-200
4792,-200
4793,-200
4794,-200
4795,-200
4796,-200
4797,-200
4798,-200
4799,-200
4800,-200
4801,-200
4802,-200
4803,-200
4804,-200
4805,-200
4806,-200
4807,-200
4808,-200
4809,-200
4810,-200
4811,-200
4812,-200
4813,-200
4814,-200
4815,-200
4816,-200
4817,-200
4818,-200
4819,-200
4820,-200
4821,-200
4822,-200
4823,-200
4824,-200
4825,-200
4826,-200
4827,-200
4828,-200
4829,-200
4830,-200
4831,-200
4832,-200
4833,-200
4834,-200
4835,-200
4836,-200
4837,-200
4838,-200
4839,-200
4840,-200
4841,-200
4842,-200
4843,-200
4844,-200
4845,-200
4846,-200
4847,-200
4848,-200
4849,-200
4850,-200
4851,-200
4852,-200
4853,-200
4854,-200
4855,-200
4856,-200
4857,-200
4858,-200
4859,-200
4860,-200
4861,-200
4862,-200
4863,-250
4864,-200
4865,-200
4866,-200
4867,-200
4868,-200
4869,-200
4870,-200
4871,-200
4872,-200
4873,-200
4874,-200
4875,-200
4876,-200
4877,-200
4878,-200
4879,-200
4880,-200
4881,-200
4882,-200
4883,-200
4884,-200
4885,-200
4886,-200
4887,-200
4888,-200
4889,-200
4890,-200
4891,-200
4892,-200
4893,-200
4894,-200
4895,-200
4896,-200
4897,-200
4898,-200
4899,-200
4900,-200
4901,-250
4902,-200
4903,-200
4904,-200
4905,-200
4906,-200
4907,-200
4908,-200
4909,-200
4910,-200
4911,-200
4912,-200
4913,-200
4914,-200
4915,-200
4916,-200
4917,-200
4918,-200
4919,-200
4920,-200
4921,-200
4922,-200
4923,-200
4924,-200
4925,-200
4926,-200
4927,-200
4928,-200
4929,-200
4930,-200
4931,-200
4932,-200
4933,-200
4934,-200
4935,-200
4936,-200
4937,-200
4938,-200
4939,-200
4940,-200
4941,-200
4942,-200
4943,-200
4944,-200
4945,-200
4946,-200
4947,-200
4948,-200
4949,-200
4950,-200
4951,-200
4952,-200
4953,-200
4954,-200
4955,-200
4956,-250
4957,-200
4958,-200
4959,-200
4960,-200
4961,-200
4962,-200
4963,-200
4964,-25
4965,-200
4966,-200
4967,-200
4968,-200
4969,-200
4970,-200
4971,-200
4972,-200
4973,-200
4974,-200
4975,-200
4976,-200
4977,-200
4978,-200
4979,-200
4980,-200
4981,-200
4982,-200
4983,-200
4984,-200
4985,-200
4986,-200
4987,-200
4988,-200
4989,-200
4990,-200
4991,-200
4992,-200
4993,-200
4994,-200
4995,-200
4996,-200
4997,-200
4998,-200
4999,-200
5000,-200
5001,-200
5002,-200
5003,-200
5004,-200
5005,-200
5006,-200
5007,-200
5008,-200
5009,-200
5010,-200
5011,-200
5012,-200
5013,-200
5014,-200
5015,-200
5016,-200
5017,-200
5018,-200
5019,-200
5020,-200
5021,-200
5022,-200
5023,-200
5024,-200
5025,-200
5026,-200
5027,-200
5028,-200
5029,-200
5030,-200
5031,-200
5032,-200
5033,-200
5034,-200
5035,-200
5036,-200
5037,-200
5038,-200
5039,-200
5040,-200
5041,-200
5042,-200
5043,-200
5044,-200
5045,-200
5046,-200
5047,-200
5048,-200
5049,-200
5050,-200
5051,-200
5052,-200
5053,-200
5054,-200
5055,-200
5056,-200
5057,-200
5058,-200
5059,-200
5060,-200
5061,-200
5062,-200
5063,-200
5064,-200
5065,-200
5066,-200
5067,-200
5068,-200
5069,-200
5070,-200
5071,-200
5072,-200
5073,-200
5074,-200
5075,-200
5076,-200
5077,-200
5078,-200
5079,-200
5080,-200
5081,-200
5082,-200
5083,-200
5084,-200
5085,-200
5086,-200
5087,-200
5088,-200
5089,-200
5090,-200
5091,-200
5092,-200
5093,-200
5094,-200
5095,-200
5096,-200
5097,-200
5098,-200
5099,-200
5100,-200
5101,-200
5102,-200
5103,-200
5104,-200
5105,-200
5106,-200
5107,-200
5108,-200
5109,-200
5110,-200
5111,-200
5112,-200
5113,-200
5114,-200
5115,-200
5116,-200
5117,-200
5118,-200
5119,-200
5120,-200
5121,-200
5122,-200
5123,-200
5124,-200
5125,-200
5126,-200
5127,-200
5128,-202
5129,-200
5130,-200
5131,-200
5132,-200
5133,-200
5134,-200
5135,-200
5136,-200
5137,-200
5138,-200
5139,-200
5140,-200
5141,-200
5142,-200
5143,-200
5144,-200
5145,-250
5146,-200
5147,-200
5148,-200
5149,-200
5150,-200
5151,-200
5152,-200
5153,-200
5154,-200
5155,-200
5156,-200
5157,-200
5158,-200
5159,-200
5160,-200
5161,-250
5162,-200
5163,-200
5164,-200
5165,-200
5166,-200
5167,-200
5168,-200
5169,-200
5170,-200
5171,-200
5172,-200
5173,-200
5174,-200
5175,-200
5176,-200
5177,-200
5178,-200
5179,-200
5180,-200
5181,-200
5182,-200
5183,-200
5184,-200
5185,-200
5186,-200
5187,-200
5188,-200
5189,-200
5190,-200
5191,-200
5192,-200
5193,-200
5194,-200
5195,-200
5196,-200
5197,-200
5198,-200
5199,-200
5200,-200
5201,-200
5202,-200
5203,-200
5204,-200
5205,-200
5206,-200
5207,-200
5208,-200
5209,-200
5210,-200
5211,-200
5212,-200
5213,-200
5214,-200
5215,-200
5216,-200
5217,-200
5218,-200
5219,-200
5220,-200
5221,-200
5222,-200
5223,-200
5224,-200
5225,-200
5226,-250
5227,-200
5228,-200
5229,-200
5230,-200
5231,-200
5232,-200
5233,-200
5234,-200
5235,-200
5236,-200
5237,-200
5238,-200
5239,-200
5240,-200
5241,-200
5242,-200
5243,-200
5244,-200
5245,-200
5246,-200
5247,-200
5248,-200
5249,-200
5250,-200
5251,-200
5252,-200
5253,-200
5254,-200
5255,-200
5256,-200
5257,-200
5258,-200
5259,-200
5260,-200
5261,-200
5262,-200
5263,-200
5264,-200
5265,-200
5266,-200
5267,-200
5268,-200
5269,-200
5270,-200
5271,-200
5272,-200
5273,-200
5274,-200
5275,-200
5276,-200
5277,-200
5278,-200
5279,-200
5280,-200
5281,-200
5282,-200
5283,-200
5284,-200
5285,-200
5286,-200
5287,-200
5288,-200
5289,-200
5290,-200
5291,-200
5292,-200
5293,-200
5294,-200
5295,-200
5296,-200
5297,-200
5298,-200
5299,-200
5300,-202
5301,-200
5302,-200
5303,-200
5304,-200
5305,-200
5306,-200
5307,-200
5308,-200
5309,-200
5310,-200
5311,-200
5312,-200
5313,-200
5314,-200
5315,-200
5316,-200
5317,-200
5318,-200
5319,-200
5320,-200
5321,-200
5322,-200
5323,-200
5324,-200
5325,-200
5326,-200
5327,-200
5328,-200
5329,-200
5330,-200
5331,-200
5332,-200
5333,-200
5334,-200
5335,-200
5336,-200
5337,-200
5338,-200
5339,-200
5340,-200
5341,-200
5342,-200
5343,-200
5344,-200
5345,-200
5346,-200
5347,-200
5348,-200
5349,-200
5350,-200
5351,-200
5352,-200
5353,-200
5354,-200
5355,-200
5356,-200
5357,-200
5358,-200
5359,-200
5360,-200
5361,-200
5362,-200
5363,-200
5364,-200
5365,-200
5366,-200
5367,-200
5368,-250
5369,-200
5370,-200
5371,-250
5372,-200
5373,-200
5374,-200
5375,-200
5376,-200
5377,-200
5378,-200
5379,-200
5380,-200
5381,-200
5382,-200
5383,-200
5384,-200
5385,-200
5386,-200
5387,-200
5388,-200
5389,-200
5390,-200
5391,-200
5392,-200
5393,-200
5394,-200
5395,-200
5396,-200
5397,-200
5398,-200
5399,-200
5400,-200
5401,-200
5402,-200
5403,-200
5404,-200
5405,-200
5406,-200
5407,-200
5408,-200
5409,-200
5410,-200
5411,-200
5412,-200
5413,-200
5414,-200
5415,-200
5416,-200
5417,-200
5418,-200
5419,-200
5420,-200
5421,-200
5422,-200
5423,-200
5424,-200
5425,-200
5426,-200
5427,-200
5428,-200
5429,-200
5430,-200
5431,-200
5432,-200
5433,-200
5434,-200
5435,-200
5436,-200
5437,-200
5438,-200
5439,-200
5440,-200
5441,-200
5442,-200
5443,-200
5444,-200
5445,-200
5446,-200
5447,-200
5448,-200
5449,-200
5450,-200
5451,-200
5452,-200
5453,-200
5454,-200
5455,-200
5456,-200
5457,-200
5458,-200
5459,-200
5460,-200
5461,-200
5462,-200
5463,-200
5464,-200
5465,-200
5466,-200
5467,-200
5468,-200
5469,-200
5470,-200
5471,-200
5472,-200
5473,-200
5474,-200
5475,-200
5476,-200
5477,-200
5478,-200
5479,-200
5480,-200
5481,-200
5482,-200
5483,-200
5484,-200
5485,-200
5486,-200
5487,-200
5488,-200
5489,-200
5490,-200
5491,-200
5492,-200
5493,-200
5494,-200
5495,-200
5496,-200
5497,-200
5498,-200
5499,-200
5500,-200
5501,-200
5502,-200
5503,-200
5504,-200
5505,-200
5506,-200
5507,-200
5508,-200
5509,-200
5510,-200
5511,-200
5512,-200
5513,-200
5514,-200
5515,-200
5516,-200
5517,-200
5518,-200
5519,-200
5520,-200
5521,-200
5522,-200
5523,-200
5524,-200
5525,-200
5526,-200
5527,-200
5528,-200
5529,-200
5530,-200
5531,-200
5532,-200
5533,-200
5534,-200
5535,-200
5536,-200
5537,-200
5538,-200
5539,-200
5540,-200
5541,-200
5542,-200
5543,-200
5544,-200
5545,-200
5546,-200
5547,-200
5548,-200
5549,-200
5550,-200
5551,-200
5552,-200
5553,-200
5554,-200
5555,-200
5556,-200
5557,-200
5558,-200
5559,-200
5560,-200
5561,-200
5562,-200
5563,-200
5564,-200
5565,-200
5566,-200
5567,-200
5568,-200
5569,-200
5570,-200
5571,-200
5572,-200
5573,-200
5574,-200
5575,-200
5576,-200
5577,-200
5578,-200
5579,-200
5580,-200
5581,-200
5582,-200
5583,-200
5584,-200
5585,-200
5586,-200
5587,-200
5588,-200
5589,-200
5590,-200
5591,-200
5592,-200
5593,-200
5594,-200
5595,-200
5596,-200
5597,-200
5598,-200
5599,-200
5600,-200
5601,-200
5602,-200
5603,-200
5604,-200
5605,-200
5606,-200
5607,-200
5608,-200
5609,-200
5610,-200
5611,-200
5612,-200
5613,-200
5614,-200
5615,-200
5616,-200
5617,-200
5618,-200
5619,-200
5620,-200
5621,-200
5622,-200
5623,-200
5624,-200
5625,-200
5626,-200
5627,-200
5628,-200
5629,-200
5630,-200
5631,-200
5632,-200
5633,-200
5634,-200
5635,-200
5636,-200
5637,-200
5638,-200
5639,-200
5640,-200
5641,-200
5642,-200
5643,-200
5644,-200
5645,-200
5646,-200
5647,-200
5648,-200
5649,-200
5650,-200
5651,-200
5652,-200
5653,-200
5654,-200
5655,-200
5656,-200
5657,-200
5658,-200
5659,-200
5660,-200
5661,-200
5662,-200
5663,-200
5664,-200
5665,-200
5666,-200
5667,-200
5668,-200
5669,-200
5670,-200
5671,-200
5672,-200
5673,-200
5674,-200
5675,-200
5676,-200
5677,-200
5678,-200
5679,-200
5680,-200
5681,-200
5682,-200
5683,-200
5684,-200
5685,-200
5686,-200
5687,-200
5688,-200
5689,-200
5690,-200
5691,-200
5692,-200
5693,-200
5694,-200
5695,-200
5696,-200
5697,-200
5698,-200
5699,-200
5700,-200
5701,-200
5702,-200
5703,-200
5704,-200
5705,-200
5706,-200
5707,-200
5708,-200
5709,-200
5710,-200
5711,-200
5712,-200
5713,-200
5714,-200
5715,-200
5716,-200
5717,-200
5718,-200
5719,-200
5720,-200
5721,-200
5722,-200
5723,-200
5724,-200
5725,-200
5726,-200
5727,-200
5728,-200
5729,-200
5730,-200
5731,-200
5732,-200
5733,-200
5734,-200
5735,-200
5736,-200
5737,-200
5738,-200
5739,-200
5740,-200
5741,-200
5742,-200
5743,-200
5744,-200
5745,-25
5746,-25
5747,-25
5748,-25
5749,-25
5750,-25
5751,-25
5752,-25
5753,-25
5754,-25
5755,-25
5756,-25
5757,-25
5758,-25
5759,-25
5760,-25
5761,-25
5762,-25
5763,-25
5764,-25
5765,-25
5766,-25
5767,-25
5768,-25
5769,-25
5770,-25
5771,-25
5772,-25
5773,-25
5774,-25
5775,-25
5776,-25
5777,-25
5778,-25
5779,-25
5780,-25
5781,-25
5782,-25
5783,-25
5784,-25
5785,-25
5786,-25
5787,-25
5788,-25
5789,-25
5790,-25
5791,-25
5792,-25
5793,-25
5794,-25
5795,-25
5796,-25
5797,-25
5798,-25
5799,-25
5800,-25
5801,-25
5802,-25
5803,-25
5804,-25
5805,-25
5806,-75
5807,-25
5808,-25
5809,-25
5810,-25
5811,-25
5812,-25
5813,-25
5814,-25
5815,-25
5816,-25
5817,-25
5818,-25
5819,-25
5820,-25
5821,-25
5822,-25
5823,-25
5824,-25
5825,-25
5826,-25
5827,-25
5828,-25
5829,-25
5830,-25
5831,-25
5832,-25
5833,-25
5834,-25
5835,-25
5836,-25
5837,-25
5838,-25
5839,-25
5840,-25
5841,-25
5842,-25
5843,-25
5844,-25
5845,-25
5846,-25
5847,-25
5848,-25
5849,-25
5850,-25
5851,-25
5852,-25
5853,-25
5854,-25
5855,-25
5856,-25
5857,-25
5858,-25
5859,-25
5860,-25
5861,-25
5862,-25
5863,-25
5864,-25
5865,-25
5866,-25
5867,-25
5868,-25
5869,-25
5870,-25
5871,-25
5872,-25
5873,-25
5874,-25
5875,-25
5876,-25
5877,-25
5878,-25
5879,-25
5880,-25
5881,-25
5882,-25
5883,-25
5884,-25
5885,-25
5886,-25
5887,-25
5888,-25
5889,-25
5890,-25
5891,-25
5892,-25
5893,-25
5894,-25
5895,-75
5896,-25
5897,-25
5898,-25
5899,-25
5900,-25
5901,-25
5902,-25
5903,-25
5904,-25
5905,-25
5906,-25
5907,-25
5908,-25
5909,-25
5910,-445
5911,-25
5912,-25
5913,-25
5914,-25
5915,-25
5916,-25
5917,-25
5918,-25
5919,-25
5920,-25
5921,-25
5922,-25
5923,-25
5924,-25
5925,-25
5926,-25
5927,-25
5928,-25
5929,-25
5930,-25
5931,-25
5932,-25
5933,-75
5934,-25
5935,-25
5936,-25
5937,-25
5938,-25
5939,-25
5940,-25
5941,-25
5942,-25
5943,-25
5944,-25
5945,-25
5946,-25
5947,-25
5948,-25
5949,-25
5950,-25
5951,-25
5952,-25
5953,-25
5954,-25
5955,-25
5956,-25
5957,-25
5958,-25
5959,-25
5960,-25
5961,-25
5962,-25
5963,-25
5964,-25
5965,-75
5966,-25
5967,-25
5968,-25
5969,-25
5970,-25
5971,-25
5972,-25
5973,-225
5974,-75
5975,-25
5976,-25
5977,-25
5978,-25
5979,-25
5980,-25
5981,-25
5982,-25
5983,-25
5984,-25
5985,-25
5986,-25
5987,-25
5988,-25
5989,-25
5990,-25
5991,-25
5992,-25
5993,-25
5994,-27
5995,-25
5996,-25
5997,-25
5998,-25
5999,-25
6000,-25
6001,-25
6002,-25
6003,-25
6004,-25
6005,-25
6006,-25
6007,-25
6008,-25
6009,-25
6010,-25
6011,-75
6012,-25
6013,-25
6014,-25
6015,-25
6016,-25
6017,-25
6018,-25
6019,-25
6020,-25
6021,-25
6022,-25
6023,-25
6024,-25
6025,-25
6026,-25
6027,-25
6028,-25
6029,-25
6030,-25
6031,-25
6032,-25
6033,-25
6034,-25
6035,-25
6036,-25
6037,-25
6038,-25
6039,-25
6040,-25
6041,-25
6042,-25
6043,-25
6044,-25
6045,-25
6046,-75
6047,-25
6048,-25
6049,-25
6050,-25
6051,-25
6052,-25
6053,-25
6054,-25
6055,-25
6056,-25
6057,-25
6058,-25
6059,-25
6060,-25
6061,-25
6062,-25
6063,-25
6064,-25
6065,-75
6066,-25
6067,-25
6068,-25
6069,-25
6070,-25
6071,-75
6072,-27
6073,-25
6074,-25
6075,-25
6076,-25
6077,-25
6078,-25
6079,-25
6080,-75
6081,-25
6082,-25
6083,-25
6084,-25
6085,-25
6086,-75
6087,-25
6088,-25
6089,-25
6090,-25
6091,-25
6092,-25
6093,-25
6094,-25
6095,-25
6096,-25
6097,-25
6098,-25
6099,-25
6100,-25
6101,-325
6102,-25
6103,-25
6104,-25
6105,-25
6106,-25
6107,-25
6108,-25
6109,-25
6110,-25
6111,-25
6112,-25
6113,-25
6114,-25
6115,-25
6116,-25
6117,-25
6118,-25
6119,-25
6120,-25
6121,-25
6122,-25
6123,-25
6124,-25
6125,-25
6126,-25
6127,-25
6128,-25
6129,-25
6130,-25
6131,-25
6132,-25
6133,-25
6134,-25
6135,-25
6136,-25
6137,-25
6138,-25
6139,-25
6140,-25
6141,-25
6142,-25
6143,-25
6144,-25
6145,-25
6146,-25
6147,-25
6148,-25
6149,-25
6150,-25
6151,-25
6152,-25
6153,-25
6154,-25
6155,-25
6156,-25
6157,-25
6158,-25
6159,-25
6160,-25
6161,-25
6162,-25
6163,-25
6164,-25
6165,-25
6166,-25
6167,-25
6168,-25
6169,-25
6170,-25
6171,-25
6172,-25
6173,-25
6174,-25
6175,-25
6176,-25
6177,-25
6178,-25
6179,-25
6180,-25
6181,-25
6182,-25
6183,-25
6184,-25
6185,-25
6186,-25
6187,-25
6188,-25
6189,-25
6190,-25
6191,-25
6192,-25
6193,-25
6194,-25
6195,-25
6196,-25
6197,-25
6198,-25
6199,-25
6200,-25
6201,-25
6202,-25
6203,-25
6204,-25
6205,-25
6206,-25
6207,-25
6208,-25
6209,-25
6210,-25
6211,-25
6212,-25
6213,-25
6214,-25
6215,-25
6216,-25
6217,-25
6218,-25
6219,-25
6220,-25
6221,-25
6222,-25
6223,-25
6224,-25
6225,-25
6226,-25
6227,-25
6228,-25
6229,-25
6230,-25
6231,-25
6232,-25
6233,-25
6234,-25
6235,-25
6236,-25
6237,-25
6238,-25
6239,-25
6240,-25
6241,-25
6242,-25
6243,-25
6244,-25
6245,-25
6246,-25
6247,-25
6248,-25
6249,-25
6250,-25
6251,-25
6252,-25
6253,-25
6254,-25
6255,-25
6256,-25
6257,-25
6258,-25
6259,-25
6260,-25
6261,-25
6262,-25
6263,-25
6264,-25
6265,-25
6266,-25
6267,-25
6268,-25
6269,-25
6270,-25
6271,-25
6272,-25
6273,-25
6274,-25
6275,-25
6276,-25
6277,-25
6278,-25
6279,-25
6280,-25
6281,-25
6282,-25
6283,-25
6284,-25
6285,-25
6286,-25
6287,-25
6288,-25
6289,-25
6290,-25
6291,-25
6292,-25
6293,-25
6294,-25
6295,-25
6296,-25
6297,-25
6298,-25
6299,-25
6300,-25
6301,-25
6302,-25
6303,-25
6304,-25
6305,-25
6306,-25
6307,-25
6308,-25
6309,-25
6310,-25
6311,-25
6312,-25
6313,-25
6314,-25
6315,-25
6316,-25
6317,-25
6318,-25
6319,-25
6320,-25
6321,-25
6322,-25
6323,-25
6324,-25
6325,-25
6326,-25
6327,-25
6328,-25
6329,-25
6330,-25
6331,-25
6332,-25
6333,-25
6334,-25
6335,-75
6336,-25
6337,-25
6338,-25
6339,-25
6340,-25
6341,-25
6342,-25
6343,-25
6344,-27
6345,-25
6346,-25
6347,-25
6348,-25
6349,-25
6350,-25
6351,-25
6352,-25
6353,-25
6354,-25
6355,-25
6356,-25
6357,-25
6358,-25
6359,-25
6360,-25
6361,-25
6362,-25
6363,-25
6364,-25
6365,-25
6366,-25
6367,-25
6368,-25
6369,-25
6370,-25
6371,-25
6372,-25
6373,-75
6374,-25
6375,-25
6376,-25
6377,-25
6378,-25
6379,-25
6380,-25
6381,-25
6382,-25
6383,-25
6384,-25
6385,-25
6386,-25
6387,-25
6388,-25
6389,-25
6390,-25
6391,-25
6392,-25
6393,-25
6394,-25
6395,-25
6396,-25
6397,-25
6398,-25
6399,-25
6400,-25
6401,-25
6402,-25
6403,-25
6404,-25
6405,-25
6406,-25
6407,-25
6408,-25
6409,-25
6410,-25
6411,-25
6412,-25
6413,-25
6414,-25
6415,-25
6416,-25
6417,-25
6418,-25
6419,-25
6420,-25
6421,-25
6422,-25
6423,-25
6424,-25
6425,-25
6426,-25
6427,-25
6428,-25
6429,-25
6430,-25
6431,-25
6432,-25
6433,-25
6434,-25
6435,-75
6436,-25
6437,-25
6438,-25
6439,-25
6440,-25
6441,-25
6442,-25
6443,-25
6444,-25
6445,-25
6446,-25
6447,-25
6448,-25
6449,-25
6450,-25
6451,-75
6452,-25
6453,-25
6454,-25
6455,-25
6456,-25
6457,-25
6458,-25
6459,-75
6460,-25
6461,-25
6462,-25
6463,-25
6464,-25
6465,-25
6466,-25
6467,-25
6468,-25
6469,-25
6470,-25
6471,-25
6472,-25
6473,-25
6474,-25
6475,-25
6476,-25
6477,-25
6478,-25
6479,-25
6480,-25
6481,-25
6482,-25
6483,-25
6484,-25
6485,-231
6486,-25
6487,-25
6488,-25
6489,-25
6490,-25
6491,-25
6492,-25
6493,-25
6494,-25
6495,-25
6496,-25
6497,-25
6498,-25
6499,-25
6500,-25
6501,-25
6502,-25
6503,-25
6504,-25
6505,-25
6506,-25
6507,-25
6508,-25
6509,-25
6510,-25
6511,-25
6512,-25
6513,-25
6514,-25
6515,-25
6516,-25
6517,-25
6518,-25
6519,-25
6520,-25
6521,-25
6522,-25
6523,-25
6524,-25
6525,-25
6526,-25
6527,-25
6528,-25
6529,-25
6530,-25
6531,-25
6532,-25
6533,-25
6534,-25
6535,-25
6536,-25
6537,-25
6538,-25
6539,-25
6540,-25
6541,-25
6542,-25
6543,-25
6544,-25
6545,-25
6546,-25
6547,-200
6548,-25
6549,-25
6550,-25
6551,-25
6552,-25
6553,-25
6554,-25
6555,-25
6556,-25
6557,-25
6558,-25
6559,-25
6560,-25
6561,-25
6562,-25
6563,-25
6564,-25
6565,-25
6566,-25
6567,-25
6568,-25
6569,-25
6570,-25
6571,-25
6572,-25
6573,-25
6574,-25
6575,-25
6576,-25
6577,-25
6578,-25
6579,-200
6580,-25
6581,-25
6582,-25
6583,-25
6584,-25
6585,-25
6586,-25
6587,-25
6588,-25
6589,-25
6590,-25
6591,-25
6592,-25
6593,-25
6594,-25
6595,-25
6596,-25
6597,-25
6598,-25
6599,-25
6600,-25
6601,-25
6602,-27
6603,-25
6604,-25
6605,-25
6606,-25
6607,-25
6608,-25
6609,-25
6610,-25
6611,-25
6612,-25
6613,-25
6614,-25
6615,-25
6616,-25
6617,-25
6618,-25
6619,-25
6620,-25
6621,-25
6622,-25
6623,-25
6624,-25
6625,-25
6626,-25
6627,-25
6628,-25
6629,-25
6630,-25
6631,-25
6632,-25
6633,-25
6634,-25
6635,-25
6636,-25
6637,-25
6638,-25
6639,-25
6640,-25
6641,-25
6642,-25
6643,-25
6644,-25
6645,-25
6646,-25
6647,-25
6648,-25
6649,-25
6650,-25
6651,-25
6652,-25
6653,-25
6654,-25
6655,-25
6656,-25
6657,-25
6658,-25
6659,-25
6660,-25
6661,-25
6662,-25
6663,-25
6664,-25
6665,-25
6666,-25
6667,-25
6668,-25
6669,-25
6670,-25
6671,-25
6672,-25
6673,-25
6674,-25
6675,-25
6676,-25
6677,-25
6678,-25
6679,-25
6680,-25
6681,-25
6682,-25
6683,-275
6684,-25
6685,-25
6686,-25
6687,-25
6688,-25
6689,-25
6690,-25
6691,-25
6692,-25
6693,-25
6694,-25
6695,-25
6696,-25
6697,-25
6698,-25
6699,-25
6700,-25
6701,-25
6702,-25
6703,-25
6704,-25
6705,-25
6706,-27
6707,-25
6708,-25
6709,-25
6710,-25
6711,-25
6712,-25
6713,-25
6714,-25
6715,-25
6716,-25
6717,-25
6718,-25
6719,-25
6720,-25
6721,-25
6722,-25
6723,-25
6724,-25
6725,-25
6726,-25
6727,-25
6728,-25
6729,-25
6730,-200
6731,-25
6732,-25
6733,-25
6734,-25
6735,-25
6736,-25
6737,-25
6738,-25
6739,-25
6740,-25
6741,-275
6742,-25
6743,-25
6744,-25
6745,-25
6746,-25
6747,-25
6748,-25
6749,-25
6750,-25
6751,-25
6752,-27
6753,-25
6754,-25
6755,-25
6756,-25
6757,-25
6758,-25
6759,-25
6760,-25
6761,-25
6762,-25
6763,-25
6764,-25
6765,-25
6766,-25
6767,-25
6768,-25
6769,-25
6770,-25
6771,-25
6772,-25
6773,-25
6774,-25
6775,-25
6776,-25
6777,-25
6778,-25
6779,-25
6780,-25
6781,-25
6782,-25
6783,-25
6784,-25
6785,-25
6786,-25
6787,-25
6788,-27
6789,-25
6790,-25
6791,-25
6792,-25
6793,-25
6794,-25
6795,-25
6796,-25
6797,-25
6798,-25
6799,-25
6800,-25
6801,-25
6802,-25
6803,-25
6804,-25
6805,-25
6806,-25
6807,-25
6808,-25
6809,-25
6810,-25
6811,-25
6812,-25
6813,-25
6814,-25
6815,-25
6816,-25
6817,-25
6818,-25
6819,-25
6820,-25
6821,-25
6822,-25
6823,-25
6824,-25
6825,-25
6826,-25
6827,-25
6828,-25
6829,-25
6830,-25
6831,-25
6832,-25
6833,-25
6834,-25
6835,-25
6836,-25
6837,-27
6838,-25
6839,-25
6840,-25
6841,-25
6842,-25
6843,-25
6844,-25
6845,-27
6846,-25
6847,-25
6848,-25
6849,-25
6850,-25
6851,-25
6852,-25
6853,-25
6854,-75
6855,-25
6856,-25
6857,-25
6858,-25
6859,-25
6860,-75
6861,-25
6862,-25
6863,-25
6864,-25
6865,-25
6866,-25
6867,-25
6868,-25
6869,-25
6870,-25
6871,-25
6872,-25
6873,-25
6874,-275
6875,-25
6876,-25
6877,-25
6878,-25
6879,-25
6880,-25
6881,-25
6882,-25
6883,-25
6884,-25
6885,-25
6886,-25
6887,-25
6888,-25
6889,-25
6890,-25
6891,-25
6892,-25
6893,-25
6894,-25
6895,-25
6896,-25
6897,-25
6898,-25
6899,-25
6900,-25
6901,-25
6902,-25
6903,-25
6904,-27
6905,-25
6906,-25
6907,-25
6908,-25
6909,-25
6910,-25
6911,-25
6912,-25
6913,-250
6914,-25
6915,-25
6916,-25
6917,-25
6918,-25
6919,-25
6920,-25
6921,-25
6922,-25
6923,-25
6924,-25
6925,-25
6926,-27
6927,-25
6928,-25
6929,-75
6930,-25
6931,-25
6932,-25
6933,-25
6934,-25
6935,-25
6936,-25
6937,-25
6938,-75
6939,-25
6940,-25
6941,-25
6942,-25
6943,-25
6944,-25
6945,-25
6946,-25
6947,-25
6948,-25
6949,-25
6950,-25
6951,-25
6952,-25
6953,-25
6954,-25
6955,-25
6956,-25
6957,-25
6958,-25
6959,-25
6960,-25
6961,-25
6962,-25
6963,-75
6964,-25
6965,-25
6966,-25
6967,-25
6968,-25
6969,-25
6970,-25
6971,-25
6972,-25
6973,-25
6974,-25
6975,-25
6976,-25
6977,-25
6978,-25
6979,-25
6980,-25
6981,-25
6982,-25
6983,-25
6984,-25
6985,-25
6986,-25
6987,-25
6988,-25
6989,-25
6990,-25
6991,-25
6992,-25
6993,-25
6994,-25
6995,-25
6996,-25
6997,-25
6998,-25
6999,-25
7000,-75
7001,-25
7002,-25
7003,-25
7004,-25
7005,-25
7006,-25
7007,-25
7008,-25
7009,-25
7010,-25
7011,-25
7012,-25
7013,-25
7014,-25
7015,-25
7016,-25
7017,-25
7018,-25
7019,-25
7020,-25
7021,-25
7022,-25
7023,-25
7024,-25
7025,-25
7026,-25
7027,-25
7028,-25
7029,-25
7030,-25
7031,-25
7032,-25
7033,-25
7034,-200
7035,-25
7036,-25
7037,-25
7038,-25
7039,-25
7040,-25
7041,-25
7042,-25
7043,-25
7044,-25
7045,-25
7046,-25
7047,-25
7048,-25
7049,-25
7050,-25
7051,-25
7052,-25
7053,-25
7054,-25
7055,-25
7056,-25
7057,-25
7058,-25
7059,-25
7060,-25
7061,-25
7062,-25
7063,-25
7064,-25
7065,-25
7066,-25
7067,-25
7068,-25
7069,-25
7070,-25
7071,-25
7072,-25
7073,-25
7074,-25
7075,-25
7076,-25
7077,-25
7078,-25
7079,-25
7080,-25
7081,-25
7082,-25
7083,-25
7084,-25
7085,-25
7086,-25
7087,-25
7088,-25
7089,-25
7090,-25
7091,-25
7092,-25
7093,-25
7094,-25
7095,-25
7096,-25
7097,-25
7098,-25
7099,-25
7100,-25
7101,-25
7102,-25
7103,-25
7104,-25
7105,-25
7106,-25
7107,-25
7108,-25
7109,-25
7110,-25
7111,-25
7112,-25
7113,-25
7114,-25
7115,-25
7116,-25
7117,-25
7118,-25
7119,-25
7120,-25
7121,-25
7122,-25
7123,-25
7124,-25
7125,-25
7126,-25
7127,-25
7128,-25
7129,-25
7130,-25
7131,-25
7132,-25
7133,-25
7134,-25
7135,-25
7136,-25
7137,-25
7138,-25
7139,-25
7140,-200
7141,-25
7142,-25
7143,-25
7144,-25
7145,-75
7146,-25
7147,-25
7148,-25
7149,-25
7150,-25
7151,-25
7152,-75
7153,-25
7154,-25
7155,-25
7156,-25
7157,-25
7158,-25
7159,-25
7160,-25
7161,-25
7162,-25
7163,-25
7164,-25
7165,-25
7166,-25
7167,-25
7168,-25
7169,-25
7170,-25
7171,-25
7172,-25
7173,-25
7174,-25
7175,-25
7176,-25
7177,-25
7178,-25
7179,-25
7180,-25
7181,-25
7182,-25
7183,-25
7184,-25
7185,-25
7186,-25
7187,-25
7188,-25
7189,-25
7190,-25
7191,-25
7192,-25
7193,-25
7194,-25
7195,-25
7196,-25
7197,-25
7198,-25
7199,-75
7200,-25
7201,-25
7202,-25
7203,-25
7204,-25
7205,-25
7206,-25
7207,-25
7208,-25
7209,-25
7210,-25
7211,-25
7212,-75
7213,-25
7214,-25
7215,-25
7216,-25
7217,-25
7218,-25
7219,-25
7220,-25
7221,-25
7222,-25
7223,-25
7224,-25
7225,-25
7226,-25
7227,-25
7228,-25
7229,-25
7230,-25
7231,-25
7232,-25
7233,-25
7234,-25
7235,-25
7236,-25
7237,-25
7238,-25
7239,-25
7240,-25
7241,-25
7242,-25
7243,-200
7244,-25
7245,-25
7246,-25
7247,-25
7248,-25
7249,-25
7250,-25
7251,-25
7252,-25
7253,-25
7254,-25
7255,-25
7256,-25
7257,-25
7258,-25
7259,-25
7260,-25
7261,-25
7262,-25
7263,-75
7264,-25
7265,-25
7266,-25
7267,-25
7268,-25
7269,-25
7270,-25
7271,-25
7272,-25
7273,-25
7274,-25
7275,-25
7276,-25
7277,-25
7278,-25
7279,-25
7280,-25
7281,-25
7282,-25
7283,-25
7284,-275
7285,-25
7286,-25
7287,-25
7288,-25
7289,-25
7290,-25
7291,-25
7292,-25
7293,-25
7294,-25
7295,-25
7296,-25
7297,-25
7298,-25
7299,-25
7300,-25
7301,-25
7302,-25
7303,-25
7304,-25
7305,-25
7306,-25
7307,-25
7308,-25
7309,-25
7310,-25
7311,-25
7312,-25
7313,-25
7314,-25
7315,-25
7316,-25
7317,-25
7318,-25
7319,-25
7320,-25
7321,-25
7322,-25
7323,-25
7324,-25
7325,-25
7326,-25
7327,-27
7328,-25
7329,-25
7330,-25
7331,-25
7332,-75
7333,-25
7334,-25
7335,-25
7336,-25
7337,-25
7338,-25
7339,-25
7340,-25
7341,-25
7342,-25
7343,-25
7344,-25
7345,-25
7346,-25
7347,-25
7348,-25
7349,-25
7350,-25
7351,-25
7352,-25
7353,-25
7354,-25
7355,-75
7356,-25
7357,-275
7358,-25
7359,-25
7360,-25
7361,-25
7362,-25
7363,-25
7364,-25
7365,-25
7366,-25
7367,-75
7368,-250
7369,-25
7370,-25
7371,-25
7372,-25
7373,-25
7374,-25
7375,-25
7376,-25
7377,-25
7378,-25
7379,-25
7380,-25
7381,-25
7382,-25
7383,-25
7384,-25
7385,-25
7386,-25
7387,-25
7388,-25
7389,-25
7390,-25
7391,-25
7392,-25
7393,-25
7394,-25
7395,-25
7396,-25
7397,-25
7398,-25
7399,-25
7400,-25
7401,-25
7402,-25
7403,-25
7404,-25
7405,-27
7406,-25
7407,-25
7408,-25
7409,-25
7410,-25
7411,-25
7412,-25
7413,-25
7414,-25
7415,-25
7416,-25
7417,-25
7418,-25
7419,-25
7420,-25
7421,-25
7422,-25
7423,-25
7424,-25
7425,-25
7426,-25
7427,-25
7428,-75
7429,-25
7430,-25
7431,-25
7432,-25
7433,-75
7434,-25
7435,-25
7436,-25
7437,-25
7438,-25
7439,-25
7440,-25
7441,-25
7442,-25
7443,-25
7444,-25
7445,-25
7446,-25
7447,-25
7448,-25
7449,-25
7450,-25
7451,-25
7452,-25
7453,-25
7454,-25
7455,-27
7456,-25
7457,-25
7458,-25
7459,-25
7460,-25
7461,-1278
7462,-25
7463,-25
7464,-25
7465,-25
7466,-25
7467,-25
7468,-25
7469,-25
7470,-25
7471,-25
7472,-25
7473,-25
7474,-25
7475,-25
7476,-25
7477,-25
7478,-25
7479,-25
7480,-25
7481,-25
7482,-25
7483,-25
7484,-25
7485,-25
7486,-25
7487,-25
7488,-25
7489,-25
7490,-25
7491,-75
7492,-25
7493,-25
7494,-25
7495,-25
7496,-25
7497,-25
7498,-25
7499,-25
7500,-25
7501,-25
7502,-25
7503,-25
7504,-25
7505,-25
7506,-25
7507,-25
7508,-25
7509,-25
7510,-25
7511,-275
7512,-25
7513,-25
7514,-25
7515,-25
7516,-25
7517,-25
7518,-75
7519,-25
7520,-25
7521,-25
7522,-25
7523,-25
7524,-25
7525,-25
7526,-25
7527,-25
7528,-25
7529,-25
7530,-25
7531,-25
7532,-25
7533,-25
7534,-25
7535,-25
7536,-25
7537,-25
7538,-25
7539,-25
7540,-25
7541,-25
7542,-25
7543,-25
7544,-25
7545,-25
7546,-25
7547,-25
7548,-25
7549,-25
7550,-25
7551,-25
7552,-25
7553,-25
7554,-25
7555,-25
7556,-25
7557,-25
7558,-25
7559,-25
7560,-25
7561,-25
7562,-25
7563,-25
7564,-25
7565,-25
7566,-25
7567,-25
7568,-25
7569,-25
7570,-25
7571,-25
7572,-25
7573,-25
7574,-75
7575,-25
7576,-25
7577,-25
7578,-25
7579,-25
7580,-25
7581,-25
7582,-25
7583,-25
7584,-25
7585,-25
7586,-25
7587,-25
7588,-25
7589,-25
7590,-75
7591,-25
7592,-25
7593,-25
7594,-25
7595,-25
7596,-25
7597,-25
7598,-25
7599,-25
7600,-25
7601,-25
7602,-25
7603,-25
7604,-25
7605,-25
7606,-25
7607,-25
7608,-25
7609,-25
7610,-25
7611,-25
7612,-25
7613,-25
7614,-25
7615,-25
7616,-25
7617,-25
7618,-25
7619,-25
7620,-25
7621,-25
7622,-25
7623,-25
7624,-25
7625,-25
7626,-25
7627,-25
7628,-25
7629,-25
7630,-25
7631,-25
7632,-25
7633,-25
7634,-25
7635,-25
7636,-25
7637,-25
7638,-25
7639,-25
7640,-25
7641,-25
7642,-25
7643,-25
7644,-25
7645,-25
7646,-25
7647,-25
7648,-25
7649,-25
7650,-27
7651,-25
7652,-25
7653,-25
7654,-25
7655,-25
7656,-25
7657,-25
7658,-25
7659,-25
7660,-25
7661,-25
7662,-75
7663,-25
7664,-25
7665,-25
7666,-25
7667,-25
7668,-25
7669,-25
7670,-25
7671,-25
7672,-25
7673,-75
7674,-25
7675,-25
7676,-25
7677,-25
7678,-25
7679,-25
7680,-25
7681,-25
7682,-25
7683,-25
7684,-25
7685,-25
7686,-25
7687,-25
7688,-25
7689,-25
7690,-25
7691,-25
7692,-25
7693,-25
7694,-25
7695,-25
7696,-25
7697,-25
7698,-25
7699,-25
7700,-25
7701,-25
7702,-25
7703,-25
7704,-25
7705,-25
7706,-25
7707,-25
7708,-25
7709,-25
7710,-25
7711,-25
7712,-25
7713,-25
7714,-25
7715,-25
7716,-25
7717,-25
7718,-25
7719,-25
7720,-25
7721,-25
7722,-25
7723,-25
7724,-25
7725,-25
7726,-25
7727,-25
7728,-25
7729,-25
7730,-25
7731,-25
7732,-25
7733,-25
7734,-25
7735,-25
7736,-25
7737,-25
7738,-25
7739,-25
7740,-25
7741,-25
7742,-25
7743,-25
7744,-25
7745,-25
7746,-25
7747,-25
7748,-25
7749,-25
7750,-25
7751,-25
7752,-25
7753,-25
7754,-25
7755,-27
7756,-25
7757,-25
7758,-25
7759,-25
7760,-25
7761,-25
7762,-25
7763,-25
7764,-25
7765,-25
7766,-25
7767,-25
7768,-25
7769,-25
7770,-25
7771,-25
7772,-25
7773,-25
7774,-25
7775,-25
7776,-325
7777,-25
7778,-25
7779,-25
7780,-25
7781,-25
7782,-25
7783,-25
7784,-25
7785,-25
7786,-25
7787,-25
7788,-25
7789,-25
7790,-25
7791,-25
7792,-25
7793,-25
7794,-25
7795,-25
7796,-25
7797,-25
7798,-25
7799,-25
7800,-25
7801,-25
7802,-25
7803,-25
7804,-25
7805,-25
7806,-25
7807,-25
7808,-25
7809,-25
7810,-25
7811,-25
7812,-25
7813,-25
7814,-75
7815,-25
7816,-25
7817,-25
7818,-25
7819,-25
7820,-25
7821,-25
7822,-25
7823,-25
7824,-25
7825,-25
7826,-27
7827,-25
7828,-25
7829,-25
7830,-25
7831,-25
7832,-25
7833,-25
7834,-25
7835,-25
7836,-25
7837,-25
7838,-25
7839,-25
7840,-25
7841,-25
7842,-25
7843,-25
7844,-25
7845,-25
7846,-25
7847,-25
7848,-25
7849,-25
7850,-25
7851,-25
7852,-25
7853,-25
7854,-75
7855,-25
7856,-25
7857,-25
7858,-25
7859,-25
7860,-25
7861,-25
7862,-25
7863,-25
7864,-25
7865,-25
7866,-25
7867,-25
7868,-25
7869,-25
7870,-25
7871,-25
7872,-25
7873,-25
7874,-25
7875,-27
7876,-25
7877,-250
7878,-25
7879,-125
7880,-25
7881,-25
7882,-25
7883,-25
7884,-25
7885,-25
7886,-25
7887,-25
7888,-25
7889,-25
7890,-25
7891,-25
7892,-25
7893,-25
7894,-25
7895,-25
7896,-25
7897,-25
7898,-25
7899,-25
7900,-25
7901,-25
7902,-25
7903,-25
7904,-25
7905,-25
7906,-25
7907,-25
7908,-25
7909,-25
7910,-25
7911,-275
7912,-25
7913,-25
7914,-25
7915,-25
7916,-25
7917,-25
7918,-25
7919,-25
7920,-25
7921,-25
7922,-25
7923,-25
7924,-25
7925,-25
7926,-75
7927,-25
7928,-25
7929,-325
7930,-25
7931,-25
7932,-25
7933,-25
7934,-25
7935,-25
7936,-25
7937,-25
7938,-25
7939,-25
7940,-25
7941,-25
7942,-25
7943,-25
7944,-25
7945,-25
7946,-25
7947,-25
7948,-25
7949,-25
7950,-25
7951,-25
7952,-25
7953,-25
7954,-225
7955,-25
7956,-25
7957,-25
7958,-25
7959,-25
7960,-25
7961,-25
7962,-25
7963,-25
7964,-25
7965,-25
7966,-25
7967,-25
7968,-25
7969,-25
7970,-25
7971,-25
7972,-25
7973,-25
7974,-25
7975,-25
7976,-25
7977,-25
7978,-25
7979,-25
7980,-25
7981,-25
7982,-25
7983,-25
7984,-25
7985,-25
7986,-275
7987,-25
7988,-25
7989,-25
7990,-25
7991,-25
7992,-25
7993,-25
7994,-25
7995,-25
7996,-25
7997,-25
7998,-25
7999,-25
8000,-25
8001,-25
8002,-25
8003,-25
8004,-25
8005,-25
8006,-25
8007,-25
8008,-25
8009,-25
8010,-25
8011,-25
8012,-25
8013,-25
8014,-25
8015,-25
8016,-25
8017,-25
8018,-25
8019,-25
8020,-25
8021,-25
8022,-25
8023,-25
8024,-25
8025,-25
8026,-25
8027,-25
8028,-25
8029,-25
8030,-75
8031,-25
8032,-25
8033,-25
8034,-325
8035,-25
8036,-25
8037,-25
8038,-25
8039,-25
8040,-25
8041,-25
8042,-25
8043,-75
8044,-25
8045,-25
8046,-25
8047,-25
8048,-25
8049,-25
8050,-25
8051,-25
8052,-25
8053,-25
8054,-25
8055,-25
8056,-25
8057,-225
8058,-25
8059,-25
8060,-25
8061,-25
8062,-25
8063,-25
8064,-25
8065,-25
8066,-25
8067,-25
8068,-25
8069,-25
8070,-25
8071,-75
8072,-25
8073,-25
8074,-25
8075,-25
8076,-25
8077,-25
8078,-25
8079,-25
8080,-25
8081,-25
8082,-25
8083,-25
8084,-25
8085,-25
8086,-25
8087,-25
8088,-25
8089,-25
8090,-25
8091,-25
8092,-25
8093,-25
8094,-25
8095,-25
8096,-25
8097,-25
8098,-25
8099,-25
8100,-25
8101,-25
8102,-25
8103,-25
8104,-25
8105,-25
8106,-25
8107,-25
8108,-25
8109,-25
8110,-25
8111,-25
8112,-25
8113,-25
8114,-25
8115,-25
8116,-25
8117,-25
8118,-25
8119,-75
8120,-25
8121,-25
8122,-25
8123,-25
8124,-25
8125,-25
8126,-250
8127,-25
8128,-25
8129,-25
8130,-75
8131,-25
8132,-25
8133,-25
8134,-25
8135,-25
8136,-25
8137,-25
8138,-25
8139,-25
8140,-25
8141,-25
8142,-25
8143,-25
8144,-25
8145,-25
8146,-25
8147,-25
8148,-25
8149,-25
8150,-25
8151,-25
8152,-25
8153,-25
8154,-25
8155,-25
8156,-25
8157,-25
8158,-25
8159,-25
8160,-25
8161,-25
8162,-25
8163,-25
8164,-25
8165,-25
8166,-25
8167,-25
8168,-25
8169,-25
8170,-25
8171,-25
8172,-25
8173,-25
8174,-25
8175,-25
8176,-25
8177,-25
8178,-25
8179,-25
8180,-25
8181,-25
8182,-25
8183,-25
8184,-25
8185,-25
8186,-25
8187,-25
8188,-25
8189,-25
8190,-25
8191,-25
8192,-25
8193,-25
8194,-25
8195,-25
8196,-25
8197,-25
8198,-25
8199,-25
8200,-25
8201,-25
8202,-25
8203,-25
8204,-25
8205,-25
8206,-25
8207,-25
8208,-25
8209,-25
8210,-25
8211,-25
8212,-25
8213,-25
8214,-25
8215,-25
8216,-25
8217,-25
8218,-25
8219,-25
8220,-25
8221,-25
8222,-25
8223,-25
8224,-25
8225,-25
8226,-25
8227,-25
8228,-25
8229,-25
8230,-75
8231,-25
8232,-25
8233,-25
8234,-25
8235,-25
8236,-25
8237,-25
8238,-25
8239,-25
8240,-25
8241,-25
8242,-25
8243,-25
8244,-25
8245,-25
8246,-25
8247,-25
8248,-25
8249,-25
8250,-25
8251,-25
8252,-25
8253,-25
8254,-25
8255,-25
8256,-25
8257,-25
8258,-25
8259,-25
8260,-25
8261,-25
8262,-25
8263,-25
8264,-25
8265,-25
8266,-25
8267,-25
8268,-25
8269,-25
8270,-25
8271,-25
8272,-25
8273,-25
8274,-25
8275,-25
8276,-25
8277,-25
8278,-25
8279,-25
8280,-25
8281,-25
8282,-25
8283,-25
8284,-25
8285,-25
8286,-25
8287,-25
8288,-25
8289,-25
8290,-25
8291,-25
8292,-25
8293,-25
8294,-25
8295,-25
8296,-25
8297,-25
8298,-25
8299,-25
8300,-25
8301,-25
8302,-25
8303,-25
8304,-25
8305,-25
8306,-25
8307,-25
8308,-25
8309,-25
8310,-75
8311,-25
8312,-25
8313,-25
8314,-25
8315,-25
8316,-25
8317,-25
8318,-25
8319,-25
8320,-25
8321,-25
8322,-25
8323,-250
8324,-25
8325,-25
8326,-25
8327,-25
8328,-25
8329,-27
8330,-25
8331,-25
8332,-25
8333,-25
8334,-25
8335,-25
8336,-25
8337,-25
8338,-25
8339,-25
8340,-25
8341,-25
8342,-25
8343,-25
8344,-25
8345,-25
8346,-25
8347,-25
8348,-25
8349,-25
8350,-25
8351,-25
8352,-25
8353,-25
8354,-25
8355,-25
8356,-25
8357,-25
8358,-25
8359,-25
8360,-25
8361,-25
8362,-25
8363,-25
8364,-25
8365,-25
8366,-25
8367,-25
8368,-25
8369,-25
8370,-25
8371,-25
8372,-25
8373,-25
8374,-25
8375,-25
8376,-25
8377,-25
8378,-25
8379,-25
8380,-25
8381,-25
8382,-25
8383,-25
8384,-25
8385,-25
8386,-25
8387,-25
8388,-25
8389,-25
8390,-25
8391,-25
8392,-25
8393,-25
8394,-25
8395,-25
8396,-25
8397,-25
8398,-25
8399,-75
8400,-25
8401,-75
8402,-25
8403,-25
8404,-25
8405,-75
8406,-25
8407,-25
8408,-25
8409,-25
8410,-25
8411,-25
8412,-25
8413,-25
8414,-25
8415,-25
8416,-25
8417,-25
8418,-25
8419,-25
8420,-25
8421,-25
8422,-25
8423,-25
8424,-25
8425,-25
8426,-25
8427,-25
8428,-25
8429,-25
8430,-25
8431,-25
8432,-25
8433,-25
8434,-25
8435,-27
8436,-25
8437,-25
8438,-25
8439,-25
8440,-25
8441,-25
8442,-25
8443,-25
8444,-25
8445,-25
8446,-25
8447,-25
8448,-25
8449,-25
8450,-25
8451,-25
8452,-75
8453,-25
8454,-25
8455,-25
8456,-25
8457,-25
8458,-25
8459,-25
8460,-25
8461,-25
8462,-25
8463,-25
8464,-25
8465,-25
8466,-25
8467,-25
8468,-25
8469,-25
8470,-25
8471,-25
8472,-25
8473,-25
8474,-25
8475,-25
8476,-25
8477,-25
8478,-25
8479,-25
8480,-25
8481,-25
8482,-25
8483,-25
8484,-25
8485,-25
8486,-25
8487,-25
8488,-25
8489,-25
8490,-25
8491,-25
8492,-25
8493,-25
8494,-25
8495,-25
8496,-25
8497,-25
8498,-25
8499,-25
8500,-25
8501,-25
8502,-25
8503,-25
8504,-25
8505,-25
8506,-25
8507,-25
8508,-25
8509,-25
8510,-25
8511,-25
8512,-25
8513,-25
8514,-25
8515,-25
8516,-25
8517,-25
8518,-25
8519,-75
8520,-25
8521,-25
8522,-25
8523,-25
8524,-25
8525,-25
8526,-25
8527,-25
8528,-25
8529,-25
8530,-25
8531,-25
8532,-25
8533,-25
8534,-25
8535,-25
8536,-25
8537,-25
8538,-25
8539,-25
8540,-25
8541,-75
8542,-25
8543,-25
8544,-25
8545,-25
8546,-25
8547,-25
8548,-27
8549,-25
8550,-25
8551,-25
8552,-25
8553,-25
8554,-25
8555,-25
8556,-25
8557,-25
8558,-75
8559,-25
8560,-25
8561,-25
8562,-25
8563,-25
8564,-25
8565,-25
8566,-25
8567,-25
8568,-25
8569,-25
8570,-25
8571,-25
8572,-25
8573,-25
8574,-25
8575,-25
8576,-25
8577,-25
8578,-25
8579,-25
8580,-25
8581,-25
8582,-25
8583,-25
8584,-25
8585,-25
8586,-25
8587,-25
8588,-25
8589,-25
8590,-25
8591,-25
8592,-25
8593,-25
8594,-25
8595,-25
8596,-25
8597,-25
8598,-25
8599,-25
8600,-25
8601,-25
8602,-25
8603,-25
8604,-25
8605,-25
8606,-25
8607,-25
8608,-25
8609,-25
8610,-25
8611,-25
8612,-25
8613,-25
8614,-25
8615,-25
8616,-25
8617,-25
8618,-25
8619,-25
8620,-25
8621,-25
8622,-25
8623,-25
8624,-25
8625,-25
8626,-25
8627,-25
8628,-25
8629,-25
8630,-25
8631,-25
8632,-25
8633,-25
8634,-25
8635,-25
8636,-25
8637,-75
8638,-25
8639,-25
8640,-25
8641,-25
8642,-25
8643,-25
8644,-25
8645,-25
8646,-25
8647,-75
8648,-25
8649,-25
8650,-25
8651,-25
8652,-25
8653,-25
8654,-25
8655,-25
8656,-25
8657,-25
8658,-25
8659,-25
8660,-25
8661,-25
8662,-25
8663,-25
8664,-25
8665,-25
8666,-25
8667,-25
8668,-25
8669,-25
8670,-25
8671,-25
8672,-25
8673,-25
8674,-25
8675,-25
8676,-25
8677,-25
8678,-25
8679,-25
8680,-75
8681,-25
8682,-25
8683,-25
8684,-25
8685,-25
8686,-25
8687,-25
8688,-25
8689,-25
8690,-25
8691,-25
8692,-25
8693,-25
8694,-25
8695,-25
8696,-25
8697,-25
8698,-25
8699,-25
8700,-25
8701,-25
8702,-25
8703,-25
8704,-25
8705,-75
8706,-25
8707,-25
8708,-25
8709,-25
8710,-25
8711,-25
8712,-25
8713,-25
8714,-25
8715,-25
8716,-25
8717,-25
8718,-25
8719,-25
8720,-25
8721,-25
8722,-25
8723,-25
8724,-25
8725,-25
8726,-25
8727,-25
8728,-25
8729,-25
8730,-25
8731,-25
8732,-25
8733,-25
8734,-25
8735,-25
8736,-25
8737,-25
8738,-25
8739,-25
8740,-25
8741,-25
8742,-25
8743,-25
8744,-25
8745,-25
8746,-75
8747,-25
8748,-25
8749,-25
8750,-25
8751,-25
8752,-25
8753,-25
8754,-25
8755,-25
8756,-25
8757,-25
8758,-25
8759,-25
8760,-25
8761,-25
8762,-25
8763,-25
8764,-25
8765,-25
8766,-25
8767,-25
8768,-25
8769,-25
8770,-25
8771,-25
8772,-25
8773,-25
8774,-25
8775,-25
8776,-25
8777,-25
8778,-25
8779,-25
8780,-25
8781,-25
8782,-25
8783,-25
8784,-25
8785,-25
8786,-75
8787,-25
8788,-25
8789,-25
8790,-25
8791,-25
8792,-25
8793,-25
8794,-25
8795,-25
8796,-25
8797,-25
8798,-25
8799,-25
8800,-25
8801,-25
8802,-25
8803,-25
8804,-25
8805,-25
8806,-25
8807,-25
8808,-25
8809,-75
8810,-25
8811,-25
8812,-25
8813,-25
8814,-25
8815,-25
8816,-25
8817,-25
8818,-25
8819,-25
8820,-25
8821,-75
8822,-25
8823,-25
8824,-25
8825,-25
8826,-25
8827,-75
8828,-25
8829,-25
8830,-25
8831,-25
8832,-25
8833,-25
8834,-25
8835,-25
8836,-25
8837,-25
8838,-25
8839,-25
8840,-25
8841,-25
8842,-25
8843,-75
8844,-25
8845,-25
8846,-25
8847,-25
8848,-25
8849,-25
8850,-25
8851,-25
8852,-25
8853,-25
8854,-25
8855,-25
8856,-75
8857,-25
8858,-25
8859,-25
8860,-25
8861,-25
8862,-25
8863,-25
8864,-25
8865,-25
8866,-25
8867,-25
8868,-25
8869,-25
8870,-25
8871,-25
8872,-25
8873,-25
8874,-25
8875,-25
8876,-25
8877,-25
8878,-25
8879,-25
8880,-25
8881,-25
8882,-25
8883,-25
8884,-25
8885,-25
8886,-25
8887,-25
8888,-25
8889,-25
8890,-25
8891,-25
8892,-25
8893,-25
8894,-25
8895,-25
8896,-25
8897,-25
8898,-25
8899,-27
8900,-25
8901,-25
8902,-25
8903,-25
8904,-25
8905,-25
8906,-25
8907,-25
8908,-25
8909,-25
8910,-25
8911,-25
8912,-25
8913,-25
8914,-25
8915,-25
8916,-25
8917,-25
8918,-25
8919,-25
8920,-25
8921,-25
8922,-25
8923,-25
8924,-25
8925,-25
8926,-25
8927,-25
8928,-25
8929,-25
8930,-25
8931,-25
8932,-25
8933,-25
8934,-25
8935,-25
8936,-25
8937,-200
8938,-25
8939,-25
8940,-25
8941,-25
8942,-25
8943,-25
8944,-25
8945,-25
8946,-25
8947,-25
8948,-25
8949,-25
8950,-75
8951,-25
8952,-25
8953,-75
8954,-25
8955,-25
8956,-25
8957,-25
8958,-25
8959,-25
8960,-25
8961,-25
8962,-25
8963,-25
8964,-25
8965,-25
8966,-25
8967,-25
8968,-25
8969,-25
8970,-25
8971,-25
8972,-25
8973,-25
8974,-25
8975,-25
8976,-25
8977,-25
8978,-25
8979,-25
8980,-25
8981,-25
8982,-25
8983,-25
8984,-25
8985,-25
8986,-25
8987,-25
8988,-25
8989,-25
8990,-25
8991,-25
8992,-200
8993,-25
8994,-25
8995,-25
8996,-25
8997,-25
8998,-25
8999,-25
9000,-25
9001,-25
9002,-25
9003,-25
9004,-25
9005,-25
9006,-25
9007,-25
9008,-25
9009,-25
9010,-25
9011,-25
9012,-25
9013,-25
9014,-25
9015,-25
9016,-25
9017,-25
9018,-25
9019,-25
9020,-25
9021,-25
9022,-25
9023,-25
9024,-25
9025,-25
9026,-25
9027,-25
9028,-25
9029,-25
9030,-25
9031,-25
9032,-25
9033,-25
9034,-25
9035,-25
9036,-25
9037,-25
9038,-25
9039,-25
9040,-25
9041,-25
9042,-25
9043,-25
9044,-25
9045,-25
9046,-25
9047,-25
9048,-25
9049,-25
9050,-25
9051,-25
9052,-25
9053,-25
9054,-25
9055,-25
9056,-25
9057,-25
9058,-25
9059,-25
9060,-25
9061,-25
9062,-25
9063,-25
9064,-25
9065,-25
9066,-25
9067,-25
9068,-25
9069,-25
9070,-25
9071,-25
9072,-25
9073,-25
9074,-25
9075,-25
9076,-25
9077,-25
9078,-25
9079,-25
9080,-25
9081,-25
9082,-25
9083,-25
9084,-25
9085,-25
9086,-25
9087,-25
9088,-25
9089,-25
9090,-25
9091,-25
9092,-25
9093,-25
9094,-25
9095,-25
9096,-25
9097,-25
9098,-25
9099,-25
9100,-25
9101,-25
9102,-25
9103,-25
9104,-25
9105,-25
9106,-25
9107,-25
9108,-25
9109,-25
9110,-25
9111,-25
9112,-25
9113,-25
9114,-25
9115,-25
9116,-25
9117,-25
9118,-25
9119,-25
9120,-25
9121,-25
9122,-25
9123,-25
9124,-25
9125,-25
9126,-25
9127,-25
9128,-25
9129,-25
9130,-25
9131,-25
9132,-25
9133,-25
9134,-25
9135,-27
9136,-25
9137,-25
9138,-25
9139,-25
9140,-25
9141,-25
9142,-25
9143,-25
9144,-25
9145,-25
9146,-25
9147,-25
9148,-25
9149,-25
9150,-25
9151,-25
9152,-25
9153,-25
9154,-25
9155,-25
9156,-25
9157,-25
9158,-25
9159,-25
9160,-25
9161,-25
9162,-25
9163,-25
9164,-25
9165,-25
9166,-25
9167,-25
9168,-25
9169,-25
9170,-25
9171,-25
9172,-25
9173,-25
9174,-25
9175,-25
9176,-25
9177,-25
9178,-25
9179,-25
9180,-25
9181,-25
9182,-25
9183,-25
9184,-25
9185,-25
9186,-25
9187,-25
9188,-25
9189,-25
9190,-25
9191,-25
9192,-25
9193,-25
9194,-25
9195,-25
9196,-25
9197,-25
9198,-25
9199,-25
9200,-25
9201,-25
9202,-25
9203,-25
9204,-25
9205,-25
9206,-25
9207,-25
9208,-25
9209,-25
9210,-25
9211,-75
9212,-25
9213,-25
9214,-25
9215,-25
9216,-25
9217,-25
9218,-25
9219,-25
9220,-25
9221,-275
9222,-25
9223,-25
9224,-25
9225,-25
9226,-25
9227,-25
9228,-25
9229,-25
9230,-25
9231,-25
9232,-25
9233,-25
9234,-25
9235,-25
9236,-25
9237,-25
9238,-25
9239,-25
9240,-25
9241,-25
9242,-25
9243,-25
9244,-25
9245,-25
9246,-25
9247,-25
9248,-25
9249,-25
9250,-25
9251,-25
9252,-25
9253,-25
9254,-25
9255,-25
9256,-25
9257,-25
9258,-25
9259,-25
9260,-25
9261,-25
9262,-25
9263,-25
9264,-25
9265,-25
9266,-25
9267,-25
9268,-25
9269,-25
9270,-25
9271,-25
9272,-25
9273,-25
9274,-25
9275,-25
9276,-75
9277,-25
9278,-25
9279,-25
9280,-25
9281,-25
9282,-25
9283,-25
9284,-25
9285,-25
9286,-25
9287,-25
9288,-25
9289,-25
9290,-25
9291,-25
9292,-25
9293,-25
9294,-25
9295,-25
9296,-25
9297,-25
9298,-25
9299,-25
9300,-25
9301,-75
9302,-25
9303,-25
9304,-25
9305,-25
9306,-25
9307,-25
9308,-25
9309,-25
9310,-25
9311,-25
9312,-75
9313,-25
9314,-25
9315,-25
9316,-25
9317,-25
9318,-25
9319,-25
9320,-25
9321,-25
9322,-25
9323,-25
9324,-25
9325,-25
9326,-25
9327,-25
9328,-25
9329,-25
9330,-25
9331,-25
9332,-25
9333,-25
9334,-25
9335,-25
9336,-25
9337,-75
9338,-25
9339,-25
9340,-25
9341,-25
9342,-25
9343,-25
9344,-25
9345,-25
9346,-25
9347,-25
9348,-25
9349,-25
9350,-25
9351,-25
9352,-25
9353,-25
9354,-25
9355,-25
9356,-25
9357,-25
9358,-25
9359,-25
9360,-25
9361,-25
9362,-25
9363,-25
9364,-25
9365,-25
9366,-25
9367,-25
9368,-25
9369,-25
9370,-25
9371,-25
9372,-25
9373,-25
9374,-25
9375,-25
9376,-75
9377,-25
9378,-25
9379,-25
9380,-25
9381,-25
9382,-25
9383,-25
9384,-25
9385,-25
9386,-25
9387,-25
9388,-25
9389,-25
9390,-25
9391,-25
9392,-25
9393,-25
9394,-25
9395,-275
9396,-25
9397,-25
9398,-25
9399,-25
9400,-25
9401,-25
9402,-25
9403,-25
9404,-25
9405,-25
9406,-25
9407,-25
9408,-25
9409,-25
9410,-25
9411,-25
9412,-27
9413,-25
9414,-25
9415,-25
9416,-25
9417,-25
9418,-25
9419,-25
9420,-25
9421,-25
9422,-25
9423,-25
9424,-25
9425,-25
9426,-25
9427,-25
9428,-25
9429,-25
9430,-25
9431,-25
9432,-25
9433,-25
9434,-25
9435,-25
9436,-25
9437,-25
9438,-25
9439,-25
9440,-25
9441,-25
9442,-25
9443,-25
9444,-25
9445,-25
9446,-25
9447,-25
9448,-25
9449,-27
9450,-25
9451,-25
9452,-25
9453,-25
9454,-25
9455,-25
9456,-25
9457,-25
9458,-25
9459,-25
9460,-25
9461,-25
9462,-25
9463,-25
9464,-25
9465,-25
9466,-25
9467,-25
9468,-25
9469,-25
9470,-25
9471,-25
9472,-25
9473,-25
9474,-25
9475,-25
9476,-25
9477,-25
9478,-25
9479,-25
9480,-25
9481,-25
9482,-25
9483,-25
9484,-27
9485,-75
9486,-25
9487,-25
9488,-75
9489,-25
9490,-25
9491,-25
9492,-25
9493,-25
9494,-25
9495,-25
9496,-75
9497,-25
9498,-25
9499,-25
9500,-25
9501,-25
9502,-175
9503,-25
9504,-25
9505,-25
9506,-25
9507,-25
9508,-25
9509,-25
9510,-25
9511,-25
9512,-25
9513,-25
9514,-25
9515,-25
9516,-25
9517,-25
9518,-25
9519,-25
9520,-25
9521,-25
9522,-25
9523,-25
9524,-25
9525,-25
9526,-25
9527,-25
9528,-25
9529,-75
9530,-25
9531,-25
9532,-25
9533,-25
9534,-25
9535,-25
9536,-25
9537,-25
9538,-25
9539,-75
9540,-25
9541,-25
9542,-25
9543,-25
9544,-25
9545,-25
9546,-25
9547,-25
9548,-25
9549,-25
9550,-25
9551,-25
9552,-25
9553,-25
9554,-25
9555,-25
9556,-25
9557,-25
9558,-25
9559,-25
9560,-25
9561,-25
9562,-25
9563,-25
9564,-25
9565,-25
9566,-25
9567,-25
9568,-25
9569,-25
9570,-25
9571,-25
9572,-25
9573,-25
9574,-25
9575,-25
9576,-25
9577,-25
9578,-25
9579,-25
9580,-25
9581,-25
9582,-25
9583,-25
9584,-25
9585,-25
9586,-25
9587,-25
9588,-25
9589,-25
9590,-25
9591,-25
9592,-25
9593,-25
9594,-25
9595,-75
9596,-25
9597,-25
9598,-25
9599,-25
9600,-25
9601,-25
9602,-25
9603,-25
9604,-25
9605,-25
9606,-25
9607,-25
9608,-25
9609,-25
9610,-25
9611,-25
9612,-25
9613,-25
9614,-25
9615,-25
9616,-25
9617,-25
9618,-25
9619,-75
9620,-25
9621,-25
9622,-25
9623,-25
9624,-25
9625,-25
9626,-25
9627,-25
9628,-25
9629,-25
9630,-25
9631,-25
9632,-25
9633,-25
9634,-25
9635,-275
9636,-25
9637,-25
9638,-25
9639,-25
9640,-25
9641,-25
9642,-25
9643,-25
9644,-25
9645,-25
9646,-25
9647,-25
9648,-25
9649,-25
9650,-25
9651,-25
9652,-25
9653,-25
9654,-25
9655,-25
9656,-25
9657,-25
9658,-25
9659,-25
9660,-25
9661,-25
9662,-25
9663,-25
9664,-25
9665,-25
9666,-25
9667,-25
9668,-25
9669,-25
9670,-25
9671,-25
9672,-25
9673,-25
9674,-25
9675,-25
9676,-25
9677,-25
9678,-75
9679,-25
9680,-25
9681,-25
9682,-25
9683,-25
9684,-25
9685,-25
9686,-25
9687,-25
9688,-25
9689,-25
9690,-25
9691,-25
9692,-25
9693,-25
9694,-25
9695,-25
9696,-25
9697,-25
9698,-25
9699,-25
9700,-25
9701,-25
9702,-25
9703,-25
9704,-25
9705,-25
9706,-25
9707,-25
9708,-25
9709,-25
9710,-25
9711,-25
9712,-25
9713,-25
9714,-25
9715,-25
9716,-25
9717,-25
9718,-25
9719,-25
9720,-25
9721,-25
9722,-25
9723,-25
9724,-25
9725,-25
9726,-25
9727,-25
9728,-25
9729,-25
9730,-25
9731,-25
9732,-25
9733,-25
9734,-25
9735,-27
9736,-25
9737,-25
9738,-25
9739,-25
9740,-25
9741,-25
9742,-25
9743,-25
9744,-25
9745,-25
9746,-25
9747,-25
9748,-25
9749,-25
9750,-25
9751,-200
9752,-25
9753,-25
9754,-25
9755,-25
9756,-25
9757,-25
9758,-25
9759,-25
9760,-25
9761,-25
9762,-25
9763,-25
9764,-25
9765,-25
9766,-25
9767,-25
9768,-25
9769,-75
9770,-25
9771,-25
9772,-25
9773,-25
9774,-25
9775,-25
9776,-25
9777,-25
9778,-25
9779,-25
9780,-25
9781,-25
9782,-25
9783,-25
9784,-25
9785,-25
9786,-25
9787,-25
9788,-25
9789,-25
9790,-25
9791,-25
9792,-25
9793,-25
9794,-25
9795,-25
9796,-25
9797,-25
9798,-25
9799,-25
9800,-25
9801,-25
9802,-25
9803,-25
9804,-25
9805,-25
9806,-25
9807,-25
9808,-25
9809,-25
9810,-25
9811,-25
9812,-25
9813,-25
9814,-25
9815,-25
9816,-25
9817,-25
9818,-25
9819,-25
9820,-25
9821,-25
9822,-25
9823,-25
9824,-25
9825,-25
9826,-25
9827,-25
9828,-25
9829,-25
9830,-25
9831,-25
9832,-25
9833,-25
9834,-250
9835,-25
9836,-25
9837,-25
9838,-25
9839,-25
9840,-25
9841,-25
9842,-25
9843,-25
9844,-25
9845,-25
9846,-25
9847,-25
9848,-25
9849,-25
9850,-25
9851,-25
9852,-25
9853,-25
9854,-25
9855,-25
9856,-25
9857,-225
9858,-25
9859,-25
9860,-25
9861,-25
9862,-25
9863,-25
9864,-25
9865,-25
9866,-25
9867,-25
9868,-25
9869,-25
9870,-25
9871,-25
9872,-25
9873,-25
9874,-25
9875,-25
9876,-25
9877,-25
9878,-25
9879,-25
9880,-25
9881,-25
9882,-25
9883,-25
9884,-25
9885,-25
9886,-25
9887,-25
9888,-25
9889,-25
9890,-25
9891,-25
9892,-25
9893,-25
9894,-25
9895,-25
9896,-25
9897,-25
9898,-25
9899,-25
9900,-25
9901,-25
9902,-25
9903,-25
9904,-25
9905,-25
9906,-25
9907,-25
9908,-75
9909,-25
9910,-25
9911,-25
9912,-25
9913,-25
9914,-25
9915,-25
9916,-25
9917,-25
9918,-75
9919,-25
9920,-25
9921,-25
9922,-25
9923,-25
9924,-25
9925,-25
9926,-25
9927,-25
9928,-25
9929,-25
9930,-25
9931,-25
9932,-25
9933,-25
9934,-25
9935,-25
9936,-25
9937,-25
9938,-25
9939,-25
9940,-25
9941,-25
9942,-25
9943,-25
9944,-25
9945,-25
9946,-25
9947,-25
9948,-25
9949,-25
9950,-25
9951,-25
9952,-25
9953,-25
9954,-25
9955,-25
9956,-25
9957,-25
9958,-25
9959,-25
9960,-25
9961,-25
9962,-25
9963,-25
9964,-25
9965,-25
9966,-25
9967,-25
9968,-25
9969,-25
9970,-25
9971,-25
9972,-25
9973,-25
9974,-25
9975,-25
9976,-75
9977,-25
9978,-25
9979,-25
9980,-25
9981,-25
9982,-25
9983,-25
9984,-25
9985,-25
9986,-25
9987,-25
9988,-25
9989,-25
9990,-25
9991,-25
9992,-25
9993,-25
9994,-25
9995,-25
9996,-75
9997,-25
9998,-25
9999,-25
[[(4, 4), 2, -25], [(4, 3), 0, -25], [(3, 3), 2, -25], [(3, 2), 2, -25], [(3, 1), 0, -25], [(2, 1), 0, -25], [(1, 1), 0, -25], [(0, 1), 2, 150]]