0,-2393
1,-889
2,-12525
3,-12525
4,-12502
5,-9144
6,-12456
7,-12525
8,-10501
9,-10227
10,-12502
11,-325
12,-7479
13,-2125
14,-12525
15,-9079
16,-2527
17,-12525
18,-12502
19,-12525
20,-12479
21,-4527
22,-4379
23,-3825
24,-12525
25,-2525
26,-425
27,-775
28,-5325
29,-2375
30,-775
31,-3475
32,-6575
33,-175
34,-12525
35,-12525
36,-925
37,-12502
38,-9527
39,-7575
40,-1025
41,-9381
42,-8125
43,-12502
44,-11777
45,-5977
46,-3927
47,-2275
48,-12479
49,-575
50,-625
51,-12502
52,-12525
53,-2975
54,-3825
55,-7975
56,-7125
57,-675
58,-12502
59,-5677
60,-2225
61,-1975
62,-6875
63,-6575
64,-2825
65,-12525
66,-3175
67,-5977
68,-8225
69,-5425
70,-12525
71,-12479
72,-3125
73,-12502
74,-10181
75,-5275
76,-12502
77,-12502
78,-3725
79,-5525
80,-12525
81,-4875
82,-1325
83,-11277
84,-5925
85,-7025
86,-12502
87,-12502
88,-5477
89,-3027
90,-625
91,-12479
92,-1725
93,-675
94,-675
95,-5775
96,-2475
97,-175
98,-12127
99,-12502
100,-11977
101,-12525
102,-6275
103,-2825
104,-12502
105,-425
106,-5077
107,-525
108,-75
109,-75
110,-75
111,-75
112,-75
113,-125
114,-125
115,-75
116,-75
117,-75
118,-75
119,-75
120,-75
121,-75
122,-75
123,-75
124,-75
125,-75
126,-75
127,-75
128,-75
129,-75
130,-77
131,-75
132,-75
133,-75
134,-75
135,-75
136,-75
137,-75
138,-75
139,-75
140,-75
141,-75
142,-75
143,-75
144,-75
145,-75
146,-25
147,-75
148,-75
149,-75
150,-75
151,-75
152,-75
153,-75
154,-75
155,-75
156,-75
157,-75
158,-75
159,-75
160,-75
161,-75
162,-125
163,-75
164,-75
165,-75
166,-75
167,-75
168,-75
169,-75
170,-75
171,-75
172,-75
173,-75
174,-75
175,-75
176,-75
177,-75
178,-77
179,-75
180,-75
181,-75
182,-75
183,-75
184,-75
185,-75
186,-75
187,-75
188,-75
189,-75
190,-75
191,-75
192,-75
193,-75
194,-75
195,-75
196,-75
197,-75
198,-75
199,-125
200,-75
201,-75
202,-77
203,-75
204,-75
205,-75
206,-75
207,-75
208,-75
209,-75
210,-75
211,-75
212,-75
213,-75
214,-75
215,-75
216,-75
217,-125
218,-75
219,-75
220,-75
221,-75
222,-125
223,-75
224,-75
225,-75
226,-75
227,-75
228,-75
229,-75
230,-75
231,-75
232,-75
233,-75
234,-75
235,-75
236,-75
237,-75
238,-75
239,-75
240,-75
241,-75
242,-75
243,-75
244,-75
245,-75
246,-75
247,-75
248,-75
249,-75
250,-75
251,-75
252,-75
253,-75
254,-75
255,-75
256,-75
257,-75
258,-75
259,-75
260,-75
261,-75
262,-75
263,-75
264,-75
265,-75
266,-75
267,-75
268,-75
269,-75
270,-75
271,-75
272,-75
273,-75
274,-75
275,-75
276,-75
277,-75
278,-125
279,-75
280,-75
281,-75
282,-75
283,-75
284,-75
285,-75
286,-75
287,-75
288,-75
289,-75
290,-75
291,-75
292,-75
293,-75
294,-75
295,-25
296,-75
297,-75
298,-75
299,-75
300,-75
301,-75
302,-75
303,-75
304,-75
305,-75
306,-75
307,-75
308,-75
309,-75
310,-75
311,-75
312,-75
313,-75
314,-75
315,-75
316,-75
317,-75
318,-75
319,-75
320,-75
321,-75
322,-75
323,-75
324,-75
325,-75
326,-75
327,-75
328,-75
329,-75
330,-75
331,-75
332,-75
333,-75
334,-75
335,-75
336,-75
337,-75
338,-75
339,-75
340,-75
341,-75
342,-75
343,-75
344,-75
345,-225
346,-75
347,-75
348,-75
349,-75
350,-75
351,-75
352,-75
353,-75
354,-75
355,-77
356,-75
357,-75
358,-75
359,-75
360,-75
361,-75
362,-75
363,-75
364,-75
365,-75
366,-75
367,-75
368,-75
369,-75
370,-75
371,-75
372,-75
373,-75
374,-75
375,-75
376,-75
377,-75
378,-75
379,-75
380,-75
381,-75
382,-75
383,-75
384,-75
385,-75
386,-75
387,-75
388,-75
389,-75
390,-75
391,-75
392,-75
393,-75
394,-75
395,-75
396,-75
397,-75
398,-75
399,-75
400,-75
401,-75
402,-75
403,-75
404,-75
405,-77
406,-175
407,-75
408,-75
409,-75
410,-75
411,-75
412,-75
413,-125
414,-75
415,-75
416,-75
417,-75
418,-75
419,-75
420,-75
421,-75
422,-75
423,-75
424,-75
425,-75
426,-75
427,-75
428,-75
429,-75
430,-75
431,-75
432,-75
433,-75
434,-75
435,-75
436,-75
437,-75
438,-75
439,-75
440,-75
441,-75
442,-75
443,-75
444,-75
445,-75
446,-75
447,-75
448,-75
449,-75
450,-75
451,-75
452,-225
453,-75
454,-75
455,-75
456,-75
457,-75
458,-75
459,-75
460,-75
461,-75
462,-75
463,-75
464,-75
465,-75
466,-75
467,-75
468,-75
469,-75
470,-75
471,-75
472,-75
473,-75
474,-75
475,-75
476,-75
477,-75
478,-75
479,-75
480,-75
481,-77
482,-75
483,-75
484,-75
485,-75
486,-75
487,-75
488,-75
489,-75
490,-75
491,-75
492,-75
493,-75
494,-75
495,-75
496,-75
497,-75
498,-75
499,-75
[[(4, 4), 0, -25], [(3, 4), 2, -25], [(3, 3), 2, -25], [(3, 2), 1, -25], [(4, 2), 2, -25], [(4, 1), 0, -25], [(3, 1), 0, -25], [(2, 1), 0, -25], [(1, 1), 2, -25], [(1, 0), 0, 150]]