0,-500
1,-1094
2,-826
3,-1232
4,-1144
5,-1235
6,-200
7,-200
8,-200
9,-200
10,-200
11,-200
12,-200
13,-200
14,-200
15,-200
16,-200
17,-200
18,-200
19,-200
20,-200
21,-200
22,-200
23,-200
24,-200
25,-200
26,-200
27,-200
28,-200
29,-200
30,-200
31,-200
32,-200
33,-200
34,-200
35,-200
36,-200
37,-200
38,-200
39,-200
40,-200
41,-200
42,-200
43,-200
44,-200
45,-200
46,-200
47,-200
48,-200
49,-200
50,-200
51,-200
52,-200
53,-200
54,-200
55,-200
56,-200
57,-200
58,-200
59,-200
60,-200
61,-200
62,-200
63,-200
64,-200
65,-200
66,-200
67,-200
68,-200
69,-200
70,-200
71,-200
72,-200
73,-200
74,-200
75,-200
76,-200
77,-200
78,-200
79,-200
80,-200
81,-200
82,-200
83,-200
84,-200
85,-200
86,-200
87,-200
88,-200
89,-200
90,-200
91,-200
92,-200
93,-200
94,-200
95,-200
96,-200
97,-200
98,-200
99,-200
100,-200
101,-200
102,-200
103,-200
104,-200
105,-200
106,-200
107,-200
108,-202
109,-200
110,-200
111,-200
112,-200
113,-200
114,-200
115,-200
116,-200
117,-200
118,-200
119,-200
120,-200
121,-200
122,-200
123,-200
124,-200
125,-200
126,-200
127,-200
128,-200
129,-200
130,-200
131,-200
132,-200
133,-200
134,-200
135,-200
136,-200
137,-200
138,-200
139,-200
140,-200
141,-200
142,-200
143,-200
144,-200
145,-200
146,-200
147,-200
148,-200
149,-200
150,-200
151,-200
152,-200
153,-200
154,-200
155,-200
156,-200
157,-200
158,-200
159,-200
160,-200
161,-200
162,-200
163,-200
164,-200
165,-200
166,-200
167,-200
168,-200
169,-200
170,-200
171,-200
172,-200
173,-200
174,-200
175,-200
176,-200
177,-200
178,-200
179,-200
180,-200
181,-200
182,-200
183,-200
184,-200
185,-200
186,-200
187,-200
188,-200
189,-200
190,-200
191,-200
192,-200
193,-200
194,-250
195,-200
196,-200
197,-200
198,-200
199,-200
200,-200
201,-200
202,-200
203,-200
204,-200
205,-200
206,-200
207,-200
208,-200
209,-200
210,-200
211,-200
212,-200
213,-200
214,-200
215,-200
216,-200
217,-200
218,-200
219,-200
220,-200
221,-200
222,-200
223,-200
224,-200
225,-200
226,-200
227,-200
228,-200
229,-200
230,-200
231,-200
232,-200
233,-200
234,-200
235,-200
236,-200
237,-200
238,-200
239,-200
240,-200
241,-200
242,-200
243,-200
244,-200
245,-200
246,-200
247,-200
248,-200
249,-200
250,-200
251,-200
252,-200
253,-200
254,-200
255,-200
256,-200
257,-200
258,-200
259,-200
260,-200
261,-200
262,-200
263,-200
264,-200
265,-200
266,-200
267,-200
268,-200
269,-200
270,-200
271,-200
272,-200
273,-200
274,-200
275,-200
276,-200
277,-200
278,-200
279,-200
280,-200
281,-200
282,-200
283,-200
284,-200
285,-200
286,-200
287,-202
288,-200
289,-200
290,-200
291,-200
292,-200
293,-200
294,-200
295,-200
296,-200
297,-200
298,-200
299,-200
300,-200
301,-200
302,-200
303,-200
304,-200
305,-200
306,-200
307,-200
308,-200
309,-200
310,-200
311,-200
312,-200
313,-200
314,-200
315,-200
316,-200
317,-200
318,-200
319,-200
320,-200
321,-200
322,-200
323,-200
324,-200
325,-200
326,-200
327,-260
328,-1117
329,-200
330,-200
331,-200
332,-200
333,-200
334,-200
335,-200
336,-200
337,-200
338,-200
339,-200
340,-200
341,-200
342,-200
343,-200
344,-200
345,-200
346,-200
347,-200
348,-200
349,-200
350,-200
351,-200
352,-200
353,-200
354,-200
355,-200
356,-200
357,-200
358,-200
359,-200
360,-200
361,-200
362,-200
363,-200
364,-200
365,-200
366,-200
367,-200
368,-200
369,-200
370,-200
371,-200
372,-200
373,-200
374,-200
375,-200
376,-200
377,-200
378,-200
379,-200
380,-200
381,-200
382,-200
383,-200
384,-200
385,-200
386,-200
387,-200
388,-200
389,-200
390,-200
391,-200
392,-200
393,-200
394,-200
395,-200
396,-200
397,-200
398,-200
399,-200
400,-200
401,-200
402,-200
403,-200
404,-200
405,-482
406,-200
407,-200
408,-200
409,-200
410,-200
411,-200
412,-200
413,-200
414,-200
415,-200
416,-200
417,-200
418,-200
419,-202
420,-200
421,-225
422,-200
423,-200
424,-200
425,-200
426,-200
427,-200
428,-200
429,-200
430,-200
431,-200
432,-200
433,-200
434,-200
435,-200
436,-200
437,-200
438,-200
439,-200
440,-200
441,-200
442,-200
443,-200
444,-200
445,-200
446,-200
447,-200
448,-200
449,-200
450,-200
451,-200
452,-200
453,-200
454,-200
455,-200
456,-200
457,-250
458,-200
459,-200
460,-200
461,-200
462,-200
463,-200
464,-200
465,-200
466,-200
467,-200
468,-200
469,-200
470,-200
471,-200
472,-200
473,-200
474,-200
475,-200
476,-200
477,-200
478,-200
479,-200
480,-200
481,-200
482,-200
483,-200
484,-200
485,-250
486,-200
487,-200
488,-200
489,-200
490,-200
491,-200
492,-200
493,-200
494,-200
495,-200
496,-200
497,-200
498,-200
499,-200
500,-200
501,-200
502,-200
503,-200
504,-200
505,-200
506,-200
507,-200
508,-200
509,-200
510,-200
511,-200
512,-200
513,-200
514,-200
515,-200
516,-200
517,-200
518,-200
519,-200
520,-200
521,-200
522,-200
523,-200
524,-200
525,-200
526,-200
527,-200
528,-200
529,-200
530,-200
531,-200
532,-200
533,-200
534,-200
535,-200
536,-200
537,-200
538,-200
539,-200
540,-200
541,-200
542,-200
543,-200
544,-200
545,-200
546,-200
547,-200
548,-200
549,-200
550,-200
551,-200
552,-200
553,-200
554,-200
555,-200
556,-200
557,-200
558,-200
559,-200
560,-200
561,-200
562,-200
563,-200
564,-200
565,-200
566,-200
567,-200
568,-200
569,-200
570,-200
571,-200
572,-200
573,-200
574,-200
575,-200
576,-200
577,-200
578,-200
579,-200
580,-200
581,-200
582,-200
583,-200
584,-200
585,-200
586,-200
587,-200
588,-200
589,-200
590,-200
591,-200
592,-200
593,-200
594,-200
595,-200
596,-200
597,-200
598,-200
599,-200
600,-200
601,-200
602,-200
603,-200
604,-200
605,-200
606,-200
607,-200
608,-200
609,-200
610,-200
611,-202
612,-200
613,-200
614,-250
615,-200
616,-200
617,-200
618,-200
619,-200
620,-200
621,-200
622,-200
623,-200
624,-200
625,-200
626,-200
627,-200
628,-200
629,-200
630,-200
631,-200
632,-200
633,-200
634,-200
635,-200
636,-200
637,-200
638,-200
639,-200
640,-200
641,-200
642,-200
643,-200
644,-200
645,-200
646,-200
647,-200
648,-200
649,-200
650,-200
651,-200
652,-200
653,-200
654,-200
655,-202
656,-200
657,-200
658,-200
659,-200
660,-200
661,-200
662,-200
663,-200
664,-200
665,-200
666,-200
667,-200
668,-200
669,-200
670,-200
671,-200
672,-200
673,-200
674,-200
675,-200
676,-200
677,-200
678,-200
679,-200
680,-200
681,-200
682,-200
683,-200
684,-200
685,-200
686,-200
687,-200
688,-200
689,-200
690,-200
691,-200
692,-200
693,-200
694,-200
695,-200
696,-200
697,-200
698,-200
699,-200
700,-200
701,-200
702,-200
703,-250
704,-200
705,-200
706,-200
707,-200
708,-200
709,-200
710,-200
711,-202
712,-200
713,-200
714,-200
715,-200
716,-200
717,-200
718,-200
719,-200
720,-200
721,-200
722,-200
723,-200
724,-200
725,-200
726,-200
727,-200
728,-200
729,-200
730,-200
731,-200
732,-200
733,-200
734,-200
735,-200
736,-200
737,-200
738,-200
739,-200
740,-200
741,-200
742,-200
743,-200
744,-200
745,-200
746,-200
747,-200
748,-200
749,-200
750,-200
751,-200
752,-200
753,-200
754,-200
755,-200
756,-200
757,-200
758,-200
759,-200
760,-200
761,-200
762,-200
763,-200
764,-200
765,-200
766,-200
767,-200
768,-200
769,-200
770,-200
771,-200
772,-200
773,-200
774,-200
775,-200
776,-200
777,-200
778,-200
779,-200
780,-200
781,-200
782,-200
783,-200
784,-200
785,-200
786,-200
787,-200
788,-200
789,-200
790,-200
791,-200
792,-200
793,-200
794,-200
795,-200
796,-200
797,-200
798,-200
799,-200
800,-200
801,-200
802,-200
803,-200
804,-200
805,-200
806,-200
807,-200
808,-200
809,-200
810,-200
811,-200
812,-200
813,-200
814,-200
815,-200
816,-200
817,-200
818,-200
819,-200
820,-200
821,-200
822,-200
823,-200
824,-200
825,-200
826,-200
827,-200
828,-200
829,-200
830,-200
831,-200
832,-200
833,-200
834,-200
835,-200
836,-200
837,-200
838,-200
839,-200
840,-200
841,-200
842,-200
843,-200
844,-200
845,-200
846,-200
847,-200
848,-200
849,-200
850,-200
851,-200
852,-200
853,-200
854,-200
855,-200
856,-200
857,-200
858,-200
859,-200
860,-200
861,-200
862,-200
863,-200
864,-200
865,-200
866,-200
867,-200
868,-200
869,-200
870,-200
871,-200
872,-200
873,-200
874,-200
875,-200
876,-200
877,-200
878,-200
879,-200
880,-200
881,-200
882,-200
883,-200
884,-200
885,-200
886,-200
887,-200
888,-200
889,-200
890,-200
891,-200
892,-200
893,-200
894,-200
895,-200
896,-200
897,-200
898,-200
899,-200
900,-200
901,-200
902,-200
903,-200
904,-200
905,-200
906,-200
907,-200
908,-200
909,-200
910,-200
911,-200
912,-200
913,-200
914,-200
915,-200
916,-200
917,-200
918,-200
919,-200
920,-200
921,-200
922,-200
923,-200
924,-200
925,-200
926,-200
927,-200
928,-200
929,-200
930,-200
931,-200
932,-200
933,-200
934,-200
935,-200
936,-200
937,-200
938,-200
939,-200
940,-200
941,-200
942,-200
943,-200
944,-200
945,-200
946,-200
947,-200
948,-200
949,-200
950,-200
951,-200
952,-200
953,-200
954,-200
955,-200
956,-200
957,-200
958,-200
959,-200
960,-200
961,-200
962,-200
963,-200
964,-200
965,-200
966,-200
967,-200
968,-200
969,-200
970,-200
971,-200
972,-200
973,-200
974,-200
975,-200
976,-200
977,-200
978,-202
979,-200
980,-200
981,-200
982,-200
983,-200
984,-200
985,-200
986,-200
987,-200
988,-200
989,-200
990,-200
991,-200
992,-200
993,-200
994,-200
995,-200
996,-200
997,-200
998,-200
999,-200
1000,-200
1001,-200
1002,-200
1003,-200
1004,-200
1005,-200
1006,-200
1007,-200
1008,-200
1009,-200
1010,-200
1011,-200
1012,-200
1013,-200
1014,-200
1015,-200
1016,-200
1017,-200
1018,-200
1019,-200
1020,-200
1021,-200
1022,-200
1023,-200
1024,-200
1025,-200
1026,-200
1027,-200
1028,-200
1029,-200
1030,-202
1031,-200
1032,-200
1033,-200
1034,-200
1035,-200
1036,-200
1037,-200
1038,-200
1039,-200
1040,-200
1041,-200
1042,-200
1043,-200
1044,-200
1045,-200
1046,-200
1047,-200
1048,-200
1049,-200
1050,-200
1051,-200
1052,-200
1053,-200
1054,-200
1055,-200
1056,-200
1057,-200
1058,-202
1059,-200
1060,-200
1061,-200
1062,-200
1063,-200
1064,-200
1065,-200
1066,-686
1067,-200
1068,-200
1069,-200
1070,-200
1071,-200
1072,-200
1073,-200
1074,-8525
1075,-454
1076,-560
1077,-316
1078,-660
1079,-994
1080,-506
1081,-300
1082,-344
1083,-572
1084,-330
1085,-200
1086,-780
1087,-330
1088,-686
1089,-948
1090,-458
1091,-744
1092,-314
1093,-1025
1094,-380
1095,-1025
1096,-302
1097,-302
1098,-310
1099,-674
1100,-1025
1101,-774
1102,-1172
1103,-364
1104,-438
1105,-414
1106,-528
1107,-276
1108,-948
1109,-358
1110,-1117
1111,-896
1112,-1070
1113,-802
1114,-336
1115,-700
1116,-520
1117,-328
1118,-336
1119,-940
1120,-1034
1121,-356
1122,-236
1123,-582
1124,-1117
1125,-1160
1126,-238
1127,-318
1128,-638
1129,-440
1130,-500
1131,-1071
1132,-1025
1133,-700
1134,-958
1135,-314
1136,-1082
1137,-978
1138,-606
1139,-274
1140,-712
1141,-256
1142,-1025
1143,-320
1144,-1117
1145,-650
1146,-1012
1147,-414
1148,-834
1149,-338
1150,-942
1151,-324
1152,-690
1153,-974
1154,-958
1155,-1071
1156,-852
1157,-312
1158,-502
1159,-1071
1160,-996
1161,-1025
1162,-494
1163,-442
1164,-732
1165,-824
1166,-1025
1167,-280
1168,-1025
1169,-294
1170,-286
1171,-582
1172,-1071
1173,-748
1174,-354
1175,-786
1176,-1042
1177,-1025
1178,-220
1179,-1071
1180,-474
1181,-1186
1182,-270
1183,-232
1184,-632
1185,-1025
1186,-874
1187,-356
1188,-544
1189,-574
1190,-790
1191,-1142
1192,-400
1193,-470
1194,-312
1195,-316
1196,-580
1197,-744
1198,-278
1199,-290
1200,-202
1201,-520
1202,-550
1203,-312
1204,-232
1205,-576
1206,-1164
1207,-820
1208,-488
1209,-398
1210,-1301
1211,-744
1212,-414
1213,-252
1214,-384
1215,-552
1216,-1180
1217,-1218
1218,-1025
1219,-1016
1220,-396
1221,-1025
1222,-1117
1223,-790
1224,-416
1225,-598
1226,-1163
1227,-382
1228,-426
1229,-1025
1230,-1025
1231,-218
1232,-1025
1233,-412
1234,-366
1235,-1094
1236,-412
1237,-624
1238,-494
1239,-976
1240,-698
1241,-1004
1242,-238
1243,-544
1244,-258
1245,-392
1246,-234
1247,-320
1248,-1088
1249,-424
1250,-1071
1251,-248
1252,-502
1253,-522
1254,-1025
1255,-234
1256,-582
1257,-290
1258,-1025
1259,-1071
1260,-708
1261,-242
1262,-916
1263,-528
1264,-314
1265,-294
1266,-1146
1267,-212
1268,-268
1269,-1038
1270,-642
1271,-692
1272,-1071
1273,-272
1274,-1071
1275,-1025
1276,-326
1277,-682
1278,-642
1279,-528
1280,-492
1281,-552
1282,-732
1283,-928
1284,-676
1285,-838
1286,-1076
1287,-1117
1288,-648
1289,-420
1290,-522
1291,-326
1292,-218
1293,-828
1294,-1071
1295,-1071
1296,-275
1297,-956
1298,-588
1299,-1252
1300,-208
1301,-1238
1302,-440
1303,-254
1304,-372
1305,-738
1306,-1024
1307,-348
1308,-862
1309,-272
1310,-296
1311,-488
1312,-660
1313,-920
1314,-994
1315,-394
1316,-571
1317,-1117
1318,-906
1319,-344
1320,-320
1321,-322
1322,-902
1323,-460
1324,-326
1325,-402
1326,-306
1327,-698
1328,-1048
1329,-696
1330,-498
1331,-352
1332,-222
1333,-538
1334,-1163
1335,-886
1336,-262
1337,-224
1338,-388
1339,-208
1340,-264
1341,-368
1342,-1216
1343,-1025
1344,-656
1345,-1071
1346,-1025
1347,-714
1348,-546
1349,-512
1350,-782
1351,-1024
1352,-766
1353,-1117
1354,-1025
1355,-1152
1356,-1056
1357,-242
1358,-1117
1359,-390
1360,-1025
1361,-756
1362,-1117
1363,-438
1364,-1117
1365,-538
1366,-214
1367,-1071
1368,-1030
1369,-982
1370,-788
1371,-868
1372,-1071
1373,-438
1374,-452
1375,-304
1376,-526
1377,-480
1378,-1142
1379,-1025
1380,-416
1381,-682
1382,-382
1383,-428
1384,-626
1385,-1222
1386,-518
1387,-928
1388,-1071
1389,-238
1390,-340
1391,-564
1392,-540
1393,-840
1394,-762
1395,-326
1396,-1117
1397,-794
1398,-408
1399,-1071
1400,-268
1401,-902
1402,-488
1403,-544
1404,-688
1405,-1186
1406,-1071
1407,-1071
1408,-1025
1409,-1071
1410,-640
1411,-608
1412,-774
1413,-1163
1414,-350
1415,-452
1416,-812
1417,-448
1418,-760
1419,-550
1420,-1308
1421,-1048
1422,-490
1423,-404
1424,-744
1425,-1025
1426,-798
1427,-726
1428,-590
1429,-688
1430,-1116
1431,-1163
1432,-242
1433,-388
1434,-1025
1435,-494
1436,-264
1437,-916
1438,-1025
1439,-498
1440,-1025
1441,-240
1442,-1117
1443,-890
1444,-230
1445,-1025
1446,-1071
1447,-240
1448,-514
1449,-492
1450,-276
1451,-346
1452,-1066
1453,-334
1454,-568
1455,-740
1456,-356
1457,-898
1458,-248
1459,-720
1460,-936
1461,-1071
1462,-1110
1463,-996
1464,-674
1465,-572
1466,-976
1467,-506
1468,-374
1469,-1025
1470,-960
1471,-418
1472,-724
1473,-1016
1474,-1050
1475,-494
1476,-222
1477,-396
1478,-320
1479,-1071
1480,-272
1481,-1025
1482,-1071
1483,-1118
1484,-470
1485,-1002
1486,-1025
1487,-934
1488,-1002
1489,-1030
1490,-1071
1491,-1002
1492,-864
1493,-1071
1494,-1945
1495,-312
1496,-630
1497,-628
1498,-342
1499,-920
1500,-810
1501,-310
1502,-268
1503,-832
1504,-794
1505,-450
1506,-500
1507,-256
1508,-400
1509,-352
1510,-672
1511,-304
1512,-1025
1513,-408
1514,-848
1515,-556
1516,-596
1517,-1025
1518,-472
1519,-882
1520,-416
1521,-1120
1522,-1025
1523,-354
1524,-528
1525,-1216
1526,-304
1527,-396
1528,-308
1529,-834
1530,-228
1531,-248
1532,-222
1533,-1117
1534,-854
1535,-444
1536,-792
1537,-590
1538,-374
1539,-1071
1540,-806
1541,-524
1542,-1025
1543,-688
1544,-472
1545,-216
1546,-820
1547,-786
1548,-606
1549,-452
1550,-204
1551,-258
1552,-1025
1553,-656
1554,-470
1555,-1117
1556,-212
1557,-222
1558,-570
1559,-372
1560,-416
1561,-464
1562,-418
1563,-1138
1564,-912
1565,-684
1566,-286
1567,-676
1568,-270
1569,-1100
1570,-384
1571,-1025
1572,-470
1573,-288
1574,-650
1575,-356
1576,-1170
1577,-330
1578,-212
1579,-376
1580,-1025
1581,-486
1582,-532
1583,-406
1584,-1071
1585,-204
1586,-286
1587,-222
1588,-270
1589,-660
1590,-668
1591,-276
1592,-1025
1593,-1025
1594,-538
1595,-1025
1596,-386
1597,-1071
1598,-1025
1599,-572
1600,-384
1601,-504
1602,-1071
1603,-660
1604,-214
1605,-502
1606,-1176
1607,-246
1608,-330
1609,-1025
1610,-408
1611,-740
1612,-1154
1613,-276
1614,-988
1615,-374
1616,-354
1617,-1071
1618,-838
1619,-588
1620,-208
1621,-204
1622,-1071
1623,-688
1624,-624
1625,-1025
1626,-612
1627,-1002
1628,-1074
1629,-1025
1630,-654
1631,-1025
1632,-1025
1633,-604
1634,-1048
1635,-1071
1636,-660
1637,-280
1638,-394
1639,-884
1640,-722
1641,-744
1642,-698
1643,-316
1644,-386
1645,-734
1646,-788
1647,-384
1648,-228
1649,-382
1650,-1006
1651,-1208
1652,-1025
1653,-576
1654,-518
1655,-276
1656,-312
1657,-1209
1658,-408
1659,-386
1660,-220
1661,-998
1662,-1117
1663,-234
1664,-1036
1665,-628
1666,-640
1667,-1036
1668,-680
1669,-962
1670,-776
1671,-224
1672,-786
1673,-358
1674,-756
1675,-420
1676,-744
1677,-1071
1678,-1071
1679,-1002
1680,-548
1681,-1138
1682,-460
1683,-920
1684,-598
1685,-608
1686,-648
1687,-358
1688,-532
1689,-296
1690,-596
1691,-1071
1692,-870
1693,-882
1694,-324
1695,-478
1696,-710
1697,-312
1698,-328
1699,-538
1700,-530
1701,-364
1702,-816
1703,-704
1704,-394
1705,-736
1706,-624
1707,-314
1708,-370
1709,-414
1710,-660
1711,-1117
1712,-818
1713,-848
1714,-1025
1715,-834
1716,-596
1717,-1100
1718,-302
1719,-308
1720,-326
1721,-336
1722,-226
1723,-240
1724,-454
1725,-1025
1726,-472
1727,-1025
1728,-782
1729,-710
1730,-938
1731,-1025
1732,-650
1733,-770
1734,-260
1735,-398
1736,-554
1737,-404
1738,-956
1739,-220
1740,-656
1741,-370
1742,-416
1743,-768
1744,-718
1745,-1071
1746,-1024
1747,-1136
1748,-1110
1749,-920
1750,-1071
1751,-1196
1752,-756
1753,-1071
1754,-818
1755,-1025
1756,-1071
1757,-798
1758,-250
1759,-960
1760,-226
1761,-461
1762,-248
1763,-880
1764,-354
1765,-1025
1766,-910
1767,-714
1768,-1048
1769,-676
1770,-1071
1771,-1096
1772,-476
1773,-1144
1774,-582
1775,-280
1776,-474
1777,-270
1778,-396
1779,-266
1780,-206
1781,-1117
1782,-428
1783,-498
1784,-1025
1785,-566
1786,-528
1787,-800
1788,-798
1789,-632
1790,-802
1791,-1038
1792,-330
1793,-1194
1794,-258
1795,-226
1796,-1076
1797,-658
1798,-336
1799,-208
1800,-390
1801,-972
1802,-662
1803,-634
1804,-674
1805,-684
1806,-1002
1807,-378
1808,-1025
1809,-1002
1810,-1094
1811,-1117
1812,-1025
1813,-1117
1814,-438
1815,-1048
1816,-1048
1817,-944
1818,-1088
1819,-1002
1820,-752
1821,-1002
1822,-772
1823,-1002
1824,-316
1825,-1048
1826,-636
1827,-728
1828,-1071
1829,-1025
1830,-1025
1831,-996
1832,-638
1833,-594
1834,-1025
1835,-280
1836,-720
1837,-536
1838,-1002
1839,-1048
1840,-788
1841,-1025
1842,-300
1843,-1025
1844,-1048
1845,-828
1846,-1025
1847,-896
1848,-1208
1849,-730
1850,-1002
1851,-1002
1852,-440
1853,-288
1854,-566
1855,-552
1856,-736
1857,-460
1858,-346
1859,-430
1860,-1002
1861,-1002
1862,-668
1863,-290
1864,-1048
1865,-230
1866,-1025
1867,-750
1868,-842
1869,-1025
1870,-1025
1871,-234
1872,-840
1873,-1002
1874,-942
1875,-1048
1876,-780
1877,-1046
1878,-1002
1879,-1002
1880,-1025
1881,-664
1882,-680
1883,-308
1884,-1096
1885,-1002
1886,-866
1887,-1025
1888,-238
1889,-1002
1890,-250
1891,-468
1892,-782
1893,-622
1894,-556
1895,-466
1896,-274
1897,-1080
1898,-404
1899,-998
1900,-610
1901,-1048
1902,-1025
1903,-790
1904,-704
1905,-254
1906,-982
1907,-772
1908,-252
1909,-1048
1910,-1002
1911,-794
1912,-600
1913,-1002
1914,-666
1915,-1048
1916,-1048
1917,-1002
1918,-922
1919,-1048
1920,-1002
1921,-1236
1922,-818
1923,-1002
1924,-596
1925,-1025
1926,-316
1927,-500
1928,-1062
1929,-322
1930,-472
1931,-848
1932,-220
1933,-1025
1934,-1002
1935,-1096
1936,-1002
1937,-394
1938,-1002
1939,-260
1940,-968
1941,-612
1942,-1002
1943,-424
1944,-1002
1945,-1048
1946,-962
1947,-1002
1948,-484
1949,-490
1950,-954
1951,-494
1952,-716
1953,-1002
1954,-1002
1955,-550
1956,-1025
1957,-272
1958,-788
1959,-1002
1960,-650
1961,-1025
1962,-626
1963,-202
1964,-1048
1965,-1002
1966,-230
1967,-534
1968,-570
1969,-564
1970,-1002
1971,-496
1972,-1002
1973,-280
1974,-1002
1975,-784
1976,-448
1977,-856
1978,-1120
1979,-1025
1980,-496
1981,-1025
1982,-1002
1983,-356
1984,-524
1985,-682
1986,-450
1987,-254
1988,-1002
1989,-590
1990,-1002
1991,-1002
1992,-894
1993,-474
1994,-426
1995,-1025
1996,-582
1997,-1046
1998,-372
1999,-914
2000,-244
2001,-1032
2002,-1061
2003,-870
2004,-1002
2005,-612
2006,-1036
2007,-694
2008,-1010
2009,-570
2010,-1025
2011,-582
2012,-1025
2013,-1002
2014,-958
2015,-344
2016,-488
2017,-1002
2018,-630
2019,-612
2020,-1114
2021,-416
2022,-1156
2023,-636
2024,-1002
2025,-1002
2026,-1002
2027,-464
2028,-1002
2029,-1002
2030,-452
2031,-296
2032,-1002
2033,-1002
2034,-206
2035,-1180
2036,-1025
2037,-810
2038,-316
2039,-1071
2040,-396
2041,-1002
2042,-1025
2043,-1025
2044,-1025
2045,-1071
2046,-368
2047,-286
2048,-1002
2049,-1048
2050,-292
2051,-614
2052,-1002
2053,-438
2054,-1116
2055,-420
2056,-1002
2057,-1025
2058,-1044
2059,-1025
2060,-668
2061,-1002
2062,-1006
2063,-1004
2064,-660
2065,-1025
2066,-1198
2067,-1071
2068,-1025
2069,-460
2070,-424
2071,-768
2072,-1142
2073,-678
2074,-216
2075,-1071
2076,-1156
2077,-716
2078,-400
2079,-894
2080,-1025
2081,-214
2082,-1025
2083,-1025
2084,-546
2085,-1025
2086,-276
2087,-896
2088,-1002
2089,-1002
2090,-388
2091,-1114
2092,-1002
2093,-1002
2094,-1002
2095,-886
2096,-1048
2097,-346
2098,-548
2099,-576
2100,-1166
2101,-1002
2102,-700
2103,-234
2104,-398
2105,-1025
2106,-228
2107,-1002
2108,-1066
2109,-1048
2110,-324
2111,-406
2112,-758
2113,-798
2114,-1025
2115,-534
2116,-714
2117,-1002
2118,-470
2119,-218
2120,-1002
2121,-706
2122,-1002
2123,-1025
2124,-1052
2125,-266
2126,-812
2127,-328
2128,-534
2129,-234
2130,-796
2131,-1034
2132,-216
2133,-1048
2134,-1071
2135,-416
2136,-318
2137,-522
2138,-898
2139,-1002
2140,-1002
2141,-914
2142,-386
2143,-1025
2144,-764
2145,-1002
2146,-822
2147,-354
2148,-1002
2149,-630
2150,-1025
2151,-564
2152,-1002
2153,-1002
2154,-402
2155,-1072
2156,-700
2157,-326
2158,-1002
2159,-1064
2160,-230
2161,-252
2162,-1002
2163,-670
2164,-1002
2165,-586
2166,-214
2167,-908
2168,-1002
2169,-304
2170,-358
2171,-364
2172,-814
2173,-1002
2174,-800
2175,-1002
2176,-716
2177,-684
2178,-1025
2179,-1126
2180,-672
2181,-1025
2182,-1002
2183,-1048
2184,-622
2185,-366
2186,-302
2187,-1025
2188,-1002
2189,-1025
2190,-776
2191,-372
2192,-736
2193,-1176
2194,-1002
2195,-1048
2196,-1002
2197,-1002
2198,-870
2199,-1136
2200,-544
2201,-1025
2202,-854
2203,-224
2204,-1002
2205,-1058
2206,-566
2207,-610
2208,-614
2209,-1025
2210,-956
2211,-1002
2212,-1071
2213,-1025
2214,-226
2215,-794
2216,-1062
2217,-654
2218,-1025
2219,-624
2220,-1071
2221,-522
2222,-546
2223,-1002
2224,-1048
2225,-940
2226,-1025
2227,-608
2228,-1002
2229,-1002
2230,-422
2231,-1002
2232,-322
2233,-264
2234,-854
2235,-960
2236,-324
2237,-1025
2238,-452
2239,-1002
2240,-722
2241,-860
2242,-308
2243,-1002
2244,-1025
2245,-216
2246,-1048
2247,-1048
2248,-1025
2249,-690
2250,-1020
2251,-398
2252,-1025
2253,-376
2254,-1002
2255,-1025
2256,-1025
2257,-1002
2258,-1002
2259,-1060
2260,-970
2261,-900
2262,-466
2263,-376
2264,-470
2265,-756
2266,-1002
2267,-1032
2268,-892
2269,-1156
2270,-472
2271,-728
2272,-536
2273,-228
2274,-1048
2275,-904
2276,-1002
2277,-1002
2278,-254
2279,-636
2280,-642
2281,-944
2282,-454
2283,-1025
2284,-494
2285,-856
2286,-838
2287,-738
2288,-1025
2289,-1186
2290,-846
2291,-1025
2292,-330
2293,-1094
2294,-1002
2295,-1048
2296,-234
2297,-596
2298,-1162
2299,-376
2300,-754
2301,-330
2302,-316
2303,-522
2304,-1048
2305,-972
2306,-988
2307,-314
2308,-1025
2309,-1025
2310,-416
2311,-560
2312,-772
2313,-1048
2314,-372
2315,-1002
2316,-756
2317,-546
2318,-1002
2319,-1122
2320,-1008
2321,-1048
2322,-208
2323,-964
2324,-406
2325,-742
2326,-540
2327,-1025
2328,-582
2329,-362
2330,-486
2331,-290
2332,-1002
2333,-1002
2334,-1102
2335,-1002
2336,-1002
2337,-310
2338,-620
2339,-1002
2340,-1025
2341,-870
2342,-1002
2343,-406
2344,-536
2345,-324
2346,-394
2347,-482
2348,-1002
2349,-938
2350,-1126
2351,-400
2352,-1025
2353,-1025
2354,-1002
2355,-212
2356,-1138
2357,-604
2358,-350
2359,-248
2360,-264
2361,-822
2362,-266
2363,-790
2364,-488
2365,-1025
2366,-1152
2367,-1102
2368,-1025
2369,-732
2370,-286
2371,-1025
2372,-1002
2373,-772
2374,-430
2375,-528
2376,-424
2377,-474
2378,-1048
2379,-1002
2380,-292
2381,-524
2382,-1014
2383,-738
2384,-892
2385,-210
2386,-354
2387,-302
2388,-328
2389,-488
2390,-1046
2391,-1025
2392,-314
2393,-858
2394,-1182
2395,-268
2396,-260
2397,-460
2398,-1048
2399,-448
2400,-1002
2401,-512
2402,-742
2403,-532
2404,-1234
2405,-454
2406,-1048
2407,-1094
2408,-1042
2409,-788
2410,-1002
2411,-706
2412,-1002
2413,-638
2414,-1002
2415,-236
2416,-280
2417,-614
2418,-1110
2419,-1025
2420,-1002
2421,-628
2422,-1002
2423,-384
2424,-1002
2425,-910
2426,-652
2427,-436
2428,-1025
2429,-1025
2430,-1002
2431,-1071
2432,-568
2433,-1002
2434,-698
2435,-414
2436,-926
2437,-1002
2438,-734
2439,-940
2440,-200
2441,-1025
2442,-1025
2443,-366
2444,-370
2445,-456
2446,-1071
2447,-1028
2448,-1134
2449,-1002
2450,-216
2451,-312
2452,-968
2453,-1025
2454,-200
2455,-200
2456,-200
2457,-200
2458,-200
2459,-200
2460,-200
2461,-200
2462,-200
2463,-200
2464,-200
2465,-200
2466,-200
2467,-200
2468,-200
2469,-200
2470,-200
2471,-200
2472,-200
2473,-200
2474,-200
2475,-200
2476,-200
2477,-200
2478,-200
2479,-200
2480,-200
2481,-200
2482,-200
2483,-200
2484,-200
2485,-200
2486,-200
2487,-200
2488,-200
2489,-200
2490,-200
2491,-200
2492,-200
2493,-200
2494,-200
2495,-200
2496,-200
2497,-200
2498,-200
2499,-200
2500,-200
2501,-200
2502,-200
2503,-200
2504,-200
2505,-200
2506,-200
2507,-200
2508,-200
2509,-200
2510,-200
2511,-200
2512,-200
2513,-200
2514,-200
2515,-200
2516,-200
2517,-200
2518,-200
2519,-200
2520,-200
2521,-200
2522,-200
2523,-200
2524,-200
2525,-200
2526,-200
2527,-200
2528,-200
2529,-200
2530,-200
2531,-200
2532,-200
2533,-200
2534,-200
2535,-200
2536,-200
2537,-200
2538,-200
2539,-200
2540,-200
2541,-200
2542,-200
2543,-200
2544,-200
2545,-200
2546,-200
2547,-200
2548,-200
2549,-200
2550,-200
2551,-200
2552,-200
2553,-200
2554,-200
2555,-200
2556,-200
2557,-200
2558,-200
2559,-200
2560,-200
2561,-200
2562,-200
2563,-200
2564,-200
2565,-200
2566,-200
2567,-200
2568,-200
2569,-200
2570,-200
2571,-200
2572,-200
2573,-200
2574,-200
2575,-200
2576,-200
2577,-200
2578,-200
2579,-200
2580,-200
2581,-200
2582,-200
2583,-200
2584,-200
2585,-200
2586,-200
2587,-200
2588,-200
2589,-200
2590,-200
2591,-200
2592,-200
2593,-200
2594,-200
2595,-200
2596,-200
2597,-200
2598,-200
2599,-200
2600,-200
2601,-200
2602,-200
2603,-200
2604,-200
2605,-200
2606,-200
2607,-200
2608,-200
2609,-200
2610,-200
2611,-200
2612,-200
2613,-200
2614,-200
2615,-200
2616,-200
2617,-200
2618,-200
2619,-200
2620,-200
2621,-200
2622,-200
2623,-200
2624,-200
2625,-200
2626,-200
2627,-200
2628,-200
2629,-200
2630,-200
2631,-200
2632,-200
2633,-200
2634,-200
2635,-200
2636,-200
2637,-200
2638,-200
2639,-200
2640,-200
2641,-200
2642,-200
2643,-200
2644,-200
2645,-200
2646,-200
2647,-200
2648,-200
2649,-200
2650,-200
2651,-200
2652,-200
2653,-200
2654,-200
2655,-200
2656,-200
2657,-200
2658,-200
2659,-200
2660,-200
2661,-200
2662,-200
2663,-200
2664,-200
2665,-202
2666,-200
2667,-200
2668,-200
2669,-200
2670,-200
2671,-200
2672,-200
2673,-200
2674,-200
2675,-200
2676,-200
2677,-200
2678,-200
2679,-200
2680,-200
2681,-200
2682,-200
2683,-200
2684,-200
2685,-200
2686,-200
2687,-200
2688,-200
2689,-200
2690,-200
2691,-200
2692,-200
2693,-200
2694,-200
2695,-200
2696,-200
2697,-200
2698,-200
2699,-200
2700,-200
2701,-200
2702,-200
2703,-200
2704,-200
2705,-200
2706,-200
2707,-200
2708,-250
2709,-200
2710,-200
2711,-200
2712,-200
2713,-200
2714,-200
2715,-200
2716,-200
2717,-200
2718,-252
2719,-200
2720,-200
2721,-200
2722,-200
2723,-200
2724,-200
2725,-200
2726,-202
2727,-200
2728,-200
2729,-200
2730,-200
2731,-200
2732,-200
2733,-200
2734,-200
2735,-200
2736,-200
2737,-200
2738,-200
2739,-200
2740,-200
2741,-200
2742,-200
2743,-200
2744,-200
2745,-200
2746,-200
2747,-200
2748,-200
2749,-200
2750,-200
2751,-200
2752,-200
2753,-200
2754,-200
2755,-200
2756,-200
2757,-200
2758,-200
2759,-200
2760,-200
2761,-200
2762,-200
2763,-200
2764,-200
2765,-200
2766,-200
2767,-200
2768,-200
2769,-200
2770,-200
2771,-200
2772,-200
2773,-200
2774,-200
2775,-200
2776,-200
2777,-200
2778,-200
2779,-200
2780,-200
2781,-200
2782,-200
2783,-200
2784,-200
2785,-200
2786,-200
2787,-200
2788,-200
2789,-200
2790,-200
2791,-200
2792,-200
2793,-200
2794,-200
2795,-200
2796,-200
2797,-200
2798,-200
2799,-200
2800,-200
2801,-200
2802,-200
2803,-200
2804,-200
2805,-200
2806,-200
2807,-200
2808,-200
2809,-200
2810,-200
2811,-200
2812,-200
2813,-200
2814,-200
2815,-200
2816,-200
2817,-200
2818,-200
2819,-200
2820,-200
2821,-200
2822,-200
2823,-200
2824,-200
2825,-200
2826,-200
2827,-200
2828,-200
2829,-200
2830,-200
2831,-200
2832,-200
2833,-200
2834,-200
2835,-200
2836,-200
2837,-200
2838,-200
2839,-200
2840,-200
2841,-200
2842,-200
2843,-200
2844,-200
2845,-200
2846,-200
2847,-200
2848,-200
2849,-200
2850,-200
2851,-200
2852,-200
2853,-200
2854,-200
2855,-200
2856,-200
2857,-200
2858,-200
2859,-200
2860,-200
2861,-200
2862,-200
2863,-200
2864,-200
2865,-200
2866,-200
2867,-200
2868,-200
2869,-200
2870,-200
2871,-200
2872,-200
2873,-200
2874,-200
2875,-200
2876,-200
2877,-200
2878,-200
2879,-200
2880,-200
2881,-200
2882,-200
2883,-200
2884,-200
2885,-200
2886,-200
2887,-200
2888,-200
2889,-200
2890,-200
2891,-200
2892,-200
2893,-200
2894,-200
2895,-200
2896,-200
2897,-200
2898,-200
2899,-200
2900,-200
2901,-200
2902,-200
2903,-200
2904,-200
2905,-200
2906,-200
2907,-200
2908,-200
2909,-200
2910,-200
2911,-200
2912,-200
2913,-200
2914,-200
2915,-200
2916,-200
2917,-200
2918,-200
2919,-200
2920,-200
2921,-200
2922,-200
2923,-200
2924,-200
2925,-200
2926,-200
2927,-200
2928,-200
2929,-200
2930,-202
2931,-200
2932,-200
2933,-200
2934,-200
2935,-200
2936,-200
2937,-200
2938,-200
2939,-200
2940,-200
2941,-200
2942,-200
2943,-200
2944,-200
2945,-200
2946,-200
2947,-200
2948,-200
2949,-200
2950,-200
2951,-200
2952,-200
2953,-200
2954,-200
2955,-200
2956,-200
2957,-200
2958,-200
2959,-200
2960,-200
2961,-200
2962,-380
2963,-200
2964,-200
2965,-200
2966,-200
2967,-200
2968,-200
2969,-200
2970,-200
2971,-225
2972,-200
2973,-200
2974,-200
2975,-200
2976,-200
2977,-200
2978,-200
2979,-200
2980,-200
2981,-200
2982,-200
2983,-200
2984,-200
2985,-200
2986,-200
2987,-200
2988,-200
2989,-200
2990,-200
2991,-200
2992,-200
2993,-200
2994,-200
2995,-200
2996,-200
2997,-200
2998,-202
2999,-200
3000,-200
3001,-200
3002,-200
3003,-200
3004,-200
3005,-200
3006,-200
3007,-200
3008,-200
3009,-200
3010,-200
3011,-200
3012,-200
3013,-200
3014,-200
3015,-200
3016,-200
3017,-200
3018,-200
3019,-200
3020,-200
3021,-200
3022,-200
3023,-200
3024,-200
3025,-200
3026,-200
3027,-200
3028,-200
3029,-200
3030,-200
3031,-200
3032,-200
3033,-200
3034,-200
3035,-200
3036,-200
3037,-200
3038,-200
3039,-200
3040,-200
3041,-200
3042,-200
3043,-200
3044,-200
3045,-200
3046,-200
3047,-200
3048,-200
3049,-200
3050,-200
3051,-200
3052,-200
3053,-200
3054,-200
3055,-200
3056,-200
3057,-200
3058,-200
3059,-200
3060,-200
3061,-200
3062,-200
3063,-200
3064,-200
3065,-200
3066,-200
3067,-200
3068,-200
3069,-200
3070,-200
3071,-200
3072,-200
3073,-200
3074,-200
3075,-200
3076,-200
3077,-200
3078,-200
3079,-200
3080,-200
3081,-200
3082,-200
3083,-200
3084,-200
3085,-200
3086,-200
3087,-200
3088,-200
3089,-200
3090,-200
3091,-200
3092,-200
3093,-200
3094,-200
3095,-200
3096,-200
3097,-200
3098,-200
3099,-200
3100,-200
3101,-200
3102,-200
3103,-200
3104,-200
3105,-200
3106,-200
3107,-200
3108,-200
3109,-200
3110,-200
3111,-200
3112,-200
3113,-200
3114,-200
3115,-200
3116,-200
3117,-200
3118,-200
3119,-200
3120,-200
3121,-200
3122,-200
3123,-200
3124,-200
3125,-200
3126,-200
3127,-200
3128,-200
3129,-200
3130,-200
3131,-200
3132,-200
3133,-200
3134,-200
3135,-200
3136,-200
3137,-200
3138,-200
3139,-200
3140,-200
3141,-250
3142,-200
3143,-200
3144,-200
3145,-200
3146,-200
3147,-200
3148,-200
3149,-200
3150,-200
3151,-200
3152,-200
3153,-200
3154,-200
3155,-200
3156,-200
3157,-200
3158,-200
3159,-200
3160,-200
3161,-200
3162,-200
3163,-200
3164,-200
3165,-200
3166,-200
3167,-200
3168,-200
3169,-200
3170,-200
3171,-202
3172,-200
3173,-200
3174,-200
3175,-200
3176,-200
3177,-200
3178,-200
3179,-200
3180,-200
3181,-200
3182,-200
3183,-200
3184,-200
3185,-200
3186,-200
3187,-200
3188,-200
3189,-200
3190,-200
3191,-200
3192,-200
3193,-200
3194,-200
3195,-200
3196,-200
3197,-200
3198,-200
3199,-200
3200,-200
3201,-200
3202,-200
3203,-200
3204,-200
3205,-200
3206,-200
3207,-200
3208,-200
3209,-200
3210,-200
3211,-200
3212,-200
3213,-200
3214,-200
3215,-200
3216,-200
3217,-200
3218,-200
3219,-200
3220,-200
3221,-200
3222,-200
3223,-200
3224,-200
3225,-200
3226,-200
3227,-200
3228,-200
3229,-200
3230,-200
3231,-200
3232,-200
3233,-200
3234,-200
3235,-200
3236,-200
3237,-200
3238,-200
3239,-200
3240,-200
3241,-200
3242,-200
3243,-200
3244,-200
3245,-200
3246,-200
3247,-200
3248,-200
3249,-200
3250,-200
3251,-200
3252,-200
3253,-200
3254,-200
3255,-200
3256,-200
3257,-200
3258,-200
3259,-200
3260,-200
3261,-200
3262,-200
3263,-200
3264,-200
3265,-200
3266,-200
3267,-200
3268,-200
3269,-200
3270,-200
3271,-200
3272,-200
3273,-200
3274,-200
3275,-200
3276,-200
3277,-200
3278,-200
3279,-200
3280,-200
3281,-200
3282,-200
3283,-200
3284,-200
3285,-200
3286,-200
3287,-200
3288,-200
3289,-200
3290,-200
3291,-200
3292,-200
3293,-200
3294,-200
3295,-200
3296,-200
3297,-200
3298,-200
3299,-200
3300,-200
3301,-200
3302,-200
3303,-200
3304,-200
3305,-200
3306,-200
3307,-200
3308,-200
3309,-200
3310,-200
3311,-200
3312,-200
3313,-200
3314,-200
3315,-200
3316,-200
3317,-200
3318,-200
3319,-200
3320,-200
3321,-200
3322,-200
3323,-200
3324,-200
3325,-200
3326,-200
3327,-200
3328,-200
3329,-200
3330,-200
3331,-560
3332,-200
3333,-200
3334,-200
3335,-200
3336,-200
3337,-200
3338,-200
3339,-200
3340,-200
3341,-200
3342,-200
3343,-200
3344,-200
3345,-200
3346,-200
3347,-200
3348,-200
3349,-200
3350,-200
3351,-200
3352,-200
3353,-200
3354,-200
3355,-200
3356,-200
3357,-200
3358,-200
3359,-200
3360,-200
3361,-200
3362,-200
3363,-200
3364,-200
3365,-200
3366,-200
3367,-200
3368,-200
3369,-200
3370,-200
3371,-200
3372,-200
3373,-200
3374,-200
3375,-200
3376,-252
3377,-200
3378,-200
3379,-200
3380,-200
3381,-200
3382,-200
3383,-200
3384,-200
3385,-200
3386,-200
3387,-225
3388,-200
3389,-200
3390,-200
3391,-200
3392,-200
3393,-200
3394,-200
3395,-200
3396,-200
3397,-200
3398,-200
3399,-200
3400,-200
3401,-200
3402,-200
3403,-200
3404,-200
3405,-200
3406,-200
3407,-200
3408,-200
3409,-200
3410,-200
3411,-200
3412,-200
3413,-200
3414,-200
3415,-200
3416,-200
3417,-200
3418,-200
3419,-200
3420,-200
3421,-200
3422,-200
3423,-200
3424,-200
3425,-200
3426,-200
3427,-200
3428,-200
3429,-200
3430,-200
3431,-200
3432,-200
3433,-200
3434,-200
3435,-200
3436,-200
3437,-200
3438,-200
3439,-225
3440,-200
3441,-200
3442,-200
3443,-200
3444,-200
3445,-200
3446,-200
3447,-200
3448,-200
3449,-200
3450,-200
3451,-200
3452,-200
3453,-200
3454,-200
3455,-200
3456,-200
3457,-200
3458,-200
3459,-200
3460,-200
3461,-200
3462,-200
3463,-200
3464,-200
3465,-200
3466,-200
3467,-200
3468,-200
3469,-200
3470,-200
3471,-200
3472,-250
3473,-200
3474,-200
3475,-200
3476,-200
3477,-200
3478,-200
3479,-200
3480,-200
3481,-200
3482,-200
3483,-200
3484,-200
3485,-200
3486,-200
3487,-200
3488,-200
3489,-200
3490,-200
3491,-200
3492,-200
3493,-200
3494,-200
3495,-200
3496,-200
3497,-200
3498,-200
3499,-200
3500,-200
3501,-200
3502,-200
3503,-200
3504,-200
3505,-200
3506,-200
3507,-200
3508,-200
3509,-200
3510,-200
3511,-200
3512,-200
3513,-200
3514,-200
3515,-200
3516,-200
3517,-200
3518,-200
3519,-200
3520,-250
3521,-200
3522,-200
3523,-200
3524,-200
3525,-200
3526,-200
3527,-200
3528,-200
3529,-200
3530,-200
3531,-200
3532,-200
3533,-200
3534,-200
3535,-200
3536,-200
3537,-200
3538,-200
3539,-200
3540,-200
3541,-200
3542,-200
3543,-200
3544,-200
3545,-200
3546,-200
3547,-200
3548,-200
3549,-200
3550,-200
3551,-200
3552,-200
3553,-200
3554,-200
3555,-200
3556,-200
3557,-200
3558,-200
3559,-200
3560,-200
3561,-200
3562,-200
3563,-200
3564,-200
3565,-200
3566,-200
3567,-200
3568,-200
3569,-200
3570,-200
3571,-200
3572,-200
3573,-200
3574,-200
3575,-200
3576,-200
3577,-200
3578,-200
3579,-200
3580,-200
3581,-200
3582,-200
3583,-200
3584,-200
3585,-200
3586,-200
3587,-200
3588,-200
3589,-200
3590,-200
3591,-200
3592,-200
3593,-1025
3594,-200
3595,-200
3596,-200
3597,-200
3598,-200
3599,-200
3600,-200
3601,-200
3602,-200
3603,-200
3604,-200
3605,-200
3606,-200
3607,-200
3608,-200
3609,-200
3610,-200
3611,-200
3612,-200
3613,-200
3614,-200
3615,-200
3616,-200
3617,-200
3618,-200
3619,-200
3620,-200
3621,-200
3622,-200
3623,-200
3624,-200
3625,-200
3626,-200
3627,-200
3628,-200
3629,-200
3630,-200
3631,-200
3632,-200
3633,-200
3634,-200
3635,-200
3636,-200
3637,-200
3638,-200
3639,-200
3640,-200
3641,-202
3642,-200
3643,-200
3644,-200
3645,-200
3646,-200
3647,-200
3648,-200
3649,-200
3650,-200
3651,-200
3652,-200
3653,-200
3654,-200
3655,-200
3656,-200
3657,-200
3658,-250
3659,-200
3660,-200
3661,-200
3662,-200
3663,-200
3664,-200
3665,-200
3666,-200
3667,-200
3668,-200
3669,-202
3670,-200
3671,-200
3672,-200
3673,-200
3674,-200
3675,-200
3676,-200
3677,-200
3678,-200
3679,-200
3680,-200
3681,-200
3682,-200
3683,-200
3684,-200
3685,-200
3686,-200
3687,-200
3688,-200
3689,-200
3690,-200
3691,-200
3692,-200
3693,-200
3694,-200
3695,-200
3696,-200
3697,-200
3698,-200
3699,-200
3700,-200
3701,-200
3702,-200
3703,-200
3704,-200
3705,-200
3706,-200
3707,-200
3708,-200
3709,-200
3710,-200
3711,-200
3712,-200
3713,-200
3714,-200
3715,-200
3716,-200
3717,-200
3718,-200
3719,-200
3720,-200
3721,-200
3722,-200
3723,-200
3724,-200
3725,-200
3726,-200
3727,-200
3728,-200
3729,-200
3730,-200
3731,-200
3732,-200
3733,-200
3734,-200
3735,-200
3736,-200
3737,-200
3738,-200
3739,-200
3740,-200
3741,-200
3742,-200
3743,-200
3744,-200
3745,-200
3746,-200
3747,-200
3748,-200
3749,-200
3750,-200
3751,-200
3752,-200
3753,-200
3754,-200
3755,-200
3756,-200
3757,-200
3758,-200
3759,-200
3760,-200
3761,-200
3762,-200
3763,-200
3764,-200
3765,-200
3766,-200
3767,-200
3768,-200
3769,-200
3770,-200
3771,-200
3772,-200
3773,-200
3774,-200
3775,-200
3776,-200
3777,-200
3778,-200
3779,-200
3780,-200
3781,-200
3782,-200
3783,-200
3784,-200
3785,-200
3786,-200
3787,-200
3788,-200
3789,-200
3790,-200
3791,-200
3792,-200
3793,-200
3794,-200
3795,-200
3796,-200
3797,-200
3798,-200
3799,-200
3800,-200
3801,-200
3802,-200
3803,-200
3804,-200
3805,-200
3806,-200
3807,-200
3808,-200
3809,-200
3810,-200
3811,-200
3812,-200
3813,-200
3814,-200
3815,-200
3816,-200
3817,-200
3818,-200
3819,-200
3820,-200
3821,-200
3822,-200
3823,-200
3824,-200
3825,-200
3826,-200
3827,-200
3828,-200
3829,-200
3830,-200
3831,-200
3832,-200
3833,-200
3834,-200
3835,-200
3836,-200
3837,-200
3838,-200
3839,-200
3840,-200
3841,-200
3842,-200
3843,-200
3844,-200
3845,-200
3846,-200
3847,-456
3848,-200
3849,-200
3850,-200
3851,-200
3852,-200
3853,-200
3854,-200
3855,-200
3856,-200
3857,-200
3858,-200
3859,-200
3860,-200
3861,-200
3862,-200
3863,-200
3864,-200
3865,-200
3866,-200
3867,-200
3868,-200
3869,-200
3870,-200
3871,-200
3872,-200
3873,-200
3874,-200
3875,-200
3876,-200
3877,-200
3878,-200
3879,-200
3880,-200
3881,-200
3882,-200
3883,-200
3884,-200
3885,-200
3886,-200
3887,-200
3888,-200
3889,-200
3890,-200
3891,-200
3892,-200
3893,-200
3894,-200
3895,-200
3896,-200
3897,-200
3898,-200
3899,-200
3900,-200
3901,-200
3902,-200
3903,-200
3904,-200
3905,-200
3906,-200
3907,-200
3908,-200
3909,-200
3910,-200
3911,-200
3912,-200
3913,-200
3914,-200
3915,-200
3916,-200
3917,-200
3918,-200
3919,-200
3920,-200
3921,-200
3922,-200
3923,-200
3924,-200
3925,-200
3926,-200
3927,-200
3928,-200
3929,-200
3930,-200
3931,-200
3932,-200
3933,-200
3934,-200
3935,-200
3936,-200
3937,-200
3938,-200
3939,-200
3940,-200
3941,-200
3942,-200
3943,-250
3944,-200
3945,-200
3946,-200
3947,-200
3948,-200
3949,-200
3950,-200
3951,-200
3952,-200
3953,-200
3954,-200
3955,-200
3956,-200
3957,-200
3958,-200
3959,-200
3960,-200
3961,-200
3962,-200
3963,-200
3964,-200
3965,-200
3966,-200
3967,-200
3968,-200
3969,-200
3970,-200
3971,-200
3972,-200
3973,-200
3974,-200
3975,-200
3976,-200
3977,-200
3978,-200
3979,-200
3980,-200
3981,-200
3982,-200
3983,-200
3984,-200
3985,-200
3986,-200
3987,-200
3988,-200
3989,-200
3990,-200
3991,-200
3992,-200
3993,-200
3994,-200
3995,-200
3996,-200
3997,-200
3998,-200
3999,-200
4000,-200
4001,-200
4002,-200
4003,-200
4004,-200
4005,-200
4006,-200
4007,-200
4008,-225
4009,-200
4010,-200
4011,-200
4012,-200
4013,-200
4014,-200
4015,-200
4016,-200
4017,-200
4018,-200
4019,-200
4020,-200
4021,-200
4022,-200
4023,-200
4024,-200
4025,-200
4026,-200
4027,-200
4028,-200
4029,-200
4030,-200
4031,-200
4032,-200
4033,-200
4034,-200
4035,-200
4036,-200
4037,-200
4038,-200
4039,-200
4040,-200
4041,-200
4042,-200
4043,-200
4044,-200
4045,-200
4046,-200
4047,-200
4048,-200
4049,-200
4050,-200
4051,-200
4052,-200
4053,-200
4054,-200
4055,-200
4056,-200
4057,-200
4058,-200
4059,-200
4060,-200
4061,-200
4062,-200
4063,-200
4064,-200
4065,-200
4066,-200
4067,-200
4068,-200
4069,-200
4070,-200
4071,-200
4072,-200
4073,-200
4074,-200
4075,-200
4076,-200
4077,-200
4078,-200
4079,-200
4080,-200
4081,-200
4082,-200
4083,-200
4084,-200
4085,-200
4086,-200
4087,-200
4088,-200
4089,-200
4090,-200
4091,-200
4092,-200
4093,-200
4094,-200
4095,-200
4096,-200
4097,-200
4098,-200
4099,-200
4100,-200
4101,-200
4102,-200
4103,-200
4104,-200
4105,-200
4106,-200
4107,-250
4108,-225
4109,-200
4110,-200
4111,-200
4112,-200
4113,-200
4114,-200
4115,-200
4116,-200
4117,-200
4118,-200
4119,-200
4120,-200
4121,-200
4122,-200
4123,-200
4124,-200
4125,-200
4126,-200
4127,-200
4128,-200
4129,-200
4130,-200
4131,-200
4132,-200
4133,-200
4134,-200
4135,-200
4136,-200
4137,-200
4138,-200
4139,-200
4140,-200
4141,-200
4142,-200
4143,-200
4144,-200
4145,-200
4146,-200
4147,-200
4148,-200
4149,-200
4150,-200
4151,-200
4152,-200
4153,-200
4154,-200
4155,-200
4156,-200
4157,-250
4158,-200
4159,-200
4160,-200
4161,-200
4162,-200
4163,-200
4164,-200
4165,-200
4166,-200
4167,-200
4168,-200
4169,-200
4170,-200
4171,-200
4172,-200
4173,-200
4174,-200
4175,-200
4176,-200
4177,-200
4178,-200
4179,-200
4180,-200
4181,-200
4182,-200
4183,-200
4184,-200
4185,-200
4186,-200
4187,-200
4188,-200
4189,-200
4190,-200
4191,-200
4192,-200
4193,-200
4194,-200
4195,-200
4196,-200
4197,-200
4198,-200
4199,-200
4200,-200
4201,-200
4202,-200
4203,-200
4204,-200
4205,-200
4206,-200
4207,-200
4208,-200
4209,-200
4210,-200
4211,-200
4212,-200
4213,-200
4214,-200
4215,-200
4216,-200
4217,-200
4218,-200
4219,-225
4220,-200
4221,-200
4222,-200
4223,-200
4224,-200
4225,-200
4226,-200
4227,-200
4228,-200
4229,-200
4230,-200
4231,-200
4232,-200
4233,-200
4234,-200
4235,-200
4236,-200
4237,-200
4238,-200
4239,-200
4240,-200
4241,-200
4242,-200
4243,-200
4244,-200
4245,-200
4246,-200
4247,-200
4248,-200
4249,-200
4250,-200
4251,-200
4252,-200
4253,-200
4254,-200
4255,-200
4256,-200
4257,-200
4258,-200
4259,-200
4260,-200
4261,-200
4262,-200
4263,-200
4264,-200
4265,-200
4266,-200
4267,-200
4268,-200
4269,-200
4270,-200
4271,-200
4272,-200
4273,-200
4274,-200
4275,-200
4276,-200
4277,-200
4278,-200
4279,-200
4280,-200
4281,-200
4282,-200
4283,-200
4284,-200
4285,-200
4286,-200
4287,-200
4288,-200
4289,-200
4290,-200
4291,-200
4292,-200
4293,-200
4294,-200
4295,-200
4296,-200
4297,-200
4298,-200
4299,-200
4300,-200
4301,-200
4302,-200
4303,-200
4304,-200
4305,-200
4306,-200
4307,-200
4308,-200
4309,-200
4310,-200
4311,-200
4312,-200
4313,-200
4314,-200
4315,-200
4316,-200
4317,-200
4318,-200
4319,-200
4320,-200
4321,-200
4322,-200
4323,-200
4324,-200
4325,-200
4326,-200
4327,-200
4328,-200
4329,-200
4330,-200
4331,-200
4332,-200
4333,-200
4334,-200
4335,-200
4336,-200
4337,-200
4338,-200
4339,-200
4340,-200
4341,-200
4342,-200
4343,-200
4344,-200
4345,-200
4346,-200
4347,-200
4348,-200
4349,-200
4350,-200
4351,-200
4352,-200
4353,-200
4354,-200
4355,-200
4356,-200
4357,-200
4358,-200
4359,-200
4360,-200
4361,-200
4362,-200
4363,-200
4364,-200
4365,-200
4366,-200
4367,-200
4368,-200
4369,-200
4370,-200
4371,-200
4372,-200
4373,-200
4374,-200
4375,-200
4376,-200
4377,-200
4378,-200
4379,-200
4380,-200
4381,-200
4382,-200
4383,-200
4384,-200
4385,-200
4386,-200
4387,-200
4388,-200
4389,-200
4390,-200
4391,-200
4392,-200
4393,-200
4394,-200
4395,-200
4396,-200
4397,-200
4398,-200
4399,-200
4400,-200
4401,-200
4402,-200
4403,-200
4404,-200
4405,-200
4406,-200
4407,-200
4408,-200
4409,-200
4410,-200
4411,-200
4412,-200
4413,-200
4414,-200
4415,-200
4416,-200
4417,-200
4418,-200
4419,-200
4420,-200
4421,-200
4422,-200
4423,-200
4424,-200
4425,-200
4426,-200
4427,-200
4428,-200
4429,-200
4430,-200
4431,-200
4432,-200
4433,-200
4434,-200
4435,-200
4436,-200
4437,-200
4438,-200
4439,-200
4440,-200
4441,-200
4442,-200
4443,-200
4444,-200
4445,-200
4446,-200
4447,-200
4448,-200
4449,-200
4450,-200
4451,-200
4452,-200
4453,-200
4454,-200
4455,-200
4456,-200
4457,-200
4458,-200
4459,-200
4460,-200
4461,-200
4462,-200
4463,-200
4464,-200
4465,-200
4466,-200
4467,-200
4468,-200
4469,-200
4470,-200
4471,-200
4472,-200
4473,-200
4474,-200
4475,-200
4476,-200
4477,-200
4478,-200
4479,-200
4480,-200
4481,-200
4482,-200
4483,-200
4484,-200
4485,-200
4486,-200
4487,-200
4488,-200
4489,-200
4490,-200
4491,-200
4492,-200
4493,-200
4494,-200
4495,-200
4496,-200
4497,-200
4498,-200
4499,-200
4500,-200
4501,-200
4502,-200
4503,-200
4504,-200
4505,-200
4506,-200
4507,-200
4508,-200
4509,-200
4510,-200
4511,-200
4512,-200
4513,-200
4514,-200
4515,-200
4516,-200
4517,-200
4518,-200
4519,-200
4520,-200
4521,-200
4522,-200
4523,-200
4524,-200
4525,-200
4526,-200
4527,-200
4528,-200
4529,-200
4530,-200
4531,-200
4532,-200
4533,-200
4534,-200
4535,-200
4536,-200
4537,-200
4538,-200
4539,-200
4540,-200
4541,-200
4542,-200
4543,-200
4544,-200
4545,-200
4546,-200
4547,-200
4548,-200
4549,-200
4550,-200
4551,-200
4552,-202
4553,-200
4554,-200
4555,-200
4556,-200
4557,-200
4558,-200
4559,-200
4560,-200
4561,-200
4562,-200
4563,-200
4564,-200
4565,-200
4566,-200
4567,-200
4568,-200
4569,-200
4570,-200
4571,-200
4572,-200
4573,-200
4574,-202
4575,-200
4576,-200
4577,-200
4578,-200
4579,-200
4580,-200
4581,-200
4582,-200
4583,-200
4584,-200
4585,-200
4586,-200
4587,-200
4588,-200
4589,-200
4590,-200
4591,-200
4592,-200
4593,-200
4594,-200
4595,-200
4596,-200
4597,-200
4598,-200
4599,-200
4600,-200
4601,-200
4602,-200
4603,-200
4604,-200
4605,-200
4606,-200
4607,-200
4608,-200
4609,-200
4610,-200
4611,-200
4612,-200
4613,-200
4614,-200
4615,-200
4616,-200
4617,-200
4618,-200
4619,-200
4620,-200
4621,-200
4622,-200
4623,-200
4624,-200
4625,-200
4626,-200
4627,-200
4628,-200
4629,-200
4630,-200
4631,-200
4632,-200
4633,-200
4634,-200
4635,-200
4636,-200
4637,-200
4638,-200
4639,-200
4640,-200
4641,-200
4642,-200
4643,-200
4644,-200
4645,-200
4646,-200
4647,-200
4648,-200
4649,-200
4650,-200
4651,-200
4652,-200
4653,-200
4654,-200
4655,-200
4656,-200
4657,-200
4658,-200
4659,-200
4660,-200
4661,-200
4662,-200
4663,-200
4664,-200
4665,-200
4666,-200
4667,-200
4668,-200
4669,-200
4670,-200
4671,-200
4672,-200
4673,-200
4674,-200
4675,-200
4676,-200
4677,-200
4678,-200
4679,-200
4680,-200
4681,-200
4682,-200
4683,-200
4684,-200
4685,-200
4686,-200
4687,-200
4688,-200
4689,-200
4690,-200
4691,-200
4692,-200
4693,-200
4694,-200
4695,-200
4696,-200
4697,-200
4698,-200
4699,-200
4700,-200
4701,-200
4702,-200
4703,-200
4704,-200
4705,-200
4706,-200
4707,-200
4708,-200
4709,-200
4710,-200
4711,-200
4712,-200
4713,-200
4714,-200
4715,-200
4716,-200
4717,-200
4718,-200
4719,-200
4720,-202
4721,-200
4722,-200
4723,-200
4724,-200
4725,-200
4726,-200
4727,-200
4728,-200
4729,-200
4730,-200
4731,-200
4732,-200
4733,-200
4734,-200
4735,-200
4736,-200
4737,-202
4738,-200
4739,-200
4740,-200
4741,-200
4742,-200
4743,-200
4744,-200
4745,-200
4746,-200
4747,-200
4748,-200
4749,-200
4750,-200
4751,-200
4752,-200
4753,-200
4754,-200
4755,-200
4756,-200
4757,-200
4758,-200
4759,-200
4760,-200
4761,-200
4762,-200
4763,-200
4764,-200
4765,-200
4766,-200
4767,-200
4768,-200
4769,-200
4770,-200
4771,-200
4772,-200
4773,-200
4774,-200
4775,-200
4776,-200
4777,-202
4778,-200
4779,-200
4780,-200
4781,-200
4782,-200
4783,-200
4784,-200
4785,-686
4786,-200
4787,-200
4788,-200
4789,-200
4790,-200
4791,-200
4792,-200
4793,-200
4794,-200
4795,-200
4796,-200
4797,-200
4798,-200
4799,-200
4800,-200
4801,-200
4802,-200
4803,-200
4804,-250
4805,-200
4806,-200
4807,-200
4808,-200
4809,-200
4810,-200
4811,-200
4812,-200
4813,-200
4814,-200
4815,-200
4816,-200
4817,-200
4818,-200
4819,-200
4820,-200
4821,-200
4822,-200
4823,-200
4824,-200
4825,-200
4826,-200
4827,-200
4828,-200
4829,-200
4830,-200
4831,-200
4832,-200
4833,-200
4834,-200
4835,-200
4836,-200
4837,-200
4838,-200
4839,-200
4840,-200
4841,-200
4842,-200
4843,-200
4844,-200
4845,-200
4846,-200
4847,-200
4848,-200
4849,-200
4850,-200
4851,-200
4852,-200
4853,-200
4854,-200
4855,-200
4856,-200
4857,-200
4858,-200
4859,-200
4860,-200
4861,-200
4862,-200
4863,-200
4864,-200
4865,-200
4866,-200
4867,-200
4868,-200
4869,-200
4870,-200
4871,-200
4872,-200
4873,-200
4874,-200
4875,-200
4876,-200
4877,-200
4878,-200
4879,-200
4880,-200
4881,-200
4882,-200
4883,-200
4884,-200
4885,-200
4886,-200
4887,-200
4888,-200
4889,-200
4890,-200
4891,-200
4892,-200
4893,-200
4894,-200
4895,-200
4896,-200
4897,-200
4898,-200
4899,-200
4900,-200
4901,-200
4902,-200
4903,-200
4904,-200
4905,-200
4906,-200
4907,-200
4908,-200
4909,-200
4910,-200
4911,-200
4912,-200
4913,-200
4914,-200
4915,-200
4916,-200
4917,-200
4918,-200
4919,-200
4920,-200
4921,-200
4922,-200
4923,-200
4924,-200
4925,-200
4926,-200
4927,-200
4928,-200
4929,-200
4930,-200
4931,-200
4932,-200
4933,-200
4934,-200
4935,-200
4936,-200
4937,-200
4938,-200
4939,-200
4940,-200
4941,-200
4942,-200
4943,-200
4944,-200
4945,-200
4946,-200
4947,-200
4948,-200
4949,-200
4950,-200
4951,-200
4952,-200
4953,-200
4954,-200
4955,-200
4956,-200
4957,-200
4958,-200
4959,-200
4960,-200
4961,-200
4962,-200
4963,-200
4964,-200
4965,-200
4966,-200
4967,-200
4968,-200
4969,-250
4970,-200
4971,-200
4972,-200
4973,-200
4974,-200
4975,-200
4976,-200
4977,-200
4978,-200
4979,-200
4980,-200
4981,-200
4982,-200
4983,-200
4984,-200
4985,-200
4986,-200
4987,-200
4988,-200
4989,-200
4990,-225
4991,-200
4992,-200
4993,-200
4994,-200
4995,-200
4996,-200
4997,-200
4998,-200
4999,-200
5000,-200
5001,-200
5002,-200
5003,-200
5004,-200
5005,-200
5006,-200
5007,-200
5008,-200
5009,-200
5010,-200
5011,-200
5012,-200
5013,-250
5014,-200
5015,-200
5016,-200
5017,-200
5018,-200
5019,-200
5020,-416
5021,-200
5022,-200
5023,-200
5024,-200
5025,-200
5026,-200
5027,-200
5028,-200
5029,-200
5030,-200
5031,-200
5032,-200
5033,-200
5034,-200
5035,-200
5036,-200
5037,-200
5038,-200
5039,-200
5040,-200
5041,-200
5042,-200
5043,-200
5044,-200
5045,-200
5046,-200
5047,-200
5048,-200
5049,-200
5050,-200
5051,-200
5052,-200
5053,-200
5054,-200
5055,-200
5056,-200
5057,-200
5058,-200
5059,-200
5060,-200
5061,-200
5062,-200
5063,-200
5064,-200
5065,-200
5066,-200
5067,-200
5068,-200
5069,-200
5070,-200
5071,-200
5072,-250
5073,-200
5074,-200
5075,-200
5076,-200
5077,-200
5078,-200
5079,-200
5080,-200
5081,-200
5082,-200
5083,-200
5084,-200
5085,-202
5086,-200
5087,-200
5088,-200
5089,-200
5090,-200
5091,-200
5092,-200
5093,-200
5094,-200
5095,-200
5096,-200
5097,-200
5098,-200
5099,-200
5100,-200
5101,-200
5102,-200
5103,-200
5104,-200
5105,-200
5106,-200
5107,-200
5108,-200
5109,-200
5110,-200
5111,-200
5112,-200
5113,-200
5114,-200
5115,-200
5116,-200
5117,-200
5118,-200
5119,-200
5120,-200
5121,-200
5122,-200
5123,-200
5124,-200
5125,-200
5126,-200
5127,-200
5128,-200
5129,-200
5130,-200
5131,-200
5132,-200
5133,-200
5134,-200
5135,-200
5136,-200
5137,-200
5138,-200
5139,-200
5140,-200
5141,-200
5142,-200
5143,-200
5144,-200
5145,-200
5146,-200
5147,-200
5148,-200
5149,-200
5150,-200
5151,-200
5152,-200
5153,-200
5154,-200
5155,-200
5156,-200
5157,-200
5158,-200
5159,-200
5160,-200
5161,-200
5162,-200
5163,-200
5164,-200
5165,-200
5166,-200
5167,-200
5168,-200
5169,-200
5170,-200
5171,-200
5172,-200
5173,-200
5174,-200
5175,-200
5176,-200
5177,-200
5178,-200
5179,-250
5180,-225
5181,-200
5182,-200
5183,-200
5184,-200
5185,-200
5186,-200
5187,-200
5188,-200
5189,-200
5190,-200
5191,-200
5192,-200
5193,-200
5194,-200
5195,-200
5196,-200
5197,-200
5198,-200
5199,-200
5200,-200
5201,-200
5202,-200
5203,-200
5204,-200
5205,-200
5206,-200
5207,-200
5208,-200
5209,-200
5210,-200
5211,-200
5212,-200
5213,-200
5214,-200
5215,-200
5216,-200
5217,-200
5218,-200
5219,-200
5220,-200
5221,-200
5222,-200
5223,-200
5224,-200
5225,-200
5226,-200
5227,-200
5228,-200
5229,-200
5230,-200
5231,-200
5232,-200
5233,-200
5234,-200
5235,-200
5236,-200
5237,-200
5238,-200
5239,-200
5240,-200
5241,-200
5242,-200
5243,-200
5244,-200
5245,-200
5246,-200
5247,-200
5248,-200
5249,-200
5250,-200
5251,-200
5252,-200
5253,-200
5254,-200
5255,-200
5256,-200
5257,-200
5258,-200
5259,-200
5260,-200
5261,-200
5262,-200
5263,-200
5264,-200
5265,-200
5266,-200
5267,-200
5268,-200
5269,-200
5270,-200
5271,-200
5272,-200
5273,-200
5274,-200
5275,-200
5276,-200
5277,-200
5278,-200
5279,-200
5280,-200
5281,-200
5282,-200
5283,-200
5284,-200
5285,-200
5286,-200
5287,-200
5288,-200
5289,-200
5290,-200
5291,-200
5292,-200
5293,-200
5294,-200
5295,-225
5296,-200
5297,-200
5298,-200
5299,-200
5300,-200
5301,-200
5302,-200
5303,-200
5304,-200
5305,-200
5306,-200
5307,-200
5308,-200
5309,-200
5310,-200
5311,-200
5312,-200
5313,-200
5314,-200
5315,-200
5316,-200
5317,-200
5318,-200
5319,-200
5320,-200
5321,-200
5322,-200
5323,-200
5324,-200
5325,-200
5326,-200
5327,-200
5328,-200
5329,-200
5330,-200
5331,-200
5332,-200
5333,-200
5334,-200
5335,-200
5336,-200
5337,-200
5338,-200
5339,-200
5340,-200
5341,-200
5342,-200
5343,-200
5344,-200
5345,-200
5346,-200
5347,-200
5348,-200
5349,-200
5350,-200
5351,-200
5352,-200
5353,-200
5354,-250
5355,-200
5356,-200
5357,-200
5358,-200
5359,-200
5360,-200
5361,-200
5362,-200
5363,-200
5364,-200
5365,-200
5366,-200
5367,-200
5368,-200
5369,-200
5370,-200
5371,-200
5372,-200
5373,-200
5374,-200
5375,-200
5376,-200
5377,-200
5378,-200
5379,-200
5380,-200
5381,-200
5382,-200
5383,-200
5384,-200
5385,-200
5386,-200
5387,-200
5388,-200
5389,-200
5390,-200
5391,-200
5392,-200
5393,-200
5394,-200
5395,-200
5396,-200
5397,-200
5398,-200
5399,-200
5400,-200
5401,-200
5402,-200
5403,-200
5404,-200
5405,-200
5406,-200
5407,-200
5408,-200
5409,-200
5410,-200
5411,-200
5412,-200
5413,-200
5414,-200
5415,-200
5416,-200
5417,-200
5418,-200
5419,-1025
5420,-200
5421,-200
5422,-200
5423,-200
5424,-200
5425,-200
5426,-200
5427,-200
5428,-200
5429,-250
5430,-200
5431,-200
5432,-200
5433,-200
5434,-200
5435,-200
5436,-200
5437,-200
5438,-200
5439,-200
5440,-200
5441,-200
5442,-200
5443,-200
5444,-200
5445,-200
5446,-200
5447,-200
5448,-200
5449,-200
5450,-250
5451,-200
5452,-200
5453,-200
5454,-200
5455,-200
5456,-200
5457,-200
5458,-200
5459,-200
5460,-200
5461,-200
5462,-250
5463,-200
5464,-200
5465,-200
5466,-200
5467,-200
5468,-200
5469,-200
5470,-200
5471,-200
5472,-200
5473,-200
5474,-200
5475,-200
5476,-200
5477,-200
5478,-200
5479,-200
5480,-200
5481,-200
5482,-200
5483,-200
5484,-200
5485,-200
5486,-200
5487,-200
5488,-200
5489,-200
5490,-200
5491,-250
5492,-200
5493,-200
5494,-200
5495,-200
5496,-200
5497,-200
5498,-200
5499,-200
5500,-200
5501,-200
5502,-200
5503,-200
5504,-200
5505,-200
5506,-200
5507,-200
5508,-200
5509,-200
5510,-200
5511,-200
5512,-200
5513,-200
5514,-200
5515,-200
5516,-200
5517,-200
5518,-200
5519,-200
5520,-200
5521,-200
5522,-200
5523,-200
5524,-200
5525,-200
5526,-200
5527,-200
5528,-200
5529,-200
5530,-200
5531,-200
5532,-200
5533,-200
5534,-200
5535,-200
5536,-200
5537,-200
5538,-200
5539,-200
5540,-200
5541,-200
5542,-200
5543,-200
5544,-200
5545,-200
5546,-200
5547,-200
5548,-200
5549,-200
5550,-200
5551,-200
5552,-200
5553,-200
5554,-200
5555,-200
5556,-200
5557,-200
5558,-200
5559,-200
5560,-200
5561,-200
5562,-200
5563,-200
5564,-200
5565,-200
5566,-200
5567,-200
5568,-200
5569,-200
5570,-200
5571,-200
5572,-200
5573,-200
5574,-200
5575,-200
5576,-200
5577,-200
5578,-200
5579,-200
5580,-200
5581,-200
5582,-200
5583,-200
5584,-200
5585,-200
5586,-200
5587,-200
5588,-200
5589,-200
5590,-200
5591,-200
5592,-200
5593,-200
5594,-200
5595,-200
5596,-200
5597,-200
5598,-200
5599,-200
5600,-200
5601,-200
5602,-200
5603,-200
5604,-200
5605,-200
5606,-200
5607,-200
5608,-200
5609,-200
5610,-200
5611,-200
5612,-200
5613,-200
5614,-200
5615,-200
5616,-200
5617,-200
5618,-200
5619,-200
5620,-200
5621,-200
5622,-200
5623,-250
5624,-200
5625,-200
5626,-200
5627,-200
5628,-200
5629,-200
5630,-200
5631,-200
5632,-200
5633,-200
5634,-200
5635,-200
5636,-200
5637,-200
5638,-200
5639,-200
5640,-200
5641,-200
5642,-200
5643,-200
5644,-200
5645,-200
5646,-200
5647,-200
5648,-200
5649,-200
5650,-200
5651,-200
5652,-200
5653,-200
5654,-200
5655,-200
5656,-200
5657,-200
5658,-980
5659,-200
5660,-200
5661,-200
5662,-200
5663,-200
5664,-200
5665,-200
5666,-200
5667,-200
5668,-200
5669,-200
5670,-200
5671,-200
5672,-200
5673,-200
5674,-200
5675,-200
5676,-200
5677,-200
5678,-200
5679,-200
5680,-200
5681,-200
5682,-200
5683,-200
5684,-200
5685,-200
5686,-200
5687,-200
5688,-200
5689,-200
5690,-200
5691,-200
5692,-200
5693,-200
5694,-200
5695,-200
5696,-200
5697,-200
5698,-200
5699,-200
5700,-200
5701,-200
5702,-200
5703,-200
5704,-200
5705,-200
5706,-200
5707,-200
5708,-200
5709,-200
5710,-200
5711,-200
5712,-200
5713,-200
5714,-200
5715,-200
5716,-200
5717,-200
5718,-200
5719,-200
5720,-200
5721,-200
5722,-200
5723,-200
5724,-200
5725,-200
5726,-200
5727,-200
5728,-200
5729,-200
5730,-200
5731,-200
5732,-200
5733,-200
5734,-200
5735,-200
5736,-200
5737,-200
5738,-200
5739,-200
5740,-200
5741,-200
5742,-200
5743,-200
5744,-200
5745,-200
5746,-200
5747,-250
5748,-200
5749,-200
5750,-200
5751,-200
5752,-200
5753,-200
5754,-200
5755,-200
5756,-200
5757,-200
5758,-200
5759,-200
5760,-200
5761,-200
5762,-200
5763,-200
5764,-200
5765,-200
5766,-200
5767,-200
5768,-200
5769,-200
5770,-200
5771,-200
5772,-200
5773,-200
5774,-200
5775,-200
5776,-200
5777,-200
5778,-200
5779,-200
5780,-200
5781,-200
5782,-200
5783,-200
5784,-200
5785,-200
5786,-200
5787,-200
5788,-200
5789,-200
5790,-200
5791,-200
5792,-200
5793,-200
5794,-200
5795,-200
5796,-200
5797,-200
5798,-200
5799,-200
5800,-200
5801,-200
5802,-200
5803,-200
5804,-200
5805,-200
5806,-200
5807,-200
5808,-200
5809,-200
5810,-200
5811,-200
5812,-200
5813,-200
5814,-200
5815,-200
5816,-200
5817,-200
5818,-200
5819,-200
5820,-200
5821,-200
5822,-200
5823,-200
5824,-200
5825,-200
5826,-200
5827,-200
5828,-200
5829,-200
5830,-200
5831,-200
5832,-200
5833,-200
5834,-200
5835,-200
5836,-200
5837,-200
5838,-200
5839,-200
5840,-200
5841,-200
5842,-200
5843,-200
5844,-200
5845,-200
5846,-200
5847,-200
5848,-200
5849,-200
5850,-200
5851,-200
5852,-200
5853,-200
5854,-200
5855,-200
5856,-200
5857,-200
5858,-200
5859,-200
5860,-202
5861,-200
5862,-200
5863,-200
5864,-200
5865,-200
5866,-200
5867,-200
5868,-200
5869,-200
5870,-200
5871,-200
5872,-200
5873,-200
5874,-200
5875,-200
5876,-200
5877,-200
5878,-202
5879,-200
5880,-200
5881,-200
5882,-200
5883,-200
5884,-200
5885,-200
5886,-200
5887,-200
5888,-200
5889,-200
5890,-200
5891,-200
5892,-200
5893,-200
5894,-200
5895,-200
5896,-200
5897,-200
5898,-200
5899,-200
5900,-200
5901,-200
5902,-200
5903,-200
5904,-200
5905,-200
5906,-200
5907,-200
5908,-200
5909,-200
5910,-200
5911,-200
5912,-200
5913,-200
5914,-200
5915,-200
5916,-200
5917,-200
5918,-200
5919,-200
5920,-200
5921,-200
5922,-200
5923,-200
5924,-200
5925,-200
5926,-200
5927,-200
5928,-200
5929,-200
5930,-200
5931,-200
5932,-200
5933,-200
5934,-200
5935,-200
5936,-200
5937,-200
5938,-200
5939,-200
5940,-200
5941,-200
5942,-200
5943,-200
5944,-200
5945,-200
5946,-200
5947,-200
5948,-200
5949,-200
5950,-200
5951,-200
5952,-200
5953,-200
5954,-200
5955,-200
5956,-250
5957,-200
5958,-200
5959,-200
5960,-200
5961,-200
5962,-200
5963,-200
5964,-200
5965,-200
5966,-200
5967,-200
5968,-200
5969,-200
5970,-200
5971,-200
5972,-200
5973,-200
5974,-200
5975,-200
5976,-200
5977,-200
5978,-200
5979,-200
5980,-200
5981,-200
5982,-200
5983,-200
5984,-200
5985,-200
5986,-200
5987,-250
5988,-200
5989,-200
5990,-200
5991,-200
5992,-200
5993,-200
5994,-200
5995,-200
5996,-200
5997,-200
5998,-200
5999,-200
6000,-200
6001,-200
6002,-200
6003,-200
6004,-200
6005,-200
6006,-200
6007,-200
6008,-200
6009,-200
6010,-200
6011,-200
6012,-200
6013,-200
6014,-200
6015,-200
6016,-200
6017,-200
6018,-200
6019,-200
6020,-200
6021,-200
6022,-200
6023,-200
6024,-200
6025,-200
6026,-200
6027,-200
6028,-200
6029,-200
6030,-200
6031,-200
6032,-200
6033,-200
6034,-200
6035,-200
6036,-200
6037,-200
6038,-200
6039,-200
6040,-200
6041,-200
6042,-200
6043,-200
6044,-200
6045,-200
6046,-200
6047,-200
6048,-200
6049,-200
6050,-200
6051,-200
6052,-200
6053,-200
6054,-200
6055,-200
6056,-200
6057,-200
6058,-200
6059,-200
6060,-200
6061,-200
6062,-200
6063,-200
6064,-200
6065,-200
6066,-200
6067,-200
6068,-200
6069,-200
6070,-200
6071,-200
6072,-200
6073,-200
6074,-200
6075,-200
6076,-200
6077,-200
6078,-200
6079,-200
6080,-200
6081,-200
6082,-200
6083,-200
6084,-200
6085,-200
6086,-200
6087,-200
6088,-200
6089,-200
6090,-200
6091,-200
6092,-200
6093,-200
6094,-200
6095,-200
6096,-200
6097,-200
6098,-200
6099,-200
6100,-200
6101,-294
6102,-544
6103,-200
6104,-200
6105,-200
6106,-200
6107,-200
6108,-200
6109,-200
6110,-200
6111,-200
6112,-200
6113,-200
6114,-200
6115,-200
6116,-200
6117,-200
6118,-200
6119,-200
6120,-200
6121,-200
6122,-200
6123,-200
6124,-200
6125,-200
6126,-200
6127,-200
6128,-200
6129,-200
6130,-200
6131,-200
6132,-200
6133,-200
6134,-200
6135,-200
6136,-200
6137,-200
6138,-200
6139,-200
6140,-250
6141,-200
6142,-200
6143,-200
6144,-200
6145,-200
6146,-200
6147,-200
6148,-200
6149,-200
6150,-200
6151,-200
6152,-200
6153,-200
6154,-200
6155,-200
6156,-200
6157,-200
6158,-200
6159,-200
6160,-200
6161,-200
6162,-200
6163,-200
6164,-200
6165,-200
6166,-200
6167,-200
6168,-200
6169,-200
6170,-200
6171,-200
6172,-200
6173,-200
6174,-200
6175,-200
6176,-200
6177,-200
6178,-200
6179,-200
6180,-200
6181,-200
6182,-200
6183,-200
6184,-200
6185,-200
6186,-200
6187,-200
6188,-200
6189,-200
6190,-200
6191,-200
6192,-250
6193,-200
6194,-200
6195,-200
6196,-200
6197,-200
6198,-200
6199,-200
6200,-200
6201,-200
6202,-200
6203,-200
6204,-200
6205,-200
6206,-200
6207,-200
6208,-200
6209,-200
6210,-200
6211,-200
6212,-200
6213,-200
6214,-200
6215,-200
6216,-200
6217,-200
6218,-200
6219,-200
6220,-200
6221,-200
6222,-200
6223,-200
6224,-200
6225,-200
6226,-200
6227,-200
6228,-200
6229,-200
6230,-200
6231,-200
6232,-200
6233,-200
6234,-200
6235,-200
6236,-200
6237,-200
6238,-200
6239,-200
6240,-200
6241,-200
6242,-200
6243,-200
6244,-200
6245,-200
6246,-200
6247,-200
6248,-200
6249,-200
6250,-200
6251,-200
6252,-200
6253,-200
6254,-200
6255,-200
6256,-200
6257,-200
6258,-200
6259,-200
6260,-200
6261,-200
6262,-200
6263,-200
6264,-200
6265,-200
6266,-200
6267,-200
6268,-200
6269,-200
6270,-200
6271,-200
6272,-200
6273,-200
6274,-200
6275,-200
6276,-200
6277,-200
6278,-200
6279,-200
6280,-200
6281,-200
6282,-200
6283,-200
6284,-200
6285,-200
6286,-200
6287,-200
6288,-200
6289,-200
6290,-200
6291,-200
6292,-200
6293,-200
6294,-200
6295,-200
6296,-200
6297,-200
6298,-200
6299,-200
6300,-200
6301,-200
6302,-200
6303,-200
6304,-200
6305,-200
6306,-200
6307,-200
6308,-200
6309,-200
6310,-200
6311,-200
6312,-200
6313,-200
6314,-200
6315,-200
6316,-200
6317,-200
6318,-200
6319,-200
6320,-200
6321,-200
6322,-200
6323,-200
6324,-200
6325,-200
6326,-200
6327,-372
6328,-200
6329,-200
6330,-200
6331,-200
6332,-200
6333,-200
6334,-200
6335,-200
6336,-200
6337,-200
6338,-200
6339,-200
6340,-200
6341,-200
6342,-200
6343,-200
6344,-200
6345,-200
6346,-200
6347,-200
6348,-200
6349,-200
6350,-200
6351,-200
6352,-200
6353,-202
6354,-200
6355,-200
6356,-200
6357,-200
6358,-202
6359,-200
6360,-200
6361,-200
6362,-200
6363,-200
6364,-200
6365,-200
6366,-200
6367,-200
6368,-200
6369,-200
6370,-200
6371,-200
6372,-200
6373,-200
6374,-200
6375,-200
6376,-200
6377,-202
6378,-200
6379,-200
6380,-200
6381,-200
6382,-200
6383,-200
6384,-200
6385,-200
6386,-200
6387,-200
6388,-200
6389,-200
6390,-200
6391,-200
6392,-200
6393,-200
6394,-200
6395,-200
6396,-200
6397,-200
6398,-200
6399,-200
6400,-200
6401,-200
6402,-200
6403,-200
6404,-200
6405,-200
6406,-200
6407,-200
6408,-200
6409,-200
6410,-200
6411,-200
6412,-200
6413,-200
6414,-200
6415,-200
6416,-200
6417,-200
6418,-200
6419,-200
6420,-200
6421,-200
6422,-200
6423,-200
6424,-200
6425,-200
6426,-200
6427,-200
6428,-200
6429,-200
6430,-200
6431,-200
6432,-200
6433,-200
6434,-200
6435,-200
6436,-200
6437,-200
6438,-200
6439,-200
6440,-200
6441,-200
6442,-200
6443,-200
6444,-200
6445,-200
6446,-200
6447,-200
6448,-200
6449,-200
6450,-200
6451,-200
6452,-200
6453,-200
6454,-200
6455,-200
6456,-200
6457,-200
6458,-200
6459,-200
6460,-200
6461,-200
6462,-200
6463,-200
6464,-200
6465,-200
6466,-200
6467,-200
6468,-200
6469,-200
6470,-200
6471,-200
6472,-200
6473,-200
6474,-200
6475,-200
6476,-200
6477,-200
6478,-200
6479,-200
6480,-200
6481,-200
6482,-200
6483,-200
6484,-200
6485,-200
6486,-200
6487,-200
6488,-200
6489,-200
6490,-200
6491,-200
6492,-200
6493,-200
6494,-200
6495,-250
6496,-200
6497,-200
6498,-200
6499,-200
6500,-200
6501,-200
6502,-200
6503,-200
6504,-200
6505,-200
6506,-200
6507,-200
6508,-200
6509,-200
6510,-200
6511,-200
6512,-200
6513,-200
6514,-200
6515,-200
6516,-200
6517,-200
6518,-200
6519,-200
6520,-200
6521,-200
6522,-200
6523,-200
6524,-200
6525,-200
6526,-200
6527,-200
6528,-200
6529,-200
6530,-200
6531,-200
6532,-200
6533,-200
6534,-200
6535,-200
6536,-200
6537,-200
6538,-200
6539,-200
6540,-200
6541,-200
6542,-200
6543,-200
6544,-200
6545,-200
6546,-200
6547,-200
6548,-200
6549,-200
6550,-202
6551,-200
6552,-200
6553,-200
6554,-200
6555,-200
6556,-200
6557,-200
6558,-200
6559,-200
6560,-200
6561,-200
6562,-200
6563,-200
6564,-200
6565,-200
6566,-200
6567,-200
6568,-200
6569,-200
6570,-200
6571,-200
6572,-200
6573,-200
6574,-200
6575,-200
6576,-200
6577,-200
6578,-200
6579,-200
6580,-200
6581,-200
6582,-200
6583,-200
6584,-200
6585,-200
6586,-200
6587,-200
6588,-200
6589,-200
6590,-200
6591,-200
6592,-200
6593,-200
6594,-200
6595,-200
6596,-200
6597,-200
6598,-200
6599,-200
6600,-202
6601,-200
6602,-202
6603,-200
6604,-200
6605,-200
6606,-200
6607,-200
6608,-200
6609,-200
6610,-200
6611,-200
6612,-200
6613,-200
6614,-200
6615,-200
6616,-200
6617,-200
6618,-200
6619,-200
6620,-200
6621,-200
6622,-200
6623,-200
6624,-200
6625,-200
6626,-200
6627,-200
6628,-200
6629,-200
6630,-200
6631,-200
6632,-200
6633,-200
6634,-200
6635,-200
6636,-200
6637,-200
6638,-200
6639,-200
6640,-200
6641,-200
6642,-200
6643,-200
6644,-200
6645,-200
6646,-200
6647,-200
6648,-200
6649,-200
6650,-200
6651,-200
6652,-200
6653,-200
6654,-200
6655,-200
6656,-200
6657,-200
6658,-200
6659,-200
6660,-200
6661,-200
6662,-200
6663,-200
6664,-200
6665,-200
6666,-200
6667,-200
6668,-200
6669,-200
6670,-200
6671,-200
6672,-200
6673,-200
6674,-200
6675,-200
6676,-200
6677,-200
6678,-200
6679,-200
6680,-200
6681,-200
6682,-200
6683,-200
6684,-200
6685,-200
6686,-200
6687,-200
6688,-200
6689,-200
6690,-200
6691,-200
6692,-200
6693,-200
6694,-200
6695,-200
6696,-200
6697,-200
6698,-200
6699,-250
6700,-200
6701,-200
6702,-200
6703,-200
6704,-200
6705,-200
6706,-200
6707,-200
6708,-200
6709,-200
6710,-200
6711,-200
6712,-200
6713,-200
6714,-200
6715,-200
6716,-200
6717,-200
6718,-200
6719,-200
6720,-200
6721,-200
6722,-256
6723,-200
6724,-200
6725,-200
6726,-200
6727,-200
6728,-200
6729,-200
6730,-200
6731,-200
6732,-200
6733,-200
6734,-200
6735,-200
6736,-200
6737,-200
6738,-200
6739,-200
6740,-200
6741,-200
6742,-200
6743,-200
6744,-200
6745,-200
6746,-200
6747,-200
6748,-200
6749,-200
6750,-200
6751,-200
6752,-200
6753,-200
6754,-200
6755,-200
6756,-200
6757,-200
6758,-200
6759,-200
6760,-200
6761,-200
6762,-200
6763,-200
6764,-200
6765,-200
6766,-200
6767,-200
6768,-200
6769,-200
6770,-200
6771,-200
6772,-200
6773,-200
6774,-200
6775,-200
6776,-200
6777,-200
6778,-200
6779,-200
6780,-200
6781,-250
6782,-200
6783,-200
6784,-200
6785,-200
6786,-200
6787,-200
6788,-200
6789,-200
6790,-200
6791,-200
6792,-200
6793,-200
6794,-200
6795,-200
6796,-200
6797,-200
6798,-200
6799,-200
6800,-200
6801,-200
6802,-200
6803,-200
6804,-200
6805,-200
6806,-200
6807,-200
6808,-200
6809,-200
6810,-200
6811,-200
6812,-200
6813,-200
6814,-200
6815,-200
6816,-200
6817,-200
6818,-200
6819,-200
6820,-200
6821,-200
6822,-200
6823,-200
6824,-200
6825,-200
6826,-200
6827,-200
6828,-200
6829,-200
6830,-200
6831,-200
6832,-200
6833,-200
6834,-200
6835,-200
6836,-200
6837,-200
6838,-200
6839,-200
6840,-200
6841,-200
6842,-200
6843,-200
6844,-200
6845,-200
6846,-200
6847,-200
6848,-250
6849,-200
6850,-200
6851,-200
6852,-200
6853,-200
6854,-200
6855,-200
6856,-200
6857,-200
6858,-200
6859,-200
6860,-200
6861,-200
6862,-200
6863,-200
6864,-200
6865,-200
6866,-200
6867,-200
6868,-200
6869,-200
6870,-200
6871,-200
6872,-200
6873,-200
6874,-200
6875,-200
6876,-200
6877,-200
6878,-200
6879,-200
6880,-200
6881,-200
6882,-200
6883,-200
6884,-200
6885,-200
6886,-200
6887,-200
6888,-200
6889,-200
6890,-200
6891,-200
6892,-200
6893,-200
6894,-200
6895,-200
6896,-200
6897,-200
6898,-200
6899,-200
6900,-200
6901,-200
6902,-200
6903,-200
6904,-200
6905,-200
6906,-200
6907,-200
6908,-200
6909,-200
6910,-200
6911,-200
6912,-200
6913,-200
6914,-200
6915,-200
6916,-200
6917,-200
6918,-200
6919,-200
6920,-200
6921,-200
6922,-200
6923,-200
6924,-200
6925,-200
6926,-200
6927,-200
6928,-200
6929,-200
6930,-200
6931,-200
6932,-200
6933,-200
6934,-200
6935,-200
6936,-200
6937,-200
6938,-200
6939,-372
6940,-200
6941,-200
6942,-200
6943,-200
6944,-200
6945,-200
6946,-200
6947,-200
6948,-200
6949,-200
6950,-200
6951,-200
6952,-200
6953,-200
6954,-200
6955,-200
6956,-200
6957,-200
6958,-200
6959,-200
6960,-200
6961,-200
6962,-200
6963,-200
6964,-200
6965,-200
6966,-200
6967,-200
6968,-200
6969,-200
6970,-200
6971,-200
6972,-200
6973,-200
6974,-200
6975,-200
6976,-200
6977,-200
6978,-1071
6979,-200
6980,-200
6981,-200
6982,-200
6983,-200
6984,-200
6985,-200
6986,-200
6987,-200
6988,-200
6989,-200
6990,-200
6991,-200
6992,-200
6993,-200
6994,-200
6995,-200
6996,-200
6997,-200
6998,-200
6999,-200
7000,-200
7001,-200
7002,-200
7003,-200
7004,-200
7005,-200
7006,-200
7007,-200
7008,-200
7009,-200
7010,-200
7011,-200
7012,-200
7013,-200
7014,-200
7015,-200
7016,-200
7017,-200
7018,-200
7019,-200
7020,-200
7021,-200
7022,-200
7023,-200
7024,-200
7025,-200
7026,-200
7027,-200
7028,-200
7029,-200
7030,-200
7031,-200
7032,-200
7033,-200
7034,-200
7035,-200
7036,-200
7037,-200
7038,-200
7039,-200
7040,-200
7041,-200
7042,-200
7043,-200
7044,-200
7045,-200
7046,-200
7047,-200
7048,-200
7049,-200
7050,-200
7051,-200
7052,-200
7053,-202
7054,-200
7055,-200
7056,-200
7057,-200
7058,-200
7059,-200
7060,-200
7061,-200
7062,-200
7063,-200
7064,-200
7065,-200
7066,-200
7067,-200
7068,-200
7069,-200
7070,-200
7071,-200
7072,-200
7073,-200
7074,-200
7075,-200
7076,-225
7077,-200
7078,-200
7079,-200
7080,-200
7081,-250
7082,-200
7083,-200
7084,-200
7085,-200
7086,-200
7087,-200
7088,-200
7089,-200
7090,-200
7091,-200
7092,-200
7093,-200
7094,-200
7095,-200
7096,-200
7097,-200
7098,-200
7099,-200
7100,-200
7101,-200
7102,-200
7103,-200
7104,-200
7105,-200
7106,-200
7107,-200
7108,-200
7109,-200
7110,-200
7111,-200
7112,-200
7113,-200
7114,-200
7115,-200
7116,-200
7117,-200
7118,-200
7119,-200
7120,-200
7121,-200
7122,-200
7123,-200
7124,-200
7125,-200
7126,-200
7127,-200
7128,-200
7129,-200
7130,-200
7131,-200
7132,-200
7133,-200
7134,-200
7135,-200
7136,-200
7137,-200
7138,-200
7139,-200
7140,-200
7141,-200
7142,-200
7143,-200
7144,-200
7145,-200
7146,-200
7147,-200
7148,-200
7149,-200
7150,-200
7151,-200
7152,-200
7153,-200
7154,-200
7155,-200
7156,-200
7157,-200
7158,-200
7159,-200
7160,-200
7161,-200
7162,-200
7163,-200
7164,-200
7165,-200
7166,-200
7167,-200
7168,-200
7169,-200
7170,-200
7171,-200
7172,-200
7173,-200
7174,-200
7175,-200
7176,-200
7177,-200
7178,-200
7179,-200
7180,-200
7181,-200
7182,-200
7183,-200
7184,-200
7185,-200
7186,-200
7187,-200
7188,-250
7189,-200
7190,-200
7191,-200
7192,-200
7193,-200
7194,-200
7195,-200
7196,-200
7197,-320
7198,-200
7199,-200
7200,-200
7201,-200
7202,-200
7203,-200
7204,-200
7205,-200
7206,-200
7207,-200
7208,-200
7209,-200
7210,-200
7211,-200
7212,-200
7213,-200
7214,-200
7215,-200
7216,-200
7217,-200
7218,-200
7219,-200
7220,-200
7221,-200
7222,-200
7223,-200
7224,-200
7225,-200
7226,-200
7227,-200
7228,-200
7229,-200
7230,-200
7231,-200
7232,-200
7233,-200
7234,-200
7235,-200
7236,-200
7237,-200
7238,-200
7239,-200
7240,-200
7241,-200
7242,-200
7243,-200
7244,-200
7245,-200
7246,-200
7247,-200
7248,-200
7249,-200
7250,-200
7251,-200
7252,-200
7253,-200
7254,-200
7255,-200
7256,-200
7257,-200
7258,-200
7259,-200
7260,-200
7261,-200
7262,-200
7263,-200
7264,-200
7265,-200
7266,-200
7267,-200
7268,-200
7269,-200
7270,-200
7271,-200
7272,-202
7273,-225
7274,-200
7275,-200
7276,-200
7277,-200
7278,-200
7279,-200
7280,-200
7281,-200
7282,-200
7283,-200
7284,-200
7285,-200
7286,-200
7287,-200
7288,-200
7289,-200
7290,-200
7291,-200
7292,-200
7293,-200
7294,-200
7295,-200
7296,-200
7297,-200
7298,-200
7299,-200
7300,-200
7301,-200
7302,-200
7303,-200
7304,-200
7305,-200
7306,-200
7307,-200
7308,-200
7309,-200
7310,-200
7311,-200
7312,-200
7313,-200
7314,-200
7315,-200
7316,-200
7317,-200
7318,-200
7319,-200
7320,-200
7321,-200
7322,-200
7323,-200
7324,-200
7325,-200
7326,-200
7327,-200
7328,-200
7329,-200
7330,-200
7331,-200
7332,-200
7333,-200
7334,-200
7335,-200
7336,-200
7337,-274
7338,-200
7339,-200
7340,-200
7341,-200
7342,-200
7343,-200
7344,-200
7345,-200
7346,-200
7347,-200
7348,-200
7349,-200
7350,-200
7351,-200
7352,-200
7353,-200
7354,-200
7355,-200
7356,-200
7357,-200
7358,-200
7359,-200
7360,-200
7361,-200
7362,-200
7363,-200
7364,-200
7365,-200
7366,-200
7367,-200
7368,-200
7369,-200
7370,-200
7371,-200
7372,-200
7373,-200
7374,-200
7375,-200
7376,-200
7377,-200
7378,-200
7379,-200
7380,-200
7381,-200
7382,-200
7383,-200
7384,-200
7385,-200
7386,-200
7387,-200
7388,-200
7389,-200
7390,-200
7391,-200
7392,-200
7393,-225
7394,-200
7395,-200
7396,-200
7397,-200
7398,-200
7399,-200
7400,-200
7401,-200
7402,-200
7403,-200
7404,-200
7405,-200
7406,-200
7407,-200
7408,-200
7409,-200
7410,-200
7411,-200
7412,-200
7413,-200
7414,-200
7415,-200
7416,-200
7417,-200
7418,-200
7419,-200
7420,-200
7421,-200
7422,-200
7423,-200
7424,-200
7425,-200
7426,-200
7427,-200
7428,-200
7429,-200
7430,-200
7431,-200
7432,-200
7433,-200
7434,-200
7435,-200
7436,-200
7437,-200
7438,-200
7439,-200
7440,-200
7441,-200
7442,-200
7443,-200
7444,-200
7445,-200
7446,-200
7447,-200
7448,-200
7449,-200
7450,-200
7451,-200
7452,-200
7453,-200
7454,-200
7455,-200
7456,-200
7457,-200
7458,-200
7459,-200
7460,-200
7461,-200
7462,-200
7463,-200
7464,-200
7465,-200
7466,-200
7467,-200
7468,-200
7469,-200
7470,-200
7471,-200
7472,-200
7473,-200
7474,-200
7475,-250
7476,-200
7477,-200
7478,-200
7479,-200
7480,-200
7481,-200
7482,-200
7483,-200
7484,-200
7485,-200
7486,-200
7487,-200
7488,-200
7489,-200
7490,-200
7491,-200
7492,-200
7493,-200
7494,-200
7495,-200
7496,-200
7497,-200
7498,-200
7499,-200
7500,-200
7501,-200
7502,-200
7503,-200
7504,-200
7505,-200
7506,-200
7507,-200
7508,-200
7509,-200
7510,-200
7511,-200
7512,-200
7513,-200
7514,-200
7515,-200
7516,-200
7517,-200
7518,-200
7519,-200
7520,-200
7521,-200
7522,-200
7523,-200
7524,-200
7525,-200
7526,-200
7527,-200
7528,-200
7529,-200
7530,-200
7531,-200
7532,-200
7533,-200
7534,-200
7535,-200
7536,-200
7537,-200
7538,-200
7539,-200
7540,-200
7541,-200
7542,-200
7543,-200
7544,-200
7545,-200
7546,-200
7547,-200
7548,-200
7549,-200
7550,-200
7551,-200
7552,-200
7553,-200
7554,-200
7555,-200
7556,-200
7557,-200
7558,-200
7559,-200
7560,-200
7561,-200
7562,-200
7563,-200
7564,-200
7565,-200
7566,-200
7567,-200
7568,-200
7569,-200
7570,-200
7571,-200
7572,-200
7573,-200
7574,-200
7575,-200
7576,-200
7577,-200
7578,-200
7579,-200
7580,-200
7581,-200
7582,-200
7583,-200
7584,-200
7585,-250
7586,-200
7587,-200
7588,-200
7589,-200
7590,-200
7591,-200
7592,-200
7593,-200
7594,-200
7595,-200
7596,-200
7597,-200
7598,-200
7599,-200
7600,-200
7601,-200
7602,-200
7603,-200
7604,-200
7605,-200
7606,-200
7607,-200
7608,-200
7609,-200
7610,-200
7611,-200
7612,-200
7613,-200
7614,-200
7615,-200
7616,-200
7617,-200
7618,-200
7619,-200
7620,-250
7621,-200
7622,-200
7623,-200
7624,-200
7625,-200
7626,-200
7627,-200
7628,-200
7629,-200
7630,-200
7631,-200
7632,-200
7633,-200
7634,-200
7635,-200
7636,-200
7637,-200
7638,-200
7639,-200
7640,-200
7641,-200
7642,-200
7643,-200
7644,-200
7645,-200
7646,-200
7647,-200
7648,-200
7649,-200
7650,-200
7651,-200
7652,-200
7653,-200
7654,-200
7655,-200
7656,-200
7657,-200
7658,-200
7659,-200
7660,-200
7661,-200
7662,-200
7663,-200
7664,-200
7665,-200
7666,-200
7667,-200
7668,-200
7669,-200
7670,-200
7671,-200
7672,-200
7673,-200
7674,-200
7675,-200
7676,-200
7677,-200
7678,-200
7679,-200
7680,-200
7681,-200
7682,-200
7683,-200
7684,-200
7685,-200
7686,-200
7687,-200
7688,-200
7689,-200
7690,-200
7691,-200
7692,-200
7693,-200
7694,-200
7695,-200
7696,-200
7697,-200
7698,-200
7699,-200
7700,-200
7701,-200
7702,-200
7703,-200
7704,-200
7705,-200
7706,-200
7707,-200
7708,-200
7709,-200
7710,-200
7711,-200
7712,-200
7713,-200
7714,-200
7715,-200
7716,-200
7717,-200
7718,-200
7719,-200
7720,-200
7721,-200
7722,-200
7723,-200
7724,-200
7725,-200
7726,-200
7727,-200
7728,-200
7729,-200
7730,-200
7731,-200
7732,-200
7733,-200
7734,-200
7735,-200
7736,-200
7737,-200
7738,-200
7739,-200
7740,-200
7741,-200
7742,-200
7743,-200
7744,-200
7745,-200
7746,-200
7747,-200
7748,-200
7749,-200
7750,-200
7751,-200
7752,-200
7753,-200
7754,-200
7755,-200
7756,-200
7757,-200
7758,-200
7759,-200
7760,-200
7761,-200
7762,-200
7763,-200
7764,-200
7765,-200
7766,-200
7767,-200
7768,-200
7769,-200
7770,-200
7771,-200
7772,-200
7773,-200
7774,-200
7775,-200
7776,-200
7777,-200
7778,-200
7779,-200
7780,-200
7781,-200
7782,-200
7783,-200
7784,-200
7785,-200
7786,-200
7787,-200
7788,-200
7789,-200
7790,-200
7791,-200
7792,-200
7793,-200
7794,-200
7795,-200
7796,-200
7797,-200
7798,-200
7799,-200
7800,-200
7801,-200
7802,-200
7803,-200
7804,-200
7805,-200
7806,-200
7807,-200
7808,-200
7809,-200
7810,-200
7811,-200
7812,-200
7813,-200
7814,-200
7815,-200
7816,-200
7817,-200
7818,-200
7819,-200
7820,-200
7821,-200
7822,-200
7823,-200
7824,-200
7825,-200
7826,-200
7827,-200
7828,-200
7829,-200
7830,-200
7831,-200
7832,-200
7833,-200
7834,-200
7835,-200
7836,-200
7837,-200
7838,-200
7839,-200
7840,-200
7841,-200
7842,-200
7843,-200
7844,-200
7845,-200
7846,-200
7847,-200
7848,-200
7849,-200
7850,-200
7851,-200
7852,-200
7853,-200
7854,-200
7855,-200
7856,-200
7857,-200
7858,-200
7859,-200
7860,-200
7861,-200
7862,-200
7863,-200
7864,-200
7865,-200
7866,-200
7867,-200
7868,-200
7869,-200
7870,-200
7871,-200
7872,-200
7873,-200
7874,-200
7875,-200
7876,-200
7877,-200
7878,-200
7879,-200
7880,-200
7881,-200
7882,-200
7883,-200
7884,-200
7885,-250
7886,-200
7887,-200
7888,-200
7889,-200
7890,-200
7891,-200
7892,-200
7893,-200
7894,-200
7895,-200
7896,-200
7897,-200
7898,-200
7899,-200
7900,-200
7901,-200
7902,-200
7903,-200
7904,-200
7905,-200
7906,-200
7907,-200
7908,-200
7909,-200
7910,-200
7911,-200
7912,-200
7913,-200
7914,-200
7915,-200
7916,-200
7917,-200
7918,-200
7919,-200
7920,-200
7921,-200
7922,-200
7923,-200
7924,-200
7925,-200
7926,-200
7927,-200
7928,-200
7929,-200
7930,-200
7931,-200
7932,-200
7933,-200
7934,-200
7935,-200
7936,-200
7937,-200
7938,-200
7939,-200
7940,-200
7941,-200
7942,-200
7943,-200
7944,-200
7945,-200
7946,-200
7947,-200
7948,-200
7949,-200
7950,-200
7951,-250
7952,-200
7953,-200
7954,-200
7955,-200
7956,-200
7957,-200
7958,-200
7959,-200
7960,-200
7961,-200
7962,-200
7963,-200
7964,-200
7965,-200
7966,-200
7967,-200
7968,-200
7969,-200
7970,-200
7971,-200
7972,-200
7973,-200
7974,-200
7975,-200
7976,-200
7977,-200
7978,-200
7979,-200
7980,-200
7981,-200
7982,-200
7983,-200
7984,-200
7985,-200
7986,-200
7987,-200
7988,-200
7989,-200
7990,-200
7991,-200
7992,-200
7993,-200
7994,-200
7995,-200
7996,-200
7997,-250
7998,-200
7999,-200
8000,-200
8001,-200
8002,-200
8003,-200
8004,-200
8005,-200
8006,-200
8007,-200
8008,-200
8009,-200
8010,-200
8011,-200
8012,-200
8013,-200
8014,-200
8015,-200
8016,-200
8017,-200
8018,-200
8019,-200
8020,-200
8021,-200
8022,-200
8023,-200
8024,-200
8025,-200
8026,-200
8027,-200
8028,-200
8029,-200
8030,-200
8031,-200
8032,-200
8033,-200
8034,-200
8035,-200
8036,-200
8037,-200
8038,-200
8039,-200
8040,-200
8041,-200
8042,-200
8043,-200
8044,-200
8045,-200
8046,-200
8047,-200
8048,-202
8049,-200
8050,-200
8051,-200
8052,-200
8053,-200
8054,-200
8055,-200
8056,-200
8057,-200
8058,-200
8059,-200
8060,-200
8061,-200
8062,-200
8063,-200
8064,-200
8065,-200
8066,-200
8067,-200
8068,-200
8069,-200
8070,-200
8071,-200
8072,-200
8073,-200
8074,-200
8075,-200
8076,-200
8077,-200
8078,-200
8079,-200
8080,-200
8081,-200
8082,-200
8083,-200
8084,-200
8085,-200
8086,-200
8087,-200
8088,-200
8089,-200
8090,-200
8091,-200
8092,-200
8093,-200
8094,-200
8095,-200
8096,-200
8097,-200
8098,-200
8099,-200
8100,-200
8101,-200
8102,-200
8103,-200
8104,-200
8105,-200
8106,-200
8107,-200
8108,-200
8109,-200
8110,-200
8111,-200
8112,-200
8113,-200
8114,-200
8115,-200
8116,-200
8117,-200
8118,-200
8119,-200
8120,-200
8121,-200
8122,-200
8123,-200
8124,-200
8125,-200
8126,-200
8127,-200
8128,-200
8129,-200
8130,-200
8131,-200
8132,-200
8133,-200
8134,-200
8135,-200
8136,-200
8137,-200
8138,-200
8139,-200
8140,-200
8141,-200
8142,-200
8143,-200
8144,-200
8145,-200
8146,-200
8147,-200
8148,-200
8149,-200
8150,-200
8151,-200
8152,-200
8153,-200
8154,-200
8155,-200
8156,-200
8157,-200
8158,-200
8159,-200
8160,-200
8161,-200
8162,-200
8163,-200
8164,-200
8165,-202
8166,-200
8167,-200
8168,-200
8169,-200
8170,-200
8171,-200
8172,-200
8173,-200
8174,-200
8175,-200
8176,-200
8177,-200
8178,-200
8179,-200
8180,-200
8181,-200
8182,-200
8183,-200
8184,-202
8185,-200
8186,-200
8187,-200
8188,-200
8189,-200
8190,-200
8191,-200
8192,-200
8193,-200
8194,-200
8195,-200
8196,-200
8197,-200
8198,-200
8199,-200
8200,-200
8201,-200
8202,-200
8203,-200
8204,-200
8205,-200
8206,-200
8207,-200
8208,-200
8209,-200
8210,-200
8211,-200
8212,-200
8213,-200
8214,-200
8215,-200
8216,-200
8217,-200
8218,-200
8219,-200
8220,-200
8221,-200
8222,-200
8223,-200
8224,-200
8225,-200
8226,-250
8227,-200
8228,-200
8229,-200
8230,-200
8231,-200
8232,-200
8233,-200
8234,-200
8235,-200
8236,-200
8237,-200
8238,-200
8239,-200
8240,-200
8241,-200
8242,-200
8243,-200
8244,-200
8245,-200
8246,-200
8247,-200
8248,-200
8249,-200
8250,-200
8251,-200
8252,-200
8253,-200
8254,-200
8255,-200
8256,-200
8257,-200
8258,-200
8259,-200
8260,-200
8261,-200
8262,-200
8263,-200
8264,-200
8265,-200
8266,-200
8267,-200
8268,-200
8269,-200
8270,-200
8271,-200
8272,-200
8273,-200
8274,-200
8275,-200
8276,-200
8277,-200
8278,-200
8279,-200
8280,-200
8281,-200
8282,-200
8283,-200
8284,-200
8285,-200
8286,-200
8287,-200
8288,-200
8289,-200
8290,-200
8291,-200
8292,-200
8293,-200
8294,-200
8295,-200
8296,-200
8297,-200
8298,-200
8299,-200
8300,-200
8301,-200
8302,-200
8303,-200
8304,-200
8305,-200
8306,-200
8307,-200
8308,-200
8309,-200
8310,-200
8311,-200
8312,-200
8313,-200
8314,-200
8315,-200
8316,-200
8317,-200
8318,-200
8319,-200
8320,-200
8321,-200
8322,-200
8323,-200
8324,-200
8325,-200
8326,-200
8327,-200
8328,-200
8329,-200
8330,-200
8331,-200
8332,-200
8333,-200
8334,-200
8335,-200
8336,-200
8337,-200
8338,-200
8339,-200
8340,-200
8341,-200
8342,-200
8343,-200
8344,-200
8345,-200
8346,-200
8347,-200
8348,-200
8349,-200
8350,-200
8351,-200
8352,-200
8353,-200
8354,-200
8355,-200
8356,-200
8357,-200
8358,-200
8359,-318
8360,-200
8361,-200
8362,-200
8363,-200
8364,-200
8365,-200
8366,-200
8367,-200
8368,-200
8369,-200
8370,-200
8371,-200
8372,-200
8373,-200
8374,-200
8375,-200
8376,-200
8377,-200
8378,-200
8379,-200
8380,-200
8381,-200
8382,-200
8383,-200
8384,-200
8385,-200
8386,-200
8387,-200
8388,-200
8389,-200
8390,-202
8391,-200
8392,-200
8393,-250
8394,-200
8395,-200
8396,-200
8397,-200
8398,-200
8399,-200
8400,-200
8401,-200
8402,-200
8403,-200
8404,-200
8405,-200
8406,-200
8407,-200
8408,-200
8409,-200
8410,-200
8411,-200
8412,-200
8413,-200
8414,-200
8415,-200
8416,-200
8417,-200
8418,-200
8419,-200
8420,-200
8421,-200
8422,-200
8423,-200
8424,-225
8425,-200
8426,-200
8427,-200
8428,-200
8429,-200
8430,-200
8431,-200
8432,-200
8433,-200
8434,-200
8435,-200
8436,-200
8437,-200
8438,-200
8439,-202
8440,-200
8441,-200
8442,-200
8443,-200
8444,-200
8445,-200
8446,-200
8447,-200
8448,-200
8449,-200
8450,-200
8451,-200
8452,-200
8453,-200
8454,-200
8455,-200
8456,-200
8457,-200
8458,-200
8459,-200
8460,-200
8461,-200
8462,-200
8463,-200
8464,-200
8465,-200
8466,-200
8467,-200
8468,-200
8469,-200
8470,-200
8471,-200
8472,-200
8473,-200
8474,-200
8475,-200
8476,-200
8477,-200
8478,-200
8479,-200
8480,-200
8481,-200
8482,-200
8483,-200
8484,-200
8485,-200
8486,-200
8487,-200
8488,-200
8489,-200
8490,-202
8491,-200
8492,-200
8493,-200
8494,-200
8495,-200
8496,-200
8497,-200
8498,-200
8499,-200
8500,-200
8501,-200
8502,-200
8503,-200
8504,-200
8505,-200
8506,-200
8507,-200
8508,-200
8509,-200
8510,-200
8511,-200
8512,-200
8513,-200
8514,-200
8515,-200
8516,-200
8517,-200
8518,-200
8519,-200
8520,-200
8521,-200
8522,-200
8523,-200
8524,-200
8525,-200
8526,-200
8527,-200
8528,-200
8529,-200
8530,-200
8531,-200
8532,-200
8533,-200
8534,-200
8535,-200
8536,-200
8537,-200
8538,-200
8539,-202
8540,-200
8541,-200
8542,-200
8543,-200
8544,-660
8545,-200
8546,-200
8547,-200
8548,-200
8549,-200
8550,-200
8551,-200
8552,-200
8553,-200
8554,-200
8555,-200
8556,-200
8557,-200
8558,-200
8559,-200
8560,-200
8561,-200
8562,-225
8563,-200
8564,-200
8565,-200
8566,-200
8567,-200
8568,-200
8569,-200
8570,-200
8571,-200
8572,-200
8573,-200
8574,-200
8575,-200
8576,-200
8577,-200
8578,-200
8579,-200
8580,-200
8581,-200
8582,-200
8583,-200
8584,-200
8585,-200
8586,-200
8587,-200
8588,-200
8589,-200
8590,-200
8591,-200
8592,-200
8593,-200
8594,-200
8595,-200
8596,-200
8597,-200
8598,-200
8599,-200
8600,-200
8601,-200
8602,-200
8603,-200
8604,-200
8605,-200
8606,-200
8607,-200
8608,-200
8609,-200
8610,-200
8611,-200
8612,-200
8613,-200
8614,-200
8615,-200
8616,-200
8617,-200
8618,-200
8619,-200
8620,-200
8621,-200
8622,-200
8623,-200
8624,-200
8625,-200
8626,-200
8627,-200
8628,-200
8629,-200
8630,-200
8631,-200
8632,-200
8633,-200
8634,-200
8635,-200
8636,-200
8637,-200
8638,-200
8639,-200
8640,-200
8641,-200
8642,-200
8643,-200
8644,-200
8645,-200
8646,-200
8647,-200
8648,-200
8649,-200
8650,-200
8651,-200
8652,-200
8653,-200
8654,-200
8655,-200
8656,-200
8657,-200
8658,-200
8659,-200
8660,-200
8661,-200
8662,-200
8663,-200
8664,-200
8665,-200
8666,-200
8667,-200
8668,-200
8669,-200
8670,-200
8671,-200
8672,-200
8673,-200
8674,-200
8675,-200
8676,-200
8677,-200
8678,-200
8679,-200
8680,-200
8681,-200
8682,-200
8683,-200
8684,-200
8685,-200
8686,-200
8687,-200
8688,-202
8689,-200
8690,-200
8691,-200
8692,-200
8693,-200
8694,-200
8695,-200
8696,-200
8697,-200
8698,-200
8699,-200
8700,-200
8701,-200
8702,-250
8703,-200
8704,-200
8705,-200
8706,-200
8707,-200
8708,-200
8709,-200
8710,-200
8711,-200
8712,-200
8713,-200
8714,-200
8715,-200
8716,-200
8717,-200
8718,-200
8719,-200
8720,-200
8721,-200
8722,-200
8723,-200
8724,-200
8725,-200
8726,-200
8727,-200
8728,-200
8729,-200
8730,-200
8731,-200
8732,-200
8733,-200
8734,-200
8735,-200
8736,-200
8737,-200
8738,-200
8739,-200
8740,-200
8741,-200
8742,-200
8743,-200
8744,-200
8745,-200
8746,-200
8747,-200
8748,-200
8749,-200
8750,-200
8751,-200
8752,-200
8753,-200
8754,-200
8755,-200
8756,-200
8757,-200
8758,-200
8759,-200
8760,-200
8761,-200
8762,-200
8763,-200
8764,-200
8765,-200
8766,-200
8767,-200
8768,-200
8769,-200
8770,-200
8771,-200
8772,-200
8773,-200
8774,-200
8775,-202
8776,-200
8777,-200
8778,-200
8779,-200
8780,-200
8781,-200
8782,-200
8783,-200
8784,-200
8785,-200
8786,-200
8787,-200
8788,-200
8789,-200
8790,-200
8791,-200
8792,-200
8793,-200
8794,-200
8795,-200
8796,-200
8797,-200
8798,-200
8799,-200
8800,-200
8801,-200
8802,-200
8803,-200
8804,-200
8805,-200
8806,-200
8807,-200
8808,-200
8809,-200
8810,-200
8811,-200
8812,-200
8813,-200
8814,-200
8815,-200
8816,-200
8817,-200
8818,-200
8819,-200
8820,-200
8821,-200
8822,-200
8823,-200
8824,-200
8825,-200
8826,-200
8827,-200
8828,-200
8829,-200
8830,-200
8831,-200
8832,-200
8833,-200
8834,-200
8835,-200
8836,-200
8837,-200
8838,-200
8839,-200
8840,-200
8841,-200
8842,-200
8843,-250
8844,-200
8845,-200
8846,-200
8847,-200
8848,-200
8849,-200
8850,-200
8851,-200
8852,-200
8853,-200
8854,-200
8855,-200
8856,-200
8857,-200
8858,-200
8859,-200
8860,-200
8861,-200
8862,-200
8863,-200
8864,-200
8865,-200
8866,-200
8867,-200
8868,-200
8869,-200
8870,-200
8871,-200
8872,-200
8873,-200
8874,-200
8875,-200
8876,-200
8877,-200
8878,-200
8879,-200
8880,-200
8881,-200
8882,-200
8883,-200
8884,-200
8885,-200
8886,-200
8887,-200
8888,-200
8889,-200
8890,-200
8891,-200
8892,-200
8893,-200
8894,-200
8895,-200
8896,-200
8897,-200
8898,-200
8899,-200
8900,-200
8901,-200
8902,-200
8903,-200
8904,-200
8905,-200
8906,-200
8907,-200
8908,-200
8909,-200
8910,-200
8911,-200
8912,-200
8913,-200
8914,-200
8915,-200
8916,-200
8917,-200
8918,-200
8919,-200
8920,-200
8921,-200
8922,-200
8923,-200
8924,-200
8925,-200
8926,-200
8927,-200
8928,-792
8929,-200
8930,-200
8931,-200
8932,-200
8933,-200
8934,-200
8935,-200
8936,-200
8937,-200
8938,-200
8939,-200
8940,-200
8941,-200
8942,-200
8943,-200
8944,-200
8945,-200
8946,-200
8947,-200
8948,-200
8949,-200
8950,-200
8951,-200
8952,-200
8953,-200
8954,-200
8955,-200
8956,-200
8957,-200
8958,-200
8959,-200
8960,-200
8961,-200
8962,-200
8963,-200
8964,-200
8965,-200
8966,-200
8967,-200
8968,-200
8969,-200
8970,-200
8971,-200
8972,-200
8973,-200
8974,-200
8975,-200
8976,-200
8977,-200
8978,-200
8979,-200
8980,-200
8981,-200
8982,-200
8983,-200
8984,-200
8985,-200
8986,-200
8987,-200
8988,-200
8989,-200
8990,-200
8991,-200
8992,-225
8993,-200
8994,-200
8995,-200
8996,-200
8997,-200
8998,-200
8999,-200
9000,-200
9001,-200
9002,-200
9003,-200
9004,-200
9005,-200
9006,-200
9007,-200
9008,-200
9009,-200
9010,-200
9011,-200
9012,-200
9013,-200
9014,-200
9015,-200
9016,-200
9017,-200
9018,-200
9019,-200
9020,-200
9021,-200
9022,-200
9023,-200
9024,-200
9025,-200
9026,-200
9027,-200
9028,-200
9029,-200
9030,-730
9031,-200
9032,-200
9033,-200
9034,-200
9035,-200
9036,-200
9037,-200
9038,-322
9039,-200
9040,-200
9041,-200
9042,-200
9043,-200
9044,-200
9045,-200
9046,-200
9047,-200
9048,-200
9049,-200
9050,-200
9051,-200
9052,-200
9053,-200
9054,-200
9055,-200
9056,-200
9057,-200
9058,-200
9059,-200
9060,-200
9061,-200
9062,-200
9063,-200
9064,-200
9065,-200
9066,-200
9067,-200
9068,-200
9069,-200
9070,-872
9071,-200
9072,-200
9073,-200
9074,-200
9075,-200
9076,-200
9077,-200
9078,-250
9079,-200
9080,-200
9081,-200
9082,-200
9083,-200
9084,-200
9085,-200
9086,-200
9087,-200
9088,-200
9089,-200
9090,-200
9091,-200
9092,-200
9093,-200
9094,-200
9095,-200
9096,-200
9097,-200
9098,-200
9099,-200
9100,-200
9101,-200
9102,-200
9103,-200
9104,-200
9105,-200
9106,-200
9107,-200
9108,-200
9109,-200
9110,-200
9111,-200
9112,-200
9113,-200
9114,-200
9115,-200
9116,-200
9117,-200
9118,-250
9119,-200
9120,-200
9121,-200
9122,-200
9123,-200
9124,-200
9125,-200
9126,-200
9127,-200
9128,-200
9129,-200
9130,-200
9131,-200
9132,-200
9133,-200
9134,-200
9135,-200
9136,-200
9137,-200
9138,-200
9139,-200
9140,-200
9141,-200
9142,-200
9143,-200
9144,-200
9145,-200
9146,-200
9147,-200
9148,-200
9149,-200
9150,-200
9151,-200
9152,-200
9153,-200
9154,-200
9155,-200
9156,-200
9157,-200
9158,-200
9159,-200
9160,-200
9161,-200
9162,-200
9163,-200
9164,-200
9165,-200
9166,-200
9167,-200
9168,-200
9169,-200
9170,-200
9171,-200
9172,-200
9173,-200
9174,-200
9175,-200
9176,-200
9177,-200
9178,-200
9179,-200
9180,-200
9181,-200
9182,-200
9183,-200
9184,-200
9185,-200
9186,-200
9187,-200
9188,-200
9189,-200
9190,-200
9191,-200
9192,-200
9193,-200
9194,-250
9195,-200
9196,-200
9197,-200
9198,-200
9199,-200
9200,-200
9201,-200
9202,-200
9203,-200
9204,-200
9205,-200
9206,-200
9207,-250
9208,-202
9209,-200
9210,-200
9211,-200
9212,-200
9213,-200
9214,-200
9215,-200
9216,-200
9217,-200
9218,-200
9219,-200
9220,-200
9221,-200
9222,-200
9223,-200
9224,-200
9225,-200
9226,-200
9227,-200
9228,-200
9229,-200
9230,-200
9231,-200
9232,-200
9233,-200
9234,-200
9235,-200
9236,-200
9237,-200
9238,-200
9239,-200
9240,-200
9241,-200
9242,-200
9243,-200
9244,-200
9245,-200
9246,-200
9247,-200
9248,-200
9249,-200
9250,-200
9251,-200
9252,-200
9253,-200
9254,-200
9255,-200
9256,-200
9257,-200
9258,-200
9259,-200
9260,-200
9261,-200
9262,-200
9263,-200
9264,-200
9265,-200
9266,-200
9267,-200
9268,-202
9269,-200
9270,-200
9271,-200
9272,-200
9273,-200
9274,-200
9275,-200
9276,-200
9277,-200
9278,-200
9279,-200
9280,-200
9281,-200
9282,-200
9283,-200
9284,-200
9285,-200
9286,-200
9287,-200
9288,-200
9289,-200
9290,-200
9291,-200
9292,-200
9293,-200
9294,-200
9295,-200
9296,-200
9297,-200
9298,-200
9299,-200
9300,-200
9301,-200
9302,-200
9303,-200
9304,-200
9305,-200
9306,-200
9307,-200
9308,-200
9309,-200
9310,-200
9311,-200
9312,-200
9313,-200
9314,-200
9315,-200
9316,-200
9317,-200
9318,-200
9319,-200
9320,-200
9321,-200
9322,-200
9323,-200
9324,-200
9325,-200
9326,-200
9327,-200
9328,-200
9329,-200
9330,-200
9331,-200
9332,-202
9333,-200
9334,-200
9335,-200
9336,-200
9337,-200
9338,-200
9339,-200
9340,-200
9341,-200
9342,-200
9343,-200
9344,-200
9345,-200
9346,-200
9347,-200
9348,-200
9349,-200
9350,-200
9351,-200
9352,-200
9353,-200
9354,-200
9355,-200
9356,-200
9357,-200
9358,-200
9359,-200
9360,-200
9361,-200
9362,-200
9363,-200
9364,-200
9365,-200
9366,-200
9367,-200
9368,-200
9369,-200
9370,-200
9371,-200
9372,-200
9373,-200
9374,-200
9375,-200
9376,-200
9377,-200
9378,-200
9379,-200
9380,-200
9381,-200
9382,-200
9383,-200
9384,-200
9385,-200
9386,-200
9387,-200
9388,-200
9389,-200
9390,-200
9391,-200
9392,-200
9393,-200
9394,-202
9395,-200
9396,-200
9397,-200
9398,-200
9399,-200
9400,-200
9401,-200
9402,-200
9403,-200
9404,-200
9405,-200
9406,-200
9407,-200
9408,-200
9409,-200
9410,-200
9411,-200
9412,-200
9413,-200
9414,-200
9415,-200
9416,-200
9417,-200
9418,-200
9419,-200
9420,-200
9421,-200
9422,-200
9423,-200
9424,-200
9425,-200
9426,-200
9427,-200
9428,-200
9429,-200
9430,-200
9431,-200
9432,-200
9433,-200
9434,-200
9435,-200
9436,-200
9437,-200
9438,-200
9439,-200
9440,-200
9441,-200
9442,-200
9443,-200
9444,-200
9445,-200
9446,-200
9447,-200
9448,-200
9449,-200
9450,-200
9451,-200
9452,-200
9453,-200
9454,-200
9455,-200
9456,-200
9457,-200
9458,-200
9459,-200
9460,-200
9461,-200
9462,-200
9463,-200
9464,-200
9465,-200
9466,-200
9467,-200
9468,-200
9469,-200
9470,-200
9471,-250
9472,-200
9473,-200
9474,-200
9475,-200
9476,-200
9477,-200
9478,-200
9479,-200
9480,-200
9481,-200
9482,-200
9483,-200
9484,-200
9485,-200
9486,-200
9487,-200
9488,-200
9489,-200
9490,-200
9491,-200
9492,-200
9493,-200
9494,-200
9495,-200
9496,-200
9497,-200
9498,-200
9499,-200
9500,-200
9501,-200
9502,-200
9503,-200
9504,-200
9505,-200
9506,-200
9507,-200
9508,-200
9509,-200
9510,-200
9511,-200
9512,-200
9513,-200
9514,-200
9515,-200
9516,-200
9517,-200
9518,-200
9519,-200
9520,-200
9521,-200
9522,-200
9523,-200
9524,-200
9525,-200
9526,-200
9527,-200
9528,-200
9529,-200
9530,-200
9531,-200
9532,-200
9533,-200
9534,-200
9535,-200
9536,-200
9537,-200
9538,-200
9539,-200
9540,-200
9541,-200
9542,-200
9543,-200
9544,-200
9545,-200
9546,-200
9547,-200
9548,-200
9549,-200
9550,-200
9551,-200
9552,-200
9553,-200
9554,-200
9555,-200
9556,-200
9557,-200
9558,-200
9559,-200
9560,-200
9561,-200
9562,-200
9563,-200
9564,-200
9565,-200
9566,-200
9567,-200
9568,-200
9569,-200
9570,-200
9571,-200
9572,-200
9573,-200
9574,-200
9575,-438
9576,-200
9577,-200
9578,-200
9579,-200
9580,-200
9581,-200
9582,-200
9583,-200
9584,-200
9585,-200
9586,-200
9587,-200
9588,-200
9589,-200
9590,-200
9591,-200
9592,-200
9593,-200
9594,-200
9595,-200
9596,-200
9597,-200
9598,-200
9599,-200
9600,-200
9601,-200
9602,-200
9603,-200
9604,-200
9605,-200
9606,-200
9607,-200
9608,-200
9609,-200
9610,-200
9611,-200
9612,-200
9613,-200
9614,-200
9615,-200
9616,-200
9617,-200
9618,-200
9619,-200
9620,-200
9621,-200
9622,-200
9623,-200
9624,-200
9625,-200
9626,-200
9627,-200
9628,-200
9629,-200
9630,-200
9631,-200
9632,-200
9633,-200
9634,-200
9635,-200
9636,-200
9637,-200
9638,-200
9639,-200
9640,-200
9641,-200
9642,-200
9643,-200
9644,-200
9645,-200
9646,-200
9647,-200
9648,-200
9649,-200
9650,-200
9651,-200
9652,-200
9653,-200
9654,-200
9655,-200
9656,-200
9657,-200
9658,-200
9659,-200
9660,-200
9661,-200
9662,-200
9663,-200
9664,-200
9665,-200
9666,-200
9667,-200
9668,-200
9669,-200
9670,-200
9671,-200
9672,-200
9673,-200
9674,-200
9675,-200
9676,-200
9677,-200
9678,-200
9679,-200
9680,-200
9681,-200
9682,-200
9683,-200
9684,-200
9685,-200
9686,-200
9687,-200
9688,-200
9689,-200
9690,-200
9691,-200
9692,-200
9693,-200
9694,-200
9695,-200
9696,-200
9697,-200
9698,-200
9699,-200
9700,-200
9701,-200
9702,-200
9703,-200
9704,-200
9705,-200
9706,-200
9707,-200
9708,-200
9709,-200
9710,-200
9711,-200
9712,-200
9713,-200
9714,-200
9715,-200
9716,-200
9717,-200
9718,-200
9719,-200
9720,-200
9721,-200
9722,-200
9723,-200
9724,-200
9725,-200
9726,-200
9727,-200
9728,-200
9729,-225
9730,-200
9731,-200
9732,-200
9733,-200
9734,-200
9735,-200
9736,-200
9737,-200
9738,-200
9739,-200
9740,-200
9741,-200
9742,-200
9743,-200
9744,-200
9745,-200
9746,-200
9747,-200
9748,-200
9749,-200
9750,-200
9751,-200
9752,-200
9753,-200
9754,-200
9755,-200
9756,-200
9757,-200
9758,-200
9759,-200
9760,-200
9761,-200
9762,-200
9763,-200
9764,-200
9765,-200
9766,-200
9767,-200
9768,-200
9769,-300
9770,-200
9771,-200
9772,-200
9773,-200
9774,-200
9775,-200
9776,-200
9777,-200
9778,-200
9779,-200
9780,-200
9781,-200
9782,-200
9783,-200
9784,-200
9785,-200
9786,-200
9787,-200
9788,-200
9789,-200
9790,-200
9791,-200
9792,-200
9793,-200
9794,-200
9795,-200
9796,-200
9797,-200
9798,-200
9799,-200
9800,-200
9801,-200
9802,-200
9803,-200
9804,-200
9805,-200
9806,-200
9807,-200
9808,-200
9809,-200
9810,-200
9811,-200
9812,-200
9813,-200
9814,-200
9815,-200
9816,-200
9817,-200
9818,-200
9819,-200
9820,-200
9821,-200
9822,-200
9823,-200
9824,-200
9825,-200
9826,-200
9827,-200
9828,-200
9829,-200
9830,-200
9831,-200
9832,-200
9833,-200
9834,-200
9835,-200
9836,-200
9837,-200
9838,-200
9839,-200
9840,-200
9841,-200
9842,-200
9843,-200
9844,-200
9845,-200
9846,-200
9847,-200
9848,-200
9849,-200
9850,-200
9851,-200
9852,-200
9853,-200
9854,-200
9855,-200
9856,-200
9857,-200
9858,-200
9859,-200
9860,-200
9861,-200
9862,-200
9863,-200
9864,-200
9865,-200
9866,-200
9867,-202
9868,-200
9869,-200
9870,-200
9871,-200
9872,-200
9873,-200
9874,-200
9875,-200
9876,-200
9877,-200
9878,-200
9879,-200
9880,-200
9881,-200
9882,-200
9883,-200
9884,-200
9885,-200
9886,-200
9887,-200
9888,-200
9889,-200
9890,-200
9891,-200
9892,-200
9893,-200
9894,-200
9895,-200
9896,-200
9897,-200
9898,-200
9899,-200
9900,-200
9901,-200
9902,-200
9903,-200
9904,-200
9905,-200
9906,-200
9907,-200
9908,-200
9909,-200
9910,-200
9911,-200
9912,-200
9913,-200
9914,-200
9915,-200
9916,-200
9917,-200
9918,-200
9919,-200
9920,-200
9921,-200
9922,-200
9923,-200
9924,-200
9925,-200
9926,-200
9927,-200
9928,-200
9929,-200
9930,-200
9931,-200
9932,-200
9933,-200
9934,-200
9935,-200
9936,-200
9937,-200
9938,-200
9939,-200
9940,-200
9941,-200
9942,-200
9943,-200
9944,-200
9945,-200
9946,-200
9947,-200
9948,-200
9949,-200
9950,-225
9951,-200
9952,-200
9953,-200
9954,-200
9955,-200
9956,-200
9957,-200
9958,-200
9959,-200
9960,-200
9961,-200
9962,-200
9963,-200
9964,-200
9965,-200
9966,-200
9967,-200
9968,-200
9969,-200
9970,-200
9971,-200
9972,-200
9973,-200
9974,-200
9975,-200
9976,-200
9977,-200
9978,-200
9979,-200
9980,-200
9981,-200
9982,-200
9983,-200
9984,-200
9985,-200
9986,-200
9987,-200
9988,-200
9989,-200
9990,-202
9991,-200
9992,-200
9993,-202
9994,-200
9995,-200
9996,-200
9997,-200
9998,-200
9999,-200
[[(4, 4), 2, -25], [(4, 3), 0, -25], [(3, 3), 0, -150]]