0,-150
1,-1094
2,-1174
3,-676
4,-1136
5,-672
6,-262
7,-1048
8,-1140
9,-634
10,-1048
11,-1002
12,-532
13,-502
14,-1002
15,-300
16,-1290
17,-224
18,-1002
19,-1190
20,-1048
21,-736
22,-1002
23,-506
24,-1064
25,-1048
26,-360
27,-688
28,-1048
29,-1090
30,-4299
31,-200
32,-200
33,-200
34,-200
35,-200
36,-200
37,-200
38,-200
39,-200
40,-200
41,-200
42,-200
43,-200
44,-200
45,-200
46,-200
47,-200
48,-200
49,-200
50,-200
51,-200
52,-200
53,-200
54,-200
55,-200
56,-200
57,-200
58,-200
59,-200
60,-200
61,-200
62,-200
63,-200
64,-200
65,-200
66,-200
67,-200
68,-200
69,-200
70,-200
71,-200
72,-200
73,-200
74,-200
75,-200
76,-200
77,-200
78,-200
79,-200
80,-200
81,-200
82,-200
83,-200
84,-200
85,-200
86,-200
87,-200
88,-200
89,-200
90,-200
91,-200
92,-200
93,-200
94,-200
95,-200
96,-200
97,-200
98,-200
99,-200
100,-200
101,-200
102,-200
103,-200
104,-200
105,-200
106,-200
107,-200
108,-200
109,-200
110,-200
111,-200
112,-200
113,-200
114,-200
115,-200
116,-200
117,-200
118,-200
119,-200
120,-200
121,-200
122,-200
123,-200
124,-200
125,-200
126,-200
127,-200
128,-200
129,-200
130,-200
131,-200
132,-200
133,-200
134,-200
135,-200
136,-200
137,-200
138,-200
139,-200
140,-200
141,-200
142,-200
143,-200
144,-200
145,-200
146,-200
147,-200
148,-200
149,-200
150,-200
151,-200
152,-200
153,-200
154,-200
155,-200
156,-200
157,-200
158,-200
159,-200
160,-200
161,-200
162,-200
163,-200
164,-200
165,-200
166,-200
167,-200
168,-200
169,-200
170,-200
171,-200
172,-200
173,-200
174,-200
175,-200
176,-200
177,-200
178,-200
179,-200
180,-200
181,-200
182,-200
183,-200
184,-200
185,-200
186,-202
187,-200
188,-200
189,-200
190,-200
191,-200
192,-200
193,-200
194,-200
195,-200
196,-200
197,-200
198,-200
199,-200
200,-200
201,-200
202,-200
203,-200
204,-200
205,-200
206,-200
207,-200
208,-200
209,-200
210,-200
211,-200
212,-200
213,-200
214,-200
215,-200
216,-200
217,-200
218,-200
219,-200
220,-200
221,-200
222,-200
223,-200
224,-200
225,-200
226,-200
227,-200
228,-200
229,-200
230,-200
231,-200
232,-200
233,-200
234,-200
235,-200
236,-200
237,-200
238,-200
239,-200
240,-202
241,-200
242,-200
243,-200
244,-200
245,-200
246,-200
247,-200
248,-200
249,-200
250,-200
251,-200
252,-200
253,-250
254,-200
255,-200
256,-200
257,-200
258,-200
259,-200
260,-200
261,-200
262,-200
263,-200
264,-200
265,-200
266,-200
267,-200
268,-200
269,-200
270,-200
271,-200
272,-200
273,-200
274,-200
275,-200
276,-250
277,-200
278,-200
279,-200
280,-200
281,-200
282,-200
283,-200
284,-200
285,-200
286,-200
287,-200
288,-200
289,-200
290,-200
291,-200
292,-200
293,-200
294,-200
295,-200
296,-200
297,-200
298,-200
299,-200
300,-200
301,-200
302,-200
303,-200
304,-200
305,-200
306,-200
307,-200
308,-200
309,-200
310,-200
311,-200
312,-200
313,-200
314,-200
315,-200
316,-200
317,-200
318,-200
319,-200
320,-200
321,-200
322,-200
323,-200
324,-200
325,-200
326,-200
327,-200
328,-200
329,-200
330,-200
331,-200
332,-200
333,-200
334,-200
335,-200
336,-200
337,-200
338,-200
339,-200
340,-200
341,-200
342,-200
343,-200
344,-200
345,-200
346,-200
347,-200
348,-200
349,-200
350,-200
351,-200
352,-200
353,-200
354,-200
355,-200
356,-200
357,-200
358,-200
359,-200
360,-200
361,-200
362,-200
363,-200
364,-200
365,-200
366,-200
367,-200
368,-200
369,-200
370,-200
371,-200
372,-200
373,-200
374,-200
375,-200
376,-200
377,-200
378,-200
379,-200
380,-200
381,-200
382,-200
383,-200
384,-200
385,-200
386,-200
387,-200
388,-200
389,-200
390,-200
391,-200
392,-200
393,-200
394,-139
395,-25
396,-27
397,-27
398,-25
399,-25
400,-25
401,-27
402,-25
403,-25
404,-25
405,-25
406,-25
407,-25
408,-25
409,-25
410,-25
411,-25
412,-25
413,-25
414,-25
415,-25
416,-25
417,-25
418,-25
419,-25
420,-25
421,-25
422,-25
423,-25
424,-25
425,-25
426,-25
427,-25
428,-25
429,-25
430,-25
431,-25
432,-25
433,-25
434,-25
435,-25
436,-25
437,-25
438,-25
439,-25
440,-25
441,-25
442,-25
443,-25
444,-25
445,-25
446,-25
447,-25
448,-25
449,-25
450,-25
451,-25
452,-25
453,-25
454,-25
455,-25
456,-25
457,-25
458,-25
459,-25
460,-25
461,-25
462,-25
463,-25
464,-25
465,-25
466,-25
467,-25
468,-25
469,-25
470,-25
471,-25
472,-25
473,-25
474,-25
475,-25
476,-25
477,-25
478,-25
479,-27
480,-25
481,-25
482,-25
483,-25
484,-25
485,-25
486,-25
487,-25
488,-25
489,-25
490,-25
491,-75
492,-25
493,-25
494,-25
495,-25
496,-25
497,-25
498,-25
499,-25
500,-25
501,-25
502,-25
503,-25
504,-25
505,-25
506,-27
507,-25
508,-25
509,-25
510,-25
511,-25
512,-27
513,-25
514,-25
515,-25
516,-25
517,-25
518,-25
519,-25
520,-25
521,-25
522,-25
523,-25
524,-25
525,-25
526,-25
527,-25
528,-25
529,-25
530,-25
531,-25
532,-25
533,-25
534,-25
535,-25
536,-25
537,-25
538,-25
539,-25
540,-25
541,-25
542,-25
543,-25
544,-25
545,-25
546,-25
547,-25
548,-25
549,-25
550,-25
551,-25
552,-25
553,-25
554,-25
555,-25
556,-27
557,-25
558,-25
559,-25
560,-25
561,-25
562,-25
563,-25
564,-25
565,-25
566,-25
567,-25
568,-25
569,-25
570,-25
571,-25
572,-25
573,-25
574,-25
575,-25
576,-25
577,-25
578,-25
579,-25
580,-25
581,-25
582,-25
583,-25
584,-25
585,-25
586,-25
587,-25
588,-25
589,-25
590,-25
591,-25
592,-25
593,-25
594,-25
595,-25
596,-25
597,-25
598,-25
599,-25
600,-25
601,-25
602,-25
603,-25
604,-25
605,-25
606,-25
607,-25
608,-25
609,-25
610,-25
611,-25
612,-25
613,-25
614,-25
615,-25
616,-25
617,-25
618,-25
619,-25
620,-25
621,-25
622,-25
623,-25
624,-25
625,-25
626,-25
627,-25
628,-25
629,-25
630,-25
631,-25
632,-25
633,-25
634,-25
635,-25
636,-25
637,-25
638,-25
639,-25
640,-25
641,-25
642,-25
643,-25
644,-25
645,-25
646,-25
647,-25
648,-25
649,-25
650,-27
651,-25
652,-25
653,-25
654,-25
655,-25
656,202
657,-25
658,-25
659,-25
660,-25
661,-25
662,-25
663,-25
664,-25
665,-25
666,-25
667,-25
668,-25
669,-25
670,-25
671,-25
672,-25
673,-25
674,-25
675,-25
676,-25
677,-25
678,-25
679,-25
680,-25
681,-25
682,-25
683,-25
684,-25
685,-25
686,-25
687,-25
688,-25
689,-25
690,-25
691,-25
692,-25
693,-25
694,-25
695,-25
696,-25
697,-25
698,-25
699,-25
700,-25
701,-25
702,-25
703,-25
704,-25
705,-25
706,-25
707,-25
708,-25
709,-25
710,-25
711,-25
712,-25
713,-25
714,-25
715,-25
716,-25
717,-25
718,-25
719,-25
720,-27
721,-25
722,-25
723,-25
724,-25
725,-25
726,-25
727,-25
728,-25
729,-25
730,-25
731,-25
732,-25
733,-25
734,-25
735,-25
736,-25
737,-25
738,-25
739,-25
740,-25
741,-75
742,-25
743,-25
744,-25
745,-6840
746,-25
747,-25
748,-25
749,-25
750,-25
751,-25
752,-25
753,-25
754,-25
755,-25
756,-25
757,-25
758,-25
759,-25
760,-25
761,-25
762,-25
763,-25
764,-25
765,-25
766,-25
767,-25
768,-25
769,-25
770,-25
771,-25
772,-25
773,-25
774,-25
775,-25
776,-25
777,-25
778,-25
779,-25
780,-25
781,-25
782,-25
783,-25
784,-27
785,-25
786,-25
787,-25
788,-25
789,-25
790,-25
791,-25
792,-25
793,-25
794,-25
795,-25
796,-25
797,-25
798,-25
799,-25
800,-25
801,-25
802,-25
803,-25
804,-25
805,-25
806,-25
807,-25
808,-25
809,-25
810,-25
811,-25
812,-25
813,-25
814,-25
815,-25
816,-25
817,-25
818,-25
819,-25
820,-25
821,-25
822,-25
823,-25
824,-25
825,-25
826,-25
827,-25
828,-25
829,-25
830,-25
831,-25
832,-25
833,-25
834,-25
835,-25
836,-25
837,-25
838,-25
839,-25
840,-25
841,-25
842,-25
843,-25
844,-25
845,-25
846,-25
847,-25
848,-25
849,-25
850,-25
851,-25
852,-25
853,-25
854,-75
855,-25
856,-25
857,-25
858,-25
859,-25
860,-25
861,-25
862,-25
863,-25
864,-25
865,-25
866,-25
867,-25
868,-25
869,-25
870,-25
871,-25
872,-25
873,-25
874,-25
875,-25
876,-25
877,-25
878,-25
879,-25
880,-25
881,-25
882,-25
883,-25
884,-25
885,-125
886,-25
887,-25
888,-25
889,-25
890,-25
891,-25
892,-25
893,-25
894,-25
895,-25
896,-25
897,-25
898,-25
899,-25
900,-25
901,-25
902,-25
903,-25
904,-25
905,-25
906,-25
907,-25
908,-25
909,-25
910,-25
911,-25
912,-25
913,-25
914,-25
915,-25
916,-25
917,-75
918,-25
919,-25
920,-25
921,-25
922,-25
923,-25
924,-25
925,-25
926,-25
927,-25
928,-475
929,-25
930,-25
931,-25
932,-25
933,-25
934,-25
935,-25
936,-25
937,-25
938,-25
939,-75
940,-25
941,-25
942,-25
943,-25
944,-25
945,-25
946,-25
947,-25
948,-25
949,-25
950,-25
951,-25
952,-25
953,-25
954,-25
955,-25
956,-25
957,-25
958,-25
959,-25
960,-25
961,-25
962,-25
963,-25
964,-25
965,-25
966,-75
967,-25
968,-25
969,-25
970,-25
971,-25
972,-25
973,-25
974,-25
975,-25
976,-25
977,-25
978,-25
979,-25
980,-25
981,-25
982,-25
983,-25
984,-25
985,-25
986,-25
987,-25
988,-25
989,-25
990,-25
991,-25
992,-25
993,-25
994,-25
995,-25
996,-25
997,-25
998,-25
999,-25
1000,-25
1001,-25
1002,-25
1003,-25
1004,-25
1005,-25
1006,-25
1007,-25
1008,-25
1009,-25
1010,-25
1011,-25
1012,-25
1013,-25
1014,-25
1015,-25
1016,-25
1017,-25
1018,-25
1019,-25
1020,-25
1021,-25
1022,-25
1023,-25
1024,-25
1025,-25
1026,-25
1027,-25
1028,-25
1029,-25
1030,-25
1031,-25
1032,-25
1033,-25
1034,-25
1035,-25
1036,-25
1037,-25
1038,-25
1039,-25
1040,-25
1041,-25
1042,-25
1043,-25
1044,-25
1045,-25
1046,-25
1047,-25
1048,-25
1049,-25
1050,-25
1051,-25
1052,-25
1053,-25
1054,-25
1055,-25
1056,-25
1057,-25
1058,-25
1059,-25
1060,-25
1061,-25
1062,-25
1063,-25
1064,-25
1065,-200
1066,-25
1067,-25
1068,-25
1069,-25
1070,-25
1071,-25
1072,-25
1073,-75
1074,-25
1075,-25
1076,-25
1077,-25
1078,-25
1079,-25
1080,-25
1081,-75
1082,-25
1083,-25
1084,-25
1085,-25
1086,-25
1087,-25
1088,-25
1089,-25
1090,-25
1091,-25
1092,-25
1093,-25
1094,-25
1095,-25
1096,-25
1097,-25
1098,-25
1099,-25
1100,361
1101,-25
1102,-25
1103,-25
1104,-25
1105,-25
1106,-25
1107,-25
1108,-25
1109,-25
1110,-25
1111,-25
1112,-25
1113,-25
1114,-25
1115,-25
1116,-25
1117,-25
1118,-25
1119,-25
1120,-25
1121,-25
1122,-25
1123,-25
1124,-25
1125,-25
1126,-25
1127,-25
1128,-25
1129,-25
1130,-25
1131,-25
1132,-25
1133,-25
1134,-25
1135,-25
1136,-25
1137,-25
1138,-25
1139,-25
1140,-25
1141,-25
1142,-25
1143,-25
1144,-25
1145,-25
1146,-25
1147,-25
1148,-25
1149,-25
1150,-25
1151,-25
1152,-25
1153,-25
1154,-25
1155,-25
1156,-25
1157,-25
1158,-25
1159,-25
1160,-25
1161,-25
1162,-25
1163,-25
1164,-25
1165,-25
1166,-25
1167,-25
1168,-25
1169,-25
1170,-25
1171,-25
1172,-25
1173,-25
1174,-25
1175,-25
1176,-25
1177,-25
1178,-25
1179,-25
1180,-25
1181,-25
1182,-25
1183,-25
1184,-25
1185,-25
1186,-25
1187,-25
1188,-75
1189,-25
1190,-25
1191,-25
1192,-25
1193,-25
1194,-75
1195,-25
1196,-25
1197,-25
1198,-25
1199,-25
1200,-25
1201,-25
1202,-25
1203,-25
1204,-25
1205,-25
1206,-25
1207,-25
1208,-25
1209,-25
1210,-25
1211,-25
1212,-25
1213,-25
1214,-25
1215,-25
1216,-25
1217,-25
1218,-25
1219,-25
1220,-25
1221,-25
1222,-25
1223,-25
1224,-25
1225,-25
1226,-25
1227,-25
1228,-25
1229,-25
1230,-25
1231,-25
1232,-25
1233,-25
1234,-25
1235,-25
1236,-25
1237,-25
1238,-200
1239,-25
1240,-25
1241,-25
1242,-25
1243,-25
1244,-25
1245,-25
1246,-25
1247,-25
1248,-25
1249,-25
1250,-25
1251,-25
1252,-25
1253,-25
1254,-25
1255,-25
1256,-75
1257,-25
1258,-25
1259,-25
1260,-25
1261,-25
1262,-25
1263,-25
1264,-25
1265,-25
1266,-25
1267,-25
1268,-25
1269,-25
1270,-25
1271,-25
1272,-25
1273,-25
1274,-25
1275,-25
1276,-27
1277,-25
1278,-25
1279,-25
1280,-25
1281,-25
1282,-25
1283,-25
1284,-25
1285,-25
1286,-25
1287,-25
1288,-27
1289,-25
1290,-25
1291,-25
1292,-25
1293,-25
1294,-25
1295,-25
1296,-25
1297,-25
1298,-25
1299,-25
1300,-25
1301,-25
1302,-25
1303,-25
1304,-25
1305,-25
1306,-25
1307,-25
1308,-25
1309,-25
1310,-25
1311,-25
1312,-25
1313,-25
1314,-25
1315,-25
1316,-25
1317,-25
1318,-25
1319,-25
1320,-25
1321,-25
1322,-25
1323,-25
1324,-25
1325,-25
1326,-25
1327,-25
1328,-25
1329,-25
1330,-25
1331,-25
1332,-25
1333,-25
1334,-25
1335,-25
1336,-25
1337,-25
1338,-25
1339,-25
1340,-25
1341,-25
1342,-25
1343,-25
1344,-25
1345,-25
1346,-25
1347,-25
1348,-25
1349,-25
1350,-25
1351,-25
1352,-25
1353,-25
1354,-25
1355,-25
1356,-25
1357,-25
1358,-25
1359,-25
1360,-25
1361,-25
1362,-25
1363,-25
1364,-25
1365,-25
1366,-25
1367,-25
1368,-25
1369,-25
1370,-25
1371,-25
1372,-25
1373,-25
1374,-25
1375,-25
1376,-25
1377,-25
1378,-25
1379,-25
1380,-25
1381,-25
1382,-25
1383,-25
1384,-25
1385,-25
1386,-25
1387,-25
1388,-25
1389,-25
1390,-25
1391,-25
1392,-25
1393,-25
1394,-25
1395,-25
1396,-25
1397,-25
1398,-25
1399,-25
1400,-25
1401,-25
1402,-25
1403,-25
1404,-25
1405,-25
1406,-75
1407,-25
1408,-25
1409,-25
1410,-25
1411,-25
1412,-25
1413,-25
1414,-25
1415,-25
1416,-25
1417,-25
1418,-25
1419,-25
1420,-25
1421,-25
1422,-25
1423,-25
1424,-25
1425,-25
1426,-25
1427,-25
1428,-25
1429,-25
1430,-25
1431,-25
1432,-25
1433,-25
1434,-25
1435,-25
1436,-25
1437,-25
1438,-25
1439,-25
1440,-25
1441,-25
1442,-25
1443,-25
1444,-25
1445,-25
1446,-25
1447,-25
1448,-25
1449,-25
1450,-25
1451,-25
1452,-25
1453,-25
1454,-25
1455,-25
1456,-25
1457,-25
1458,-25
1459,-25
1460,-25
1461,-25
1462,-25
1463,-25
1464,-25
1465,-25
1466,-25
1467,-25
1468,-25
1469,-25
1470,-25
1471,-25
1472,-25
1473,-25
1474,-25
1475,-25
1476,-25
1477,-25
1478,-25
1479,-25
1480,-25
1481,-25
1482,-25
1483,-25
1484,-25
1485,-25
1486,-25
1487,-25
1488,-25
1489,-25
1490,-25
1491,-25
1492,-25
1493,-25
1494,-25
1495,-25
1496,-25
1497,-25
1498,-25
1499,-25
1500,-25
1501,-25
1502,-25
1503,-25
1504,-25
1505,-25
1506,-25
1507,-25
1508,-25
1509,-25
1510,-25
1511,-25
1512,-25
1513,-25
1514,-25
1515,-25
1516,-25
1517,-25
1518,-25
1519,-25
1520,-25
1521,-25
1522,-25
1523,-25
1524,-25
1525,-25
1526,-25
1527,-25
1528,-25
1529,-25
1530,-25
1531,-25
1532,-25
1533,-25
1534,-25
1535,-25
1536,-25
1537,-25
1538,-25
1539,-25
1540,-25
1541,-25
1542,-25
1543,-25
1544,-25
1545,-25
1546,-25
1547,-25
1548,-25
1549,-25
1550,-25
1551,-25
1552,-25
1553,-25
1554,-25
1555,-25
1556,-25
1557,-25
1558,-25
1559,-25
1560,-25
1561,-25
1562,-25
1563,-25
1564,-25
1565,-25
1566,-25
1567,-25
1568,-25
1569,-25
1570,-25
1571,-25
1572,-25
1573,-25
1574,-25
1575,-25
1576,-25
1577,-25
1578,-25
1579,-25
1580,-25
1581,-25
1582,-25
1583,-25
1584,-25
1585,-25
1586,-25
1587,-25
1588,-25
1589,-25
1590,-25
1591,-25
1592,-77
1593,-25
1594,-250
1595,-25
1596,-25
1597,-25
1598,-25
1599,-25
1600,-25
1601,-25
1602,-25
1603,-25
1604,-25
1605,-25
1606,-25
1607,-25
1608,-25
1609,-25
1610,-25
1611,-25
1612,-25
1613,-25
1614,-25
1615,-25
1616,-25
1617,-25
1618,-25
1619,-25
1620,-25
1621,-25
1622,-25
1623,-75
1624,-25
1625,-25
1626,-25
1627,-25
1628,-27
1629,-25
1630,-25
1631,-75
1632,-25
1633,-25
1634,-25
1635,-25
1636,-25
1637,-25
1638,-25
1639,-25
1640,-25
1641,-25
1642,-25
1643,-25
1644,-25
1645,-25
1646,-25
1647,-25
1648,-25
1649,-25
1650,-25
1651,-25
1652,-200
1653,-25
1654,-25
1655,-25
1656,-25
1657,-25
1658,-25
1659,-25
1660,-25
1661,-25
1662,-25
1663,-25
1664,-25
1665,-25
1666,-25
1667,-25
1668,-25
1669,-25
1670,-25
1671,-25
1672,-25
1673,-25
1674,-25
1675,-25
1676,-25
1677,-25
1678,-25
1679,-25
1680,-25
1681,-25
1682,-25
1683,-25
1684,-25
1685,-25
1686,-25
1687,-25
1688,-25
1689,-25
1690,-25
1691,-25
1692,-25
1693,-25
1694,-25
1695,-25
1696,-25
1697,-27
1698,-25
1699,-25
1700,-25
1701,-25
1702,-25
1703,-25
1704,-25
1705,-25
1706,-25
1707,-25
1708,-25
1709,-25
1710,-25
1711,-25
1712,-25
1713,-25
1714,-25
1715,-25
1716,-25
1717,-25
1718,-25
1719,-25
1720,-25
1721,-25
1722,-75
1723,-25
1724,-25
1725,-25
1726,-25
1727,-25
1728,-25
1729,-25
1730,-25
1731,-25
1732,-27
1733,-25
1734,-25
1735,-25
1736,-27
1737,-25
1738,-25
1739,-27
1740,-25
1741,-25
1742,-25
1743,-25
1744,-25
1745,-25
1746,-25
1747,-25
1748,-25
1749,-25
1750,-27
1751,-25
1752,-25
1753,-25
1754,-25
1755,-25
1756,-25
1757,-25
1758,-25
1759,-75
1760,-25
1761,-25
1762,-25
1763,-25
1764,-25
1765,-25
1766,-75
1767,-27
1768,-25
1769,-25
1770,-25
1771,-25
1772,-25
1773,675
1774,-25
1775,-25
1776,-25
1777,-25
1778,-25
1779,-25
1780,-25
1781,-25
1782,-25
1783,-25
1784,-25
1785,-25
1786,-25
1787,-25
1788,-25
1789,-25
1790,-25
1791,-25
1792,-25
1793,-25
1794,-25
1795,-75
1796,-25
1797,-25
1798,-25
1799,-25
1800,-25
1801,-25
1802,-25
1803,-25
1804,-25
1805,-25
1806,-25
1807,-25
1808,-25
1809,-25
1810,-25
1811,-25
1812,-25
1813,-25
1814,-25
1815,-25
1816,-25
1817,-25
1818,-25
1819,-25
1820,-25
1821,-25
1822,-25
1823,-25
1824,-25
1825,-25
1826,-25
1827,-25
1828,-25
1829,-25
1830,-25
1831,-25
1832,-25
1833,-25
1834,-25
1835,-25
1836,-25
1837,-25
1838,-25
1839,-25
1840,-25
1841,-25
1842,-25
1843,-25
1844,-25
1845,-25
1846,-25
1847,-25
1848,-25
1849,-25
1850,-25
1851,-25
1852,-25
1853,-25
1854,-25
1855,-25
1856,-25
1857,-25
1858,-25
1859,-25
1860,-25
1861,-25
1862,-25
1863,-25
1864,-25
1865,-25
1866,-25
1867,-25
1868,-25
1869,-25
1870,-25
1871,-25
1872,-25
1873,-25
1874,-25
1875,-25
1876,-25
1877,-25
1878,-25
1879,-25
1880,-25
1881,-75
1882,-27
1883,-25
1884,-25
1885,-25
1886,-25
1887,-25
1888,-25
1889,-25
1890,-25
1891,-25
1892,-25
1893,-25
1894,-25
1895,-25
1896,-25
1897,-27
1898,-25
1899,-25
1900,-25
1901,-25
1902,-25
1903,-25
1904,-25
1905,-25
1906,-25
1907,-25
1908,-25
1909,-25
1910,-25
1911,-25
1912,-25
1913,-25
1914,-25
1915,-25
1916,-25
1917,-25
1918,-25
1919,-25
1920,-25
1921,-25
1922,-25
1923,-25
1924,-25
1925,-25
1926,-25
1927,-25
1928,-25
1929,-25
1930,-25
1931,-25
1932,-25
1933,-25
1934,-25
1935,-25
1936,-25
1937,-25
1938,-25
1939,-25
1940,-25
1941,-25
1942,-25
1943,-25
1944,-25
1945,-25
1946,-25
1947,-25
1948,-25
1949,-25
1950,-25
1951,-25
1952,-25
1953,-25
1954,-25
1955,-25
1956,-25
1957,-25
1958,-25
1959,-25
1960,-25
1961,-25
1962,-25
1963,-25
1964,-25
1965,-25
1966,-25
1967,-25
1968,-25
1969,-25
1970,-25
1971,-25
1972,-25
1973,-25
1974,-25
1975,-25
1976,-25
1977,-25
1978,-25
1979,-25
1980,-25
1981,-25
1982,-25
1983,-25
1984,-25
1985,-25
1986,-25
1987,-25
1988,-25
1989,-25
1990,-25
1991,-25
1992,-25
1993,-25
1994,-25
1995,-25
1996,-25
1997,-25
1998,-25
1999,-25
2000,-25
2001,-25
2002,-25
2003,-25
2004,-25
2005,-25
2006,-25
2007,-25
2008,-25
2009,-25
2010,-25
2011,-25
2012,-25
2013,-25
2014,-25
2015,-25
2016,-25
2017,-25
2018,-25
2019,-25
2020,-25
2021,-25
2022,-25
2023,-25
2024,-25
2025,-25
2026,-25
2027,-25
2028,-25
2029,-25
2030,-25
2031,-25
2032,-25
2033,-25
2034,-25
2035,-25
2036,-25
2037,-25
2038,-25
2039,-25
2040,-25
2041,-25
2042,-25
2043,-25
2044,-25
2045,-25
2046,-25
2047,-25
2048,-25
2049,-25
2050,-25
2051,-25
2052,-25
2053,-25
2054,-25
2055,-75
2056,-25
2057,-25
2058,-25
2059,-25
2060,-25
2061,-25
2062,-25
2063,-25
2064,-25
2065,-25
2066,-25
2067,-25
2068,-25
2069,-25
2070,-25
2071,-25
2072,-25
2073,-25
2074,-25
2075,-25
2076,-27
2077,-25
2078,-25
2079,-25
2080,-25
2081,-25
2082,-25
2083,-25
2084,-75
2085,-25
2086,-25
2087,-25
2088,-25
2089,-25
2090,-25
2091,-25
2092,-25
2093,-25
2094,-25
2095,-25
2096,-25
2097,-25
2098,-25
2099,-25
2100,-25
2101,-25
2102,-27
2103,-27
2104,-25
2105,-25
2106,-25
2107,-25
2108,-25
2109,-25
2110,-25
2111,-25
2112,-25
2113,-25
2114,-25
2115,-25
2116,-25
2117,-25
2118,-25
2119,-25
2120,-25
2121,-25
2122,-25
2123,-25
2124,-25
2125,-75
2126,-25
2127,-25
2128,-25
2129,-25
2130,-25
2131,-25
2132,-25
2133,-25
2134,-25
2135,-25
2136,-25
2137,-25
2138,-25
2139,-25
2140,-25
2141,-25
2142,-25
2143,-25
2144,-25
2145,-25
2146,-25
2147,-25
2148,-25
2149,-25
2150,-25
2151,-25
2152,-25
2153,-25
2154,-25
2155,-25
2156,-25
2157,-25
2158,-25
2159,-25
2160,-25
2161,-25
2162,-25
2163,-25
2164,-25
2165,-25
2166,-25
2167,-25
2168,-25
2169,-25
2170,-25
2171,-25
2172,-25
2173,-25
2174,-25
2175,-25
2176,-25
2177,-25
2178,-25
2179,-25
2180,-25
2181,-25
2182,-25
2183,-25
2184,-25
2185,-25
2186,-25
2187,-25
2188,-25
2189,-25
2190,-25
2191,-25
2192,-25
2193,-25
2194,-25
2195,-25
2196,-25
2197,-25
2198,-25
2199,-25
2200,-75
2201,-25
2202,-25
2203,-25
2204,-25
2205,-25
2206,-25
2207,-25
2208,-25
2209,-25
2210,-25
2211,-25
2212,-25
2213,-25
2214,-25
2215,-25
2216,-25
2217,-25
2218,-25
2219,-25
2220,-25
2221,-25
2222,-25
2223,-27
2224,-25
2225,-25
2226,-25
2227,-25
2228,-25
2229,-25
2230,-25
2231,-27
2232,-25
2233,-25
2234,-25
2235,-25
2236,-25
2237,-25
2238,-25
2239,-25
2240,-25
2241,-25
2242,-25
2243,-25
2244,-25
2245,-25
2246,-25
2247,-25
2248,-25
2249,-25
2250,-25
2251,-25
2252,-25
2253,-25
2254,-25
2255,-25
2256,-25
2257,-25
2258,-25
2259,-25
2260,-25
2261,-25
2262,-25
2263,-25
2264,-25
2265,-25
2266,-25
2267,-25
2268,-25
2269,-25
2270,-25
2271,-25
2272,-25
2273,-25
2274,-25
2275,-25
2276,-25
2277,-25
2278,-25
2279,-25
2280,-25
2281,-25
2282,-75
2283,-25
2284,-25
2285,-25
2286,-25
2287,-25
2288,-27
2289,-25
2290,-25
2291,-25
2292,-25
2293,-25
2294,-25
2295,-25
2296,-25
2297,-25
2298,-25
2299,-25
2300,-25
2301,-25
2302,-25
2303,-25
2304,-25
2305,-25
2306,-25
2307,-25
2308,-25
2309,-25
2310,-25
2311,-25
2312,-25
2313,-25
2314,-25
2315,-25
2316,-25
2317,-25
2318,-25
2319,-25
2320,-25
2321,-25
2322,-25
2323,-25
2324,-25
2325,-25
2326,-25
2327,-25
2328,-25
2329,-25
2330,-25
2331,-25
2332,-25
2333,-25
2334,-25
2335,-25
2336,-25
2337,-25
2338,-25
2339,-25
2340,-25
2341,-25
2342,-25
2343,-25
2344,-25
2345,-25
2346,-25
2347,-25
2348,-25
2349,-25
2350,-25
2351,-25
2352,-25
2353,-25
2354,-25
2355,-25
2356,-25
2357,-25
2358,-25
2359,-25
2360,-25
2361,-25
2362,-25
2363,-25
2364,-25
2365,-25
2366,-25
2367,-25
2368,-25
2369,-27
2370,-25
2371,-25
2372,-25
2373,-25
2374,-25
2375,-25
2376,-25
2377,-25
2378,-25
2379,-25
2380,-25
2381,-25
2382,-25
2383,-25
2384,-25
2385,-75
2386,-25
2387,-25
2388,-25
2389,-25
2390,-25
2391,-25
2392,-25
2393,-25
2394,-25
2395,-25
2396,-25
2397,-25
2398,-25
2399,-25
2400,-25
2401,-25
2402,-25
2403,-25
2404,-25
2405,-25
2406,-25
2407,-25
2408,-25
2409,-25
2410,-25
2411,-25
2412,-25
2413,-25
2414,-25
2415,-25
2416,-25
2417,-25
2418,-25
2419,-25
2420,-25
2421,-25
2422,-25
2423,-25
2424,-25
2425,-25
2426,-25
2427,-25
2428,-25
2429,-25
2430,-25
2431,-25
2432,-25
2433,-25
2434,-25
2435,-25
2436,-25
2437,-25
2438,-25
2439,-25
2440,-25
2441,-25
2442,-25
2443,-25
2444,-25
2445,-25
2446,-25
2447,-25
2448,-25
2449,-25
2450,-25
2451,-25
2452,-25
2453,-25
2454,-25
2455,-25
2456,-25
2457,-25
2458,-25
2459,-25
2460,-25
2461,-25
2462,-25
2463,-25
2464,-25
2465,-25
2466,-25
2467,-25
2468,-25
2469,-25
2470,-25
2471,-25
2472,-25
2473,-25
2474,-25
2475,-25
2476,-25
2477,-25
2478,-25
2479,-25
2480,-25
2481,-25
2482,-25
2483,-25
2484,-25
2485,-25
2486,-25
2487,-25
2488,-25
2489,-25
2490,-25
2491,-25
2492,-25
2493,-25
2494,-25
2495,-25
2496,-25
2497,-25
2498,-25
2499,-25
2500,-25
2501,-75
2502,-25
2503,-25
2504,-25
2505,-25
2506,-200
2507,-25
2508,-25
2509,-75
2510,-25
2511,-25
2512,-25
2513,-25
2514,-25
2515,-25
2516,-25
2517,-25
2518,-25
2519,-25
2520,-25
2521,-25
2522,-25
2523,-25
2524,-25
2525,-25
2526,-25
2527,-25
2528,-25
2529,-25
2530,-25
2531,-25
2532,-25
2533,-25
2534,-25
2535,-25
2536,-25
2537,-25
2538,-25
2539,-25
2540,-25
2541,-25
2542,-25
2543,-25
2544,-25
2545,-25
2546,-25
2547,-25
2548,-25
2549,-25
2550,-25
2551,-25
2552,-25
2553,-25
2554,-25
2555,-25
2556,-25
2557,-25
2558,-25
2559,-27
2560,-25
2561,-25
2562,-25
2563,-25
2564,-25
2565,-25
2566,-25
2567,-25
2568,-25
2569,-25
2570,-25
2571,-25
2572,-25
2573,-25
2574,-25
2575,-25
2576,-25
2577,-25
2578,-25
2579,-25
2580,-25
2581,-25
2582,-25
2583,-25
2584,-25
2585,-25
2586,-25
2587,-25
2588,-25
2589,-75
2590,-25
2591,-25
2592,-25
2593,-25
2594,-25
2595,-25
2596,-25
2597,-25
2598,-25
2599,-25
2600,-25
2601,-25
2602,-25
2603,-25
2604,-25
2605,-25
2606,-25
2607,-75
2608,-25
2609,-25
2610,-25
2611,-25
2612,-75
2613,-25
2614,-25
2615,-25
2616,-25
2617,-25
2618,-25
2619,-25
2620,-25
2621,-25
2622,-25
2623,-25
2624,-25
2625,-25
2626,-25
2627,-25
2628,-25
2629,-25
2630,-25
2631,-25
2632,-25
2633,-25
2634,-25
2635,-25
2636,-25
2637,-25
2638,-25
2639,-25
2640,-25
2641,-25
2642,-25
2643,-25
2644,-25
2645,-25
2646,-25
2647,-25
2648,-25
2649,-25
2650,-25
2651,-25
2652,-25
2653,-75
2654,-25
2655,-25
2656,-25
2657,-25
2658,-25
2659,-25
2660,-25
2661,-25
2662,-25
2663,-25
2664,-25
2665,-25
2666,-25
2667,-25
2668,-25
2669,-25
2670,-25
2671,-25
2672,-25
2673,-25
2674,-25
2675,-25
2676,-25
2677,-25
2678,-25
2679,-75
2680,-25
2681,-25
2682,-25
2683,-25
2684,-25
2685,-25
2686,-25
2687,-27
2688,-25
2689,-25
2690,-25
2691,-25
2692,-25
2693,-25
2694,-25
2695,-25
2696,-25
2697,-25
2698,-25
2699,-25
2700,-25
2701,-25
2702,-25
2703,-27
2704,-25
2705,-25
2706,-25
2707,-25
2708,-25
2709,-25
2710,-25
2711,-25
2712,-25
2713,-25
2714,-25
2715,-25
2716,-25
2717,-25
2718,-25
2719,-25
2720,-25
2721,-25
2722,-25
2723,-25
2724,-25
2725,-25
2726,-25
2727,-25
2728,-25
2729,-25
2730,-25
2731,-25
2732,-25
2733,-25
2734,-25
2735,-25
2736,-25
2737,-25
2738,-25
2739,-25
2740,-25
2741,-25
2742,-25
2743,-25
2744,-25
2745,-25
2746,-25
2747,-25
2748,-25
2749,-25
2750,-25
2751,-25
2752,-25
2753,-25
2754,-25
2755,-25
2756,-25
2757,-25
2758,-25
2759,-25
2760,-25
2761,-25
2762,-25
2763,-25
2764,-25
2765,-25
2766,-25
2767,-25
2768,-25
2769,-25
2770,-25
2771,-25
2772,-25
2773,-25
2774,-25
2775,-25
2776,-25
2777,-25
2778,-25
2779,-25
2780,-25
2781,-25
2782,-25
2783,-25
2784,-25
2785,-25
2786,-25
2787,-25
2788,-25
2789,-25
2790,-75
2791,-25
2792,-25
2793,-25
2794,-25
2795,-25
2796,-25
2797,-25
2798,-25
2799,-25
2800,-25
2801,-25
2802,-25
2803,-25
2804,-25
2805,-25
2806,-25
2807,-25
2808,-25
2809,-25
2810,-25
2811,-25
2812,-25
2813,-25
2814,-25
2815,-25
2816,-25
2817,-25
2818,-25
2819,-25
2820,-25
2821,-25
2822,-25
2823,-25
2824,-25
2825,-25
2826,-25
2827,-25
2828,-25
2829,-25
2830,-25
2831,-25
2832,-25
2833,-25
2834,-25
2835,-25
2836,-25
2837,-25
2838,-25
2839,-25
2840,-25
2841,-25
2842,-25
2843,-25
2844,-25
2845,-25
2846,-25
2847,-27
2848,-25
2849,-25
2850,-25
2851,-25
2852,-25
2853,-25
2854,-25
2855,-25
2856,-25
2857,-25
2858,-25
2859,-25
2860,-25
2861,-25
2862,-25
2863,-25
2864,-25
2865,-25
2866,-25
2867,-25
2868,-25
2869,-25
2870,-25
2871,-25
2872,-25
2873,-25
2874,-25
2875,-25
2876,-25
2877,-25
2878,-25
2879,-25
2880,-25
2881,-25
2882,-25
2883,-25
2884,-25
2885,-25
2886,-25
2887,-25
2888,-25
2889,-25
2890,-25
2891,-25
2892,-25
2893,-25
2894,-25
2895,-25
2896,-25
2897,-25
2898,-25
2899,-27
2900,-25
2901,-25
2902,-25
2903,-25
2904,-75
2905,-27
2906,-25
2907,-25
2908,-25
2909,-25
2910,-25
2911,-25
2912,-25
2913,-25
2914,-25
2915,-25
2916,-25
2917,-25
2918,-25
2919,-25
2920,-25
2921,-25
2922,-25
2923,-27
2924,-25
2925,-25
2926,-25
2927,-25
2928,-25
2929,-25
2930,-25
2931,-75
2932,-25
2933,-25
2934,-25
2935,-25
2936,-25
2937,-25
2938,-25
2939,-25
2940,-25
2941,-25
2942,-25
2943,-25
2944,-25
2945,-25
2946,-25
2947,-25
2948,-25
2949,-25
2950,-25
2951,-25
2952,-25
2953,-25
2954,-25
2955,-25
2956,-25
2957,-25
2958,-25
2959,-25
2960,-25
2961,-25
2962,-25
2963,-25
2964,-25
2965,-25
2966,-25
2967,-25
2968,-25
2969,-25
2970,-25
2971,-25
2972,-25
2973,-25
2974,-25
2975,-25
2976,-25
2977,-25
2978,-25
2979,-25
2980,-25
2981,-25
2982,-25
2983,-25
2984,-25
2985,-25
2986,-25
2987,-25
2988,-25
2989,-25
2990,-25
2991,-25
2992,-25
2993,-25
2994,-25
2995,-25
2996,-25
2997,-25
2998,-25
2999,-25
3000,-25
3001,-25
3002,-25
3003,-25
3004,-25
3005,-25
3006,-25
3007,-25
3008,-25
3009,-75
3010,-25
3011,-25
3012,-25
3013,-25
3014,-25
3015,-25
3016,-25
3017,-25
3018,-25
3019,-25
3020,-25
3021,-25
3022,-25
3023,-25
3024,-25
3025,-25
3026,-25
3027,-25
3028,-25
3029,-27
3030,-25
3031,-25
3032,-25
3033,-25
3034,-25
3035,-25
3036,-25
3037,-25
3038,-25
3039,-25
3040,-25
3041,-25
3042,-25
3043,-25
3044,-25
3045,-25
3046,-25
3047,-25
3048,-25
3049,-25
3050,-25
3051,-25
3052,-25
3053,-25
3054,-25
3055,-25
3056,-25
3057,-25
3058,-25
3059,-25
3060,-25
3061,-25
3062,-27
3063,-25
3064,-25
3065,-25
3066,-25
3067,-25
3068,-25
3069,-25
3070,-25
3071,-25
3072,-25
3073,-25
3074,-25
3075,-25
3076,-25
3077,-25
3078,-25
3079,-25
3080,-25
3081,-25
3082,-25
3083,-25
3084,-25
3085,-75
3086,-25
3087,-25
3088,-25
3089,-25
3090,-25
3091,-25
3092,-25
3093,-25
3094,-25
3095,-25
3096,-25
3097,-25
3098,-25
3099,-25
3100,-25
3101,-25
3102,-25
3103,-25
3104,-25
3105,-25
3106,-25
3107,-25
3108,-25
3109,-25
3110,-25
3111,-25
3112,-25
3113,-25
3114,-25
3115,-25
3116,-25
3117,-25
3118,-25
3119,-25
3120,-25
3121,-25
3122,-25
3123,-25
3124,-25
3125,-25
3126,-25
3127,-25
3128,-25
3129,-25
3130,-25
3131,-25
3132,-25
3133,-25
3134,-25
3135,-25
3136,-25
3137,-25
3138,-25
3139,-25
3140,-25
3141,-25
3142,-25
3143,-25
3144,-25
3145,-25
3146,-25
3147,-25
3148,-27
3149,-25
3150,-25
3151,-25
3152,-27
3153,-25
3154,-25
3155,-25
3156,-25
3157,-25
3158,-25
3159,-25
3160,-25
3161,-25
3162,-25
3163,-25
3164,-25
3165,-25
3166,-25
3167,-25
3168,-25
3169,-25
3170,-25
3171,-25
3172,-25
3173,-25
3174,-25
3175,-25
3176,-25
3177,-25
3178,-25
3179,-25
3180,-25
3181,-25
3182,-27
3183,-25
3184,-25
3185,-25
3186,-25
3187,-25
3188,-75
3189,-25
3190,-25
3191,-25
3192,-25
3193,-25
3194,-25
3195,-25
3196,-25
3197,-25
3198,-25
3199,-25
3200,-25
3201,-25
3202,-25
3203,-25
3204,-25
3205,-25
3206,-25
3207,-25
3208,-25
3209,-25
3210,-25
3211,-25
3212,-75
3213,-25
3214,-25
3215,-200
3216,-25
3217,-25
3218,-25
3219,-25
3220,-25
3221,-25
3222,-25
3223,-25
3224,-25
3225,-25
3226,-25
3227,-25
3228,-25
3229,-27
3230,-25
3231,-25
3232,-25
3233,-25
3234,-25
3235,-25
3236,-25
3237,-25
3238,-25
3239,-25
3240,-25
3241,-25
3242,-25
3243,-25
3244,-25
3245,-25
3246,-25
3247,-25
3248,-25
3249,-25
3250,-25
3251,-25
3252,-25
3253,-25
3254,-25
3255,-25
3256,-25
3257,-25
3258,-25
3259,-25
3260,-25
3261,-25
3262,-25
3263,-25
3264,-25
3265,-25
3266,-25
3267,-25
3268,-25
3269,-25
3270,-25
3271,-25
3272,-25
3273,-25
3274,-25
3275,-25
3276,-25
3277,-25
3278,-25
3279,-25
3280,-75
3281,-25
3282,-25
3283,-25
3284,-25
3285,-25
3286,675
3287,675
3288,675
3289,675
3290,675
3291,675
3292,675
3293,675
3294,675
3295,675
3296,675
3297,675
3298,675
3299,675
3300,625
3301,675
3302,675
3303,675
3304,675
3305,675
3306,625
3307,675
3308,675
3309,675
3310,675
3311,675
3312,675
3313,675
3314,675
3315,675
3316,675
3317,675
3318,675
3319,675
3320,675
3321,675
3322,675
3323,675
3324,675
3325,675
3326,675
3327,675
3328,675
3329,675
3330,675
3331,675
3332,675
3333,675
3334,675
3335,675
3336,675
3337,675
3338,675
3339,675
3340,675
3341,675
3342,675
3343,675
3344,675
3345,675
3346,675
3347,675
3348,675
3349,675
3350,675
3351,675
3352,675
3353,675
3354,675
3355,675
3356,675
3357,675
3358,675
3359,675
3360,675
3361,675
3362,675
3363,673
3364,675
3365,675
3366,675
3367,675
3368,675
3369,675
3370,675
3371,675
3372,675
3373,675
3374,675
3375,675
3376,675
3377,675
3378,675
3379,675
3380,675
3381,675
3382,675
3383,675
3384,675
3385,675
3386,675
3387,675
3388,675
3389,675
3390,675
3391,675
3392,675
3393,675
3394,675
3395,675
3396,675
3397,675
3398,675
3399,675
3400,675
3401,675
3402,675
3403,675
3404,675
3405,575
3406,675
3407,675
3408,675
3409,675
3410,675
3411,675
3412,675
3413,675
3414,675
3415,675
3416,675
3417,675
3418,675
3419,675
3420,675
3421,675
3422,675
3423,675
3424,675
3425,675
3426,675
3427,675
3428,675
3429,675
3430,675
3431,675
3432,625
3433,675
3434,675
3435,675
3436,675
3437,675
3438,675
3439,675
3440,425
3441,675
3442,675
3443,675
3444,675
3445,675
3446,675
3447,675
3448,675
3449,675
3450,675
3451,675
3452,675
3453,675
3454,675
3455,675
3456,675
3457,675
3458,675
3459,675
3460,675
3461,675
3462,675
3463,675
3464,673
3465,675
3466,675
3467,675
3468,675
3469,675
3470,675
3471,675
3472,675
3473,675
3474,675
3475,675
3476,675
3477,675
3478,675
3479,675
3480,675
3481,675
3482,675
3483,675
3484,675
3485,675
3486,675
3487,675
3488,675
3489,675
3490,675
3491,675
3492,675
3493,675
3494,675
3495,675
3496,675
3497,675
3498,675
3499,675
3500,675
3501,675
3502,675
3503,675
3504,675
3505,675
3506,675
3507,675
3508,675
3509,675
3510,111
3511,675
3512,675
3513,675
3514,675
3515,675
3516,675
3517,675
3518,675
3519,675
3520,675
3521,675
3522,675
3523,675
3524,675
3525,675
3526,675
3527,675
3528,675
3529,675
3530,675
3531,675
3532,675
3533,675
3534,675
3535,675
3536,675
3537,675
3538,675
3539,675
3540,675
3541,675
3542,675
3543,675
3544,675
3545,675
3546,675
3547,675
3548,675
3549,675
3550,675
3551,675
3552,675
3553,675
3554,675
3555,675
3556,675
3557,675
3558,675
3559,253
3560,675
3561,675
3562,675
3563,675
3564,675
3565,675
3566,675
3567,675
3568,675
3569,675
3570,675
3571,675
3572,675
3573,675
3574,675
3575,675
3576,675
3577,675
3578,675
3579,675
3580,675
3581,675
3582,675
3583,675
3584,675
3585,675
3586,625
3587,675
3588,675
3589,675
3590,675
3591,675
3592,675
3593,675
3594,675
3595,675
3596,675
3597,675
3598,525
3599,675
3600,675
3601,675
3602,675
3603,675
3604,675
3605,675
3606,675
3607,675
3608,675
3609,675
3610,675
3611,675
3612,675
3613,675
3614,675
3615,675
3616,675
3617,675
3618,675
3619,675
3620,675
3621,675
3622,675
3623,673
3624,675
3625,675
3626,675
3627,673
3628,675
3629,675
3630,675
3631,675
3632,675
3633,675
3634,675
3635,675
3636,675
3637,675
3638,673
3639,675
3640,675
3641,675
3642,675
3643,675
3644,675
3645,675
3646,675
3647,675
3648,675
3649,675
3650,675
3651,675
3652,675
3653,675
3654,675
3655,675
3656,675
3657,675
3658,675
3659,675
3660,675
3661,675
3662,675
3663,675
3664,675
3665,675
3666,675
3667,675
3668,675
3669,675
3670,675
3671,675
3672,425
3673,675
3674,675
3675,675
3676,675
3677,675
3678,675
3679,675
3680,675
3681,675
3682,675
3683,675
3684,625
3685,675
3686,675
3687,675
3688,675
3689,675
3690,675
3691,675
3692,675
3693,675
3694,675
3695,675
3696,675
3697,675
3698,625
3699,675
3700,675
3701,675
3702,675
3703,675
3704,675
3705,675
3706,675
3707,675
3708,675
3709,625
3710,675
3711,675
3712,625
3713,673
3714,675
3715,675
3716,675
3717,675
3718,675
3719,675
3720,675
3721,675
3722,675
3723,675
3724,675
3725,675
3726,675
3727,675
3728,675
3729,675
3730,675
3731,675
3732,675
3733,675
3734,675
3735,675
3736,675
3737,675
3738,675
3739,675
3740,675
3741,675
3742,675
3743,675
3744,675
3745,675
3746,675
3747,675
3748,675
3749,675
3750,675
3751,675
3752,675
3753,675
3754,675
3755,675
3756,675
3757,675
3758,675
3759,675
3760,675
3761,675
3762,675
3763,675
3764,675
3765,675
3766,675
3767,675
3768,675
3769,675
3770,675
3771,675
3772,675
3773,675
3774,675
3775,675
3776,675
3777,675
3778,675
3779,675
3780,675
3781,675
3782,675
3783,675
3784,675
3785,675
3786,675
3787,473
3788,675
3789,675
3790,675
3791,675
3792,675
3793,675
3794,675
3795,675
3796,675
3797,675
3798,675
3799,675
3800,675
3801,675
3802,675
3803,675
3804,675
3805,675
3806,675
3807,675
3808,675
3809,675
3810,675
3811,675
3812,675
3813,675
3814,675
3815,675
3816,675
3817,675
3818,675
3819,675
3820,675
3821,675
3822,675
3823,525
3824,675
3825,675
3826,675
3827,675
3828,675
3829,675
3830,675
3831,675
3832,675
3833,675
3834,675
3835,675
3836,675
3837,675
3838,675
3839,675
3840,675
3841,675
3842,675
3843,675
3844,675
3845,675
3846,675
3847,675
3848,675
3849,625
3850,675
3851,675
3852,675
3853,675
3854,675
3855,675
3856,675
3857,675
3858,675
3859,675
3860,675
3861,675
3862,675
3863,675
3864,675
3865,675
3866,675
3867,675
3868,675
3869,675
3870,675
3871,675
3872,675
3873,675
3874,675
3875,675
3876,675
3877,675
3878,675
3879,675
3880,675
3881,675
3882,675
3883,675
3884,675
3885,675
3886,675
3887,675
3888,675
3889,675
3890,675
3891,675
3892,675
3893,675
3894,675
3895,675
3896,675
3897,675
3898,675
3899,675
3900,675
3901,675
3902,675
3903,675
3904,675
3905,675
3906,675
3907,575
3908,675
3909,675
3910,675
3911,675
3912,675
3913,675
3914,675
3915,675
3916,675
3917,675
3918,675
3919,675
3920,675
3921,675
3922,675
3923,625
3924,675
3925,675
3926,675
3927,675
3928,625
3929,675
3930,675
3931,675
3932,675
3933,675
3934,675
3935,675
3936,675
3937,675
3938,675
3939,675
3940,675
3941,675
3942,675
3943,675
3944,675
3945,675
3946,673
3947,675
3948,675
3949,675
3950,675
3951,675
3952,675
3953,675
3954,675
3955,-25
3956,625
3957,675
3958,675
3959,675
3960,675
3961,675
3962,675
3963,673
3964,675
3965,675
3966,675
3967,675
3968,675
3969,675
3970,675
3971,675
3972,-125
3973,675
3974,675
3975,675
3976,675
3977,675
3978,675
3979,675
3980,675
3981,675
3982,675
3983,675
3984,675
3985,675
3986,675
3987,675
3988,675
3989,675
3990,675
3991,675
3992,675
3993,675
3994,675
3995,675
3996,675
3997,675
3998,675
3999,675
4000,675
4001,675
4002,675
4003,675
4004,675
4005,675
4006,675
4007,675
4008,675
4009,675
4010,675
4011,675
4012,675
4013,673
4014,675
4015,675
4016,675
4017,675
4018,675
4019,675
4020,675
4021,675
4022,675
4023,675
4024,675
4025,675
4026,675
4027,675
4028,675
4029,675
4030,675
4031,675
4032,675
4033,575
4034,675
4035,675
4036,675
4037,675
4038,675
4039,675
4040,675
4041,675
4042,675
4043,675
4044,675
4045,675
4046,675
4047,675
4048,525
4049,675
4050,675
4051,673
4052,675
4053,575
4054,675
4055,675
4056,675
4057,675
4058,675
4059,675
4060,675
4061,625
4062,675
4063,675
4064,675
4065,675
4066,675
4067,675
4068,675
4069,675
4070,675
4071,675
4072,675
4073,675
4074,675
4075,675
4076,675
4077,675
4078,675
4079,675
4080,675
4081,675
4082,675
4083,675
4084,675
4085,675
4086,675
4087,675
4088,675
4089,675
4090,675
4091,675
4092,675
4093,675
4094,675
4095,675
4096,675
4097,675
4098,-25
4099,675
4100,675
4101,675
4102,675
4103,675
4104,675
4105,675
4106,675
4107,675
4108,675
4109,625
4110,675
4111,675
4112,675
4113,675
4114,675
4115,675
4116,675
4117,675
4118,675
4119,675
4120,675
4121,675
4122,675
4123,675
4124,675
4125,675
4126,675
4127,675
4128,675
4129,675
4130,673
4131,675
4132,675
4133,675
4134,675
4135,675
4136,675
4137,675
4138,675
4139,675
4140,675
4141,675
4142,675
4143,675
4144,675
4145,675
4146,675
4147,675
4148,675
4149,675
4150,675
4151,675
4152,675
4153,675
4154,675
4155,675
4156,675
4157,675
4158,675
4159,675
4160,675
4161,675
4162,675
4163,675
4164,675
4165,675
4166,675
4167,675
4168,675
4169,675
4170,675
4171,675
4172,675
4173,675
4174,675
4175,675
4176,675
4177,625
4178,675
4179,675
4180,675
4181,675
4182,675
4183,675
4184,675
4185,675
4186,675
4187,675
4188,675
4189,675
4190,675
4191,675
4192,675
4193,675
4194,675
4195,675
4196,675
4197,675
4198,675
4199,675
4200,675
4201,675
4202,675
4203,675
4204,675
4205,675
4206,675
4207,675
4208,675
4209,675
4210,675
4211,675
4212,675
4213,675
4214,675
4215,675
4216,675
4217,675
4218,675
4219,675
4220,675
4221,675
4222,675
4223,675
4224,675
4225,675
4226,675
4227,675
4228,675
4229,675
4230,675
4231,675
4232,675
4233,675
4234,675
4235,675
4236,675
4237,675
4238,675
4239,675
4240,675
4241,675
4242,675
4243,675
4244,675
4245,675
4246,675
4247,675
4248,675
4249,675
4250,675
4251,675
4252,675
4253,675
4254,675
4255,675
4256,675
4257,675
4258,675
4259,675
4260,675
4261,675
4262,675
4263,675
4264,675
4265,675
4266,675
4267,675
4268,675
4269,675
4270,675
4271,675
4272,675
4273,675
4274,675
4275,675
4276,675
4277,675
4278,675
4279,675
4280,675
4281,675
4282,675
4283,675
4284,675
4285,675
4286,675
4287,675
4288,675
4289,675
4290,675
4291,675
4292,675
4293,675
4294,675
4295,675
4296,675
4297,675
4298,675
4299,675
4300,675
4301,675
4302,675
4303,675
4304,675
4305,675
4306,675
4307,675
4308,675
4309,675
4310,675
4311,675
4312,675
4313,675
4314,675
4315,675
4316,675
4317,675
4318,675
4319,675
4320,675
4321,675
4322,675
4323,675
4324,675
4325,675
4326,675
4327,675
4328,675
4329,675
4330,675
4331,675
4332,675
4333,675
4334,675
4335,675
4336,675
4337,675
4338,675
4339,675
4340,675
4341,675
4342,675
4343,675
4344,675
4345,675
4346,675
4347,675
4348,675
4349,675
4350,675
4351,675
4352,675
4353,675
4354,675
4355,675
4356,675
4357,675
4358,675
4359,675
4360,675
4361,675
4362,675
4363,675
4364,675
4365,675
4366,675
4367,675
4368,675
4369,675
4370,675
4371,675
4372,675
4373,675
4374,675
4375,675
4376,675
4377,675
4378,675
4379,675
4380,675
4381,675
4382,675
4383,675
4384,675
4385,675
4386,675
4387,675
4388,675
4389,675
4390,675
4391,675
4392,675
4393,675
4394,675
4395,675
4396,675
4397,675
4398,675
4399,675
4400,675
4401,675
4402,675
4403,675
4404,675
4405,675
4406,675
4407,675
4408,675
4409,675
4410,675
4411,675
4412,675
4413,675
4414,675
4415,675
4416,675
4417,675
4418,675
4419,675
4420,675
4421,675
4422,675
4423,675
4424,675
4425,675
4426,675
4427,675
4428,675
4429,675
4430,675
4431,675
4432,675
4433,675
4434,675
4435,675
4436,675
4437,673
4438,675
4439,675
4440,675
4441,675
4442,675
4443,675
4444,675
4445,675
4446,675
4447,675
4448,675
4449,675
4450,675
4451,675
4452,675
4453,675
4454,675
4455,675
4456,675
4457,675
4458,675
4459,675
4460,675
4461,675
4462,675
4463,675
4464,675
4465,675
4466,675
4467,675
4468,675
4469,675
4470,675
4471,675
4472,675
4473,675
4474,675
4475,675
4476,675
4477,675
4478,675
4479,675
4480,675
4481,675
4482,675
4483,673
4484,675
4485,675
4486,675
4487,675
4488,675
4489,675
4490,675
4491,675
4492,675
4493,675
4494,675
4495,675
4496,675
4497,675
4498,675
4499,675
4500,675
4501,675
4502,675
4503,675
4504,675
4505,675
4506,675
4507,675
4508,675
4509,675
4510,675
4511,675
4512,675
4513,675
4514,675
4515,675
4516,675
4517,675
4518,675
4519,675
4520,675
4521,675
4522,675
4523,675
4524,675
4525,675
4526,675
4527,675
4528,675
4529,625
4530,675
4531,675
4532,675
4533,675
4534,675
4535,675
4536,675
4537,675
4538,675
4539,675
4540,675
4541,575
4542,675
4543,675
4544,-25
4545,675
4546,675
4547,675
4548,675
4549,675
4550,675
4551,675
4552,675
4553,675
4554,675
4555,425
4556,675
4557,675
4558,675
4559,675
4560,675
4561,675
4562,675
4563,675
4564,675
4565,675
4566,675
4567,675
4568,675
4569,675
4570,675
4571,675
4572,675
4573,675
4574,675
4575,675
4576,675
4577,675
4578,675
4579,675
4580,675
4581,675
4582,675
4583,675
4584,675
4585,675
4586,675
4587,675
4588,675
4589,675
4590,675
4591,675
4592,675
4593,675
4594,675
4595,675
4596,675
4597,675
4598,675
4599,675
4600,675
4601,675
4602,675
4603,675
4604,675
4605,675
4606,675
4607,675
4608,675
4609,675
4610,675
4611,675
4612,675
4613,675
4614,675
4615,675
4616,675
4617,675
4618,675
4619,675
4620,675
4621,675
4622,675
4623,675
4624,675
4625,675
4626,675
4627,675
4628,675
4629,675
4630,675
4631,675
4632,675
4633,675
4634,675
4635,675
4636,675
4637,675
4638,675
4639,675
4640,675
4641,675
4642,675
4643,675
4644,675
4645,675
4646,675
4647,675
4648,675
4649,675
4650,675
4651,675
4652,675
4653,675
4654,675
4655,675
4656,675
4657,675
4658,675
4659,675
4660,675
4661,675
4662,675
4663,675
4664,675
4665,675
4666,675
4667,675
4668,675
4669,675
4670,675
4671,675
4672,675
4673,675
4674,675
4675,675
4676,675
4677,675
4678,675
4679,675
4680,675
4681,675
4682,675
4683,675
4684,675
4685,675
4686,675
4687,675
4688,675
4689,675
4690,675
4691,675
4692,675
4693,675
4694,-125
4695,675
4696,675
4697,675
4698,675
4699,675
4700,675
4701,625
4702,675
4703,675
4704,675
4705,675
4706,675
4707,625
4708,675
4709,675
4710,675
4711,675
4712,625
4713,675
4714,675
4715,675
4716,675
4717,675
4718,675
4719,675
4720,675
4721,675
4722,675
4723,675
4724,675
4725,675
4726,675
4727,675
4728,675
4729,675
4730,675
4731,675
4732,675
4733,675
4734,675
4735,675
4736,675
4737,675
4738,675
4739,675
4740,675
4741,675
4742,675
4743,675
4744,675
4745,675
4746,675
4747,675
4748,675
4749,675
4750,675
4751,675
4752,675
4753,675
4754,675
4755,675
4756,675
4757,675
4758,675
4759,675
4760,675
4761,675
4762,675
4763,675
4764,675
4765,675
4766,675
4767,675
4768,675
4769,675
4770,675
4771,675
4772,675
4773,675
4774,675
4775,675
4776,675
4777,675
4778,675
4779,675
4780,675
4781,675
4782,675
4783,675
4784,675
4785,675
4786,675
4787,675
4788,675
4789,575
4790,675
4791,675
4792,675
4793,675
4794,675
4795,675
4796,675
4797,675
4798,675
4799,675
4800,675
4801,675
4802,675
4803,675
4804,675
4805,675
4806,675
4807,675
4808,675
4809,675
4810,675
4811,675
4812,675
4813,675
4814,675
4815,675
4816,675
4817,675
4818,675
4819,675
4820,675
4821,675
4822,675
4823,625
4824,675
4825,675
4826,675
4827,675
4828,675
4829,675
4830,675
4831,675
4832,675
4833,675
4834,675
4835,675
4836,675
4837,675
4838,675
4839,675
4840,675
4841,675
4842,675
4843,675
4844,675
4845,675
4846,675
4847,675
4848,675
4849,675
4850,675
4851,675
4852,675
4853,675
4854,675
4855,675
4856,675
4857,675
4858,675
4859,575
4860,675
4861,675
4862,675
4863,675
4864,675
4865,675
4866,675
4867,675
4868,675
4869,675
4870,675
4871,675
4872,675
4873,675
4874,675
4875,673
4876,675
4877,675
4878,675
4879,675
4880,675
4881,675
4882,675
4883,675
4884,675
4885,675
4886,675
4887,675
4888,673
4889,675
4890,675
4891,675
4892,675
4893,675
4894,675
4895,675
4896,675
4897,675
4898,675
4899,-25
4900,675
4901,675
4902,675
4903,675
4904,675
4905,675
4906,675
4907,675
4908,675
4909,675
4910,675
4911,675
4912,675
4913,675
4914,675
4915,675
4916,675
4917,675
4918,675
4919,675
4920,675
4921,675
4922,675
4923,675
4924,675
4925,675
4926,675
4927,675
4928,675
4929,675
4930,675
4931,675
4932,675
4933,675
4934,675
4935,675
4936,675
4937,675
4938,675
4939,675
4940,675
4941,675
4942,675
4943,675
4944,675
4945,675
4946,625
4947,675
4948,675
4949,675
4950,675
4951,675
4952,675
4953,675
4954,673
4955,675
4956,625
4957,675
4958,675
4959,675
4960,675
4961,625
4962,675
4963,675
4964,675
4965,675
4966,675
4967,675
4968,675
4969,675
4970,675
4971,675
4972,675
4973,675
4974,675
4975,675
4976,675
4977,675
4978,675
4979,675
4980,625
4981,675
4982,675
4983,675
4984,675
4985,675
4986,675
4987,675
4988,675
4989,675
4990,675
4991,675
4992,675
4993,675
4994,675
4995,675
4996,675
4997,675
4998,675
4999,675
5000,675
5001,675
5002,675
5003,675
5004,625
5005,675
5006,675
5007,675
5008,675
5009,675
5010,675
5011,675
5012,675
5013,675
5014,675
5015,675
5016,675
5017,675
5018,675
5019,675
5020,675
5021,675
5022,675
5023,675
5024,675
5025,675
5026,675
5027,675
5028,675
5029,675
5030,675
5031,675
5032,-25
5033,675
5034,675
5035,675
5036,675
5037,675
5038,675
5039,675
5040,675
5041,675
5042,675
5043,675
5044,675
5045,675
5046,675
5047,675
5048,675
5049,675
5050,675
5051,675
5052,675
5053,675
5054,675
5055,675
5056,675
5057,675
5058,675
5059,675
5060,675
5061,675
5062,675
5063,675
5064,675
5065,675
5066,675
5067,675
5068,675
5069,675
5070,675
5071,675
5072,675
5073,675
5074,675
5075,675
5076,675
5077,675
5078,675
5079,675
5080,675
5081,675
5082,675
5083,675
5084,675
5085,675
5086,675
5087,675
5088,675
5089,675
5090,675
5091,675
5092,675
5093,675
5094,675
5095,675
5096,675
5097,675
5098,675
5099,675
5100,675
5101,675
5102,675
5103,675
5104,675
5105,675
5106,675
5107,675
5108,675
5109,675
5110,675
5111,675
5112,675
5113,675
5114,675
5115,675
5116,675
5117,675
5118,675
5119,675
5120,675
5121,675
5122,675
5123,675
5124,675
5125,675
5126,675
5127,675
5128,675
5129,675
5130,675
5131,675
5132,675
5133,-125
5134,675
5135,675
5136,675
5137,675
5138,675
5139,675
5140,575
5141,675
5142,675
5143,675
5144,675
5145,675
5146,675
5147,675
5148,675
5149,675
5150,675
5151,675
5152,675
5153,675
5154,675
5155,675
5156,675
5157,675
5158,675
5159,675
5160,675
5161,675
5162,675
5163,675
5164,675
5165,675
5166,675
5167,675
5168,675
5169,675
5170,675
5171,675
5172,675
5173,675
5174,675
5175,675
5176,675
5177,675
5178,675
5179,675
5180,675
5181,675
5182,675
5183,675
5184,675
5185,675
5186,675
5187,675
5188,675
5189,675
5190,675
5191,675
5192,675
5193,675
5194,675
5195,675
5196,675
5197,675
5198,675
5199,675
5200,675
5201,675
5202,675
5203,675
5204,675
5205,675
5206,675
5207,675
5208,675
5209,675
5210,675
5211,675
5212,675
5213,675
5214,425
5215,675
5216,675
5217,675
5218,675
5219,675
5220,675
5221,675
5222,675
5223,675
5224,675
5225,675
5226,675
5227,675
5228,675
5229,675
5230,675
5231,673
5232,675
5233,675
5234,675
5235,675
5236,675
5237,675
5238,675
5239,675
5240,675
5241,675
5242,675
5243,675
5244,675
5245,675
5246,675
5247,675
5248,675
5249,675
5250,675
5251,675
5252,675
5253,675
5254,675
5255,675
5256,675
5257,675
5258,675
5259,675
5260,675
5261,675
5262,675
5263,675
5264,675
5265,675
5266,675
5267,675
5268,675
5269,675
5270,673
5271,-125
5272,675
5273,675
5274,675
5275,675
5276,675
5277,675
5278,675
5279,675
5280,675
5281,675
5282,675
5283,675
5284,675
5285,675
5286,675
5287,675
5288,675
5289,675
5290,675
5291,675
5292,673
5293,675
5294,675
5295,675
5296,675
5297,675
5298,675
5299,675
5300,675
5301,675
5302,675
5303,675
5304,675
5305,675
5306,675
5307,675
5308,675
5309,675
5310,675
5311,675
5312,675
5313,675
5314,675
5315,675
5316,675
5317,675
5318,675
5319,675
5320,675
5321,675
5322,675
5323,675
5324,675
5325,675
5326,675
5327,675
5328,675
5329,675
5330,675
5331,675
5332,675
5333,675
5334,675
5335,675
5336,675
5337,675
5338,675
5339,675
5340,675
5341,675
5342,675
5343,675
5344,675
5345,675
5346,675
5347,675
5348,675
5349,675
5350,675
5351,675
5352,675
5353,675
5354,675
5355,675
5356,675
5357,675
5358,675
5359,675
5360,675
5361,675
5362,675
5363,675
5364,675
5365,675
5366,675
5367,675
5368,675
5369,675
5370,675
5371,675
5372,675
5373,675
5374,675
5375,675
5376,675
5377,675
5378,675
5379,675
5380,675
5381,675
5382,675
5383,675
5384,673
5385,675
5386,675
5387,675
5388,675
5389,675
5390,-125
5391,675
5392,675
5393,675
5394,675
5395,675
5396,675
5397,675
5398,675
5399,675
5400,675
5401,675
5402,675
5403,675
5404,675
5405,675
5406,675
5407,675
5408,675
5409,675
5410,675
5411,675
5412,675
5413,675
5414,675
5415,675
5416,675
5417,675
5418,675
5419,675
5420,675
5421,675
5422,675
5423,675
5424,675
5425,675
5426,675
5427,675
5428,675
5429,675
5430,675
5431,675
5432,675
5433,675
5434,675
5435,675
5436,675
5437,675
5438,675
5439,675
5440,675
5441,675
5442,675
5443,675
5444,675
5445,675
5446,675
5447,675
5448,675
5449,675
5450,675
5451,675
5452,675
5453,675
5454,675
5455,675
5456,675
5457,675
5458,675
5459,675
5460,675
5461,675
5462,675
5463,675
5464,675
5465,675
5466,675
5467,675
5468,675
5469,675
5470,625
5471,675
5472,675
5473,675
5474,675
5475,675
5476,675
5477,675
5478,675
5479,675
5480,675
5481,675
5482,675
5483,675
5484,675
5485,675
5486,675
5487,675
5488,675
5489,675
5490,675
5491,675
5492,675
5493,675
5494,675
5495,675
5496,675
5497,675
5498,675
5499,675
5500,675
5501,625
5502,675
5503,625
5504,675
5505,675
5506,675
5507,675
5508,675
5509,675
5510,675
5511,675
5512,675
5513,675
5514,675
5515,675
5516,675
5517,675
5518,675
5519,675
5520,675
5521,675
5522,675
5523,675
5524,675
5525,675
5526,675
5527,675
5528,675
5529,675
5530,675
5531,675
5532,675
5533,675
5534,675
5535,675
5536,675
5537,675
5538,675
5539,675
5540,675
5541,675
5542,675
5543,675
5544,675
5545,675
5546,675
5547,675
5548,675
5549,675
5550,675
5551,675
5552,675
5553,675
5554,675
5555,675
5556,675
5557,675
5558,675
5559,675
5560,675
5561,675
5562,675
5563,675
5564,675
5565,675
5566,675
5567,675
5568,675
5569,675
5570,675
5571,675
5572,675
5573,675
5574,675
5575,675
5576,675
5577,675
5578,525
5579,675
5580,675
5581,675
5582,675
5583,675
5584,675
5585,673
5586,675
5587,675
5588,675
5589,675
5590,675
5591,675
5592,675
5593,675
5594,675
5595,675
5596,675
5597,675
5598,625
5599,675
5600,675
5601,675
5602,675
5603,675
5604,675
5605,675
5606,675
5607,675
5608,675
5609,675
5610,675
5611,675
5612,425
5613,675
5614,675
5615,675
5616,675
5617,675
5618,675
5619,675
5620,675
5621,675
5622,675
5623,625
5624,675
5625,675
5626,675
5627,675
5628,675
5629,675
5630,625
5631,675
5632,675
5633,675
5634,675
5635,675
5636,675
5637,675
5638,675
5639,675
5640,675
5641,675
5642,675
5643,675
5644,625
5645,675
5646,675
5647,675
5648,675
5649,675
5650,675
5651,675
5652,675
5653,675
5654,675
5655,675
5656,675
5657,675
5658,675
5659,675
5660,675
5661,675
5662,675
5663,675
5664,675
5665,675
5666,675
5667,675
5668,675
5669,675
5670,675
5671,675
5672,675
5673,675
5674,675
5675,675
5676,675
5677,675
5678,675
5679,675
5680,675
5681,675
5682,675
5683,675
5684,675
5685,675
5686,675
5687,675
5688,675
5689,675
5690,675
5691,675
5692,675
5693,675
5694,675
5695,675
5696,675
5697,675
5698,675
5699,675
5700,675
5701,675
5702,675
5703,675
5704,675
5705,675
5706,675
5707,675
5708,675
5709,675
5710,675
5711,675
5712,675
5713,675
5714,675
5715,675
5716,675
5717,675
5718,675
5719,675
5720,675
5721,675
5722,675
5723,675
5724,675
5725,675
5726,675
5727,675
5728,675
5729,675
5730,675
5731,675
5732,675
5733,675
5734,675
5735,675
5736,675
5737,675
5738,675
5739,675
5740,675
5741,673
5742,675
5743,675
5744,675
5745,675
5746,675
5747,675
5748,675
5749,675
5750,675
5751,675
5752,675
5753,675
5754,675
5755,675
5756,675
5757,675
5758,675
5759,675
5760,675
5761,675
5762,675
5763,-125
5764,675
5765,675
5766,675
5767,675
5768,675
5769,675
5770,675
5771,675
5772,675
5773,675
5774,675
5775,675
5776,675
5777,675
5778,675
5779,675
5780,675
5781,675
5782,675
5783,675
5784,675
5785,675
5786,675
5787,675
5788,675
5789,675
5790,675
5791,675
5792,675
5793,625
5794,675
5795,675
5796,675
5797,675
5798,675
5799,675
5800,675
5801,675
5802,675
5803,675
5804,675
5805,675
5806,675
5807,675
5808,675
5809,675
5810,675
5811,675
5812,525
5813,675
5814,675
5815,675
5816,675
5817,675
5818,675
5819,675
5820,675
5821,675
5822,675
5823,675
5824,675
5825,675
5826,675
5827,675
5828,675
5829,675
5830,675
5831,675
5832,675
5833,675
5834,675
5835,675
5836,675
5837,675
5838,675
5839,675
5840,675
5841,625
5842,675
5843,675
5844,675
5845,675
5846,675
5847,675
5848,675
5849,675
5850,675
5851,675
5852,675
5853,675
5854,675
5855,675
5856,675
5857,675
5858,675
5859,675
5860,675
5861,675
5862,675
5863,675
5864,675
5865,675
5866,675
5867,675
5868,675
5869,675
5870,675
5871,675
5872,675
5873,675
5874,675
5875,675
5876,675
5877,675
5878,675
5879,675
5880,675
5881,675
5882,675
5883,675
5884,675
5885,675
5886,675
5887,675
5888,675
5889,675
5890,675
5891,675
5892,675
5893,675
5894,675
5895,675
5896,675
5897,675
5898,675
5899,675
5900,675
5901,675
5902,675
5903,675
5904,675
5905,675
5906,675
5907,675
5908,675
5909,675
5910,675
5911,675
5912,675
5913,675
5914,675
5915,675
5916,675
5917,675
5918,675
5919,675
5920,675
5921,675
5922,675
5923,675
5924,675
5925,675
5926,675
5927,675
5928,675
5929,675
5930,675
5931,675
5932,675
5933,675
5934,675
5935,675
5936,675
5937,675
5938,675
5939,675
5940,675
5941,675
5942,675
5943,675
5944,675
5945,675
5946,675
5947,675
5948,625
5949,675
5950,675
5951,675
5952,675
5953,675
5954,675
5955,675
5956,675
5957,675
5958,675
5959,675
5960,675
5961,625
5962,675
5963,675
5964,675
5965,675
5966,675
5967,675
5968,675
5969,675
5970,675
5971,675
5972,675
5973,675
5974,675
5975,675
5976,675
5977,675
5978,675
5979,675
5980,675
5981,675
5982,675
5983,675
5984,675
5985,675
5986,675
5987,675
5988,675
5989,675
5990,675
5991,675
5992,675
5993,675
5994,625
5995,675
5996,675
5997,675
5998,675
5999,675
6000,675
6001,675
6002,675
6003,675
6004,675
6005,675
6006,675
6007,675
6008,675
6009,675
6010,675
6011,675
6012,675
6013,675
6014,675
6015,675
6016,675
6017,675
6018,675
6019,675
6020,675
6021,675
6022,-125
6023,675
6024,675
6025,675
6026,675
6027,675
6028,675
6029,675
6030,675
6031,675
6032,675
6033,625
6034,675
6035,675
6036,675
6037,675
6038,675
6039,675
6040,675
6041,675
6042,675
6043,675
6044,675
6045,673
6046,675
6047,675
6048,675
6049,675
6050,675
6051,675
6052,675
6053,675
6054,675
6055,675
6056,675
6057,675
6058,675
6059,675
6060,675
6061,675
6062,675
6063,675
6064,675
6065,675
6066,675
6067,675
6068,625
6069,675
6070,675
6071,675
6072,675
6073,675
6074,673
6075,675
6076,675
6077,675
6078,675
6079,675
6080,675
6081,675
6082,675
6083,675
6084,675
6085,675
6086,675
6087,675
6088,675
6089,675
6090,675
6091,675
6092,675
6093,675
6094,675
6095,675
6096,675
6097,675
6098,675
6099,675
6100,675
6101,675
6102,675
6103,675
6104,675
6105,675
6106,675
6107,675
6108,675
6109,675
6110,675
6111,675
6112,675
6113,675
6114,675
6115,675
6116,675
6117,675
6118,675
6119,675
6120,675
6121,675
6122,675
6123,675
6124,675
6125,675
6126,675
6127,675
6128,675
6129,675
6130,675
6131,675
6132,675
6133,675
6134,675
6135,675
6136,675
6137,675
6138,675
6139,675
6140,675
6141,575
6142,675
6143,675
6144,675
6145,675
6146,675
6147,675
6148,675
6149,675
6150,675
6151,675
6152,675
6153,675
6154,675
6155,675
6156,675
6157,675
6158,675
6159,675
6160,675
6161,675
6162,675
6163,675
6164,675
6165,675
6166,675
6167,675
6168,675
6169,675
6170,675
6171,675
6172,675
6173,675
6174,675
6175,675
6176,675
6177,675
6178,675
6179,675
6180,675
6181,675
6182,675
6183,675
6184,675
6185,675
6186,675
6187,675
6188,675
6189,675
6190,675
6191,675
6192,675
6193,675
6194,675
6195,675
6196,675
6197,675
6198,675
6199,675
6200,675
6201,675
6202,675
6203,675
6204,575
6205,675
6206,675
6207,675
6208,675
6209,675
6210,675
6211,675
6212,675
6213,675
6214,675
6215,675
6216,675
6217,675
6218,575
6219,675
6220,675
6221,675
6222,675
6223,675
6224,675
6225,675
6226,675
6227,675
6228,675
6229,675
6230,675
6231,675
6232,675
6233,675
6234,675
6235,675
6236,675
6237,675
6238,675
6239,675
6240,675
6241,675
6242,675
6243,675
6244,675
6245,675
6246,675
6247,675
6248,675
6249,675
6250,675
6251,675
6252,675
6253,-75
6254,675
6255,625
6256,675
6257,675
6258,675
6259,675
6260,675
6261,675
6262,675
6263,675
6264,675
6265,675
6266,675
6267,675
6268,675
6269,675
6270,675
6271,675
6272,675
6273,675
6274,675
6275,675
6276,675
6277,675
6278,675
6279,675
6280,675
6281,675
6282,675
6283,675
6284,675
6285,675
6286,675
6287,675
6288,675
6289,675
6290,675
6291,675
6292,675
6293,675
6294,675
6295,675
6296,675
6297,675
6298,675
6299,675
6300,675
6301,675
6302,675
6303,675
6304,675
6305,675
6306,675
6307,675
6308,675
6309,675
6310,675
6311,675
6312,675
6313,675
6314,675
6315,675
6316,675
6317,675
6318,675
6319,675
6320,675
6321,675
6322,625
6323,675
6324,675
6325,675
6326,675
6327,675
6328,675
6329,675
6330,675
6331,675
6332,675
6333,675
6334,675
6335,675
6336,675
6337,675
6338,675
6339,675
6340,675
6341,675
6342,675
6343,675
6344,675
6345,675
6346,675
6347,675
6348,675
6349,675
6350,675
6351,675
6352,675
6353,675
6354,675
6355,675
6356,675
6357,675
6358,675
6359,675
6360,675
6361,675
6362,675
6363,675
6364,525
6365,675
6366,675
6367,675
6368,675
6369,675
6370,675
6371,-25
6372,675
6373,675
6374,675
6375,675
6376,675
6377,675
6378,675
6379,675
6380,675
6381,675
6382,675
6383,675
6384,675
6385,675
6386,675
6387,675
6388,675
6389,675
6390,675
6391,675
6392,675
6393,675
6394,675
6395,675
6396,675
6397,675
6398,675
6399,675
6400,575
6401,675
6402,675
6403,675
6404,675
6405,675
6406,675
6407,675
6408,675
6409,675
6410,675
6411,675
6412,675
6413,675
6414,675
6415,675
6416,675
6417,675
6418,675
6419,675
6420,675
6421,675
6422,675
6423,675
6424,675
6425,675
6426,675
6427,675
6428,675
6429,675
6430,675
6431,675
6432,675
6433,675
6434,675
6435,675
6436,675
6437,675
6438,675
6439,675
6440,675
6441,675
6442,675
6443,675
6444,675
6445,675
6446,675
6447,675
6448,675
6449,675
6450,675
6451,675
6452,675
6453,675
6454,675
6455,675
6456,675
6457,675
6458,675
6459,675
6460,675
6461,675
6462,675
6463,675
6464,675
6465,675
6466,675
6467,675
6468,675
6469,675
6470,-125
6471,675
6472,675
6473,675
6474,675
6475,675
6476,675
6477,675
6478,675
6479,675
6480,675
6481,675
6482,675
6483,575
6484,675
6485,675
6486,675
6487,675
6488,675
6489,675
6490,675
6491,675
6492,675
6493,675
6494,675
6495,675
6496,675
6497,675
6498,675
6499,675
6500,675
6501,675
6502,675
6503,675
6504,675
6505,675
6506,675
6507,675
6508,675
6509,675
6510,675
6511,675
6512,675
6513,675
6514,625
6515,675
6516,675
6517,675
6518,675
6519,675
6520,675
6521,675
6522,675
6523,675
6524,675
6525,675
6526,675
6527,675
6528,675
6529,675
6530,675
6531,675
6532,675
6533,675
6534,675
6535,675
6536,675
6537,675
6538,675
6539,675
6540,675
6541,675
6542,675
6543,675
6544,675
6545,675
6546,675
6547,675
6548,675
6549,675
6550,675
6551,675
6552,675
6553,675
6554,675
6555,675
6556,675
6557,675
6558,675
6559,675
6560,675
6561,675
6562,675
6563,675
6564,675
6565,675
6566,675
6567,675
6568,675
6569,675
6570,675
6571,675
6572,675
6573,675
6574,675
6575,675
6576,675
6577,675
6578,675
6579,675
6580,675
6581,675
6582,675
6583,675
6584,675
6585,675
6586,675
6587,675
6588,675
6589,675
6590,675
6591,675
6592,675
6593,675
6594,675
6595,675
6596,675
6597,675
6598,675
6599,675
6600,675
6601,675
6602,675
6603,625
6604,675
6605,625
6606,675
6607,675
6608,675
6609,675
6610,425
6611,675
6612,675
6613,675
6614,675
6615,675
6616,675
6617,675
6618,675
6619,675
6620,675
6621,675
6622,675
6623,675
6624,675
6625,675
6626,625
6627,675
6628,675
6629,675
6630,675
6631,675
6632,675
6633,675
6634,675
6635,675
6636,675
6637,675
6638,623
6639,675
6640,675
6641,675
6642,675
6643,675
6644,675
6645,675
6646,675
6647,675
6648,675
6649,675
6650,675
6651,675
6652,675
6653,675
6654,675
6655,675
6656,675
6657,675
6658,675
6659,675
6660,675
6661,675
6662,675
6663,675
6664,675
6665,675
6666,675
6667,675
6668,675
6669,675
6670,675
6671,675
6672,675
6673,675
6674,675
6675,675
6676,675
6677,675
6678,675
6679,675
6680,675
6681,675
6682,675
6683,675
6684,675
6685,675
6686,675
6687,675
6688,675
6689,675
6690,675
6691,675
6692,675
6693,675
6694,675
6695,675
6696,675
6697,675
6698,675
6699,675
6700,675
6701,675
6702,675
6703,675
6704,675
6705,675
6706,675
6707,675
6708,675
6709,675
6710,-75
6711,675
6712,675
6713,675
6714,675
6715,675
6716,675
6717,675
6718,675
6719,675
6720,675
6721,675
6722,675
6723,675
6724,-25
6725,675
6726,675
6727,675
6728,675
6729,675
6730,675
6731,675
6732,675
6733,675
6734,675
6735,675
6736,675
6737,675
6738,675
6739,675
6740,675
6741,675
6742,675
6743,675
6744,675
6745,675
6746,675
6747,675
6748,675
6749,625
6750,675
6751,675
6752,675
6753,675
6754,675
6755,675
6756,675
6757,675
6758,675
6759,675
6760,675
6761,675
6762,675
6763,675
6764,675
6765,675
6766,675
6767,675
6768,675
6769,675
6770,675
6771,675
6772,675
6773,675
6774,675
6775,675
6776,675
6777,675
6778,675
6779,675
6780,675
6781,675
6782,675
6783,675
6784,675
6785,675
6786,675
6787,675
6788,675
6789,675
6790,675
6791,675
6792,675
6793,675
6794,675
6795,675
6796,675
6797,675
6798,673
6799,675
6800,625
6801,675
6802,675
6803,675
6804,675
6805,675
6806,675
6807,675
6808,675
6809,675
6810,675
6811,675
6812,675
6813,675
6814,675
6815,675
6816,675
6817,675
6818,575
6819,675
6820,675
6821,675
6822,675
6823,675
6824,675
6825,675
6826,675
6827,675
6828,675
6829,675
6830,675
6831,675
6832,675
6833,675
6834,675
6835,675
6836,675
6837,675
6838,675
6839,675
6840,675
6841,675
6842,675
6843,675
6844,675
6845,675
6846,675
6847,675
6848,675
6849,675
6850,675
6851,675
6852,675
6853,675
6854,675
6855,675
6856,673
6857,675
6858,675
6859,675
6860,675
6861,675
6862,675
6863,675
6864,675
6865,675
6866,675
6867,675
6868,675
6869,675
6870,675
6871,675
6872,675
6873,675
6874,675
6875,675
6876,675
6877,675
6878,675
6879,675
6880,675
6881,675
6882,675
6883,675
6884,675
6885,675
6886,675
6887,675
6888,675
6889,675
6890,675
6891,675
6892,675
6893,675
6894,675
6895,675
6896,675
6897,675
6898,675
6899,675
6900,675
6901,675
6902,675
6903,675
6904,675
6905,675
6906,675
6907,675
6908,675
6909,675
6910,675
6911,675
6912,675
6913,675
6914,675
6915,675
6916,675
6917,675
6918,675
6919,675
6920,675
6921,675
6922,675
6923,675
6924,675
6925,675
6926,675
6927,675
6928,675
6929,675
6930,675
6931,675
6932,675
6933,675
6934,675
6935,675
6936,675
6937,675
6938,675
6939,675
6940,675
6941,675
6942,675
6943,675
6944,675
6945,675
6946,675
6947,675
6948,675
6949,675
6950,675
6951,675
6952,675
6953,675
6954,675
6955,675
6956,675
6957,675
6958,673
6959,675
6960,675
6961,675
6962,675
6963,675
6964,675
6965,675
6966,675
6967,675
6968,675
6969,675
6970,675
6971,675
6972,-75
6973,675
6974,675
6975,675
6976,675
6977,675
6978,675
6979,675
6980,675
6981,675
6982,675
6983,575
6984,675
6985,675
6986,675
6987,675
6988,675
6989,675
6990,675
6991,675
6992,675
6993,675
6994,675
6995,675
6996,675
6997,675
6998,675
6999,575
7000,625
7001,675
7002,675
7003,675
7004,675
7005,675
7006,675
7007,675
7008,675
7009,675
7010,675
7011,675
7012,675
7013,675
7014,675
7015,675
7016,675
7017,675
7018,675
7019,675
7020,675
7021,675
7022,675
7023,675
7024,675
7025,675
7026,675
7027,675
7028,675
7029,675
7030,675
7031,675
7032,675
7033,-25
7034,675
7035,675
7036,675
7037,675
7038,675
7039,675
7040,675
7041,675
7042,675
7043,675
7044,675
7045,675
7046,675
7047,675
7048,675
7049,675
7050,675
7051,675
7052,675
7053,675
7054,675
7055,675
7056,625
7057,675
7058,675
7059,675
7060,675
7061,675
7062,675
7063,675
7064,675
7065,675
7066,675
7067,675
7068,675
7069,675
7070,675
7071,675
7072,675
7073,675
7074,675
7075,675
7076,675
7077,675
7078,675
7079,675
7080,675
7081,675
7082,675
7083,675
7084,675
7085,675
7086,675
7087,675
7088,675
7089,625
7090,675
7091,675
7092,675
7093,675
7094,675
7095,675
7096,675
7097,675
7098,675
7099,675
7100,675
7101,675
7102,675
7103,675
7104,675
7105,675
7106,675
7107,675
7108,675
7109,675
7110,675
7111,675
7112,675
7113,675
7114,675
7115,675
7116,675
7117,675
7118,525
7119,675
7120,675
7121,675
7122,675
7123,675
7124,675
7125,675
7126,675
7127,675
7128,675
7129,675
7130,675
7131,675
7132,675
7133,675
7134,675
7135,675
7136,675
7137,675
7138,675
7139,675
7140,675
7141,675
7142,675
7143,675
7144,675
7145,675
7146,675
7147,675
7148,675
7149,673
7150,675
7151,675
7152,675
7153,675
7154,675
7155,675
7156,675
7157,675
7158,675
7159,675
7160,675
7161,675
7162,675
7163,675
7164,675
7165,675
7166,675
7167,675
7168,675
7169,675
7170,675
7171,675
7172,675
7173,675
7174,675
7175,675
7176,675
7177,675
7178,675
7179,675
7180,675
7181,675
7182,675
7183,675
7184,675
7185,675
7186,675
7187,675
7188,675
7189,675
7190,675
7191,673
7192,675
7193,675
7194,675
7195,675
7196,675
7197,675
7198,675
7199,675
7200,625
7201,675
7202,675
7203,675
7204,675
7205,675
7206,675
7207,675
7208,675
7209,675
7210,675
7211,675
7212,675
7213,675
7214,675
7215,675
7216,675
7217,675
7218,675
7219,675
7220,675
7221,675
7222,675
7223,675
7224,675
7225,675
7226,675
7227,675
7228,675
7229,675
7230,675
7231,675
7232,675
7233,675
7234,675
7235,675
7236,675
7237,675
7238,675
7239,675
7240,675
7241,675
7242,675
7243,675
7244,675
7245,675
7246,675
7247,675
7248,675
7249,675
7250,675
7251,675
7252,675
7253,675
7254,675
7255,675
7256,675
7257,625
7258,675
7259,675
7260,675
7261,675
7262,675
7263,675
7264,675
7265,675
7266,675
7267,675
7268,675
7269,675
7270,675
7271,623
7272,675
7273,675
7274,675
7275,675
7276,675
7277,675
7278,675
7279,675
7280,675
7281,675
7282,675
7283,675
7284,675
7285,675
7286,675
7287,675
7288,673
7289,675
7290,675
7291,675
7292,675
7293,675
7294,675
7295,675
7296,675
7297,675
7298,675
7299,675
7300,675
7301,675
7302,675
7303,675
7304,675
7305,675
7306,675
7307,675
7308,675
7309,675
7310,675
7311,675
7312,675
7313,675
7314,675
7315,675
7316,675
7317,675
7318,675
7319,675
7320,675
7321,675
7322,675
7323,675
7324,675
7325,675
7326,675
7327,675
7328,675
7329,675
7330,675
7331,675
7332,675
7333,675
7334,675
7335,675
7336,675
7337,675
7338,675
7339,675
7340,675
7341,675
7342,675
7343,675
7344,675
7345,675
7346,675
7347,675
7348,675
7349,675
7350,675
7351,675
7352,675
7353,675
7354,675
7355,675
7356,675
7357,675
7358,675
7359,675
7360,675
7361,675
7362,675
7363,675
7364,675
7365,675
7366,675
7367,675
7368,675
7369,675
7370,675
7371,675
7372,675
7373,675
7374,675
7375,675
7376,675
7377,675
7378,675
7379,675
7380,675
7381,675
7382,675
7383,675
7384,675
7385,675
7386,625
7387,675
7388,675
7389,675
7390,675
7391,675
7392,675
7393,675
7394,675
7395,675
7396,675
7397,675
7398,675
7399,675
7400,675
7401,675
7402,675
7403,525
7404,675
7405,675
7406,675
7407,675
7408,675
7409,675
7410,675
7411,675
7412,675
7413,675
7414,675
7415,675
7416,675
7417,675
7418,675
7419,675
7420,675
7421,675
7422,675
7423,675
7424,675
7425,675
7426,675
7427,675
7428,675
7429,675
7430,675
7431,675
7432,675
7433,675
7434,675
7435,675
7436,675
7437,675
7438,675
7439,675
7440,675
7441,675
7442,675
7443,675
7444,675
7445,675
7446,675
7447,675
7448,675
7449,675
7450,675
7451,675
7452,675
7453,675
7454,675
7455,675
7456,675
7457,675
7458,675
7459,675
7460,675
7461,675
7462,675
7463,675
7464,675
7465,675
7466,675
7467,675
7468,675
7469,675
7470,675
7471,675
7472,675
7473,675
7474,675
7475,675
7476,675
7477,675
7478,675
7479,675
7480,675
7481,675
7482,675
7483,675
7484,675
7485,675
7486,675
7487,675
7488,675
7489,675
7490,675
7491,675
7492,675
7493,675
7494,675
7495,675
7496,675
7497,675
7498,675
7499,675
7500,675
7501,675
7502,675
7503,675
7504,675
7505,675
7506,675
7507,675
7508,675
7509,675
7510,675
7511,675
7512,675
7513,675
7514,675
7515,675
7516,675
7517,675
7518,675
7519,675
7520,675
7521,675
7522,675
7523,675
7524,675
7525,675
7526,675
7527,675
7528,675
7529,675
7530,675
7531,675
7532,675
7533,675
7534,675
7535,675
7536,675
7537,675
7538,675
7539,675
7540,525
7541,675
7542,675
7543,675
7544,675
7545,675
7546,675
7547,675
7548,675
7549,675
7550,675
7551,675
7552,675
7553,675
7554,675
7555,675
7556,675
7557,675
7558,625
7559,675
7560,675
7561,675
7562,675
7563,675
7564,675
7565,675
7566,675
7567,675
7568,675
7569,675
7570,675
7571,-125
7572,675
7573,675
7574,675
7575,675
7576,675
7577,675
7578,675
7579,675
7580,675
7581,625
7582,675
7583,675
7584,675
7585,675
7586,675
7587,675
7588,675
7589,675
7590,675
7591,675
7592,675
7593,675
7594,675
7595,675
7596,675
7597,675
7598,675
7599,675
7600,675
7601,675
7602,675
7603,675
7604,675
7605,675
7606,675
7607,675
7608,675
7609,675
7610,675
7611,675
7612,675
7613,425
7614,675
7615,675
7616,675
7617,675
7618,675
7619,675
7620,675
7621,-125
7622,675
7623,675
7624,675
7625,675
7626,675
7627,675
7628,675
7629,675
7630,675
7631,675
7632,675
7633,675
7634,675
7635,675
7636,675
7637,675
7638,675
7639,675
7640,675
7641,675
7642,675
7643,675
7644,675
7645,675
7646,675
7647,675
7648,675
7649,675
7650,675
7651,675
7652,675
7653,675
7654,675
7655,675
7656,675
7657,675
7658,675
7659,675
7660,675
7661,675
7662,675
7663,675
7664,675
7665,675
7666,675
7667,675
7668,675
7669,675
7670,675
7671,675
7672,675
7673,675
7674,675
7675,675
7676,675
7677,675
7678,675
7679,675
7680,675
7681,675
7682,675
7683,675
7684,675
7685,675
7686,675
7687,675
7688,675
7689,675
7690,675
7691,675
7692,675
7693,675
7694,675
7695,675
7696,675
7697,675
7698,675
7699,675
7700,675
7701,675
7702,675
7703,675
7704,675
7705,675
7706,675
7707,675
7708,675
7709,675
7710,675
7711,675
7712,675
7713,675
7714,675
7715,675
7716,675
7717,675
7718,675
7719,675
7720,675
7721,675
7722,675
7723,675
7724,675
7725,675
7726,675
7727,675
7728,675
7729,675
7730,675
7731,675
7732,675
7733,675
7734,675
7735,675
7736,675
7737,675
7738,675
7739,675
7740,675
7741,675
7742,675
7743,675
7744,675
7745,675
7746,675
7747,675
7748,675
7749,675
7750,675
7751,675
7752,675
7753,675
7754,675
7755,675
7756,575
7757,675
7758,675
7759,675
7760,675
7761,675
7762,675
7763,675
7764,675
7765,675
7766,675
7767,675
7768,675
7769,675
7770,675
7771,625
7772,675
7773,675
7774,675
7775,675
7776,675
7777,675
7778,575
7779,675
7780,675
7781,675
7782,675
7783,675
7784,675
7785,675
7786,675
7787,675
7788,675
7789,675
7790,675
7791,675
7792,675
7793,625
7794,675
7795,675
7796,675
7797,675
7798,675
7799,675
7800,675
7801,675
7802,675
7803,675
7804,675
7805,675
7806,675
7807,675
7808,675
7809,675
7810,675
7811,675
7812,675
7813,675
7814,675
7815,675
7816,675
7817,675
7818,625
7819,675
7820,675
7821,675
7822,675
7823,675
7824,675
7825,675
7826,675
7827,675
7828,675
7829,675
7830,675
7831,675
7832,675
7833,675
7834,675
7835,675
7836,675
7837,675
7838,675
7839,675
7840,675
7841,673
7842,675
7843,675
7844,675
7845,675
7846,675
7847,675
7848,675
7849,675
7850,675
7851,675
7852,675
7853,675
7854,675
7855,675
7856,675
7857,675
7858,675
7859,675
7860,675
7861,675
7862,675
7863,675
7864,675
7865,675
7866,675
7867,675
7868,675
7869,675
7870,675
7871,675
7872,675
7873,675
7874,625
7875,675
7876,675
7877,675
7878,675
7879,675
7880,673
7881,675
7882,675
7883,675
7884,675
7885,675
7886,675
7887,675
7888,675
7889,675
7890,675
7891,675
7892,675
7893,675
7894,675
7895,675
7896,675
7897,675
7898,675
7899,675
7900,675
7901,675
7902,675
7903,675
7904,-75
7905,675
7906,675
7907,675
7908,675
7909,675
7910,675
7911,675
7912,675
7913,675
7914,675
7915,675
7916,675
7917,675
7918,675
7919,575
7920,675
7921,675
7922,675
7923,675
7924,675
7925,675
7926,675
7927,675
7928,675
7929,675
7930,675
7931,675
7932,675
7933,675
7934,675
7935,675
7936,675
7937,675
7938,675
7939,675
7940,675
7941,675
7942,675
7943,675
7944,675
7945,675
7946,675
7947,675
7948,675
7949,675
7950,675
7951,675
7952,675
7953,675
7954,675
7955,675
7956,675
7957,675
7958,675
7959,675
7960,675
7961,675
7962,675
7963,675
7964,675
7965,675
7966,675
7967,675
7968,675
7969,675
7970,675
7971,675
7972,675
7973,675
7974,675
7975,675
7976,675
7977,675
7978,675
7979,675
7980,675
7981,675
7982,675
7983,675
7984,675
7985,675
7986,675
7987,675
7988,675
7989,675
7990,675
7991,675
7992,-75
7993,675
7994,675
7995,675
7996,675
7997,675
7998,675
7999,675
8000,675
8001,675
8002,675
8003,675
8004,675
8005,675
8006,675
8007,675
8008,675
8009,675
8010,675
8011,675
8012,675
8013,675
8014,675
8015,675
8016,675
8017,675
8018,675
8019,675
8020,675
8021,675
8022,675
8023,675
8024,625
8025,675
8026,675
8027,675
8028,675
8029,675
8030,675
8031,675
8032,675
8033,675
8034,675
8035,675
8036,675
8037,675
8038,675
8039,675
8040,675
8041,675
8042,675
8043,675
8044,675
8045,625
8046,675
8047,675
8048,625
8049,675
8050,675
8051,675
8052,675
8053,675
8054,675
8055,675
8056,675
8057,675
8058,675
8059,675
8060,675
8061,675
8062,675
8063,675
8064,675
8065,675
8066,675
8067,675
8068,675
8069,675
8070,673
8071,675
8072,675
8073,675
8074,675
8075,-127
8076,675
8077,675
8078,675
8079,675
8080,673
8081,675
8082,675
8083,675
8084,675
8085,675
8086,675
8087,675
8088,675
8089,675
8090,675
8091,675
8092,675
8093,675
8094,675
8095,675
8096,675
8097,675
8098,675
8099,675
8100,675
8101,675
8102,675
8103,675
8104,675
8105,675
8106,675
8107,675
8108,675
8109,675
8110,675
8111,675
8112,675
8113,675
8114,675
8115,675
8116,675
8117,675
8118,675
8119,675
8120,675
8121,675
8122,675
8123,675
8124,625
8125,675
8126,675
8127,675
8128,675
8129,675
8130,675
8131,675
8132,625
8133,675
8134,675
8135,675
8136,675
8137,675
8138,675
8139,675
8140,675
8141,675
8142,675
8143,675
8144,675
8145,675
8146,673
8147,675
8148,675
8149,675
8150,675
8151,675
8152,675
8153,675
8154,675
8155,675
8156,675
8157,675
8158,675
8159,675
8160,675
8161,675
8162,675
8163,675
8164,675
8165,675
8166,675
8167,675
8168,675
8169,675
8170,675
8171,675
8172,675
8173,-75
8174,675
8175,675
8176,675
8177,675
8178,675
8179,675
8180,675
8181,675
8182,675
8183,675
8184,675
8185,675
8186,675
8187,675
8188,675
8189,675
8190,675
8191,675
8192,673
8193,675
8194,675
8195,675
8196,675
8197,675
8198,675
8199,675
8200,525
8201,675
8202,675
8203,675
8204,675
8205,675
8206,675
8207,675
8208,675
8209,675
8210,675
8211,675
8212,675
8213,675
8214,675
8215,675
8216,675
8217,675
8218,675
8219,675
8220,675
8221,675
8222,625
8223,675
8224,575
8225,675
8226,675
8227,675
8228,675
8229,675
8230,675
8231,675
8232,675
8233,675
8234,675
8235,675
8236,675
8237,675
8238,675
8239,675
8240,675
8241,675
8242,675
8243,675
8244,675
8245,675
8246,675
8247,675
8248,675
8249,675
8250,675
8251,675
8252,675
8253,625
8254,675
8255,675
8256,675
8257,675
8258,675
8259,675
8260,675
8261,675
8262,675
8263,-125
8264,675
8265,675
8266,673
8267,675
8268,675
8269,675
8270,675
8271,675
8272,675
8273,675
8274,675
8275,675
8276,675
8277,675
8278,675
8279,675
8280,675
8281,675
8282,675
8283,675
8284,675
8285,675
8286,675
8287,675
8288,675
8289,675
8290,675
8291,675
8292,675
8293,675
8294,675
8295,675
8296,675
8297,675
8298,675
8299,675
8300,675
8301,675
8302,675
8303,675
8304,675
8305,675
8306,675
8307,675
8308,675
8309,675
8310,675
8311,675
8312,675
8313,675
8314,675
8315,675
8316,675
8317,675
8318,675
8319,675
8320,675
8321,675
8322,675
8323,675
8324,675
8325,675
8326,675
8327,675
8328,675
8329,673
8330,675
8331,675
8332,675
8333,675
8334,675
8335,675
8336,675
8337,675
8338,675
8339,675
8340,625
8341,675
8342,675
8343,675
8344,675
8345,-25
8346,675
8347,675
8348,675
8349,675
8350,675
8351,675
8352,675
8353,675
8354,675
8355,675
8356,675
8357,675
8358,675
8359,675
8360,675
8361,675
8362,675
8363,675
8364,675
8365,675
8366,675
8367,675
8368,675
8369,675
8370,675
8371,675
8372,675
8373,675
8374,675
8375,675
8376,675
8377,675
8378,675
8379,675
8380,675
8381,675
8382,675
8383,675
8384,675
8385,675
8386,675
8387,675
8388,675
8389,675
8390,675
8391,675
8392,675
8393,675
8394,675
8395,675
8396,675
8397,675
8398,675
8399,675
8400,675
8401,675
8402,675
8403,675
8404,675
8405,625
8406,675
8407,675
8408,675
8409,675
8410,675
8411,675
8412,675
8413,675
8414,675
8415,675
8416,675
8417,675
8418,675
8419,675
8420,675
8421,675
8422,675
8423,675
8424,675
8425,675
8426,675
8427,675
8428,675
8429,675
8430,675
8431,675
8432,675
8433,675
8434,675
8435,675
8436,675
8437,675
8438,675
8439,675
8440,675
8441,675
8442,675
8443,675
8444,675
8445,675
8446,675
8447,675
8448,675
8449,675
8450,675
8451,675
8452,675
8453,675
8454,675
8455,675
8456,675
8457,675
8458,675
8459,675
8460,675
8461,675
8462,675
8463,675
8464,625
8465,675
8466,675
8467,675
8468,675
8469,675
8470,675
8471,675
8472,625
8473,675
8474,675
8475,675
8476,675
8477,675
8478,675
8479,675
8480,675
8481,675
8482,673
8483,675
8484,675
8485,675
8486,675
8487,675
8488,673
8489,675
8490,675
8491,675
8492,675
8493,675
8494,675
8495,675
8496,675
8497,675
8498,675
8499,675
8500,675
8501,675
8502,675
8503,675
8504,675
8505,675
8506,675
8507,675
8508,675
8509,675
8510,575
8511,675
8512,675
8513,675
8514,675
8515,675
8516,675
8517,675
8518,675
8519,675
8520,675
8521,675
8522,675
8523,675
8524,675
8525,675
8526,675
8527,675
8528,675
8529,675
8530,675
8531,675
8532,675
8533,675
8534,675
8535,675
8536,675
8537,675
8538,675
8539,675
8540,675
8541,675
8542,675
8543,675
8544,675
8545,675
8546,675
8547,675
8548,625
8549,675
8550,675
8551,675
8552,675
8553,675
8554,675
8555,675
8556,675
8557,675
8558,675
8559,675
8560,675
8561,675
8562,675
8563,675
8564,675
8565,675
8566,675
8567,675
8568,675
8569,675
8570,675
8571,675
8572,675
8573,675
8574,675
8575,675
8576,675
8577,675
8578,625
8579,675
8580,675
8581,675
8582,675
8583,675
8584,675
8585,675
8586,675
8587,675
8588,675
8589,675
8590,675
8591,675
8592,675
8593,575
8594,675
8595,675
8596,675
8597,675
8598,675
8599,675
8600,675
8601,675
8602,675
8603,675
8604,675
8605,675
8606,675
8607,675
8608,675
8609,675
8610,675
8611,675
8612,675
8613,675
8614,675
8615,675
8616,675
8617,675
8618,675
8619,675
8620,675
8621,675
8622,675
8623,675
8624,675
8625,675
8626,675
8627,675
8628,675
8629,675
8630,675
8631,675
8632,675
8633,675
8634,675
8635,675
8636,675
8637,675
8638,675
8639,675
8640,675
8641,675
8642,675
8643,675
8644,675
8645,675
8646,675
8647,675
8648,675
8649,675
8650,675
8651,675
8652,675
8653,675
8654,675
8655,675
8656,675
8657,675
8658,675
8659,675
8660,675
8661,625
8662,675
8663,675
8664,675
8665,675
8666,675
8667,675
8668,675
8669,675
8670,675
8671,675
8672,675
8673,675
8674,675
8675,675
8676,675
8677,675
8678,675
8679,675
8680,625
8681,675
8682,675
8683,675
8684,675
8685,675
8686,675
8687,675
8688,675
8689,675
8690,675
8691,675
8692,675
8693,675
8694,675
8695,675
8696,675
8697,675
8698,675
8699,675
8700,675
8701,675
8702,675
8703,675
8704,675
8705,675
8706,675
8707,675
8708,675
8709,675
8710,675
8711,675
8712,675
8713,675
8714,675
8715,675
8716,675
8717,675
8718,675
8719,625
8720,675
8721,675
8722,675
8723,675
8724,675
8725,675
8726,675
8727,675
8728,675
8729,675
8730,675
8731,675
8732,675
8733,675
8734,675
8735,675
8736,675
8737,675
8738,675
8739,675
8740,675
8741,675
8742,675
8743,675
8744,675
8745,675
8746,675
8747,675
8748,675
8749,-125
8750,625
8751,625
8752,675
8753,675
8754,675
8755,675
8756,675
8757,675
8758,675
8759,675
8760,675
8761,675
8762,675
8763,675
8764,675
8765,675
8766,675
8767,675
8768,675
8769,425
8770,675
8771,675
8772,675
8773,675
8774,675
8775,675
8776,625
8777,675
8778,675
8779,675
8780,675
8781,675
8782,675
8783,675
8784,675
8785,675
8786,675
8787,675
8788,675
8789,625
8790,675
8791,675
8792,675
8793,675
8794,675
8795,675
8796,675
8797,675
8798,675
8799,675
8800,675
8801,675
8802,675
8803,675
8804,675
8805,675
8806,675
8807,675
8808,675
8809,675
8810,675
8811,675
8812,675
8813,675
8814,675
8815,675
8816,675
8817,675
8818,675
8819,675
8820,675
8821,675
8822,675
8823,675
8824,675
8825,675
8826,675
8827,675
8828,625
8829,675
8830,675
8831,675
8832,675
8833,675
8834,675
8835,675
8836,675
8837,675
8838,675
8839,675
8840,675
8841,675
8842,675
8843,675
8844,675
8845,675
8846,675
8847,675
8848,675
8849,675
8850,675
8851,675
8852,675
8853,675
8854,675
8855,675
8856,675
8857,675
8858,675
8859,675
8860,675
8861,675
8862,675
8863,675
8864,675
8865,675
8866,675
8867,675
8868,675
8869,675
8870,675
8871,675
8872,675
8873,675
8874,675
8875,675
8876,675
8877,675
8878,675
8879,675
8880,675
8881,675
8882,675
8883,675
8884,675
8885,675
8886,675
8887,675
8888,675
8889,675
8890,675
8891,675
8892,625
8893,-75
8894,675
8895,675
8896,675
8897,675
8898,675
8899,675
8900,675
8901,675
8902,625
8903,675
8904,675
8905,675
8906,675
8907,675
8908,675
8909,675
8910,675
8911,675
8912,675
8913,675
8914,675
8915,675
8916,675
8917,675
8918,675
8919,675
8920,675
8921,675
8922,675
8923,673
8924,675
8925,675
8926,675
8927,675
8928,675
8929,675
8930,675
8931,675
8932,675
8933,675
8934,675
8935,675
8936,675
8937,675
8938,675
8939,675
8940,675
8941,675
8942,675
8943,-75
8944,675
8945,625
8946,675
8947,675
8948,675
8949,675
8950,675
8951,675
8952,675
8953,675
8954,675
8955,675
8956,675
8957,675
8958,675
8959,675
8960,675
8961,675
8962,675
8963,675
8964,675
8965,675
8966,675
8967,675
8968,675
8969,675
8970,675
8971,675
8972,675
8973,675
8974,675
8975,675
8976,675
8977,675
8978,675
8979,675
8980,675
8981,675
8982,675
8983,675
8984,675
8985,675
8986,675
8987,675
8988,675
8989,675
8990,675
8991,675
8992,675
8993,675
8994,675
8995,675
8996,675
8997,675
8998,675
8999,675
9000,675
9001,675
9002,675
9003,675
9004,675
9005,675
9006,425
9007,675
9008,675
9009,675
9010,675
9011,675
9012,675
9013,675
9014,675
9015,675
9016,675
9017,675
9018,675
9019,675
9020,675
9021,675
9022,675
9023,675
9024,675
9025,675
9026,675
9027,625
9028,675
9029,675
9030,675
9031,675
9032,675
9033,675
9034,675
9035,675
9036,675
9037,675
9038,675
9039,675
9040,675
9041,675
9042,675
9043,675
9044,675
9045,675
9046,675
9047,675
9048,675
9049,675
9050,675
9051,675
9052,675
9053,675
9054,675
9055,675
9056,675
9057,675
9058,675
9059,675
9060,675
9061,675
9062,675
9063,675
9064,575
9065,675
9066,675
9067,675
9068,675
9069,675
9070,675
9071,675
9072,675
9073,675
9074,675
9075,675
9076,675
9077,675
9078,675
9079,675
9080,675
9081,675
9082,675
9083,675
9084,675
9085,675
9086,675
9087,675
9088,575
9089,675
9090,675
9091,675
9092,675
9093,675
9094,675
9095,675
9096,675
9097,675
9098,675
9099,675
9100,675
9101,675
9102,675
9103,675
9104,675
9105,675
9106,675
9107,675
9108,675
9109,675
9110,675
9111,675
9112,675
9113,675
9114,675
9115,675
9116,675
9117,675
9118,675
9119,675
9120,675
9121,675
9122,675
9123,675
9124,675
9125,675
9126,675
9127,675
9128,675
9129,675
9130,675
9131,675
9132,675
9133,675
9134,675
9135,675
9136,675
9137,675
9138,675
9139,675
9140,675
9141,675
9142,675
9143,675
9144,675
9145,675
9146,675
9147,675
9148,675
9149,675
9150,675
9151,675
9152,675
9153,675
9154,675
9155,675
9156,675
9157,675
9158,675
9159,675
9160,675
9161,675
9162,675
9163,675
9164,675
9165,675
9166,675
9167,675
9168,675
9169,675
9170,675
9171,675
9172,675
9173,675
9174,675
9175,675
9176,675
9177,675
9178,675
9179,675
9180,675
9181,675
9182,675
9183,675
9184,675
9185,675
9186,675
9187,675
9188,675
9189,675
9190,675
9191,425
9192,675
9193,675
9194,675
9195,675
9196,675
9197,675
9198,675
9199,675
9200,675
9201,675
9202,675
9203,675
9204,675
9205,675
9206,675
9207,675
9208,675
9209,675
9210,675
9211,675
9212,675
9213,675
9214,675
9215,675
9216,675
9217,675
9218,675
9219,675
9220,675
9221,675
9222,675
9223,675
9224,675
9225,675
9226,675
9227,675
9228,675
9229,675
9230,675
9231,675
9232,675
9233,675
9234,675
9235,675
9236,675
9237,675
9238,675
9239,675
9240,675
9241,675
9242,675
9243,675
9244,675
9245,675
9246,675
9247,675
9248,675
9249,675
9250,675
9251,675
9252,675
9253,675
9254,675
9255,675
9256,675
9257,675
9258,675
9259,675
9260,675
9261,675
9262,675
9263,675
9264,675
9265,675
9266,675
9267,675
9268,675
9269,675
9270,675
9271,675
9272,675
9273,675
9274,675
9275,675
9276,675
9277,675
9278,675
9279,675
9280,675
9281,-75
9282,675
9283,675
9284,675
9285,675
9286,675
9287,675
9288,675
9289,675
9290,675
9291,675
9292,675
9293,675
9294,675
9295,675
9296,675
9297,675
9298,675
9299,675
9300,675
9301,675
9302,675
9303,673
9304,675
9305,675
9306,675
9307,675
9308,675
9309,675
9310,675
9311,675
9312,675
9313,675
9314,675
9315,625
9316,675
9317,675
9318,675
9319,675
9320,675
9321,675
9322,675
9323,675
9324,675
9325,675
9326,675
9327,675
9328,675
9329,675
9330,675
9331,675
9332,675
9333,675
9334,675
9335,675
9336,675
9337,675
9338,675
9339,675
9340,675
9341,675
9342,675
9343,675
9344,675
9345,675
9346,675
9347,675
9348,675
9349,675
9350,675
9351,675
9352,675
9353,675
9354,675
9355,675
9356,675
9357,675
9358,675
9359,675
9360,675
9361,675
9362,675
9363,675
9364,675
9365,673
9366,675
9367,675
9368,675
9369,675
9370,675
9371,625
9372,675
9373,675
9374,675
9375,675
9376,675
9377,675
9378,675
9379,675
9380,675
9381,675
9382,675
9383,675
9384,675
9385,675
9386,675
9387,675
9388,675
9389,675
9390,675
9391,675
9392,675
9393,675
9394,675
9395,675
9396,675
9397,675
9398,675
9399,675
9400,675
9401,675
9402,675
9403,675
9404,675
9405,675
9406,675
9407,675
9408,675
9409,675
9410,675
9411,675
9412,675
9413,675
9414,675
9415,675
9416,675
9417,675
9418,675
9419,675
9420,675
9421,675
9422,675
9423,675
9424,675
9425,675
9426,675
9427,675
9428,675
9429,675
9430,675
9431,675
9432,675
9433,675
9434,675
9435,675
9436,675
9437,675
9438,675
9439,675
9440,675
9441,675
9442,675
9443,675
9444,675
9445,675
9446,675
9447,675
9448,675
9449,675
9450,675
9451,675
9452,673
9453,625
9454,675
9455,675
9456,675
9457,675
9458,675
9459,675
9460,675
9461,675
9462,675
9463,675
9464,625
9465,675
9466,675
9467,675
9468,675
9469,675
9470,675
9471,675
9472,675
9473,675
9474,675
9475,675
9476,675
9477,675
9478,675
9479,675
9480,675
9481,675
9482,675
9483,675
9484,675
9485,675
9486,675
9487,675
9488,675
9489,675
9490,675
9491,675
9492,675
9493,675
9494,675
9495,675
9496,673
9497,675
9498,675
9499,675
9500,675
9501,675
9502,675
9503,675
9504,675
9505,675
9506,675
9507,675
9508,675
9509,675
9510,675
9511,675
9512,675
9513,675
9514,675
9515,675
9516,675
9517,675
9518,675
9519,675
9520,675
9521,675
9522,675
9523,675
9524,675
9525,675
9526,675
9527,675
9528,675
9529,675
9530,675
9531,675
9532,675
9533,675
9534,675
9535,675
9536,675
9537,675
9538,675
9539,675
9540,675
9541,675
9542,675
9543,675
9544,675
9545,675
9546,675
9547,675
9548,675
9549,675
9550,675
9551,675
9552,675
9553,675
9554,675
9555,675
9556,675
9557,675
9558,675
9559,675
9560,675
9561,673
9562,675
9563,675
9564,675
9565,675
9566,675
9567,675
9568,675
9569,675
9570,675
9571,675
9572,675
9573,675
9574,675
9575,675
9576,675
9577,675
9578,675
9579,675
9580,675
9581,675
9582,675
9583,675
9584,675
9585,675
9586,675
9587,675
9588,675
9589,675
9590,675
9591,675
9592,675
9593,675
9594,675
9595,675
9596,675
9597,675
9598,675
9599,675
9600,675
9601,675
9602,675
9603,675
9604,675
9605,675
9606,675
9607,675
9608,675
9609,675
9610,675
9611,675
9612,675
9613,675
9614,675
9615,675
9616,675
9617,675
9618,675
9619,675
9620,675
9621,675
9622,675
9623,675
9624,675
9625,675
9626,675
9627,-125
9628,675
9629,675
9630,675
9631,675
9632,675
9633,675
9634,675
9635,675
9636,675
9637,675
9638,675
9639,675
9640,675
9641,675
9642,675
9643,675
9644,675
9645,675
9646,675
9647,675
9648,675
9649,675
9650,675
9651,675
9652,675
9653,675
9654,675
9655,675
9656,675
9657,675
9658,675
9659,675
9660,675
9661,675
9662,675
9663,675
9664,675
9665,675
9666,675
9667,675
9668,675
9669,675
9670,675
9671,675
9672,675
9673,675
9674,675
9675,675
9676,675
9677,675
9678,675
9679,625
9680,675
9681,675
9682,675
9683,675
9684,675
9685,675
9686,675
9687,675
9688,675
9689,675
9690,675
9691,675
9692,675
9693,675
9694,675
9695,675
9696,425
9697,675
9698,675
9699,675
9700,675
9701,675
9702,675
9703,675
9704,675
9705,675
9706,675
9707,675
9708,675
9709,675
9710,675
9711,675
9712,675
9713,675
9714,675
9715,675
9716,675
9717,675
9718,675
9719,675
9720,675
9721,675
9722,675
9723,675
9724,675
9725,675
9726,675
9727,675
9728,675
9729,675
9730,675
9731,675
9732,675
9733,675
9734,675
9735,675
9736,675
9737,675
9738,675
9739,675
9740,675
9741,675
9742,675
9743,675
9744,675
9745,625
9746,675
9747,675
9748,675
9749,675
9750,675
9751,675
9752,675
9753,675
9754,675
9755,673
9756,675
9757,675
9758,675
9759,675
9760,675
9761,675
9762,-25
9763,675
9764,675
9765,675
9766,675
9767,675
9768,675
9769,675
9770,675
9771,675
9772,675
9773,675
9774,675
9775,675
9776,625
9777,675
9778,675
9779,675
9780,675
9781,675
9782,675
9783,675
9784,675
9785,675
9786,675
9787,675
9788,675
9789,675
9790,675
9791,675
9792,675
9793,675
9794,675
9795,675
9796,675
9797,675
9798,675
9799,675
9800,675
9801,675
9802,675
9803,675
9804,675
9805,675
9806,675
9807,675
9808,675
9809,675
9810,675
9811,675
9812,675
9813,675
9814,675
9815,675
9816,675
9817,675
9818,675
9819,675
9820,675
9821,675
9822,675
9823,675
9824,675
9825,675
9826,675
9827,675
9828,675
9829,675
9830,675
9831,675
9832,675
9833,675
9834,625
9835,675
9836,675
9837,675
9838,675
9839,675
9840,675
9841,675
9842,675
9843,675
9844,675
9845,675
9846,675
9847,675
9848,675
9849,675
9850,675
9851,673
9852,675
9853,675
9854,675
9855,675
9856,675
9857,675
9858,675
9859,675
9860,675
9861,675
9862,675
9863,675
9864,675
9865,675
9866,675
9867,675
9868,675
9869,675
9870,675
9871,675
9872,425
9873,675
9874,675
9875,625
9876,675
9877,675
9878,-125
9879,675
9880,675
9881,675
9882,675
9883,675
9884,675
9885,675
9886,675
9887,675
9888,675
9889,675
9890,675
9891,675
9892,625
9893,675
9894,675
9895,675
9896,675
9897,675
9898,675
9899,625
9900,625
9901,525
9902,675
9903,675
9904,625
9905,675
9906,675
9907,675
9908,675
9909,675
9910,675
9911,675
9912,675
9913,675
9914,675
9915,675
9916,675
9917,675
9918,675
9919,675
9920,675
9921,675
9922,675
9923,675
9924,675
9925,675
9926,675
9927,675
9928,675
9929,625
9930,675
9931,675
9932,675
9933,675
9934,675
9935,675
9936,675
9937,675
9938,675
9939,675
9940,675
9941,675
9942,675
9943,625
9944,675
9945,675
9946,675
9947,675
9948,675
9949,675
9950,675
9951,675
9952,675
9953,675
9954,675
9955,675
9956,675
9957,675
9958,675
9959,675
9960,675
9961,675
9962,675
9963,675
9964,675
9965,675
9966,675
9967,675
9968,675
9969,675
9970,675
9971,675
9972,675
9973,675
9974,675
9975,675
9976,675
9977,675
9978,675
9979,675
9980,675
9981,675
9982,675
9983,675
9984,673
9985,625
9986,675
9987,675
9988,675
9989,675
9990,675
9991,675
9992,675
9993,675
9994,675
9995,675
9996,675
9997,675
9998,675
9999,673
[[(4, 4), 0, -25], [(3, 4), 2, 50], [(3, 3), 2, 50], [(3, 2), 2, 250], [(3, 1), 0, 250], [(2, 1), 2, -25], [(2, 0), 0, -25], [(1, 0), 0, 150]]