0,-4419
1,-503
2,-1051
3,-113
4,-97
5,-993
6,-1117
7,-885
8,-371
9,-1117
10,-1117
11,-1117
12,-905
13,-1163
14,-135
15,-145
16,-1163
17,-433
18,-765
19,-305
20,-859
21,-99
22,-1071
23,-1163
24,-101
25,-1025
26,-1117
27,-85
28,-995
29,-523
30,-221
31,-1071
32,-231
33,-1117
34,-1163
35,-1083
36,-1025
37,-1025
38,-1117
39,-1117
40,-1071
41,-1117
42,-1025
43,-795
44,-739
45,-61
46,-173
47,-1209
48,-597
49,-1117
50,-443
51,-99
52,-321
53,-1025
54,-529
55,-1071
56,-57
57,-135
58,-359
59,-1113
60,-35
61,-931
62,-429
63,-437
64,-277
65,-485
66,-1163
67,-67
68,-853
69,-253
70,-1163
71,-429
72,-1071
73,-1025
74,-465
75,-439
76,-1117
77,-161
78,-1189
79,-1025
80,-1117
81,-723
82,-1163
83,-1071
84,-305
85,-1117
86,-1117
87,-1071
88,-1071
89,-1071
90,-1025
91,-1117
92,-187
93,-803
94,-1025
95,-449
96,-59
97,-1071
98,-1301
99,-1071
100,-1163
101,-509
102,-353
103,-589
104,-821
105,-603
106,-465
107,-1071
108,-1117
109,-193
110,-1117
111,-1117
112,-245
113,-873
114,-97
115,-171
116,-1025
117,-301
118,-629
119,-1071
120,-781
121,-129
122,-1025
123,-1209
124,-1025
125,-163
126,-463
127,-1071
128,-1071
129,-1071
130,-169
131,-1071
132,-637
133,-1071
134,-1071
135,-125
136,-831
137,-665
138,-1071
139,-571
140,-1003
141,-1071
142,-371
143,-1071
144,-1071
145,-489
146,-531
147,-761
148,-1071
149,-33
150,-91
151,-499
152,-533
153,-637
154,-1117
155,-313
156,-123
157,-1163
158,-1025
159,-771
160,-1163
161,-93
162,-565
163,-493
164,-1071
165,-63
166,-1071
167,-1027
168,-71
169,-673
170,-1117
171,-149
172,-1087
173,-517
174,-1163
175,-1071
176,-1117
177,-577
178,-1071
179,-1071
180,-1025
181,-1025
182,-215
183,-595
184,-1071
185,-655
186,-1071
187,-1025
188,-545
189,-1025
190,-1071
191,-1117
192,-53
193,-1163
194,-1007
195,-1025
196,-1071
197,-1067
198,-625
199,-1209
200,-1071
201,-1197
202,-1163
203,-1071
204,-145
205,-575
206,-131
207,-339
208,-1025
209,-877
210,-1117
211,-1209
212,-377
213,-1085
214,-1025
215,-1163
216,-673
217,-247
218,-1186
219,-543
220,-1025
221,-75
222,-293
223,-117
224,-1255
225,-1117
226,-699
227,-1209
228,-55
229,-283
230,-1025
231,-577
232,-623
233,-617
234,-217
235,-219
236,-1163
237,-639
238,-37
239,-1019
240,-1071
241,-147
242,-577
243,-807
244,-161
245,-767
246,-865
247,-335
248,-145
249,-1117
250,-1117
251,-759
252,-571
253,-939
254,-1117
255,-1071
256,-987
257,-1051
258,-1117
259,-1255
260,-577
261,-1163
262,-721
263,-1117
264,-1025
265,-1117
266,-1071
267,-1071
268,-483
269,-717
270,-783
271,-1221
272,-1117
273,-635
274,-43
275,-1025
276,-901
277,-1071
278,-1209
279,-297
280,-767
281,-859
282,-1025
283,-233
284,-1209
285,-1041
286,-227
287,-261
288,-29
289,-731
290,-1071
291,-765
292,-135
293,-1117
294,-205
295,-1209
296,-1209
297,-1255
298,-1071
299,-1071
300,-1163
301,-785
302,-1025
303,-1071
304,-1117
305,-971
306,-157
307,-675
308,-767
309,-1071
310,-1163
311,-171
312,-577
313,-583
314,-1019
315,-1071
316,-555
317,-499
318,-885
319,-1117
320,-1163
321,-69
322,-1025
323,-1117
324,-629
325,-359
326,-1025
327,-1117
328,-1051
329,-1025
330,-1025
331,-105
332,-509
333,-59
334,-1117
335,-181
336,-1117
337,-1117
338,-307
339,-45
340,-41
341,-1071
342,-1043
343,-1209
344,-311
345,-1071
346,-565
347,-209
348,-311
349,-1117
350,-1209
351,-171
352,-455
353,-937
354,-1117
355,-343
356,-47
357,-67
358,-1025
359,-67
360,-1117
361,-1071
362,-359
363,-1025
364,-857
365,-1071
366,-107
367,-663
368,-1071
369,-1117
370,-1071
371,-457
372,-107
373,-1071
374,-1071
375,-1048
376,-451
377,-963
378,-91
379,-1071
380,-1139
381,-1071
382,-1071
383,-1071
384,-1209
385,-1025
386,-1071
387,-1117
388,-861
389,-1163
390,-557
391,-225
392,-1021
393,-1087
394,-475
395,-1071
396,-821
397,-1025
398,-225
399,-401
400,-971
401,-459
402,-1071
403,-1025
404,-1255
405,-171
406,-1117
407,-349
408,-303
409,-471
410,-1117
411,-1071
412,-855
413,-97
414,-189
415,-1071
416,-1117
417,-261
418,-811
419,-265
420,-355
421,-1145
422,-841
423,-235
424,-405
425,-1143
426,-749
427,-747
428,-517
429,-1163
430,-1163
431,-1071
432,-583
433,-1071
434,-1071
435,-1071
436,-1117
437,-521
438,-51
439,-45
440,-1111
441,-1005
442,-1163
443,-1071
444,-1071
445,-329
446,-145
447,-905
448,-659
449,-85
450,-1209
451,-1209
452,-613
453,-1083
454,-245
455,-35
456,-1025
457,-383
458,-771
459,-289
460,-1163
461,-753
462,-833
463,-489
464,-43
465,-29
466,-669
467,-615
468,-1117
469,-1025
470,-213
471,-1071
472,-1025
473,-697
474,-833
475,-33
476,-1071
477,-1117
478,-99
479,-1071
480,-1025
481,-1071
482,-599
483,-551
484,-1035
485,-285
486,-1071
487,-1163
488,-641
489,-751
490,-1117
491,-1209
492,-981
493,-521
494,-145
495,-1117
496,-347
497,-1117
498,-667
499,-1117
[[(4, 4), 2, -25], [(4, 3), 1, -2], [(4, 3), 1, -2], [(4, 3), 1, -2], [(4, 3), 1, -2], [(4, 3), 1, -2], [(4, 3), 1, -2], [(4, 3), 1, -2], [(4, 3), 1, -2], [(4, 3), 1, -2], [(4, 3), 1, -2], [(4, 3), 1, -2], [(4, 3), 1, -2], [(4, 3), 1, -2], [(4, 3), 1, -2], [(4, 3), 1, -2], [(4, 3), 1, -2], [(4, 3), 1, -2], [(4, 3), 1, -2], [(4, 3), 1, -2], [(4, 3), 1, -2], [(4, 3), 1, -2], [(4, 3), 1, -2], [(4, 3), 1, -2], [(4, 3), 1, -2], [(4, 3), 1, -2], [(4, 3), 1, -2], [(4, 3), 1, -2], [(4, 3), 1, -2], [(4, 3), 1, -2], [(4, 3), 1, -2], [(4, 3), 1, -2], [(4, 3), 1, -2], [(4, 3), 1, -2], [(4, 3), 1, -2], [(4, 3), 1, -2], [(4, 3), 1, -2], [(4, 3), 1, -2], [(4, 3), 1, -2], [(4, 3), 1, -2], [(4, 3), 1, -2], [(4, 3), 1, -2], [(4, 3), 1, -2], [(4, 3), 1, -2], [(4, 3), 1, -2], [(4, 3), 1, -2], [(4, 3), 1, -2], [(4, 3), 1, -2], [(4, 3), 1, -2], [(4, 3), 1, -2], [(4, 3), 1, -2], [(4, 3), 1, -2], [(4, 3), 1, -2], [(4, 3), 0, -25], [(3, 3), 1, -25], [(4, 3), 1, -2], [(4, 3), 1, -2], [(4, 3), 1, -2], [(4, 3), 1, -2], [(4, 3), 1, -2], [(4, 3), 1, -2], [(4, 3), 1, -2], [(4, 3), 1, -2], [(4, 3), 1, -2], [(4, 3), 1, -2], [(4, 3), 1, -2], [(4, 3), 1, -2], [(4, 3), 1, -2], [(4, 3), 1, -2], [(4, 3), 1, -2], [(4, 3), 1, -2], [(4, 3), 1, -2], [(4, 3), 1, -2], [(4, 3), 1, -2], [(4, 3), 1, -2], [(4, 3), 1, -2], [(4, 3), 1, -2], [(4, 3), 1, -2], [(4, 3), 1, -2], [(4, 3), 1, -2], [(4, 3), 1, -2], [(4, 3), 1, -2], [(4, 3), 1, -2], [(4, 3), 1, -2], [(4, 3), 1, -2], [(4, 3), 1, -2], [(4, 3), 1, -2], [(4, 3), 1, -2], [(4, 3), 1, -2], [(4, 3), 1, -2], [(4, 3), 1, -2], [(4, 3), 1, -2], [(4, 3), 1, -2], [(4, 3), 1, -2], [(4, 3), 1, -2], [(4, 3), 1, -2], [(4, 3), 1, -2], [(4, 3), 1, -2], [(4, 3), 1, -2], [(4, 3), 1, -2], [(4, 3), 1, -2], [(4, 3), 1, -2], [(4, 3), 1, -2], [(4, 3), 1, -2], [(4, 3), 1, -2], [(4, 3), 1, -2], [(4, 3), 1, -2], [(4, 3), 1, -2], [(4, 3), 1, -2], [(4, 3), 1, -2], [(4, 3), 1, -2], [(4, 3), 1, -2], [(4, 3), 1, -2], [(4, 3), 1, -2], [(4, 3), 1, -2], [(4, 3), 1, -2], [(4, 3), 1, -2], [(4, 3), 1, -2], [(4, 3), 1, -2], [(4, 3), 1, -2], [(4, 3), 1, -2], [(4, 3), 1, -2], [(4, 3), 1, -2], [(4, 3), 1, -2], [(4, 3), 1, -2], [(4, 3), 1, -2], [(4, 3), 1, -2], [(4, 3), 1, -2], [(4, 3), 1, -2], [(4, 3), 1, -2], [(4, 3), 1, -2], [(4, 3), 1, -2], [(4, 3), 1, -2], [(4, 3), 1, -2], [(4, 3), 1, -2], [(4, 3), 1, -2], [(4, 3), 1, -2], [(4, 3), 1, -2], [(4, 3), 1, -2], [(4, 3), 1, -2], [(4, 3), 1, -2], [(4, 3), 1, -2], [(4, 3), 1, -2], [(4, 3), 1, -2], [(4, 3), 1, -2], [(4, 3), 1, -2], [(4, 3), 1, -2], [(4, 3), 1, -2], [(4, 3), 1, -2], [(4, 3), 1, -2], [(4, 3), 1, -2], [(4, 3), 1, -2], [(4, 3), 1, -2], [(4, 3), 1, -2], [(4, 3), 1, -2], [(4, 3), 1, -2], [(4, 3), 1, -2], [(4, 3), 1, -2], [(4, 3), 1, -2], [(4, 3), 1, -2], [(4, 3), 1, -2], [(4, 3), 1, -2], [(4, 3), 1, -2], [(4, 3), 1, -2], [(4, 3), 1, -2], [(4, 3), 1, -2], [(4, 3), 1, -2], [(4, 3), 1, -2], [(4, 3), 1, -2], [(4, 3), 1, -2], [(4, 3), 1, -2], [(4, 3), 1, -2], [(4, 3), 1, -2], [(4, 3), 1, -2], [(4, 3), 1, -2], [(4, 3), 1, -2], [(4, 3), 1, -2], [(4, 3), 1, -2], [(4, 3), 1, -2], [(4, 3), 1, -2], [(4, 3), 1, -2], [(4, 3), 1, -2], [(4, 3), 1, -2], [(4, 3), 1, -2], [(4, 3), 1, -2], [(4, 3), 1, -2], [(4, 3), 1, -2], [(4, 3), 1, -2], [(4, 3), 1, -2], [(4, 3), 1, -2], [(4, 3), 1, -2], [(4, 3), 1, -2], [(4, 3), 1, -2], [(4, 3), 1, -2], [(4, 3), 1, -2], [(4, 3), 1, -2], [(4, 3), 1, -2], [(4, 3), 1, -2], [(4, 3), 1, -2], [(4, 3), 1, -2], [(4, 3), 1, -2], [(4, 3), 1, -2], [(4, 3), 1, -2], [(4, 3), 1, -2], [(4, 3), 1, -2], [(4, 3), 1, -2], [(4, 3), 1, -2], [(4, 3), 1, -2], [(4, 3), 1, -2], [(4, 3), 1, -2], [(4, 3), 1, -2], [(4, 3), 1, -2], [(4, 3), 1, -2], [(4, 3), 1, -2], [(4, 3), 1, -2], [(4, 3), 1, -2], [(4, 3), 1, -2], [(4, 3), 1, -2], [(4, 3), 1, -2], [(4, 3), 1, -2], [(4, 3), 1, -2], [(4, 3), 1, -2], [(4, 3), 1, -2], [(4, 3), 1, -2], [(4, 3), 1, -2], [(4, 3), 1, -2], [(4, 3), 1, -2], [(4, 3), 1, -2], [(4, 3), 1, -2], [(4, 3), 1, -2], [(4, 3), 1, -2], [(4, 3), 1, -2], [(4, 3), 1, -2], [(4, 3), 1, -2], [(4, 3), 1, -2], [(4, 3), 1, -2], [(4, 3), 1, -2], [(4, 3), 1, -2], [(4, 3), 1, -2], [(4, 3), 1, -2], [(4, 3), 1, -2], [(4, 3), 1, -2], [(4, 3), 1, -2], [(4, 3), 1, -2], [(4, 3), 1, -2], [(4, 3), 1, -2], [(4, 3), 1, -2], [(4, 3), 1, -2], [(4, 3), 1, -2], [(4, 3), 1, -2], [(4, 3), 1, -2], [(4, 3), 1, -2], [(4, 3), 1, -2], [(4, 3), 1, -2], [(4, 3), 1, -2], [(4, 3), 1, -2], [(4, 3), 1, -2], [(4, 3), 1, -2], [(4, 3), 1, -2], [(4, 3), 1, -2], [(4, 3), 1, -2], [(4, 3), 1, -2], [(4, 3), 1, -2], [(4, 3), 1, -2], [(4, 3), 1, -2], [(4, 3), 1, -2], [(4, 3), 1, -2], [(4, 3), 1, -2], [(4, 3), 1, -2], [(4, 3), 1, -2], [(4, 3), 1, -2], [(4, 3), 1, -2], [(4, 3), 1, -2], [(4, 3), 1, -2], [(4, 3), 1, -2], [(4, 3), 1, -2], [(4, 3), 1, -2], [(4, 3), 1, -2], [(4, 3), 1, -2], [(4, 3), 1, -2], [(4, 3), 1, -2], [(4, 3), 1, -2], [(4, 3), 1, -2], [(4, 3), 1, -2], [(4, 3), 1, -2], [(4, 3), 1, -2], [(4, 3), 1, -2], [(4, 3), 1, -2], [(4, 3), 1, -2], [(4, 3), 1, -2], [(4, 3), 1, -2], [(4, 3), 1, -2], [(4, 3), 1, -2], [(4, 3), 1, -2], [(4, 3), 1, -2], [(4, 3), 1, -2], [(4, 3), 1, -2], [(4, 3), 1, -2], [(4, 3), 1, -2], [(4, 3), 1, -2], [(4, 3), 1, -2], [(4, 3), 1, -2], [(4, 3), 1, -2], [(4, 3), 1, -2], [(4, 3), 1, -2], [(4, 3), 1, -2], [(4, 3), 1, -2], [(4, 3), 1, -2], [(4, 3), 1, -2], [(4, 3), 1, -2], [(4, 3), 1, -2], [(4, 3), 1, -2], [(4, 3), 1, -2], [(4, 3), 1, -2], [(4, 3), 1, -2], [(4, 3), 1, -2], [(4, 3), 1, -2], [(4, 3), 1, -2], [(4, 3), 1, -2], [(4, 3), 1, -2], [(4, 3), 1, -2], [(4, 3), 1, -2], [(4, 3), 1, -2], [(4, 3), 1, -2], [(4, 3), 1, -2], [(4, 3), 1, -2], [(4, 3), 1, -2], [(4, 3), 1, -2], [(4, 3), 1, -2], [(4, 3), 1, -2], [(4, 3), 1, -2], [(4, 3), 1, -2], [(4, 3), 1, -2], [(4, 3), 1, -2], [(4, 3), 1, -2], [(4, 3), 1, -2], [(4, 3), 1, -2], [(4, 3), 1, -2], [(4, 3), 1, -2], [(4, 3), 1, -2], [(4, 3), 1, -2], [(4, 3), 1, -2], [(4, 3), 1, -2], [(4, 3), 1, -2], [(4, 3), 1, -2], [(4, 3), 1, -2], [(4, 3), 1, -2], [(4, 3), 1, -2], [(4, 3), 1, -2], [(4, 3), 1, -2], [(4, 3), 1, -2], [(4, 3), 1, -2], [(4, 3), 1, -2], [(4, 3), 1, -2], [(4, 3), 1, -2], [(4, 3), 1, -2], [(4, 3), 1, -2], [(4, 3), 1, -2], [(4, 3), 1, -2], [(4, 3), 1, -2], [(4, 3), 1, -2], [(4, 3), 1, -2], [(4, 3), 1, -2], [(4, 3), 1, -2], [(4, 3), 1, -2], [(4, 3), 1, -2], [(4, 3), 1, -2], [(4, 3), 1, -2], [(4, 3), 1, -2], [(4, 3), 1, -2], [(4, 3), 1, -2], [(4, 3), 1, -2], [(4, 3), 1, -2], [(4, 3), 1, -2], [(4, 3), 1, -2], [(4, 3), 1, -2], [(4, 3), 1, -2], [(4, 3), 1, -2], [(4, 3), 1, -2], [(4, 3), 1, -2], [(4, 3), 1, -2], [(4, 3), 1, -2], [(4, 3), 1, -2], [(4, 3), 1, -2], [(4, 3), 1, -2], [(4, 3), 1, -2], [(4, 3), 1, -2], [(4, 3), 1, -2], [(4, 3), 1, -2], [(4, 3), 1, -2], [(4, 3), 1, -2], [(4, 3), 1, -2], [(4, 3), 1, -2], [(4, 3), 1, -2], [(4, 3), 1, -2], [(4, 3), 1, -2], [(4, 3), 1, -2], [(4, 3), 1, -2], [(4, 3), 1, -2], [(4, 3), 1, -2], [(4, 3), 1, -2], [(4, 3), 1, -2], [(4, 3), 1, -2], [(4, 3), 1, -2], [(4, 3), 1, -2], [(4, 3), 1, -2], [(4, 3), 1, -2], [(4, 3), 1, -2], [(4, 3), 1, -2], [(4, 3), 1, -2], [(4, 3), 1, -2], [(4, 3), 1, -2], [(4, 3), 1, -2], [(4, 3), 1, -2], [(4, 3), 1, -2], [(4, 3), 1, -2], [(4, 3), 1, -2], [(4, 3), 1, -2], [(4, 3), 1, -2], [(4, 3), 1, -2], [(4, 3), 1, -2], [(4, 3), 1, -2], [(4, 3), 1, -2], [(4, 3), 1, -2], [(4, 3), 1, -2], [(4, 3), 1, -2], [(4, 3), 1, -2], [(4, 3), 1, -2], [(4, 3), 1, -2], [(4, 3), 1, -2], [(4, 3), 1, -2], [(4, 3), 1, -2], [(4, 3), 1, -2], [(4, 3), 1, -2], [(4, 3), 1, -2], [(4, 3), 1, -2], [(4, 3), 1, -2], [(4, 3), 1, -2], [(4, 3), 1, -2], [(4, 3), 1, -2], [(4, 3), 1, -2], [(4, 3), 1, -2], [(4, 3), 1, -2], [(4, 3), 1, -2], [(4, 3), 1, -2], [(4, 3), 1, -2], [(4, 3), 1, -2], [(4, 3), 1, -2], [(4, 3), 1, -2], [(4, 3), 1, -2], [(4, 3), 1, -2], [(4, 3), 1, -2], [(4, 3), 1, -2], [(4, 3), 1, -2], [(4, 3), 1, -2], [(4, 3), 1, -2], [(4, 3), 1, -2], [(4, 3), 1, -2], [(4, 3), 1, -2], [(4, 3), 1, -2], [(4, 3), 1, -2], [(4, 3), 1, -2], [(4, 3), 1, -2], [(4, 3), 1, -2], [(4, 3), 1, -2], [(4, 3), 1, -2], [(4, 3), 1, -2], [(4, 3), 1, -2], [(4, 3), 1, -2], [(4, 3), 1, -2], [(4, 3), 1, -2], [(4, 3), 1, -2], [(4, 3), 1, -2], [(4, 3), 1, -2], [(4, 3), 1, -2], [(4, 3), 1, -2], [(4, 3), 1, -2], [(4, 3), 1, -2], [(4, 3), 1, -2], [(4, 3), 1, -2], [(4, 3), 1, -2], [(4, 3), 1, -2], [(4, 3), 1, -2], [(4, 3), 1, -2], [(4, 3), 1, -2], [(4, 3), 1, -2], [(4, 3), 1, -2], [(4, 3), 1, -2], [(4, 3), 1, -2], [(4, 3), 1, -2], [(4, 3), 1, -2], [(4, 3), 1, -2], [(4, 3), 1, -2], [(4, 3), 1, -2], [(4, 3), 1, -2], [(4, 3), 1, -2], [(4, 3), 1, -2], [(4, 3), 1, -2], [(4, 3), 1, -2], [(4, 3), 1, -2], [(4, 3), 1, -2]]