1,-372
2,-131
3,-187
4,86
5,-204
6,-329
7,-202
8,-557
9,-125
10,-383
11,-952
12,-177
13,-125
14,-185
15,-177
16,-360
17,25
18,-320
19,-414
20,-279
21,-131
22,-233
23,-179
24,-131
25,-618
26,-297
27,213
28,-383
29,20
30,-177
31,-279
32,-137
33,-250
34,-252
35,-127
36,-199
37,-251
38,369
39,-672
40,-362
41,-227
42,-177
43,-404
44,-233
45,-537
46,-518
47,-237
48,-314
49,-309
50,-205
51,-137
52,-127
53,-152
54,-179
55,-260
56,-195
57,-333
58,-327
59,-179
60,-304
61,-558
62,-712
63,-405
64,-200
65,-275
66,-162
67,534
68,-29
69,-177
70,-154
71,-285
72,-744
73,-368
74,-181
75,419
76,-383
77,-125
78,-183
79,-175
80,-410
81,30
82,-229
83,-254
84,-541
85,-108
86,261
87,-125
88,238
89,-31
90,-262
91,269
92,136
93,-227
94,-208
95,-179
96,-200
97,-33
98,-285
99,-114
100,-746
101,-262
102,-260
103,-129
104,-279
105,-77
106,-250
107,-256
108,-657
109,307
110,421
111,-104
112,-308
113,-177
114,-131
115,-308
116,173
117,521
118,-308
119,-277
120,471
121,280
122,-108
123,-49
124,-85
125,-206
126,-102
127,213
128,-127
129,-210
130,-279
131,13
132,-175
133,-200
134,215
135,-77
136,73
137,-60
138,146
139,-181
140,-505
141,-1033
142,417
143,-177
144,-202
145,165
146,-358
147,-514
148,-177
149,-304
150,-229
151,398
152,311
153,215
154,-112
155,500
156,-541
157,-77
158,190
159,-133
160,-533
161,-447
162,357
163,136
164,415
165,-208
166,-212
167,-354
168,-129
169,-89
170,-189
171,475
172,346
173,-204
174,-228
175,117
176,-526
177,-331
178,-250
179,125
180,-177
181,90
182,-177
183,-27
184,-127
185,90
186,-137
187,-177
188,-135
189,32
190,194
191,-156
192,-100
193,-125
194,142
195,298
196,-410
197,446
198,134
199,413
200,373
201,-127
202,-125
203,-125
204,-362
205,269
206,-79
207,-150
208,-124
209,242
210,-100
211,-177
212,75
213,346
214,-302
215,365
216,-177
217,467
218,-54
219,317
220,-254
221,-125
222,-166
223,-68
224,300
225,-177
226,300
227,-75
228,-312
229,-127
230,-543
231,-327
232,-125
233,173
234,398
235,-33
236,-212
237,-177
238,-237
239,-131
240,-85
241,-95
242,146
243,-125
244,-77
245,-129
246,-125
247,-31
248,244
249,-589
250,-339
251,-177
252,-127
253,-116
254,-250
255,207
256,517
257,-256
258,-77
259,209
260,165
261,623
262,423
263,-285
264,-127
265,-385
266,-125
267,-129
268,-125
269,250
270,-129
271,-127
272,423
273,-279
274,273
275,325
276,25
277,319
278,521
279,-152
280,-741
281,-497
282,-227
283,-4
284,-75
285,-156
286,-125
287,-127
288,-125
289,225
290,571
291,-604
292,-135
293,569
294,363
295,-231
296,423
297,-85
298,-135
299,525
300,-77
301,-227
302,-429
303,-283
304,323
305,-8
306,-54
307,150
308,-337
309,-181
310,-125
311,-129
312,373
313,448
314,248
315,271
316,-227
317,171
318,-75
319,575
320,-254
321,-75
322,246
323,-706
324,623
325,-75
326,323
327,373
328,471
329,248
330,248
331,569
332,-227
333,396
334,473
335,-125
336,319
337,519
338,-127
339,-129
340,525
341,61
342,340
343,144
344,473
345,394
346,517
347,-302
348,425
349,-200
350,73
351,375
352,94
353,275
354,-75
355,-83
356,-25
357,-125
358,350
359,-331
360,394
361,325
362,-127
363,173
364,-125
365,-35
366,-131
367,-612
368,325
369,40
370,-177
371,-125
372,-229
373,-27
374,371
375,-27
376,321
377,271
378,48
379,398
380,-133
381,-58
382,-75
383,171
384,-129
385,521
386,573
387,523
388,375
389,148
390,-175
391,-75
392,273
393,-175
394,571
395,-202
396,369
397,-77
398,-2
399,198
400,223
401,573
402,240
403,-181
404,621
405,625
406,-75
407,98
408,-54
409,521
410,346
411,371
412,396
413,-225
414,-229
415,-260
416,421
417,573
418,367
419,-127
420,623
421,471
422,98
423,-31
424,-231
425,-252
426,365
427,-233
428,-77
429,-27
430,-225
431,519
432,350
433,615
434,-81
435,300
436,573
437,298
438,-281
439,423
440,73
441,-35
442,-202
443,-127
444,-204
445,-333
446,-202
447,-125
448,-127
449,-208
450,-125
451,550
452,-127
453,98
454,673
455,423
456,623
457,-393
458,-279
459,-129
460,519
461,317
462,-254
463,675
464,-75
465,369
466,-225
467,-129
468,173
469,675
470,375
471,-152
472,219
473,565
474,573
475,573
476,-75
477,669
478,473
479,425
480,-85
481,500
482,323
483,425
484,273
485,521
486,150
487,-125
488,21
489,423
490,621
491,-85
492,-125
493,475
494,425
495,465
496,73
497,523
498,373
499,271
500,250
501,46
502,494
503,621
504,-56
505,-177
506,673
507,421
508,675
509,-337
510,625
511,-75
512,-129
513,-202
514,-125
515,46
516,521
517,675
518,423
519,323
520,621
521,425
522,-127
523,-39
524,473
525,671
526,325
527,475
528,396
529,448
530,-125
531,-77
532,-31
533,675
534,17
535,-127
536,-75
537,298
538,-233
539,-125
540,675
541,-125
542,-277
543,623
544,-29
545,148
546,625
547,100
548,-27
549,-177
550,-125
551,0
552,421
553,671
554,-127
555,475
556,223
557,621
558,675
559,675
560,446
561,325
562,573
563,573
564,575
565,675
566,-79
567,421
568,-250
569,73
570,119
571,619
572,525
573,621
574,-75
575,496
576,-179
577,-125
578,-102
579,625
580,75
581,567
582,675
583,-125
584,323
585,523
586,169
587,421
588,450
589,-125
590,-179
591,-177
592,-75
593,-229
594,371
595,573
596,571
597,525
598,-152
599,219
600,621
601,-125
602,-283
603,398
604,450
605,423
606,425
607,-177
608,219
609,-327
610,467
611,350
612,625
613,473
614,450
615,675
616,271
617,623
618,-125
619,-177
620,171
621,571
622,473
623,-75
624,523
625,371
626,473
627,71
628,673
629,-204
630,675
631,275
632,269
633,-75
634,575
635,-433
636,125
637,-75
638,373
639,-75
640,375
641,-127
642,675
643,625
644,-204
645,-125
646,-50
647,-127
648,50
649,-200
650,-175
651,-102
652,623
653,-227
654,523
655,671
656,-181
657,523
658,425
659,673
660,675
661,625
662,150
663,300
664,569
665,365
666,425
667,625
668,-125
669,675
670,346
671,471
672,625
673,-200
674,675
675,-77
676,375
677,371
678,675
679,75
680,525
681,-75
682,-127
683,-27
684,675
685,623
686,625
687,-27
688,-177
689,-406
690,671
691,144
692,-179
693,-152
694,473
695,373
696,671
697,-79
698,298
699,-125
700,398
701,-125
702,-25
703,519
704,-354
705,623
706,675
707,-125
708,325
709,625
710,425
711,498
712,473
713,298
714,-58
715,-150
716,223
717,521
718,473
719,623
720,-125
721,473
722,471
723,425
724,296
725,-125
726,575
727,-75
728,471
729,625
730,625
731,625
732,500
733,-152
734,-77
735,369
736,675
737,-175
738,-179
739,100
740,400
741,-77
742,575
743,-125
744,469
745,196
746,-75
747,-125
748,575
749,675
750,548
751,625
752,500
753,419
754,-127
755,473
756,348
757,575
758,525
759,-75
760,575
761,450
762,498
763,575
764,375
765,223
766,623
767,525
768,675
769,-75
770,-175
771,-129
772,-29
773,375
774,-77
775,-125
776,675
777,-125
778,175
779,-25
780,-125
781,100
782,375
783,-175
784,250
785,471
786,198
787,675
788,625
789,400
790,394
791,400
792,423
793,525
794,575
795,675
796,225
797,523
798,-125
799,150
800,625
801,671
802,-200
803,-125
804,375
805,675
806,675
807,625
808,-129
809,-75
810,523
811,623
812,-129
813,-125
814,496
815,-175
816,523
817,421
818,575
819,392
820,400
821,573
822,-275
823,415
824,-75
825,675
826,-25
827,619
828,573
829,625
830,425
831,471
832,-125
833,-25
834,473
835,671
836,625
837,250
838,-125
839,625
840,675
841,675
842,675
843,-29
844,475
845,475
846,521
847,375
848,675
849,248
850,-179
851,-225
852,623
853,675
854,-125
855,575
856,271
857,-79
858,-127
859,675
860,-127
861,-127
862,350
863,-177
864,519
865,-200
866,75
867,-175
868,675
869,-27
870,523
871,-177
872,625
873,573
874,675
875,675
876,625
877,73
878,675
879,-127
880,675
881,-125
882,625
883,-200
884,373
885,-75
886,400
887,150
888,625
889,625
890,425
891,625
892,675
893,675
894,-75
895,273
896,625
897,346
898,675
899,498
900,673
901,675
902,325
903,-77
904,623
905,625
906,675
907,675
908,-175
909,-77
910,675
911,525
912,575
913,-125
914,675
915,448
916,573
917,525
918,673
919,300
920,571
921,625
922,-200
923,475
924,673
925,325
926,675
927,471
928,-125
929,550
930,625
931,-29
932,675
933,-125
934,675
935,-75
936,525
937,469
938,675
939,-125
940,625
941,-25
942,675
943,621
944,-25
945,675
946,625
947,475
948,623
949,675
950,625
951,471
952,625
953,475
954,473
955,575
956,573
957,625
958,575
959,-175
960,575
961,298
962,150
963,625
964,-125
965,675
966,575
967,300
968,400
969,350
970,623
971,423
972,625
973,-25
974,-25
975,-127
976,675
977,500
978,-125
979,548
980,675
981,246
982,194
983,675
984,675
985,573
986,675
987,400
988,275
989,625
990,-125
991,575
992,569
993,575
994,273
995,625
996,625
997,625
998,-125
999,671
1000,496
1001,450
1002,675
1003,-350
1004,675
1005,675
1006,625
1007,-4
1008,625
1009,425
1010,575
1011,523
1012,398
1013,675
1014,675
1015,675
1016,-127
1017,-77
1018,621
1019,396
1020,473
1021,273
1022,525
1023,-25
1024,673
1025,350
1026,621
1027,675
1028,675
1029,-29
1030,169
1031,600
1032,673
1033,323
1034,675
1035,625
1036,621
1037,400
1038,150
1039,350
1040,575
1041,425
1042,673
1043,625
1044,-25
1045,521
1046,250
1047,625
1048,575
1049,625
1050,421
1051,625
1052,623
1053,575
1054,75
1055,623
1056,469
1057,-125
1058,575
1059,675
1060,675
1061,675
1062,-75
1063,675
1064,500
1065,421
1066,625
1067,623
1068,625
1069,673
1070,523
1071,675
1072,623
1073,675
1074,-229
1075,675
1076,-75
1077,671
1078,669
1079,621
1080,675
1081,346
1082,623
1083,-125
1084,-125
1085,-79
1086,625
1087,250
1088,550
1089,623
1090,400
1091,325
1092,675
1093,375
1094,-127
1095,623
1096,675
1097,398
1098,575
1099,-125
1100,675
1101,675
1102,525
1103,525
1104,-75
1105,-77
1106,625
1107,675
1108,-175
1109,675
1110,673
1111,523
1112,625
1113,625
1114,-27
1115,675
1116,675
1117,-27
1118,675
1119,-125
1120,675
1121,423
1122,675
1123,-25
1124,675
1125,375
1126,575
1127,675
1128,625
1129,375
1130,350
1131,548
1132,425
1133,525
1134,675
1135,675
1136,625
1137,600
1138,673
1139,-27
1140,573
1141,75
1142,275
1143,475
1144,675
1145,-125
1146,575
1147,623
1148,575
1149,-77
1150,-125
1151,400
1152,675
1153,673
1154,675
1155,673
1156,-75
1157,675
1158,625
1159,675
1160,600
1161,625
1162,675
1163,400
1164,625
1165,675
1166,675
1167,325
1168,675
1169,425
1170,575
1171,623
1172,575
1173,675
1174,675
1175,675
1176,398
1177,300
1178,675
1179,673
1180,625
1181,673
1182,425
1183,325
1184,625
1185,675
1186,675
1187,625
1188,625
1189,675
1190,675
1191,675
1192,525
1193,675
1194,-125
1195,575
1196,-125
1197,625
1198,573
1199,625
1200,675
1201,475
1202,525
1203,675
1204,525
1205,675
1206,-79
1207,675
1208,625
1209,675
1210,675
1211,575
1212,-25
1213,350
1214,673
1215,575
1216,675
1217,675
1218,550
1219,575
1220,450
1221,673
1222,525
1223,-29
1224,573
1225,-200
1226,675
1227,625
1228,675
1229,-200
1230,-125
1231,575
1232,675
1233,625
1234,573
1235,671
1236,675
1237,623
1238,675
1239,675
1240,273
1241,675
1242,400
1243,623
1244,525
1245,398
1246,623
1247,425
1248,675
1249,575
1250,-27
1251,-200
1252,675
1253,496
1254,675
1255,525
1256,525
1257,673
1258,250
1259,675
1260,398
1261,-125
1262,675
1263,673
1264,425
1265,675
1266,625
1267,675
1268,-125
1269,-75
1270,525
1271,675
1272,675
1273,398
1274,525
1275,425
1276,675
1277,673
1278,673
1279,675
1280,623
1281,475
1282,550
1283,-27
1284,-125
1285,675
1286,450
1287,550
1288,-75
1289,473
1290,625
1291,575
1292,-27
1293,150
1294,675
1295,425
1296,675
1297,625
1298,675
1299,675
1300,675
1301,425
1302,575
1303,571
1304,621
1305,-127
1306,573
1307,523
1308,550
1309,625
1310,675
1311,-50
1312,625
1313,575
1314,673
1315,675
1316,625
1317,-175
1318,673
1319,375
1320,625
1321,575
1322,575
1323,625
1324,673
1325,373
1326,250
1327,673
1328,673
1329,573
1330,571
1331,421
1332,350
1333,625
1334,-125
1335,398
1336,673
1337,675
1338,675
1339,625
1340,625
1341,-75
1342,625
1343,475
1344,-125
1345,625
1346,350
1347,625
1348,625
1349,425
1350,563
1351,675
1352,525
1353,675
1354,325
1355,675
1356,-75
1357,625
1358,673
1359,-125
1360,673
1361,673
1362,250
1363,-27
1364,50
1365,675
1366,675
1367,575
1368,373
1369,675
1370,625
1371,-75
1372,575
1373,-150
1374,298
1375,675
1376,625
1377,625
1378,-125
1379,475
1380,623
1381,400
1382,575
1383,623
1384,325
1385,675
1386,675
1387,573
1388,525
1389,575
1390,573
1391,625
1392,398
1393,546
1394,425
1395,-75
1396,675
1397,-77
1398,575
1399,423
1400,-4
1401,675
1402,623
1403,675
1404,623
1405,625
1406,-77
1407,-125
1408,625
1409,198
1410,625
1411,675
1412,500
1413,625
1414,675
1415,-100
1416,623
1417,625
1418,-125
1419,673
1420,500
1421,398
1422,675
1423,623
1424,625
1425,-125
1426,623
1427,675
1428,423
1429,448
1430,-75
1431,625
1432,625
1433,675
1434,675
1435,-75
1436,350
1437,625
1438,600
1439,-29
1440,625
1441,625
1442,625
1443,-75
1444,623
1445,525
1446,625
1447,675
1448,-75
1449,625
1450,-25
1451,625
1452,400
1453,625
1454,675
1455,523
1456,394
1457,-75
1458,398
1459,675
1460,400
1461,625
1462,675
1463,675
1464,675
1465,525
1466,675
1467,-125
1468,619
1469,573
1470,625
1471,625
1472,625
1473,573
1474,523
1475,425
1476,625
1477,623
1478,673
1479,300
1480,675
1481,623
1482,-125
1483,600
1484,-129
1485,625
1486,523
1487,-125
1488,225
1489,575
1490,625
1491,23
1492,675
1493,675
1494,450
1495,-127
1496,675
1497,300
1498,425
1499,675
1500,-75
1501,675
1502,548
1503,-77
1504,625
1505,-300
1506,625
1507,675
1508,675
1509,523
1510,625
1511,-75
1512,675
1513,100
1514,-127
1515,198
1516,200
1517,625
1518,473
1519,475
1520,398
1521,675
1522,675
1523,-75
1524,623
1525,675
1526,623
1527,325
1528,625
1529,-125
1530,-77
1531,675
1532,675
1533,673
1534,-175
1535,425
1536,575
1537,675
1538,525
1539,675
1540,-75
1541,575
1542,375
1543,673
1544,623
1545,625
1546,523
1547,-77
1548,675
1549,400
1550,473
1551,625
1552,625
1553,-100
1554,675
1555,550
1556,675
1557,575
1558,-27
1559,400
1560,-175
1561,398
1562,-225
1563,150
1564,625
1565,675
1566,473
1567,523
1568,521
1569,-77
1570,673
1571,348
1572,625
1573,550
1574,-127
1575,675
1576,575
1577,500
1578,573
1579,675
1580,675
1581,625
1582,423
1583,525
1584,-125
1585,398
1586,675
1587,375
1588,548
1589,675
1590,573
1591,625
1592,675
1593,-75
1594,625
1595,548
1596,550
1597,-125
1598,675
1599,-75
1600,623
1601,550
1602,423
1603,675
1604,475
1605,-125
1606,-127
1607,625
1608,621
1609,619
1610,625
1611,625
1612,625
1613,-125
1614,348
1615,575
1616,-100
1617,675
1618,275
1619,625
1620,-27
1621,625
1622,-200
1623,-75
1624,-54
1625,625
1626,675
1627,423
1628,-127
1629,575
1630,-25
1631,548
1632,-125
1633,400
1634,675
1635,625
1636,675
1637,-200
1638,623
1639,-75
1640,571
1641,625
1642,675
1643,675
1644,625
1645,-75
1646,675
1647,675
1648,671
1649,-75
1650,425
1651,675
1652,623
1653,400
1654,550
1655,-125
1656,-25
1657,675
1658,571
1659,671
1660,575
1661,675
1662,675
1663,-125
1664,-127
1665,673
1666,525
1667,675
1668,673
1669,673
1670,550
1671,550
1672,575
1673,675
1674,-125
1675,373
1676,575
1677,675
1678,573
1679,675
1680,675
1681,-29
1682,425
1683,425
1684,525
1685,669
1686,625
1687,548
1688,-125
1689,575
1690,671
1691,625
1692,223
1693,475
1694,-25
1695,675
1696,673
1697,300
1698,675
1699,675
1700,625
1701,675
1702,-125
1703,675
1704,575
1705,625
1706,675
1707,675
1708,675
1709,350
1710,-79
1711,673
1712,675
1713,675
1714,-27
1715,-179
1716,675
1717,575
1718,350
1719,-75
1720,-150
1721,396
1722,473
1723,673
1724,523
1725,575
1726,625
1727,300
1728,623
1729,623
1730,625
1731,575
1732,350
1733,300
1734,675
1735,-29
1736,673
1737,375
1738,398
1739,675
1740,400
1741,475
1742,548
1743,-125
1744,123
1745,625
1746,625
1747,673
1748,673
1749,675
1750,675
1751,625
1752,623
1753,275
1754,675
1755,-79
1756,325
1757,146
1758,373
1759,623
1760,623
1761,675
1762,675
1763,675
1764,675
1765,675
1766,625
1767,675
1768,673
1769,-127
1770,675
1771,373
1772,469
1773,621
1774,623
1775,675
1776,-77
1777,500
1778,675
1779,325
1780,625
1781,475
1782,525
1783,525
1784,-75
1785,300
1786,673
1787,623
1788,500
1789,675
1790,548
1791,-77
1792,675
1793,625
1794,675
1795,-75
1796,-75
1797,625
1798,-25
1799,675
1800,675
1801,275
1802,273
1803,675
1804,375
1805,248
1806,-75
1807,298
1808,625
1809,573
1810,-127
1811,675
1812,425
1813,625
1814,625
1815,625
1816,675
1817,575
1818,548
1819,671
1820,573
1821,425
1822,625
1823,675
1824,675
1825,675
1826,625
1827,675
1828,523
1829,448
1830,348
1831,475
1832,675
1833,350
1834,623
1835,675
1836,625
1837,675
1838,425
1839,298
1840,673
1841,500
1842,575
1843,-127
1844,675
1845,623
1846,-25
1847,625
1848,675
1849,675
1850,623
1851,-77
1852,500
1853,625
1854,625
1855,625
1856,673
1857,523
1858,673
1859,623
1860,550
1861,675
1862,575
1863,525
1864,673
1865,625
1866,623
1867,625
1868,671
1869,675
1870,523
1871,375
1872,625
1873,-125
1874,625
1875,-100
1876,-75
1877,675
1878,675
1879,425
1880,625
1881,625
1882,548
1883,400
1884,525
1885,575
1886,675
1887,-25
1888,-125
1889,573
1890,575
1891,300
1892,400
1893,625
1894,571
1895,525
1896,623
1897,625
1898,250
1899,498
1900,-125
1901,625
1902,450
1903,623
1904,-81
1905,575
1906,-31
1907,675
1908,623
1909,625
1910,671
1911,-27
1912,675
1913,675
1914,375
1915,675
1916,673
1917,625
1918,625
1919,525
1920,475
1921,246
1922,673
1923,375
1924,400
1925,298
1926,675
1927,673
1928,-125
1929,250
1930,675
1931,675
1932,675
1933,625
1934,525
1935,675
1936,-75
1937,-25
1938,-75
1939,575
1940,521
1941,150
1942,623
1943,675
1944,473
1945,-102
1946,673
1947,-125
1948,675
1949,675
1950,-175
1951,373
1952,-27
1953,673
1954,675
1955,571
1956,625
1957,621
1958,625
1959,-125
1960,248
1961,673
1962,675
1963,575
1964,675
1965,675
1966,525
1967,-229
1968,675
1969,673
1970,475
1971,-75
1972,673
1973,300
1974,375
1975,-77
1976,-125
1977,-125
1978,675
1979,625
1980,375
1981,625
1982,573
1983,-125
1984,675
1985,625
1986,675
1987,675
1988,-75
1989,475
1990,-175
1991,25
1992,675
1993,523
1994,-75
1995,325
1996,-75
1997,-125
1998,525
1999,-77
2000,625
2001,625
2002,398
2003,575
2004,625
2005,150
2006,673
2007,321
2008,-125
2009,425
2010,300
2011,400
2012,-75
2013,625
2014,375
2015,475
2016,675
2017,675
2018,623
2019,425
2020,625
2021,675
2022,675
2023,525
2024,398
2025,98
2026,623
2027,625
2028,675
2029,373
2030,619
2031,-125
2032,523
2033,675
2034,625
2035,525
2036,400
2037,498
2038,621
2039,-25
2040,400
2041,525
2042,623
2043,675
2044,375
2045,575
2046,673
2047,548
2048,423
2049,350
2050,-125
2051,-125
2052,675
2053,-127
2054,625
2055,675
2056,675
2057,-281
2058,-125
2059,675
2060,625
2061,-75
2062,271
2063,275
2064,675
2065,-75
2066,623
2067,673
2068,450
2069,623
2070,675
2071,673
2072,625
2073,625
2074,675
2075,575
2076,525
2077,675
2078,400
2079,675
2080,625
2081,400
2082,675
2083,675
2084,-75
2085,475
2086,521
2087,625
2088,625
2089,573
2090,625
2091,323
2092,425
2093,673
2094,550
2095,575
2096,675
2097,475
2098,675
2099,-125
2100,475
2101,675
2102,523
2103,625
2104,625
2105,525
2106,-125
2107,-125
2108,-125
2109,673
2110,-127
2111,271
2112,448
2113,675
2114,-125
2115,625
2116,675
2117,675
2118,-125
2119,675
2120,400
2121,575
2122,525
2123,500
2124,-75
2125,-25
2126,-175
2127,575
2128,625
2129,623
2130,675
2131,669
2132,271
2133,575
2134,575
2135,575
2136,675
2137,575
2138,675
2139,-150
2140,548
2141,-27
2142,423
2143,625
2144,375
2145,573
2146,575
2147,-75
2148,623
2149,-27
2150,621
2151,625
2152,575
2153,575
2154,625
2155,675
2156,523
2157,375
2158,675
2159,473
2160,-125
2161,623
2162,675
2163,573
2164,575
2165,623
2166,523
2167,-175
2168,425
2169,673
2170,623
2171,675
2172,625
2173,673
2174,375
2175,625
2176,-75
2177,675
2178,675
2179,669
2180,-27
2181,525
2182,675
2183,675
2184,-125
2185,673
2186,225
2187,621
2188,423
2189,-129
2190,473
2191,675
2192,625
2193,675
2194,525
2195,573
2196,375
2197,621
2198,675
2199,425
2200,-25
2201,523
2202,675
2203,675
2204,673
2205,396
2206,-125
2207,-25
2208,625
2209,673
2210,621
2211,525
2212,671
2213,-31
2214,675
2215,525
2216,625
2217,-77
2218,625
2219,673
2220,675
2221,675
2222,471
2223,294
2224,-31
2225,675
2226,548
2227,623
2228,673
2229,675
2230,623
2231,675
2232,-75
2233,675
2234,673
2235,575
2236,425
2237,348
2238,675
2239,675
2240,675
2241,475
2242,-62
2243,673
2244,575
2245,575
2246,525
2247,-25
2248,619
2249,675
2250,-125
2251,675
2252,-125
2253,471
2254,425
2255,-75
2256,675
2257,675
2258,400
2259,625
2260,625
2261,398
2262,675
2263,573
2264,675
2265,623
2266,673
2267,675
2268,625
2269,575
2270,623
2271,473
2272,625
2273,-125
2274,521
2275,625
2276,425
2277,525
2278,625
2279,675
2280,673
2281,675
2282,625
2283,625
2284,669
2285,-127
2286,675
2287,475
2288,-25
2289,675
2290,625
2291,423
2292,-125
2293,398
2294,675
2295,-179
2296,498
2297,550
2298,625
2299,675
2300,550
2301,523
2302,-125
2303,625
2304,200
2305,675
2306,673
2307,675
2308,675
2309,625
2310,-25
2311,625
2312,675
2313,-75
2314,675
2315,675
2316,546
2317,573
2318,675
2319,-125
2320,525
2321,675
2322,625
2323,625
2324,375
2325,-75
2326,625
2327,575
2328,-75
2329,623
2330,623
2331,573
2332,675
2333,675
2334,473
2335,-100
2336,675
2337,675
2338,625
2339,-75
2340,-75
2341,-77
2342,673
2343,625
2344,625
2345,425
2346,575
2347,-125
2348,500
2349,625
2350,625
2351,623
2352,623
2353,625
2354,673
2355,-77
2356,675
2357,673
2358,625
2359,473
2360,575
2361,675
2362,575
2363,623
2364,671
2365,625
2366,675
2367,548
2368,675
2369,623
2370,525
2371,-31
2372,521
2373,348
2374,625
2375,669
2376,-285
2377,575
2378,473
2379,623
2380,625
2381,675
2382,675
2383,673
2384,625
2385,673
2386,671
2387,625
2388,-27
2389,248
2390,623
2391,-75
2392,473
2393,525
2394,-79
2395,398
2396,673
2397,673
2398,675
2399,675
2400,575
2401,525
2402,675
2403,525
2404,673
2405,475
2406,673
2407,500
2408,571
2409,625
2410,675
2411,525
2412,673
2413,625
2414,-75
2415,623
2416,398
2417,-75
2418,675
2419,525
2420,675
2421,575
2422,525
2423,625
2424,550
2425,675
2426,-125
2427,573
2428,675
2429,-125
2430,623
2431,475
2432,425
2433,625
2434,-50
2435,673
2436,525
2437,475
2438,-125
2439,675
2440,-27
2441,623
2442,-77
2443,-77
2444,625
2445,-25
2446,673
2447,675
2448,575
2449,673
2450,-125
2451,675
2452,675
2453,425
2454,675
2455,-127
2456,-25
2457,625
2458,-79
2459,675
2460,575
2461,675
2462,675
2463,-75
2464,675
2465,400
2466,673
2467,-75
2468,-75
2469,623
2470,575
2471,425
2472,573
2473,400
2474,675
2475,675
2476,675
2477,400
2478,523
2479,625
2480,-75
2481,375
2482,675
2483,-83
2484,671
2485,673
2486,348
2487,425
2488,625
2489,625
2490,673
2491,675
2492,675
2493,673
2494,421
2495,625
2496,575
2497,-25
2498,575
2499,350
2500,625
2501,-125
2502,-75
2503,575
2504,-8
2505,673
2506,444
2507,500
2508,623
2509,-75
2510,675
2511,400
2512,675
2513,675
2514,-75
2515,675
2516,623
2517,323
2518,525
2519,673
2520,625
2521,675
2522,475
2523,675
2524,275
2525,675
2526,571
2527,-75
2528,575
2529,400
2530,625
2531,575
2532,450
2533,675
2534,673
2535,625
2536,675
2537,675
2538,675
2539,-125
2540,-75
2541,525
2542,-77
2543,571
2544,375
2545,523
2546,473
2547,625
2548,400
2549,675
2550,-125
2551,625
2552,625
2553,-75
2554,675
2555,548
2556,571
2557,525
2558,625
2559,625
2560,625
2561,-125
2562,400
2563,621
2564,675
2565,675
2566,675
2567,550
2568,473
2569,-27
2570,675
2571,675
2572,348
2573,-125
2574,-79
2575,-125
2576,675
2577,675
2578,475
2579,625
2580,625
2581,575
2582,675
2583,-175
2584,375
2585,-75
2586,525
2587,-75
2588,-125
2589,675
2590,675
2591,-125
2592,625
2593,475
2594,673
2595,275
2596,673
2597,525
2598,-75
2599,-125
2600,325
2601,675
2602,200
2603,398
2604,675
2605,175
2606,675
2607,575
2608,623
2609,675
2610,-77
2611,225
2612,-52
2613,-125
2614,573
2615,425
2616,673
2617,-100
2618,519
2619,350
2620,-75
2621,-75
2622,673
2623,-27
2624,-125
2625,673
2626,625
2627,675
2628,675
2629,671
2630,671
2631,675
2632,675
2633,200
2634,675
2635,675
2636,675
2637,575
2638,-125
2639,-125
2640,625
2641,675
2642,675
2643,423
2644,-75
2645,-75
2646,673
2647,-75
2648,673
2649,400
2650,350
2651,550
2652,675
2653,496
2654,75
2655,573
2656,521
2657,523
2658,675
2659,675
2660,625
2661,-127
2662,625
2663,-127
2664,475
2665,525
2666,350
2667,350
2668,-77
2669,673
2670,625
2671,675
2672,573
2673,348
2674,623
2675,673
2676,-75
2677,675
2678,673
2679,575
2680,-75
2681,621
2682,673
2683,-127
2684,671
2685,-127
2686,675
2687,425
2688,625
2689,571
2690,675
2691,625
2692,-27
2693,675
2694,-77
2695,-75
2696,675
2697,625
2698,548
2699,571
2700,400
2701,625
2702,221
2703,375
2704,573
2705,625
2706,523
2707,325
2708,548
2709,525
2710,498
2711,-75
2712,625
2713,525
2714,273
2715,671
2716,350
2717,623
2718,625
2719,675
2720,573
2721,573
2722,525
2723,675
2724,625
2725,673
2726,675
2727,575
2728,621
2729,625
2730,-125
2731,625
2732,675
2733,625
2734,-125
2735,675
2736,0
2737,675
2738,675
2739,-27
2740,625
2741,475
2742,575
2743,425
2744,425
2745,625
2746,673
2747,-125
2748,421
2749,673
2750,675
2751,623
2752,573
2753,625
2754,-179
2755,548
2756,675
2757,673
2758,-25
2759,523
2760,673
2761,675
2762,-127
2763,-125
2764,625
2765,-75
2766,675
2767,573
2768,521
2769,525
2770,575
2771,450
2772,625
2773,525
2774,400
2775,621
2776,325
2777,623
2778,675
2779,-75
2780,625
2781,623
2782,523
2783,673
2784,671
2785,400
2786,-125
2787,275
2788,323
2789,-25
2790,-200
2791,475
2792,675
2793,350
2794,-25
2795,669
2796,148
2797,673
2798,273
2799,-125
2800,675
2801,625
2802,475
2803,348
2804,525
2805,-75
2806,-202
2807,350
2808,-127
2809,550
2810,425
2811,623
2812,517
2813,-27
2814,625
2815,675
2816,475
2817,623
2818,575
2819,-125
2820,675
2821,673
2822,-177
2823,-125
2824,348
2825,625
2826,575
2827,623
2828,-125
2829,525
2830,-75
2831,-75
2832,675
2833,325
2834,-77
2835,625
2836,675
2837,221
2838,-125
2839,623
2840,675
2841,573
2842,625
2843,673
2844,625
2845,-125
2846,250
2847,675
2848,675
2849,-125
2850,473
2851,675
2852,-125
2853,675
2854,675
2855,675
2856,-75
2857,-175
2858,400
2859,625
2860,625
2861,-127
2862,625
2863,523
2864,625
2865,675
2866,675
2867,625
2868,423
2869,573
2870,-175
2871,625
2872,400
2873,573
2874,-77
2875,673
2876,625
2877,625
2878,675
2879,-227
2880,625
2881,425
2882,-75
2883,-77
2884,621
2885,-50
2886,-27
2887,623
2888,-175
2889,-129
2890,475
2891,675
2892,500
2893,673
2894,523
2895,425
2896,273
2897,-125
2898,675
2899,-125
2900,319
2901,100
2902,425
2903,671
2904,675
2905,-27
2906,-25
2907,475
2908,623
2909,625
2910,675
2911,-27
2912,375
2913,-75
2914,675
2915,575
2916,-175
2917,625
2918,400
2919,550
2920,673
2921,675
2922,625
2923,-125
2924,673
2925,675
2926,-100
2927,675
2928,675
2929,473
2930,675
2931,675
2932,398
2933,-127
2934,673
2935,473
2936,575
2937,623
2938,673
2939,350
2940,573
2941,-25
2942,625
2943,671
2944,669
2945,-125
2946,673
2947,675
2948,525
2949,675
2950,675
2951,675
2952,673
2953,573
2954,675
2955,500
2956,575
2957,625
2958,525
2959,575
2960,525
2961,-125
2962,625
2963,675
2964,675
2965,675
2966,673
2967,-125
2968,573
2969,323
2970,-75
2971,675
2972,398
2973,623
2974,675
2975,-4
2976,350
2977,675
2978,675
2979,675
2980,623
2981,673
2982,325
2983,621
2984,-25
2985,623
2986,-125
2987,625
2988,-125
2989,-129
2990,573
2991,673
2992,525
2993,675
2994,400
2995,625
2996,675
2997,523
2998,575
2999,621
3000,298
3001,-125
3002,675
3003,625
3004,475
3005,-75
3006,400
3007,625
3008,625
3009,673
3010,623
3011,623
3012,-2
3013,675
3014,575
3015,675
3016,675
3017,575
3018,348
3019,675
3020,-125
3021,225
3022,373
3023,625
3024,675
3025,675
3026,675
3027,675
3028,675
3029,-75
3030,619
3031,673
3032,-125
3033,-50
3034,375
3035,425
3036,400
3037,673
3038,675
3039,575
3040,675
3041,525
3042,525
3043,350
3044,625
3045,-127
3046,673
3047,575
3048,575
3049,625
3050,625
3051,-200
3052,-77
3053,-25
3054,100
3055,675
3056,425
3057,275
3058,673
3059,575
3060,575
3061,-127
3062,500
3063,400
3064,573
3065,475
3066,573
3067,-50
3068,250
3069,675
3070,625
3071,375
3072,350
3073,675
3074,375
3075,-125
3076,675
3077,625
3078,375
3079,546
3080,394
3081,625
3082,-75
3083,675
3084,625
3085,625
3086,-81
3087,675
3088,400
3089,-125
3090,473
3091,673
3092,675
3093,675
3094,575
3095,525
3096,623
3097,571
3098,675
3099,0
3100,-125
3101,375
3102,625
3103,675
3104,-79
3105,625
3106,-25
3107,473
3108,675
3109,673
3110,525
3111,523
3112,671
3113,525
3114,-25
3115,625
3116,550
3117,625
3118,675
3119,625
3120,625
3121,675
3122,625
3123,621
3124,575
3125,-127
3126,-125
3127,375
3128,675
3129,625
3130,521
3131,373
3132,673
3133,425
3134,673
3135,323
3136,625
3137,575
3138,623
3139,675
3140,-125
3141,375
3142,425
3143,523
3144,373
3145,400
3146,673
3147,625
3148,623
3149,575
3150,671
3151,573
3152,425
3153,625
3154,400
3155,-75
3156,675
3157,575
3158,523
3159,673
3160,625
3161,325
3162,525
3163,371
3164,-77
3165,-25
3166,-77
3167,-127
3168,625
3169,-75
3170,400
3171,-6
3172,-127
3173,575
3174,525
3175,521
3176,500
3177,625
3178,675
3179,675
3180,675
3181,675
3182,525
3183,675
3184,625
3185,525
3186,575
3187,-125
3188,625
3189,523
3190,625
3191,625
3192,500
3193,575
3194,575
3195,625
3196,523
3197,675
3198,575
3199,575
3200,-127
3201,-50
3202,675
3203,625
3204,575
3205,-77
3206,673
3207,-75
3208,625
3209,321
3210,575
3211,-29
3212,375
3213,400
3214,673
3215,675
3216,673
3217,675
3218,298
3219,669
3220,675
3221,671
3222,-200
3223,675
3224,517
3225,525
3226,625
3227,675
3228,625
3229,400
3230,-79
3231,675
3232,675
3233,-75
3234,625
3235,573
3236,623
3237,675
3238,525
3239,300
3240,675
3241,625
3242,625
3243,623
3244,625
3245,625
3246,675
3247,625
3248,675
3249,623
3250,-127
3251,571
3252,-79
3253,-200
3254,523
3255,675
3256,625
3257,675
3258,521
3259,625
3260,625
3261,675
3262,623
3263,-75
3264,523
3265,625
3266,625
3267,671
3268,675
3269,675
3270,-175
3271,421
3272,23
3273,423
3274,425
3275,625
3276,675
3277,523
3278,-125
3279,625
3280,625
3281,575
3282,-277
3283,575
3284,623
3285,375
3286,475
3287,675
3288,625
3289,-35
3290,523
3291,548
3292,-125
3293,575
3294,-27
3295,675
3296,375
3297,498
3298,625
3299,625
3300,673
3301,350
3302,673
3303,-77
3304,675
3305,623
3306,625
3307,625
3308,450
3309,673
3310,673
3311,625
3312,625
3313,423
3314,675
3315,625
3316,623
3317,300
3318,625
3319,425
3320,298
3321,-227
3322,575
3323,675
3324,675
3325,196
3326,675
3327,200
3328,675
3329,673
3330,675
3331,575
3332,575
3333,500
3334,325
3335,623
3336,575
3337,623
3338,398
3339,675
3340,623
3341,673
3342,423
3343,375
3344,675
3345,-75
3346,-127
3347,550
3348,523
3349,573
3350,673
3351,525
3352,-77
3353,625
3354,-125
3355,625
3356,521
3357,425
3358,575
3359,425
3360,575
3361,575
3362,575
3363,496
3364,625
3365,600
3366,-175
3367,623
3368,675
3369,-100
3370,625
3371,575
3372,-125
3373,-25
3374,625
3375,625
3376,398
3377,575
3378,-75
3379,550
3380,350
3381,625
3382,621
3383,675
3384,625
3385,625
3386,-125
3387,-52
3388,296
3389,625
3390,625
3391,-79
3392,675
3393,675
3394,325
3395,673
3396,0
3397,-125
3398,673
3399,623
3400,-75
3401,294
3402,425
3403,-75
3404,150
3405,496
3406,625
3407,675
3408,575
3409,675
3410,-27
3411,575
3412,400
3413,-125
3414,621
3415,346
3416,-75
3417,-125
3418,625
3419,500
3420,623
3421,675
3422,675
3423,675
3424,573
3425,673
3426,573
3427,575
3428,-75
3429,-125
3430,375
3431,400
3432,575
3433,673
3434,623
3435,-27
3436,600
3437,-29
3438,675
3439,550
3440,623
3441,-200
3442,625
3443,573
3444,525
3445,625
3446,675
3447,675
3448,519
3449,-125
3450,525
3451,398
3452,573
3453,625
3454,625
3455,625
3456,-75
3457,575
3458,425
3459,675
3460,625
3461,623
3462,623
3463,325
3464,-125
3465,-127
3466,625
3467,298
3468,300
3469,423
3470,675
3471,-75
3472,-75
3473,675
3474,-127
3475,150
3476,-177
3477,398
3478,675
3479,625
3480,625
3481,575
3482,625
3483,625
3484,471
3485,675
3486,-177
3487,625
3488,550
3489,525
3490,475
3491,-125
3492,-125
3493,625
3494,675
3495,625
3496,625
3497,375
3498,675
3499,575
3500,-75
3501,675
3502,623
3503,671
3504,625
3505,-27
3506,250
3507,275
3508,475
3509,675
3510,198
3511,675
3512,-27
3513,625
3514,375
3515,-125
3516,-75
3517,-75
3518,425
3519,675
3520,675
3521,525
3522,-25
3523,350
3524,623
3525,148
3526,675
3527,196
3528,-125
3529,623
3530,-129
3531,575
3532,-350
3533,-175
3534,446
3535,625
3536,-125
3537,-125
3538,675
3539,-125
3540,675
3541,-125
3542,475
3543,-75
3544,-127
3545,675
3546,675
3547,425
3548,-125
3549,675
3550,-177
3551,571
3552,150
3553,350
3554,571
3555,225
3556,675
3557,675
3558,675
3559,625
3560,675
3561,-77
3562,675
3563,475
3564,375
3565,675
3566,471
3567,675
3568,525
3569,600
3570,625
3571,525
3572,675
3573,621
3574,625
3575,-125
3576,675
3577,-75
3578,398
3579,-75
3580,625
3581,475
3582,-75
3583,675
3584,625
3585,625
3586,523
3587,675
3588,671
3589,625
3590,673
3591,675
3592,675
3593,675
3594,523
3595,375
3596,-200
3597,475
3598,673
3599,625
3600,675
3601,675
3602,625
3603,675
3604,675
3605,623
3606,-125
3607,669
3608,673
3609,625
3610,673
3611,675
3612,523
3613,575
3614,425
3615,625
3616,625
3617,575
3618,675
3619,350
3620,300
3621,673
3622,625
3623,573
3624,-75
3625,-125
3626,675
3627,625
3628,675
3629,-27
3630,625
3631,525
3632,-127
3633,-75
3634,525
3635,673
3636,-77
3637,675
3638,625
3639,675
3640,525
3641,325
3642,575
3643,675
3644,673
3645,675
3646,-125
3647,673
3648,675
3649,548
3650,675
3651,-100
3652,675
3653,523
3654,623
3655,475
3656,400
3657,675
3658,550
3659,675
3660,-175
3661,625
3662,675
3663,673
3664,375
3665,673
3666,575
3667,623
3668,298
3669,423
3670,-227
3671,-127
3672,525
3673,525
3674,-12
3675,575
3676,-125
3677,575
3678,475
3679,673
3680,625
3681,675
3682,425
3683,250
3684,550
3685,573
3686,525
3687,525
3688,498
3689,475
3690,673
3691,625
3692,298
3693,675
3694,675
3695,623
3696,448
3697,-77
3698,623
3699,625
3700,623
3701,675
3702,575
3703,673
3704,675
3705,673
3706,0
3707,675
3708,675
3709,675
3710,-79
3711,675
3712,-127
3713,625
3714,675
3715,675
3716,625
3717,-125
3718,475
3719,675
3720,673
3721,621
3722,248
3723,675
3724,625
3725,-75
3726,-27
3727,-75
3728,575
3729,575
3730,623
3731,675
3732,675
3733,673
3734,675
3735,675
3736,675
3737,575
3738,673
3739,-75
3740,621
3741,623
3742,-125
3743,671
3744,575
3745,623
3746,623
3747,625
3748,675
3749,-175
3750,-77
3751,575
3752,675
3753,673
3754,675
3755,675
3756,323
3757,675
3758,673
3759,-250
3760,625
3761,575
3762,575
3763,623
3764,348
3765,-125
3766,525
3767,675
3768,625
3769,575
3770,571
3771,-75
3772,-75
3773,617
3774,623
3775,625
3776,275
3777,-125
3778,248
3779,419
3780,675
3781,673
3782,675
3783,575
3784,-129
3785,575
3786,196
3787,523
3788,673
3789,525
3790,625
3791,400
3792,673
3793,675
3794,525
3795,573
3796,675
3797,623
3798,548
3799,521
3800,-175
3801,550
3802,621
3803,-127
3804,-75
3805,675
3806,573
3807,523
3808,575
3809,400
3810,675
3811,-75
3812,675
3813,548
3814,675
3815,623
3816,-75
3817,525
3818,675
3819,675
3820,-125
3821,675
3822,675
3823,623
3824,-75
3825,400
3826,621
3827,571
3828,673
3829,675
3830,575
3831,673
3832,523
3833,575
3834,348
3835,675
3836,675
3837,-125
3838,575
3839,625
3840,675
3841,675
3842,573
3843,675
3844,550
3845,625
3846,673
3847,625
3848,623
3849,325
3850,400
3851,275
3852,500
3853,-25
3854,625
3855,525
3856,675
3857,573
3858,425
3859,-325
3860,-202
3861,625
3862,675
3863,625
3864,-127
3865,525
3866,575
3867,675
3868,675
3869,673
3870,600
3871,-75
3872,-77
3873,400
3874,625
3875,625
3876,-75
3877,675
3878,623
3879,621
3880,625
3881,-75
3882,-75
3883,575
3884,623
3885,675
3886,625
3887,-125
3888,623
3889,675
3890,575
3891,673
3892,625
3893,-100
3894,400
3895,573
3896,-125
3897,-77
3898,521
3899,573
3900,675
3901,523
3902,675
3903,625
3904,575
3905,675
3906,625
3907,-225
3908,675
3909,673
3910,675
3911,669
3912,675
3913,675
3914,675
3915,623
3916,675
3917,-227
3918,550
3919,400
3920,575
3921,523
3922,675
3923,623
3924,625
3925,273
3926,573
3927,575
3928,398
3929,-25
3930,550
3931,625
3932,675
3933,-75
3934,425
3935,575
3936,675
3937,673
3938,625
3939,400
3940,625
3941,571
3942,675
3943,400
3944,-25
3945,625
3946,573
3947,550
3948,675
3949,-75
3950,-125
3951,371
3952,338
3953,-125
3954,673
3955,525
3956,-75
3957,-125
3958,425
3959,550
3960,350
3961,546
3962,675
3963,573
3964,475
3965,150
3966,-127
3967,475
3968,673
3969,675
3970,669
3971,675
3972,625
3973,625
3974,400
3975,-75
3976,425
3977,-25
3978,621
3979,673
3980,625
3981,625
3982,348
3983,625
3984,619
3985,575
3986,675
3987,525
3988,423
3989,675
3990,-27
3991,675
3992,-77
3993,525
3994,675
3995,623
3996,675
3997,675
3998,525
3999,-127
4000,575
4001,675
4002,625
4003,625
4004,-225
4005,575
4006,623
4007,-125
4008,-250
4009,573
4010,-102
4011,675
4012,298
4013,675
4014,398
4015,-125
4016,425
4017,523
4018,473
4019,675
4020,-75
4021,675
4022,325
4023,425
4024,-75
4025,348
4026,475
4027,0
4028,-202
4029,675
4030,673
4031,623
4032,625
4033,675
4034,325
4035,675
4036,675
4037,675
4038,675
4039,523
4040,673
4041,-29
4042,350
4043,675
4044,675
4045,-27
4046,-125
4047,400
4048,525
4049,425
4050,575
4051,-127
4052,525
4053,525
4054,623
4055,-77
4056,525
4057,525
4058,-27
4059,-75
4060,625
4061,325
4062,-79
4063,575
4064,575
4065,675
4066,525
4067,625
4068,625
4069,623
4070,675
4071,571
4072,673
4073,150
4074,573
4075,625
4076,-125
4077,623
4078,-52
4079,-75
4080,673
4081,425
4082,625
4083,623
4084,673
4085,621
4086,673
4087,423
4088,621
4089,675
4090,523
4091,525
4092,473
4093,621
4094,675
4095,623
4096,671
4097,575
4098,675
4099,425
4100,248
4101,675
4102,-25
4103,573
4104,673
4105,675
4106,625
4107,-25
4108,-25
4109,675
4110,573
4111,573
4112,473
4113,625
4114,623
4115,550
4116,398
4117,573
4118,625
4119,575
4120,-25
4121,673
4122,-200
4123,300
4124,625
4125,675
4126,575
4127,525
4128,500
4129,623
4130,673
4131,-125
4132,675
4133,625
4134,625
4135,-125
4136,325
4137,675
4138,425
4139,350
4140,-75
4141,675
4142,-27
4143,-25
4144,-125
4145,675
4146,675
4147,671
4148,675
4149,575
4150,675
4151,619
4152,673
4153,675
4154,625
4155,400
4156,675
4157,-125
4158,573
4159,-125
4160,300
4161,625
4162,625
4163,-125
4164,675
4165,350
4166,575
4167,573
4168,623
4169,-25
4170,673
4171,575
4172,675
4173,675
4174,523
4175,575
4176,675
4177,675
4178,675
4179,525
4180,323
4181,675
4182,-125
4183,675
4184,-175
4185,675
4186,575
4187,673
4188,675
4189,546
4190,550
4191,675
4192,-75
4193,673
4194,500
4195,625
4196,675
4197,-25
4198,-125
4199,623
4200,625
4201,-129
4202,671
4203,523
4204,675
4205,673
4206,-27
4207,-125
4208,625
4209,623
4210,675
4211,675
4212,675
4213,-75
4214,-25
4215,623
4216,273
4217,675
4218,573
4219,573
4220,675
4221,-125
4222,675
4223,523
4224,623
4225,625
4226,673
4227,125
4228,496
4229,-175
4230,-75
4231,-125
4232,573
4233,673
4234,625
4235,-175
4236,673
4237,625
4238,675
4239,425
4240,425
4241,675
4242,675
4243,300
4244,625
4245,-77
4246,675
4247,671
4248,575
4249,-125
4250,-125
4251,675
4252,675
4253,-227
4254,673
4255,673
4256,573
4257,625
4258,625
4259,675
4260,673
4261,675
4262,500
4263,675
4264,675
4265,623
4266,675
4267,571
4268,625
4269,675
4270,575
4271,675
4272,675
4273,673
4274,425
4275,-77
4276,673
4277,673
4278,675
4279,275
4280,-125
4281,625
4282,675
4283,625
4284,675
4285,675
4286,375
4287,573
4288,400
4289,575
4290,625
4291,575
4292,-75
4293,-25
4294,675
4295,425
4296,675
4297,546
4298,-75
4299,675
4300,623
4301,673
4302,250
4303,400
4304,625
4305,-129
4306,625
4307,623
4308,571
4309,625
4310,300
4311,-81
4312,623
4313,673
4314,-125
4315,550
4316,550
4317,675
4318,519
4319,-125
4320,-25
4321,-125
4322,25
4323,675
4324,-79
4325,-250
4326,471
4327,625
4328,669
4329,625
4330,625
4331,425
4332,523
4333,625
4334,400
4335,625
4336,675
4337,675
4338,675
4339,675
4340,423
4341,673
4342,671
4343,625
4344,675
4345,673
4346,575
4347,675
4348,625
4349,625
4350,671
4351,675
4352,-125
4353,675
4354,346
4355,573
4356,-202
4357,625
4358,625
4359,673
4360,675
4361,673
4362,675
4363,623
4364,375
4365,346
4366,525
4367,675
4368,675
4369,398
4370,675
4371,-27
4372,675
4373,-75
4374,573
4375,675
4376,623
4377,-127
4378,150
4379,675
4380,675
4381,-125
4382,675
4383,-27
4384,-25
4385,473
4386,525
4387,675
4388,623
4389,250
4390,625
4391,625
4392,575
4393,425
4394,225
4395,-125
4396,673
4397,673
4398,-77
4399,575
4400,673
4401,675
4402,573
4403,623
4404,-25
4405,-125
4406,223
4407,675
4408,625
4409,573
4410,675
4411,573
4412,425
4413,573
4414,350
4415,625
4416,573
4417,625
4418,573
4419,523
4420,475
4421,525
4422,-75
4423,575
4424,675
4425,350
4426,623
4427,248
4428,623
4429,475
4430,625
4431,675
4432,448
4433,-25
4434,675
4435,-75
4436,-125
4437,625
4438,473
4439,-75
4440,-75
4441,523
4442,621
4443,675
4444,-81
4445,525
4446,473
4447,675
4448,623
4449,548
4450,-125
4451,-77
4452,571
4453,-77
4454,571
4455,575
4456,448
4457,625
4458,575
4459,675
4460,675
4461,673
4462,623
4463,675
4464,673
4465,425
4466,625
4467,-79
4468,400
4469,575
4470,673
4471,523
4472,673
4473,-125
4474,675
4475,523
4476,575
4477,425
4478,625
4479,675
4480,-29
4481,623
4482,196
4483,625
4484,619
4485,675
4486,623
4487,673
4488,525
4489,675
4490,675
4491,675
4492,-25
4493,675
4494,675
4495,675
4496,-75
4497,673
4498,621
4499,475
4500,675
4501,571
4502,569
4503,625
4504,673
4505,675
4506,675
4507,575
4508,350
4509,623
4510,569
4511,675
4512,-125
4513,671
4514,675
4515,-25
4516,675
4517,625
4518,675
4519,348
4520,475
4521,673
4522,350
4523,0
4524,675
4525,625
4526,673
4527,550
4528,623
4529,675
4530,675
4531,619
4532,675
4533,400
4534,673
4535,673
4536,-125
4537,625
4538,575
4539,675
4540,675
4541,425
4542,675
4543,621
4544,675
4545,423
4546,623
4547,675
4548,-125
4549,675
4550,575
4551,400
4552,625
4553,425
4554,425
4555,-75
4556,675
4557,675
4558,400
4559,575
4560,673
4561,473
4562,325
4563,675
4564,623
4565,625
4566,325
4567,675
4568,475
4569,625
4570,623
4571,675
4572,325
4573,625
4574,-125
4575,575
4576,675
4577,625
4578,-125
4579,675
4580,-127
4581,-25
4582,673
4583,575
4584,423
4585,-4
4586,575
4587,625
4588,675
4589,423
4590,400
4591,-125
4592,625
4593,625
4594,573
4595,625
4596,525
4597,675
4598,623
4599,-127
4600,525
4601,675
4602,550
4603,500
4604,575
4605,198
4606,-75
4607,669
4608,473
4609,400
4610,-175
4611,575
4612,673
4613,573
4614,525
4615,623
4616,625
4617,-125
4618,675
4619,621
4620,375
4621,673
4622,448
4623,625
4624,-75
4625,625
4626,348
4627,575
4628,623
4629,675
4630,400
4631,675
4632,673
4633,-125
4634,398
4635,423
4636,500
4637,671
4638,671
4639,623
4640,525
4641,575
4642,625
4643,373
4644,625
4645,623
4646,675
4647,675
4648,673
4649,575
4650,-77
4651,575
4652,675
4653,675
4654,-77
4655,-79
4656,350
4657,525
4658,575
4659,669
4660,625
4661,675
4662,675
4663,675
4664,673
4665,-75
4666,575
4667,546
4668,625
4669,523
4670,675
4671,625
4672,573
4673,623
4674,-75
4675,673
4676,625
4677,525
4678,525
4679,675
4680,675
4681,498
4682,300
4683,675
4684,675
4685,675
4686,-79
4687,300
4688,675
4689,675
4690,675
4691,-75
4692,673
4693,625
4694,394
4695,623
4696,675
4697,-127
4698,548
4699,673
4700,550
4701,225
4702,525
4703,675
4704,146
4705,523
4706,525
4707,625
4708,475
4709,675
4710,373
4711,475
4712,675
4713,298
4714,675
4715,575
4716,344
4717,623
4718,-75
4719,-75
4720,550
4721,494
4722,675
4723,671
4724,225
4725,675
4726,621
4727,675
4728,675
4729,675
4730,-100
4731,675
4732,525
4733,623
4734,525
4735,-75
4736,675
4737,623
4738,675
4739,325
4740,425
4741,523
4742,298
4743,398
4744,-77
4745,-75
4746,675
4747,571
4748,-4
4749,-77
4750,573
4751,348
4752,-125
4753,148
4754,625
4755,675
4756,-75
4757,523
4758,625
4759,675
4760,-125
4761,-25
4762,-75
4763,-77
4764,671
4765,625
4766,673
4767,546
4768,-177
4769,-25
4770,-75
4771,675
4772,625
4773,-175
4774,523
4775,350
4776,423
4777,625
4778,675
4779,575
4780,675
4781,675
4782,-75
4783,-100
4784,-25
4785,-75
4786,450
4787,-25
4788,675
4789,675
4790,573
4791,525
4792,675
4793,523
4794,575
4795,675
4796,575
4797,671
4798,-125
4799,623
4800,625
4801,673
4802,-125
4803,673
4804,673
4805,-75
4806,623
4807,450
4808,523
4809,625
4810,675
4811,625
4812,675
4813,625
4814,625
4815,573
4816,-75
4817,150
4818,575
4819,675
4820,498
4821,375
4822,625
4823,625
4824,675
4825,575
4826,496
4827,673
4828,625
4829,471
4830,350
4831,-25
4832,573
4833,525
4834,675
4835,625
4836,575
4837,625
4838,475
4839,625
4840,-25
4841,-75
4842,675
4843,573
4844,573
4845,625
4846,521
4847,675
4848,625
4849,575
4850,675
4851,-75
4852,375
4853,-79
4854,400
4855,619
4856,475
4857,625
4858,673
4859,675
4860,673
4861,675
4862,675
4863,625
4864,625
4865,573
4866,-125
4867,675
4868,675
4869,675
4870,625
4871,675
4872,623
4873,-125
4874,348
4875,565
4876,625
4877,675
4878,-125
4879,675
4880,575
4881,625
4882,425
4883,625
4884,675
4885,675
4886,623
4887,625
4888,623
4889,-150
4890,673
4891,673
4892,625
4893,-125
4894,375
4895,-77
4896,471
4897,675
4898,621
4899,150
4900,346
4901,525
4902,-75
4903,-75
4904,-150
4905,625
4906,675
4907,-75
4908,-75
4909,-75
4910,675
4911,425
4912,425
4913,669
4914,675
4915,623
4916,575
4917,575
4918,675
4919,625
4920,675
4921,550
4922,675
4923,400
4924,623
4925,-27
4926,675
4927,675
4928,-125
4929,625
4930,575
4931,575
4932,-75
4933,575
4934,550
4935,675
4936,373
4937,675
4938,675
4939,-127
4940,675
4941,525
4942,-125
4943,623
4944,625
4945,675
4946,675
4947,675
4948,300
4949,-27
4950,675
4951,525
4952,575
4953,450
4954,396
4955,625
4956,373
4957,-179
4958,625
4959,450
4960,675
4961,675
4962,675
4963,673
4964,425
4965,575
4966,-75
4967,573
4968,625
4969,525
4970,625
4971,550
4972,473
4973,369
4974,675
4975,625
4976,673
4977,573
4978,625
4979,300
4980,375
4981,623
4982,623
4983,625
4984,425
4985,625
4986,675
4987,350
4988,400
4989,625
4990,625
4991,675
4992,425
4993,675
4994,575
4995,621
4996,671
4997,375
4998,625
4999,673
5000,673
5001,525
5002,575
5003,523
5004,423
5005,673
5006,-25
5007,673
5008,-77
5009,348
5010,-125
5011,675
5012,675
5013,623
5014,675
5015,575
5016,-77
5017,675
5018,-177
5019,575
5020,-75
5021,221
5022,275
5023,400
5024,673
5025,571
5026,-25
5027,-125
5028,73
5029,675
5030,675
5031,675
5032,623
5033,469
5034,625
5035,250
5036,-131
5037,523
5038,675
5039,625
5040,675
5041,625
5042,675
5043,625
5044,675
5045,571
5046,375
5047,625
5048,625
5049,400
5050,675
5051,548
5052,-125
5053,623
5054,623
5055,625
5056,623
5057,-75
5058,-125
5059,673
5060,375
5061,-27
5062,-125
5063,625
5064,400
5065,625
5066,475
5067,575
5068,-125
5069,625
5070,198
5071,675
5072,675
5073,-4
5074,500
5075,625
5076,675
5077,525
5078,625
5079,573
5080,675
5081,673
5082,675
5083,673
5084,619
5085,675
5086,675
5087,575
5088,-75
5089,-125
5090,-127
5091,-129
5092,673
5093,-77
5094,675
5095,625
5096,525
5097,625
5098,675
5099,675
5100,675
5101,-127
5102,-75
5103,473
5104,625
5105,425
5106,675
5107,-25
5108,625
5109,625
5110,425
5111,675
5112,675
5113,425
5114,-127
5115,521
5116,523
5117,625
5118,348
5119,473
5120,675
5121,625
5122,675
5123,673
5124,625
5125,575
5126,573
5127,400
5128,-56
5129,625
5130,575
5131,323
5132,625
5133,348
5134,275
5135,569
5136,575
5137,673
5138,675
5139,548
5140,425
5141,550
5142,675
5143,400
5144,575
5145,625
5146,669
5147,-25
5148,-125
5149,-125
5150,623
5151,-79
5152,675
5153,375
5154,425
5155,-125
5156,675
5157,621
5158,-27
5159,425
5160,675
5161,-125
5162,675
5163,675
5164,625
5165,623
5166,675
5167,148
5168,575
5169,625
5170,-125
5171,675
5172,621
5173,623
5174,625
5175,-100
5176,-127
5177,-125
5178,675
5179,625
5180,425
5181,-77
5182,621
5183,500
5184,623
5185,-2
5186,675
5187,550
5188,675
5189,-25
5190,575
5191,673
5192,350
5193,500
5194,400
5195,-125
5196,625
5197,425
5198,675
5199,525
5200,323
5201,475
5202,-77
5203,398
5204,673
5205,398
5206,573
5207,-125
5208,625
5209,625
5210,623
5211,548
5212,625
5213,675
5214,675
5215,675
5216,373
5217,623
5218,400
5219,573
5220,525
5221,575
5222,675
5223,425
5224,348
5225,675
5226,675
5227,675
5228,-177
5229,675
5230,625
5231,273
5232,521
5233,675
5234,550
5235,675
5236,525
5237,473
5238,575
5239,-75
5240,675
5241,623
5242,-125
5243,625
5244,675
5245,625
5246,673
5247,625
5248,-25
5249,396
5250,225
5251,473
5252,423
5253,573
5254,-125
5255,-25
5256,575
5257,375
5258,619
5259,598
5260,-75
5261,673
5262,400
5263,375
5264,350
5265,621
5266,625
5267,675
5268,625
5269,675
5270,625
5271,525
5272,-79
5273,-125
5274,675
5275,-75
5276,675
5277,350
5278,150
5279,675
5280,575
5281,675
5282,673
5283,625
5284,525
5285,-75
5286,675
5287,675
5288,-27
5289,625
5290,471
5291,573
5292,573
5293,621
5294,525
5295,625
5296,675
5297,-75
5298,625
5299,475
5300,425
5301,-75
5302,475
5303,400
5304,400
5305,623
5306,673
5307,500
5308,473
5309,675
5310,675
5311,675
5312,375
5313,675
5314,625
5315,623
5316,623
5317,675
5318,623
5319,675
5320,375
5321,-79
5322,575
5323,675
5324,575
5325,550
5326,573
5327,-25
5328,625
5329,-127
5330,625
5331,-200
5332,471
5333,575
5334,525
5335,500
5336,-175
5337,525
5338,475
5339,671
5340,525
5341,675
5342,575
5343,550
5344,375
5345,46
5346,675
5347,500
5348,-25
5349,-100
5350,-125
5351,473
5352,675
5353,375
5354,675
5355,-125
5356,348
5357,675
5358,675
5359,-75
5360,675
5361,-125
5362,625
5363,300
5364,275
5365,625
5366,-125
5367,-125
5368,675
5369,-125
5370,675
5371,625
5372,675
5373,-125
5374,675
5375,623
5376,-75
5377,-75
5378,575
5379,625
5380,675
5381,475
5382,573
5383,425
5384,675
5385,-27
5386,350
5387,625
5388,675
5389,625
5390,623
5391,148
5392,169
5393,625
5394,675
5395,398
5396,675
5397,523
5398,673
5399,623
5400,675
5401,675
5402,575
5403,625
5404,625
5405,675
5406,675
5407,-125
5408,-125
5409,573
5410,575
5411,575
5412,623
5413,671
5414,675
5415,675
5416,-125
5417,621
5418,525
5419,625
5420,398
5421,-25
5422,675
5423,625
5424,-125
5425,675
5426,325
5427,550
5428,675
5429,-25
5430,500
5431,50
5432,548
5433,625
5434,550
5435,625
5436,675
5437,525
5438,675
5439,675
5440,-125
5441,675
5442,-125
5443,523
5444,525
5445,-29
5446,473
5447,575
5448,675
5449,-127
5450,623
5451,125
5452,523
5453,625
5454,475
5455,-25
5456,673
5457,673
5458,-227
5459,619
5460,675
5461,623
5462,575
5463,525
5464,675
5465,675
5466,675
5467,575
5468,625
5469,675
5470,625
5471,623
5472,625
5473,375
5474,-125
5475,525
5476,623
5477,573
5478,673
5479,523
5480,346
5481,625
5482,348
5483,350
5484,675
5485,521
5486,525
5487,673
5488,625
5489,625
5490,675
5491,675
5492,675
5493,248
5494,675
5495,675
5496,-225
5497,375
5498,571
5499,623
5500,675
5501,625
5502,575
5503,675
5504,400
5505,621
5506,573
5507,-125
5508,625
5509,-75
5510,675
5511,-125
5512,-125
5513,625
5514,623
5515,675
5516,525
5517,573
5518,569
5519,575
5520,675
5521,675
5522,675
5523,425
5524,673
5525,398
5526,-104
5527,548
5528,675
5529,-125
5530,625
5531,675
5532,623
5533,625
5534,400
5535,675
5536,523
5537,425
5538,248
5539,-125
5540,423
5541,675
5542,548
5543,396
5544,673
5545,575
5546,673
5547,675
5548,375
5549,625
5550,625
5551,350
5552,673
5553,-127
5554,623
5555,-75
5556,575
5557,675
5558,373
5559,573
5560,625
5561,675
5562,325
5563,675
5564,625
5565,375
5566,675
5567,575
5568,623
5569,550
5570,-125
5571,473
5572,-25
5573,300
5574,446
5575,671
5576,475
5577,519
5578,675
5579,473
5580,675
5581,548
5582,625
5583,675
5584,625
5585,523
5586,575
5587,675
5588,548
5589,675
5590,671
5591,675
5592,571
5593,375
5594,625
5595,575
5596,475
5597,675
5598,675
5599,-75
5600,550
5601,-131
5602,-125
5603,625
5604,525
5605,625
5606,575
5607,675
5608,573
5609,-29
5610,-125
5611,371
5612,-179
5613,675
5614,525
5615,575
5616,675
5617,619
5618,523
5619,675
5620,-75
5621,623
5622,675
5623,673
5624,675
5625,673
5626,625
5627,625
5628,625
5629,-77
5630,425
5631,475
5632,-75
5633,673
5634,675
5635,675
5636,675
5637,573
5638,-125
5639,675
5640,325
5641,675
5642,625
5643,623
5644,571
5645,575
5646,675
5647,675
5648,-200
5649,250
5650,625
5651,675
5652,675
5653,-75
5654,-129
5655,675
5656,-227
5657,675
5658,248
5659,675
5660,667
5661,423
5662,625
5663,673
5664,619
5665,623
5666,625
5667,575
5668,271
5669,-75
5670,625
5671,-75
5672,525
5673,623
5674,675
5675,475
5676,625
5677,675
5678,623
5679,575
5680,671
5681,675
5682,575
5683,625
5684,675
5685,673
5686,675
5687,675
5688,575
5689,-125
5690,475
5691,573
5692,623
5693,625
5694,673
5695,675
5696,21
5697,625
5698,675
5699,-75
5700,675
5701,-125
5702,525
5703,-127
5704,623
5705,425
5706,625
5707,675
5708,675
5709,623
5710,675
5711,400
5712,673
5713,675
5714,525
5715,621
5716,675
5717,-125
5718,-75
5719,375
5720,-127
5721,575
5722,373
5723,-25
5724,425
5725,300
5726,425
5727,-75
5728,225
5729,-200
5730,573
5731,525
5732,675
5733,575
5734,675
5735,675
5736,-125
5737,625
5738,625
5739,675
5740,675
5741,575
5742,550
5743,-77
5744,675
5745,675
5746,675
5747,571
5748,-75
5749,625
5750,425
5751,521
5752,573
5753,675
5754,671
5755,625
5756,-75
5757,525
5758,673
5759,675
5760,675
5761,675
5762,525
5763,673
5764,-29
5765,250
5766,425
5767,625
5768,673
5769,425
5770,475
5771,525
5772,523
5773,625
5774,673
5775,446
5776,-75
5777,498
5778,-77
5779,625
5780,675
5781,-125
5782,625
5783,675
5784,-125
5785,673
5786,671
5787,-127
5788,-75
5789,675
5790,625
5791,575
5792,575
5793,200
5794,567
5795,-175
5796,575
5797,575
5798,673
5799,625
5800,675
5801,575
5802,525
5803,550
5804,471
5805,625
5806,625
5807,-75
5808,675
5809,625
5810,673
5811,300
5812,673
5813,675
5814,673
5815,575
5816,675
5817,625
5818,675
5819,623
5820,-75
5821,-125
5822,575
5823,573
5824,675
5825,623
5826,673
5827,425
5828,673
5829,621
5830,625
5831,373
5832,400
5833,225
5834,675
5835,325
5836,673
5837,675
5838,-75
5839,348
5840,675
5841,-225
5842,575
5843,475
5844,675
5845,675
5846,521
5847,-175
5848,675
5849,425
5850,675
5851,571
5852,623
5853,25
5854,75
5855,675
5856,673
5857,671
5858,400
5859,625
5860,625
5861,573
5862,525
5863,675
5864,625
5865,219
5866,625
5867,673
5868,-125
5869,675
5870,675
5871,0
5872,625
5873,675
5874,671
5875,625
5876,675
5877,675
5878,625
5879,625
5880,675
5881,-25
5882,350
5883,675
5884,-125
5885,-125
5886,675
5887,275
5888,525
5889,675
5890,575
5891,-127
5892,575
5893,671
5894,-81
5895,-125
5896,-27
5897,-27
5898,675
5899,675
5900,675
5901,623
5902,625
5903,671
5904,548
5905,625
5906,525
5907,623
5908,-79
5909,625
5910,-125
5911,-75
5912,625
5913,523
5914,625
5915,673
5916,450
5917,675
5918,675
5919,673
5920,-125
5921,671
5922,625
5923,550
5924,575
5925,475
5926,-75
5927,-75
5928,-125
5929,575
5930,675
5931,575
5932,675
5933,673
5934,350
5935,-100
5936,625
5937,-25
5938,675
5939,525
5940,673
5941,348
5942,673
5943,675
5944,373
5945,625
5946,575
5947,675
5948,675
5949,425
5950,400
5951,675
5952,673
5953,673
5954,623
5955,675
5956,625
5957,675
5958,575
5959,517
5960,325
5961,675
5962,525
5963,623
5964,675
5965,675
5966,625
5967,625
5968,625
5969,673
5970,575
5971,675
5972,625
5973,671
5974,400
5975,396
5976,300
5977,675
5978,525
5979,525
5980,75
5981,575
5982,-202
5983,673
5984,675
5985,625
5986,625
5987,73
5988,675
5989,625
5990,673
5991,-27
5992,-125
5993,425
5994,425
5995,673
5996,575
5997,-75
5998,550
5999,675
6000,523
6001,-25
6002,400
6003,-25
6004,-125
6005,675
6006,575
6007,669
6008,525
6009,673
6010,348
6011,-125
6012,623
6013,-175
6014,375
6015,398
6016,400
6017,625
6018,575
6019,523
6020,-75
6021,673
6022,-127
6023,625
6024,623
6025,623
6026,573
6027,675
6028,625
6029,623
6030,521
6031,573
6032,550
6033,675
6034,673
6035,671
6036,400
6037,-250
6038,423
6039,675
6040,0
6041,548
6042,425
6043,571
6044,-75
6045,-125
6046,675
6047,675
6048,671
6049,-75
6050,-27
6051,573
6052,625
6053,375
6054,521
6055,571
6056,669
6057,675
6058,675
6059,-27
6060,-125
6061,-75
6062,625
6063,675
6064,550
6065,400
6066,575
6067,525
6068,100
6069,400
6070,675
6071,300
6072,525
6073,-125
6074,625
6075,625
6076,575
6077,671
6078,525
6079,675
6080,575
6081,675
6082,673
6083,625
6084,623
6085,675
6086,575
6087,675
6088,423
6089,675
6090,-79
6091,673
6092,0
6093,673
6094,475
6095,675
6096,-175
6097,625
6098,625
6099,675
6100,-125
6101,525
6102,523
6103,550
6104,573
6105,621
6106,473
6107,448
6108,573
6109,-200
6110,475
6111,623
6112,621
6113,623
6114,625
6115,-25
6116,623
6117,667
6118,575
6119,575
6120,471
6121,573
6122,-127
6123,523
6124,673
6125,-127
6126,675
6127,546
6128,675
6129,675
6130,425
6131,675
6132,-125
6133,625
6134,621
6135,673
6136,575
6137,625
6138,423
6139,625
6140,671
6141,-125
6142,625
6143,-125
6144,-125
6145,600
6146,473
6147,550
6148,625
6149,575
6150,375
6151,623
6152,525
6153,300
6154,475
6155,-125
6156,623
6157,575
6158,442
6159,-125
6160,275
6161,625
6162,573
6163,625
6164,625
6165,675
6166,675
6167,675
6168,-75
6169,298
6170,675
6171,-175
6172,375
6173,-125
6174,675
6175,-31
6176,625
6177,-175
6178,525
6179,525
6180,625
6181,-125
6182,673
6183,575
6184,625
6185,300
6186,675
6187,675
6188,-125
6189,575
6190,-127
6191,625
6192,625
6193,519
6194,675
6195,575
6196,675
6197,-75
6198,523
6199,-75
6200,625
6201,550
6202,148
6203,623
6204,-150
6205,619
6206,675
6207,675
6208,675
6209,548
6210,423
6211,525
6212,625
6213,675
6214,521
6215,675
6216,525
6217,-127
6218,675
6219,-77
6220,425
6221,675
6222,675
6223,344
6224,625
6225,-177
6226,275
6227,-129
6228,-77
6229,500
6230,573
6231,625
6232,525
6233,623
6234,675
6235,475
6236,625
6237,673
6238,-50
6239,548
6240,500
6241,-75
6242,-75
6243,-125
6244,375
6245,-25
6246,625
6247,675
6248,625
6249,475
6250,625
6251,675
6252,675
6253,623
6254,575
6255,575
6256,375
6257,548
6258,-25
6259,-125
6260,673
6261,625
6262,625
6263,523
6264,-125
6265,-27
6266,525
6267,-77
6268,325
6269,675
6270,625
6271,675
6272,625
6273,475
6274,525
6275,425
6276,425
6277,398
6278,-125
6279,350
6280,198
6281,673
6282,673
6283,625
6284,675
6285,425
6286,425
6287,675
6288,398
6289,673
6290,425
6291,675
6292,625
6293,675
6294,673
6295,625
6296,675
6297,675
6298,673
6299,675
6300,625
6301,675
6302,673
6303,675
6304,675
6305,525
6306,521
6307,394
6308,623
6309,675
6310,675
6311,675
6312,-125
6313,625
6314,625
6315,625
6316,675
6317,573
6318,575
6319,675
6320,623
6321,525
6322,623
6323,673
6324,675
6325,675
6326,571
6327,625
6328,675
6329,675
6330,623
6331,675
6332,550
6333,-77
6334,523
6335,400
6336,498
6337,-200
6338,-29
6339,675
6340,575
6341,573
6342,675
6343,275
6344,625
6345,625
6346,675
6347,623
6348,673
6349,621
6350,575
6351,-75
6352,-77
6353,673
6354,575
6355,425
6356,625
6357,673
6358,473
6359,-77
6360,675
6361,625
6362,398
6363,-125
6364,-75
6365,-75
6366,623
6367,523
6368,675
6369,200
6370,575
6371,500
6372,575
6373,500
6374,-25
6375,550
6376,625
6377,625
6378,525
6379,623
6380,625
6381,675
6382,525
6383,625
6384,-77
6385,398
6386,-50
6387,675
6388,425
6389,573
6390,-75
6391,675
6392,675
6393,525
6394,675
6395,675
6396,521
6397,523
6398,125
6399,673
6400,625
6401,323
6402,623
6403,625
6404,348
6405,673
6406,350
6407,575
6408,400
6409,-79
6410,-129
6411,673
6412,525
6413,400
6414,525
6415,573
6416,675
6417,675
6418,623
6419,473
6420,623
6421,575
6422,675
6423,-125
6424,623
6425,525
6426,675
6427,425
6428,400
6429,-125
6430,525
6431,673
6432,675
6433,675
6434,625
6435,-200
6436,675
6437,625
6438,525
6439,625
6440,523
6441,-75
6442,-125
6443,673
6444,550
6445,-133
6446,25
6447,-129
6448,625
6449,625
6450,625
6451,625
6452,671
6453,675
6454,575
6455,675
6456,-77
6457,673
6458,-125
6459,675
6460,675
6461,-75
6462,250
6463,325
6464,-127
6465,473
6466,-129
6467,675
6468,550
6469,475
6470,675
6471,673
6472,-75
6473,625
6474,625
6475,423
6476,400
6477,675
6478,398
6479,425
6480,450
6481,573
6482,623
6483,675
6484,575
6485,598
6486,675
6487,425
6488,425
6489,473
6490,475
6491,-77
6492,98
6493,575
6494,-125
6495,675
6496,-75
6497,625
6498,575
6499,675
6500,675
6501,-77
6502,625
6503,325
6504,675
6505,675
6506,573
6507,675
6508,675
6509,675
6510,675
6511,523
6512,625
6513,675
6514,673
6515,623
6516,625
6517,625
6518,625
6519,675
6520,348
6521,198
6522,-77
6523,348
6524,623
6525,673
6526,675
6527,675
6528,-125
6529,523
6530,675
6531,-27
6532,275
6533,-125
6534,675
6535,298
6536,675
6537,-179
6538,-125
6539,425
6540,550
6541,675
6542,-200
6543,350
6544,625
6545,675
6546,-125
6547,675
6548,575
6549,-125
6550,496
6551,-27
6552,375
6553,625
6554,-27
6555,-75
6556,625
6557,623
6558,673
6559,623
6560,-175
6561,375
6562,-125
6563,623
6564,523
6565,-125
6566,625
6567,573
6568,673
6569,575
6570,-81
6571,675
6572,525
6573,-79
6574,675
6575,675
6576,-185
6577,248
6578,673
6579,675
6580,325
6581,571
6582,623
6583,675
6584,675
6585,575
6586,-75
6587,625
6588,675
6589,675
6590,575
6591,673
6592,625
6593,-27
6594,-125
6595,675
6596,300
6597,500
6598,575
6599,675
6600,575
6601,625
6602,221
6603,521
6604,673
6605,523
6606,525
6607,675
6608,-127
6609,-131
6610,425
6611,225
6612,-75
6613,625
6614,525
6615,425
6616,675
6617,675
6618,-125
6619,675
6620,575
6621,675
6622,525
6623,675
6624,425
6625,623
6626,575
6627,673
6628,625
6629,675
6630,575
6631,-27
6632,625
6633,623
6634,-125
6635,625
6636,673
6637,673
6638,625
6639,500
6640,625
6641,625
6642,675
6643,-27
6644,575
6645,575
6646,625
6647,675
6648,569
6649,625
6650,575
6651,148
6652,675
6653,675
6654,400
6655,623
6656,625
6657,-25
6658,625
6659,471
6660,675
6661,675
6662,-75
6663,473
6664,625
6665,575
6666,-75
6667,623
6668,573
6669,625
6670,-29
6671,571
6672,400
6673,525
6674,675
6675,575
6676,675
6677,673
6678,623
6679,523
6680,575
6681,-25
6682,446
6683,675
6684,675
6685,296
6686,625
6687,400
6688,625
6689,-25
6690,671
6691,625
6692,-125
6693,623
6694,-75
6695,325
6696,525
6697,673
6698,-125
6699,675
6700,400
6701,675
6702,675
6703,673
6704,675
6705,669
6706,623
6707,675
6708,525
6709,673
6710,625
6711,675
6712,250
6713,523
6714,-175
6715,675
6716,-75
6717,625
6718,400
6719,671
6720,623
6721,671
6722,523
6723,675
6724,575
6725,-127
6726,325
6727,625
6728,675
6729,625
6730,525
6731,675
6732,675
6733,673
6734,673
6735,621
6736,673
6737,298
6738,675
6739,150
6740,625
6741,-125
6742,575
6743,575
6744,625
6745,573
6746,625
6747,400
6748,625
6749,425
6750,-75
6751,525
6752,-75
6753,-25
6754,675
6755,-27
6756,-25
6757,675
6758,425
6759,-125
6760,-125
6761,673
6762,673
6763,575
6764,348
6765,623
6766,600
6767,350
6768,675
6769,-125
6770,525
6771,625
6772,473
6773,671
6774,-25
6775,-25
6776,675
6777,-77
6778,675
6779,425
6780,625
6781,500
6782,623
6783,673
6784,625
6785,675
6786,571
6787,673
6788,573
6789,-125
6790,573
6791,-77
6792,675
6793,575
6794,675
6795,600
6796,521
6797,675
6798,625
6799,348
6800,575
6801,573
6802,273
6803,-77
6804,675
6805,-125
6806,525
6807,569
6808,625
6809,675
6810,-75
6811,575
6812,400
6813,675
6814,625
6815,625
6816,625
6817,675
6818,673
6819,675
6820,623
6821,375
6822,325
6823,675
6824,-125
6825,675
6826,675
6827,-75
6828,-75
6829,675
6830,675
6831,675
6832,575
6833,575
6834,273
6835,625
6836,448
6837,-75
6838,675
6839,675
6840,625
6841,575
6842,625
6843,675
6844,673
6845,623
6846,425
6847,-200
6848,675
6849,625
6850,575
6851,275
6852,625
6853,675
6854,675
6855,625
6856,625
6857,523
6858,675
6859,-25
6860,673
6861,-125
6862,-75
6863,425
6864,625
6865,469
6866,625
6867,623
6868,625
6869,575
6870,625
6871,525
6872,500
6873,398
6874,575
6875,450
6876,621
6877,-77
6878,373
6879,198
6880,-25
6881,425
6882,400
6883,-75
6884,675
6885,-200
6886,275
6887,673
6888,625
6889,625
6890,369
6891,575
6892,673
6893,525
6894,669
6895,375
6896,575
6897,673
6898,675
6899,675
6900,673
6901,-75
6902,575
6903,675
6904,250
6905,675
6906,523
6907,548
6908,621
6909,625
6910,575
6911,425
6912,425
6913,675
6914,-75
6915,298
6916,675
6917,-125
6918,673
6919,675
6920,475
6921,625
6922,-27
6923,-75
6924,575
6925,675
6926,675
6927,623
6928,625
6929,-125
6930,275
6931,575
6932,675
6933,575
6934,673
6935,675
6936,348
6937,625
6938,-75
6939,625
6940,448
6941,525
6942,-125
6943,525
6944,-200
6945,625
6946,-125
6947,625
6948,675
6949,525
6950,525
6951,673
6952,671
6953,396
6954,-75
6955,623
6956,275
6957,625
6958,675
6959,200
6960,675
6961,625
6962,673
6963,675
6964,-75
6965,-27
6966,-75
6967,675
6968,575
6969,675
6970,398
6971,575
6972,625
6973,623
6974,425
6975,625
6976,673
6977,573
6978,675
6979,525
6980,671
6981,-125
6982,625
6983,525
6984,546
6985,-75
6986,546
6987,-50
6988,623
6989,-127
6990,675
6991,575
6992,-125
6993,673
6994,575
6995,425
6996,621
6997,675
6998,673
6999,675
7000,525
7001,-125
7002,-75
7003,-25
7004,375
7005,669
7006,621
7007,623
7008,-54
7009,323
7010,400
7011,350
7012,523
7013,675
7014,425
7015,-125
7016,673
7017,550
7018,548
7019,675
7020,-125
7021,-25
7022,623
7023,675
7024,673
7025,400
7026,623
7027,573
7028,521
7029,675
7030,423
7031,-125
7032,675
7033,-125
7034,-27
7035,573
7036,675
7037,525
7038,523
7039,-29
7040,625
7041,623
7042,625
7043,475
7044,621
7045,675
7046,-127
7047,-125
7048,623
7049,523
7050,675
7051,675
7052,575
7053,673
7054,375
7055,-29
7056,325
7057,-75
7058,523
7059,623
7060,673
7061,425
7062,675
7063,-75
7064,521
7065,623
7066,-125
7067,475
7068,571
7069,675
7070,348
7071,-125
7072,394
7073,623
7074,375
7075,625
7076,525
7077,-175
7078,350
7079,-127
7080,673
7081,-75
7082,625
7083,575
7084,425
7085,675
7086,621
7087,625
7088,675
7089,221
7090,671
7091,625
7092,621
7093,671
7094,623
7095,-75
7096,23
7097,625
7098,-79
7099,423
7100,623
7101,-125
7102,-125
7103,250
7104,150
7105,675
7106,625
7107,400
7108,625
7109,675
7110,675
7111,523
7112,619
7113,400
7114,673
7115,575
7116,-75
7117,425
7118,475
7119,525
7120,400
7121,573
7122,625
7123,675
7124,675
7125,673
7126,675
7127,-29
7128,671
7129,-125
7130,575
7131,675
7132,425
7133,675
7134,573
7135,-25
7136,525
7137,625
7138,673
7139,575
7140,325
7141,625
7142,675
7143,623
7144,673
7145,625
7146,623
7147,400
7148,-79
7149,673
7150,-202
7151,625
7152,-77
7153,425
7154,469
7155,675
7156,521
7157,25
7158,598
7159,675
7160,673
7161,-129
7162,675
7163,575
7164,573
7165,675
7166,625
7167,625
7168,625
7169,675
7170,573
7171,600
7172,571
7173,675
7174,573
7175,675
7176,-77
7177,675
7178,573
7179,623
7180,673
7181,575
7182,423
7183,-177
7184,-75
7185,673
7186,675
7187,523
7188,425
7189,573
7190,-75
7191,575
7192,675
7193,473
7194,625
7195,-25
7196,400
7197,623
7198,225
7199,423
7200,225
7201,675
7202,-125
7203,675
7204,675
7205,625
7206,673
7207,623
7208,575
7209,225
7210,625
7211,544
7212,623
7213,625
7214,425
7215,623
7216,575
7217,423
7218,525
7219,-75
7220,573
7221,-27
7222,673
7223,625
7224,573
7225,425
7226,423
7227,675
7228,-75
7229,675
7230,519
7231,350
7232,73
7233,119
7234,675
7235,623
7236,-100
7237,575
7238,675
7239,-125
7240,425
7241,675
7242,623
7243,525
7244,573
7245,-125
7246,-27
7247,350
7248,525
7249,675
7250,-27
7251,625
7252,673
7253,625
7254,675
7255,625
7256,673
7257,575
7258,523
7259,623
7260,-75
7261,673
7262,675
7263,573
7264,575
7265,425
7266,425
7267,475
7268,-125
7269,448
7270,675
7271,400
7272,-125
7273,-25
7274,525
7275,-75
7276,675
7277,625
7278,675
7279,575
7280,275
7281,248
7282,625
7283,675
7284,-75
7285,573
7286,373
7287,625
7288,675
7289,675
7290,475
7291,-75
7292,0
7293,675
7294,625
7295,375
7296,675
7297,448
7298,425
7299,425
7300,500
7301,675
7302,673
7303,623
7304,675
7305,-125
7306,375
7307,325
7308,625
7309,673
7310,-127
7311,525
7312,625
7313,448
7314,498
7315,675
7316,625
7317,-81
7318,-127
7319,625
7320,-75
7321,571
7322,675
7323,521
7324,675
7325,-75
7326,675
7327,425
7328,550
7329,625
7330,575
7331,573
7332,623
7333,-125
7334,675
7335,575
7336,675
7337,475
7338,-25
7339,675
7340,621
7341,673
7342,673
7343,-77
7344,569
7345,523
7346,-127
7347,675
7348,675
7349,675
7350,-75
7351,-127
7352,-125
7353,675
7354,-75
7355,425
7356,350
7357,625
7358,350
7359,675
7360,673
7361,675
7362,625
7363,573
7364,546
7365,473
7366,519
7367,575
7368,575
7369,673
7370,575
7371,623
7372,623
7373,575
7374,623
7375,675
7376,-75
7377,625
7378,675
7379,623
7380,673
7381,400
7382,575
7383,675
7384,675
7385,673
7386,625
7387,-75
7388,398
7389,675
7390,673
7391,573
7392,475
7393,675
7394,675
7395,350
7396,675
7397,673
7398,675
7399,525
7400,675
7401,625
7402,475
7403,625
7404,625
7405,671
7406,671
7407,-127
7408,675
7409,-27
7410,400
7411,0
7412,675
7413,525
7414,573
7415,-125
7416,625
7417,675
7418,523
7419,625
7420,571
7421,675
7422,673
7423,675
7424,548
7425,523
7426,-202
7427,473
7428,348
7429,548
7430,550
7431,-125
7432,-25
7433,521
7434,298
7435,525
7436,425
7437,675
7438,-75
7439,675
7440,625
7441,675
7442,-175
7443,625
7444,675
7445,473
7446,675
7447,625
7448,425
7449,673
7450,521
7451,625
7452,675
7453,675
7454,675
7455,-75
7456,673
7457,671
7458,-77
7459,675
7460,625
7461,525
7462,-175
7463,575
7464,623
7465,600
7466,-127
7467,525
7468,575
7469,523
7470,575
7471,625
7472,348
7473,-75
7474,-77
7475,625
7476,550
7477,275
7478,-27
7479,-75
7480,575
7481,621
7482,525
7483,523
7484,675
7485,623
7486,-125
7487,525
7488,-25
7489,673
7490,350
7491,346
7492,573
7493,675
7494,673
7495,575
7496,675
7497,-25
7498,571
7499,571
7500,525
7501,673
7502,625
7503,298
7504,375
7505,425
7506,623
7507,675
7508,673
7509,675
7510,675
7511,625
7512,325
7513,-125
7514,-125
7515,675
7516,675
7517,675
7518,623
7519,623
7520,-125
7521,-27
7522,623
7523,-75
7524,400
7525,675
7526,525
7527,523
7528,673
7529,675
7530,-27
7531,573
7532,675
7533,675
7534,575
7535,675
7536,625
7537,419
7538,623
7539,300
7540,-75
7541,100
7542,675
7543,246
7544,523
7545,625
7546,-127
7547,673
7548,625
7549,675
7550,623
7551,675
7552,625
7553,494
7554,671
7555,675
7556,425
7557,-75
7558,-125
7559,625
7560,673
7561,300
7562,623
7563,673
7564,675
7565,675
7566,625
7567,575
7568,425
7569,500
7570,-25
7571,575
7572,421
7573,675
7574,673
7575,673
7576,625
7577,521
7578,573
7579,-125
7580,625
7581,-127
7582,673
7583,-77
7584,675
7585,-100
7586,373
7587,675
7588,625
7589,625
7590,625
7591,675
7592,573
7593,475
7594,-200
7595,621
7596,673
7597,550
7598,498
7599,675
7600,-202
7601,675
7602,425
7603,571
7604,623
7605,625
7606,675
7607,675
7608,673
7609,575
7610,525
7611,150
7612,298
7613,675
7614,523
7615,575
7616,675
7617,675
7618,-125
7619,425
7620,575
7621,469
7622,475
7623,500
7624,675
7625,-25
7626,-75
7627,246
7628,675
7629,-100
7630,675
7631,523
7632,-75
7633,-127
7634,425
7635,675
7636,525
7637,623
7638,-29
7639,371
7640,-175
7641,521
7642,525
7643,571
7644,675
7645,623
7646,675
7647,623
7648,673
7649,671
7650,675
7651,525
7652,675
7653,-75
7654,546
7655,-77
7656,625
7657,673
7658,673
7659,625
7660,525
7661,675
7662,573
7663,-175
7664,525
7665,398
7666,625
7667,300
7668,625
7669,675
7670,550
7671,623
7672,625
7673,625
7674,625
7675,573
7676,425
7677,-75
7678,675
7679,417
7680,-4
7681,-75
7682,523
7683,673
7684,473
7685,673
7686,575
7687,675
7688,675
7689,675
7690,348
7691,-75
7692,-75
7693,675
7694,398
7695,225
7696,623
7697,348
7698,675
7699,625
7700,575
7701,675
7702,675
7703,525
7704,673
7705,623
7706,673
7707,621
7708,623
7709,673
7710,625
7711,625
7712,-77
7713,-125
7714,525
7715,298
7716,675
7717,-27
7718,625
7719,573
7720,525
7721,175
7722,675
7723,675
7724,625
7725,575
7726,621
7727,625
7728,-77
7729,573
7730,675
7731,550
7732,675
7733,675
7734,575
7735,675
7736,675
7737,675
7738,425
7739,425
7740,673
7741,675
7742,-252
7743,575
7744,675
7745,-125
7746,-77
7747,625
7748,-75
7749,675
7750,675
7751,669
7752,-75
7753,623
7754,525
7755,248
7756,625
7757,-125
7758,625
7759,275
7760,-79
7761,-27
7762,675
7763,675
7764,625
7765,671
7766,-75
7767,400
7768,-177
7769,675
7770,623
7771,569
7772,621
7773,623
7774,-125
7775,673
7776,625
7777,475
7778,625
7779,525
7780,-27
7781,675
7782,675
7783,-79
7784,625
7785,675
7786,-125
7787,673
7788,675
7789,625
7790,625
7791,-77
7792,-127
7793,675
7794,-152
7795,-125
7796,-75
7797,-125
7798,675
7799,625
7800,-25
7801,-125
7802,-75
7803,675
7804,575
7805,-25
7806,675
7807,575
7808,-77
7809,675
7810,425
7811,-27
7812,-127
7813,-125
7814,625
7815,625
7816,-125
7817,675
7818,-31
7819,548
7820,625
7821,675
7822,675
7823,571
7824,625
7825,675
7826,623
7827,348
7828,571
7829,550
7830,675
7831,673
7832,625
7833,671
7834,621
7835,398
7836,669
7837,675
7838,425
7839,575
7840,625
7841,-25
7842,550
7843,275
7844,575
7845,675
7846,671
7847,575
7848,675
7849,-75
7850,673
7851,675
7852,625
7853,673
7854,623
7855,575
7856,-25
7857,625
7858,575
7859,675
7860,675
7861,623
7862,525
7863,625
7864,621
7865,473
7866,550
7867,-75
7868,-104
7869,-75
7870,350
7871,442
7872,673
7873,-150
7874,575
7875,625
7876,621
7877,623
7878,525
7879,398
7880,673
7881,375
7882,471
7883,675
7884,675
7885,-125
7886,-75
7887,-175
7888,-125
7889,625
7890,-127
7891,673
7892,675
7893,571
7894,423
7895,-125
7896,675
7897,575
7898,-25
7899,425
7900,675
7901,675
7902,625
7903,675
7904,675
7905,625
7906,673
7907,-27
7908,625
7909,625
7910,-77
7911,623
7912,-127
7913,-27
7914,673
7915,675
7916,-75
7917,625
7918,675
7919,546
7920,675
7921,625
7922,525
7923,400
7924,675
7925,350
7926,-150
7927,675
7928,623
7929,-125
7930,-125
7931,-75
7932,248
7933,525
7934,619
7935,-77
7936,425
7937,571
7938,-77
7939,573
7940,325
7941,675
7942,625
7943,617
7944,275
7945,625
7946,398
7947,475
7948,675
7949,500
7950,625
7951,675
7952,625
7953,-125
7954,675
7955,575
7956,575
7957,525
7958,423
7959,675
7960,675
7961,-75
7962,-125
7963,-125
7964,623
7965,-75
7966,475
7967,675
7968,-77
7969,625
7970,550
7971,423
7972,673
7973,400
7974,625
7975,-125
7976,548
7977,675
7978,-25
7979,423
7980,573
7981,671
7982,675
7983,625
7984,625
7985,673
7986,675
7987,475
7988,673
7989,675
7990,675
7991,-75
7992,625
7993,625
7994,675
7995,-175
7996,-75
7997,675
7998,675
7999,675
8000,675
8001,398
8002,575
8003,496
8004,625
8005,625
8006,525
8007,671
8008,675
8009,675
8010,575
8011,400
8012,417
8013,-75
8014,-225
8015,675
8016,673
8017,525
8018,673
8019,-175
8020,671
8021,575
8022,675
8023,675
8024,675
8025,675
8026,346
8027,623
8028,673
8029,523
8030,273
8031,625
8032,425
8033,575
8034,-125
8035,675
8036,575
8037,550
8038,-175
8039,-125
8040,-27
8041,400
8042,575
8043,498
8044,675
8045,573
8046,675
8047,575
8048,573
8049,148
8050,575
8051,673
8052,675
8053,575
8054,-27
8055,669
8056,594
8057,675
8058,575
8059,-102
8060,575
8061,475
8062,571
8063,-77
8064,675
8065,-75
8066,-200
8067,-125
8068,675
8069,350
8070,-75
8071,675
8072,671
8073,675
8074,573
8075,398
8076,673
8077,675
8078,625
8079,-125
8080,625
8081,575
8082,425
8083,571
8084,675
8085,573
8086,625
8087,675
8088,100
8089,400
8090,-27
8091,417
8092,-27
8093,625
8094,623
8095,525
8096,675
8097,625
8098,-75
8099,425
8100,-75
8101,521
8102,-200
8103,671
8104,625
8105,621
8106,-229
8107,571
8108,398
8109,675
8110,675
8111,-127
8112,675
8113,621
8114,625
8115,523
8116,-125
8117,675
8118,-125
8119,673
8120,525
8121,625
8122,575
8123,673
8124,571
8125,194
8126,675
8127,375
8128,675
8129,398
8130,-125
8131,675
8132,-125
8133,623
8134,300
8135,625
8136,675
8137,575
8138,675
8139,675
8140,673
8141,425
8142,673
8143,675
8144,525
8145,523
8146,625
8147,-75
8148,625
8149,625
8150,573
8151,-125
8152,275
8153,575
8154,350
8155,571
8156,519
8157,623
8158,275
8159,625
8160,-75
8161,400
8162,625
8163,550
8164,-125
8165,675
8166,625
8167,-75
8168,625
8169,550
8170,521
8171,571
8172,675
8173,623
8174,423
8175,675
8176,675
8177,675
8178,675
8179,-75
8180,-75
8181,-75
8182,675
8183,-129
8184,-25
8185,-127
8186,675
8187,625
8188,623
8189,575
8190,-25
8191,675
8192,575
8193,675
8194,673
8195,623
8196,573
8197,675
8198,325
8199,-125
8200,673
8201,250
8202,625
8203,573
8204,673
8205,675
8206,475
8207,675
8208,-29
8209,625
8210,500
8211,675
8212,675
8213,546
8214,625
8215,625
8216,-125
8217,575
8218,675
8219,-25
8220,673
8221,575
8222,673
8223,250
8224,675
8225,575
8226,675
8227,673
8228,675
8229,-75
8230,550
8231,625
8232,-75
8233,623
8234,621
8235,523
8236,-225
8237,546
8238,625
8239,-125
8240,625
8241,623
8242,675
8243,575
8244,375
8245,400
8246,521
8247,575
8248,673
8249,675
8250,425
8251,675
8252,425
8253,-75
8254,673
8255,500
8256,675
8257,673
8258,-75
8259,625
8260,675
8261,675
8262,675
8263,625
8264,625
8265,-75
8266,-127
8267,675
8268,-125
8269,325
8270,-127
8271,675
8272,350
8273,673
8274,675
8275,-175
8276,675
8277,496
8278,675
8279,425
8280,675
8281,623
8282,675
8283,-25
8284,675
8285,675
8286,673
8287,523
8288,-127
8289,625
8290,675
8291,625
8292,675
8293,425
8294,673
8295,625
8296,625
8297,525
8298,375
8299,625
8300,675
8301,523
8302,675
8303,398
8304,675
8305,-75
8306,-225
8307,350
8308,625
8309,625
8310,350
8311,375
8312,575
8313,675
8314,675
8315,575
8316,525
8317,625
8318,-125
8319,673
8320,-75
8321,325
8322,675
8323,675
8324,-129
8325,675
8326,675
8327,675
8328,-127
8329,675
8330,675
8331,675
8332,671
8333,475
8334,675
8335,675
8336,673
8337,-77
8338,-25
8339,675
8340,550
8341,573
8342,425
8343,625
8344,673
8345,625
8346,-50
8347,525
8348,625
8349,300
8350,621
8351,425
8352,673
8353,625
8354,300
8355,-50
8356,625
8357,525
8358,625
8359,575
8360,625
8361,573
8362,675
8363,525
8364,675
8365,673
8366,675
8367,-125
8368,-77
8369,298
8370,400
8371,623
8372,-25
8373,625
8374,475
8375,625
8376,625
8377,675
8378,625
8379,675
8380,573
8381,350
8382,675
8383,625
8384,625
8385,350
8386,673
8387,-125
8388,323
8389,675
8390,423
8391,525
8392,-125
8393,423
8394,425
8395,575
8396,573
8397,675
8398,421
8399,673
8400,625
8401,575
8402,675
8403,625
8404,625
8405,673
8406,625
8407,-375
8408,525
8409,-75
8410,673
8411,619
8412,625
8413,573
8414,625
8415,350
8416,675
8417,675
8418,250
8419,623
8420,675
8421,573
8422,-125
8423,550
8424,619
8425,675
8426,400
8427,675
8428,625
8429,573
8430,675
8431,523
8432,442
8433,-2
8434,675
8435,675
8436,623
8437,675
8438,375
8439,-204
8440,675
8441,673
8442,675
8443,348
8444,625
8445,675
8446,625
8447,523
8448,575
8449,473
8450,625
8451,421
8452,-25
8453,675
8454,673
8455,675
8456,575
8457,675
8458,471
8459,-252
8460,675
8461,575
8462,448
8463,671
8464,625
8465,575
8466,675
8467,-125
8468,673
8469,-75
8470,625
8471,675
8472,575
8473,400
8474,625
8475,625
8476,675
8477,-75
8478,625
8479,-181
8480,400
8481,298
8482,-77
8483,675
8484,425
8485,375
8486,550
8487,673
8488,475
8489,-27
8490,673
8491,573
8492,473
8493,675
8494,-125
8495,448
8496,-75
8497,475
8498,623
8499,423
8500,675
8501,500
8502,-25
8503,669
8504,625
8505,673
8506,523
8507,621
8508,673
8509,675
8510,621
8511,623
8512,425
8513,675
8514,625
8515,548
8516,425
8517,675
8518,525
8519,675
8520,475
8521,675
8522,675
8523,400
8524,575
8525,525
8526,575
8527,625
8528,-75
8529,-125
8530,623
8531,675
8532,573
8533,673
8534,573
8535,400
8536,675
8537,675
8538,-75
8539,575
8540,346
8541,625
8542,675
8543,400
8544,625
8545,673
8546,675
8547,371
8548,625
8549,625
8550,-29
8551,675
8552,-75
8553,675
8554,673
8555,675
8556,675
8557,675
8558,675
8559,175
8560,675
8561,548
8562,673
8563,525
8564,675
8565,623
8566,675
8567,-125
8568,625
8569,675
8570,575
8571,425
8572,200
8573,675
8574,619
8575,625
8576,675
8577,373
8578,625
8579,-177
8580,675
8581,375
8582,675
8583,671
8584,525
8585,350
8586,-125
8587,625
8588,525
8589,400
8590,573
8591,673
8592,675
8593,-75
8594,-75
8595,675
8596,625
8597,625
8598,-177
8599,675
8600,525
8601,625
8602,625
8603,400
8604,-75
8605,625
8606,623
8607,525
8608,675
8609,625
8610,525
8611,498
8612,673
8613,675
8614,675
8615,-125
8616,-25
8617,623
8618,-125
8619,675
8620,675
8621,573
8622,-25
8623,517
8624,475
8625,575
8626,-77
8627,375
8628,-77
8629,675
8630,625
8631,525
8632,623
8633,675
8634,625
8635,673
8636,-79
8637,-200
8638,625
8639,425
8640,225
8641,625
8642,675
8643,675
8644,623
8645,-125
8646,273
8647,675
8648,-25
8649,-75
8650,-125
8651,525
8652,550
8653,675
8654,625
8655,675
8656,625
8657,675
8658,-25
8659,625
8660,625
8661,675
8662,675
8663,675
8664,375
8665,400
8666,623
8667,675
8668,675
8669,575
8670,375
8671,223
8672,423
8673,625
8674,675
8675,-127
8676,623
8677,325
8678,675
8679,625
8680,-75
8681,-175
8682,625
8683,675
8684,675
8685,623
8686,625
8687,675
8688,-125
8689,673
8690,575
8691,625
8692,-200
8693,675
8694,-75
8695,496
8696,675
8697,525
8698,623
8699,675
8700,675
8701,671
8702,-75
8703,675
8704,-81
8705,673
8706,675
8707,0
8708,675
8709,675
8710,525
8711,623
8712,-25
8713,675
8714,625
8715,625
8716,-125
8717,-125
8718,675
8719,-129
8720,425
8721,573
8722,625
8723,625
8724,675
8725,400
8726,475
8727,575
8728,375
8729,625
8730,325
8731,571
8732,675
8733,-125
8734,675
8735,573
8736,469
8737,-75
8738,473
8739,625
8740,575
8741,675
8742,625
8743,-125
8744,-125
8745,675
8746,625
8747,573
8748,675
8749,623
8750,425
8751,625
8752,625
8753,400
8754,498
8755,675
8756,625
8757,400
8758,625
8759,523
8760,673
8761,673
8762,-75
8763,675
8764,673
8765,375
8766,575
8767,675
8768,675
8769,575
8770,565
8771,525
8772,-29
8773,575
8774,273
8775,371
8776,673
8777,625
8778,675
8779,-75
8780,673
8781,550
8782,675
8783,-127
8784,623
8785,-75
8786,598
8787,675
8788,548
8789,373
8790,425
8791,675
8792,225
8793,348
8794,296
8795,573
8796,675
8797,571
8798,623
8799,523
8800,550
8801,300
8802,423
8803,675
8804,675
8805,675
8806,575
8807,575
8808,-75
8809,675
8810,673
8811,573
8812,673
8813,621
8814,675
8815,500
8816,-127
8817,-25
8818,625
8819,348
8820,675
8821,575
8822,-77
8823,625
8824,-200
8825,675
8826,425
8827,625
8828,675
8829,673
8830,671
8831,-127
8832,425
8833,-100
8834,525
8835,550
8836,625
8837,625
8838,100
8839,-27
8840,675
8841,473
8842,-125
8843,625
8844,348
8845,673
8846,623
8847,675
8848,623
8849,623
8850,548
8851,675
8852,673
8853,625
8854,625
8855,573
8856,673
8857,-125
8858,623
8859,673
8860,473
8861,-125
8862,-177
8863,625
8864,625
8865,425
8866,525
8867,-77
8868,423
8869,623
8870,575
8871,575
8872,675
8873,400
8874,575
8875,-75
8876,-125
8877,625
8878,575
8879,-125
8880,-79
8881,-125
8882,425
8883,173
8884,-125
8885,523
8886,675
8887,300
8888,673
8889,675
8890,575
8891,673
8892,625
8893,625
8894,-125
8895,-125
8896,525
8897,673
8898,-75
8899,298
8900,675
8901,675
8902,573
8903,675
8904,498
8905,623
8906,625
8907,575
8908,550
8909,675
8910,673
8911,273
8912,675
8913,625
8914,673
8915,350
8916,675
8917,625
8918,-83
8919,675
8920,625
8921,350
8922,575
8923,623
8924,673
8925,-200
8926,675
8927,675
8928,623
8929,525
8930,-175
8931,500
8932,575
8933,-75
8934,575
8935,673
8936,550
8937,675
8938,400
8939,675
8940,675
8941,625
8942,550
8943,625
8944,275
8945,400
8946,375
8947,575
8948,500
8949,625
8950,-127
8951,675
8952,573
8953,675
8954,-75
8955,525
8956,425
8957,675
8958,525
8959,375
8960,550
8961,573
8962,623
8963,675
8964,446
8965,675
8966,675
8967,348
8968,550
8969,425
8970,150
8971,675
8972,675
8973,675
8974,-75
8975,323
8976,575
8977,675
8978,625
8979,500
8980,671
8981,575
8982,525
8983,673
8984,550
8985,523
8986,623
8987,-79
8988,-75
8989,621
8990,675
8991,673
8992,-127
8993,571
8994,525
8995,523
8996,496
8997,625
8998,348
8999,-125
9000,425
9001,625
9002,673
9003,575
9004,675
9005,-75
9006,675
9007,625
9008,398
9009,573
9010,323
9011,525
9012,-125
9013,-75
9014,575
9015,523
9016,575
9017,675
9018,375
9019,675
9020,625
9021,623
9022,625
9023,625
9024,675
9025,525
9026,625
9027,473
9028,525
9029,625
9030,575
9031,425
9032,673
9033,623
9034,675
9035,625
9036,675
9037,-125
9038,550
9039,400
9040,675
9041,-77
9042,625
9043,-125
9044,425
9045,675
9046,623
9047,625
9048,675
9049,-77
9050,573
9051,375
9052,675
9053,675
9054,-75
9055,673
9056,671
9057,350
9058,625
9059,675
9060,-75
9061,521
9062,-125
9063,623
9064,625
9065,400
9066,625
9067,348
9068,-75
9069,323
9070,625
9071,625
9072,675
9073,575
9074,-127
9075,-77
9076,671
9077,571
9078,625
9079,625
9080,675
9081,525
9082,675
9083,425
9084,625
9085,-25
9086,671
9087,625
9088,673
9089,575
9090,-200
9091,675
9092,573
9093,575
9094,675
9095,498
9096,425
9097,625
9098,625
9099,525
9100,523
9101,675
9102,-125
9103,625
9104,475
9105,675
9106,675
9107,-331
9108,625
9109,675
9110,625
9111,671
9112,-27
9113,575
9114,423
9115,-75
9116,350
9117,-125
9118,475
9119,623
9120,675
9121,623
9122,-77
9123,-125
9124,625
9125,475
9126,573
9127,398
9128,375
9129,473
9130,325
9131,675
9132,525
9133,621
9134,525
9135,575
9136,675
9137,-75
9138,675
9139,623
9140,-25
9141,675
9142,675
9143,675
9144,625
9145,-25
9146,-25
9147,625
9148,673
9149,675
9150,625
9151,573
9152,75
9153,-129
9154,573
9155,623
9156,-477
9157,675
9158,350
9159,575
9160,675
9161,625
9162,573
9163,673
9164,548
9165,475
9166,-75
9167,348
9168,615
9169,575
9170,-75
9171,575
9172,625
9173,425
9174,623
9175,621
9176,625
9177,625
9178,625
9179,275
9180,675
9181,-125
9182,673
9183,573
9184,675
9185,-75
9186,-127
9187,673
9188,425
9189,673
9190,400
9191,525
9192,-75
9193,675
9194,400
9195,-25
9196,373
9197,673
9198,523
9199,575
9200,273
9201,625
9202,525
9203,546
9204,271
9205,675
9206,-75
9207,675
9208,398
9209,675
9210,625
9211,-75
9212,675
9213,675
9214,-75
9215,-75
9216,573
9217,625
9218,623
9219,475
9220,473
9221,675
9222,673
9223,671
9224,671
9225,-129
9226,621
9227,675
9228,-27
9229,673
9230,675
9231,675
9232,425
9233,575
9234,675
9235,475
9236,400
9237,348
9238,-127
9239,671
9240,-75
9241,675
9242,400
9243,625
9244,675
9245,-102
9246,675
9247,475
9248,625
9249,-125
9250,575
9251,273
9252,-79
9253,625
9254,625
9255,625
9256,623
9257,421
9258,475
9259,375
9260,675
9261,675
9262,675
9263,350
9264,675
9265,673
9266,521
9267,425
9268,625
9269,673
9270,523
9271,675
9272,675
9273,-75
9274,675
9275,573
9276,673
9277,625
9278,675
9279,-100
9280,673
9281,475
9282,-54
9283,500
9284,675
9285,-75
9286,575
9287,675
9288,625
9289,675
9290,525
9291,675
9292,-75
9293,625
9294,575
9295,-175
9296,573
9297,-125
9298,675
9299,473
9300,575
9301,675
9302,573
9303,675
9304,573
9305,675
9306,350
9307,419
9308,621
9309,425
9310,675
9311,675
9312,573
9313,625
9314,675
9315,473
9316,-125
9317,675
9318,625
9319,619
9320,675
9321,625
9322,625
9323,675
9324,198
9325,-127
9326,575
9327,-75
9328,625
9329,398
9330,150
9331,675
9332,-125
9333,675
9334,625
9335,425
9336,673
9337,100
9338,-77
9339,675
9340,625
9341,423
9342,-125
9343,-125
9344,675
9345,675
9346,675
9347,621
9348,325
9349,-75
9350,-200
9351,623
9352,375
9353,575
9354,425
9355,-127
9356,-25
9357,-125
9358,675
9359,675
9360,-77
9361,625
9362,-25
9363,269
9364,625
9365,-27
9366,-77
9367,600
9368,625
9369,-125
9370,625
9371,-125
9372,348
9373,625
9374,525
9375,519
9376,673
9377,-75
9378,623
9379,621
9380,673
9381,498
9382,575
9383,573
9384,675
9385,-75
9386,500
9387,475
9388,675
9389,-125
9390,675
9391,523
9392,675
9393,675
9394,621
9395,-177
9396,675
9397,623
9398,625
9399,675
9400,575
9401,-175
9402,350
9403,-127
9404,623
9405,625
9406,573
9407,673
9408,525
9409,623
9410,-75
9411,625
9412,-125
9413,625
9414,573
9415,475
9416,675
9417,575
9418,373
9419,575
9420,675
9421,250
9422,575
9423,-125
9424,348
9425,675
9426,625
9427,400
9428,623
9429,675
9430,623
9431,-25
9432,675
9433,675
9434,-2
9435,675
9436,673
9437,675
9438,623
9439,-77
9440,675
9441,573
9442,671
9443,675
9444,621
9445,625
9446,675
9447,-125
9448,675
9449,619
9450,-125
9451,250
9452,675
9453,625
9454,375
9455,623
9456,523
9457,400
9458,675
9459,675
9460,623
9461,425
9462,525
9463,625
9464,673
9465,-129
9466,675
9467,-125
9468,223
9469,475
9470,-75
9471,673
9472,-75
9473,423
9474,675
9475,-104
9476,-175
9477,475
9478,-127
9479,-125
9480,675
9481,673
9482,675
9483,248
9484,675
9485,550
9486,675
9487,350
9488,521
9489,675
9490,673
9491,500
9492,525
9493,275
9494,673
9495,675
9496,-75
9497,525
9498,523
9499,673
9500,-75
9501,425
9502,-75
9503,675
9504,475
9505,-25
9506,675
9507,675
9508,523
9509,-77
9510,675
9511,675
9512,-125
9513,475
9514,373
9515,675
9516,-77
9517,673
9518,500
9519,573
9520,496
9521,575
9522,625
9523,575
9524,-125
9525,525
9526,400
9527,371
9528,675
9529,675
9530,675
9531,-125
9532,675
9533,425
9534,673
9535,671
9536,375
9537,575
9538,425
9539,673
9540,-200
9541,-25
9542,373
9543,-125
9544,675
9545,300
9546,625
9547,348
9548,75
9549,550
9550,-127
9551,-304
9552,575
9553,673
9554,625
9555,-125
9556,675
9557,575
9558,-75
9559,-127
9560,675
9561,673
9562,523
9563,-229
9564,425
9565,625
9566,623
9567,-127
9568,375
9569,525
9570,625
9571,673
9572,-200
9573,675
9574,675
9575,675
9576,150
9577,250
9578,673
9579,446
9580,500
9581,621
9582,350
9583,-25
9584,675
9585,-75
9586,523
9587,673
9588,-27
9589,625
9590,575
9591,198
9592,525
9593,-225
9594,573
9595,675
9596,-125
9597,521
9598,475
9599,425
9600,673
9601,298
9602,-75
9603,675
9604,675
9605,-25
9606,450
9607,425
9608,450
9609,225
9610,-29
9611,348
9612,348
9613,521
9614,675
9615,621
9616,-29
9617,471
9618,625
9619,-29
9620,-125
9621,675
9622,-125
9623,573
9624,475
9625,625
9626,675
9627,673
9628,675
9629,-125
9630,621
9631,525
9632,675
9633,625
9634,575
9635,675
9636,625
9637,625
9638,573
9639,673
9640,-125
9641,675
9642,-77
9643,623
9644,525
9645,-75
9646,-125
9647,621
9648,675
9649,675
9650,625
9651,575
9652,521
9653,525
9654,625
9655,525
9656,425
9657,675
9658,675
9659,-183
9660,373
9661,675
9662,248
9663,675
9664,73
9665,675
9666,-125
9667,625
9668,-6
9669,-125
9670,-75
9671,625
9672,-127
9673,425
9674,625
9675,675
9676,-175
9677,625
9678,675
9679,675
9680,550
9681,271
9682,675
9683,573
9684,675
9685,-129
9686,525
9687,-125
9688,673
9689,675
9690,550
9691,625
9692,675
9693,623
9694,675
9695,575
9696,-202
9697,675
9698,675
9699,373
9700,498
9701,-125
9702,675
9703,325
9704,350
9705,-27
9706,475
9707,675
9708,-125
9709,625
9710,675
9711,-27
9712,625
9713,-125
9714,-175
9715,625
9716,575
9717,350
9718,425
9719,673
9720,675
9721,673
9722,675
9723,548
9724,-75
9725,-125
9726,575
9727,546
9728,575
9729,573
9730,675
9731,-75
9732,-125
9733,675
9734,675
9735,-25
9736,625
9737,623
9738,675
9739,-25
9740,523
9741,625
9742,-75
9743,-125
9744,619
9745,-125
9746,675
9747,623
9748,675
9749,675
9750,623
9751,575
9752,375
9753,398
9754,675
9755,675
9756,575
9757,-52
9758,-75
9759,275
9760,567
9761,625
9762,675
9763,621
9764,673
9765,675
9766,473
9767,-152
9768,675
9769,675
9770,425
9771,575
9772,-75
9773,575
9774,546
9775,625
9776,400
9777,96
9778,-177
9779,625
9780,675
9781,623
9782,675
9783,-75
9784,-125
9785,573
9786,-129
9787,573
9788,-125
9789,-227
9790,575
9791,350
9792,623
9793,673
9794,571
9795,675
9796,-75
9797,625
9798,675
9799,671
9800,525
9801,-75
9802,625
9803,623
9804,675
9805,675
9806,-127
9807,625
9808,625
9809,525
9810,575
9811,625
9812,675
9813,525
9814,400
9815,675
9816,675
9817,675
9818,-79
9819,675
9820,-125
9821,573
9822,-125
9823,625
9824,625
9825,625
9826,675
9827,-125
9828,548
9829,-77
9830,625
9831,675
9832,573
9833,673
9834,675
9835,425
9836,625
9837,-125
9838,673
9839,675
9840,-175
9841,675
9842,-27
9843,573
9844,400
9845,523
9846,625
9847,-6
9848,623
9849,-29
9850,-75
9851,550
9852,575
9853,275
9854,675
9855,575
9856,523
9857,-125
9858,525
9859,575
9860,-25
9861,675
9862,675
9863,375
9864,625
9865,-75
9866,625
9867,625
9868,525
9869,-75
9870,675
9871,675
9872,673
9873,575
9874,275
9875,625
9876,-125
9877,673
9878,-25
9879,675
9880,673
9881,623
9882,550
9883,625
9884,675
9885,375
9886,675
9887,-77
9888,575
9889,523
9890,-77
9891,625
9892,473
9893,300
9894,-77
9895,625
9896,675
9897,525
9898,-125
9899,625
9900,675
9901,623
9902,675
9903,-79
9904,675
9905,300
9906,575
9907,325
9908,-125
9909,-175
9910,-25
9911,623
9912,575
9913,575
9914,-125
9915,575
9916,625
9917,-25
9918,521
9919,373
9920,373
9921,625
9922,-125
9923,625
9924,-127
9925,421
9926,296
9927,550
9928,-125
9929,675
9930,396
9931,-177
9932,523
9933,125
9934,625
9935,-27
9936,625
9937,673
9938,-25
9939,623
9940,300
9941,675
9942,-27
9943,523
9944,573
9945,675
9946,473
9947,625
9948,525
9949,375
9950,675
9951,671
9952,471
9953,-77
9954,550
9955,-175
9956,623
9957,625
9958,400
9959,625
9960,600
9961,-175
9962,625
9963,675
9964,550
9965,675
9966,675
9967,625
9968,223
9969,675
9970,675
9971,-200
9972,525
9973,625
9974,-227
9975,675
9976,625
9977,625
9978,275
9979,498
9980,675
9981,548
9982,675
9983,525
9984,625
9985,-75
9986,398
9987,-75
9988,675
9989,-27
9990,569
9991,525
9992,675
9993,625
9994,398
9995,-75
9996,625
9997,675
9998,625
9999,675
10000,375
[[(4, 4), 0, -25], [(3, 4), 2, 50], [(3, 3), 2, 50], [(3, 2), 2, 250], [(3, 1), 0, 250], [(2, 1), 0, -25], [(1, 1), 0, -25], [(0, 1), 2, 150]]