1,-177
2,-270
3,-225
4,19
5,-383
6,-125
7,-125
8,-135
9,-127
10,-502
11,-337
12,-127
13,-112
14,-568
15,-291
16,-337
17,-168
18,-204
19,-825
20,-254
21,-643
22,-350
23,-206
24,265
25,-1094
26,-254
27,-441
28,-154
29,-314
30,-174
31,119
32,517
33,-177
34,-256
35,-202
36,-229
37,-283
38,-77
39,-127
40,-254
41,294
42,100
43,25
44,-370
45,-204
46,-58
47,-326
48,-541
49,36
50,-260
51,-231
52,-277
53,-314
54,-183
55,-663
56,-418
57,-358
58,-437
59,-455
60,-406
61,-131
62,-181
63,142
64,-193
65,-301
66,297
67,-129
68,-125
69,-462
70,-218
71,159
72,-127
73,-202
74,-231
75,-1097
76,-462
77,30
78,-277
79,-984
80,-177
81,-283
82,-597
83,-335
84,-175
85,-141
86,-466
87,-329
88,-58
89,-562
90,-237
91,-200
92,-260
93,-372
94,-626
95,-408
96,296
97,-129
98,-260
99,-179
100,-252
101,-591
102,-337
103,-335
104,-152
105,19
106,-487
107,-200
108,-181
109,-127
110,-77
111,146
112,-343
113,-393
114,223
115,363
116,375
117,-535
118,-649
119,-125
120,-2
121,-200
122,-125
123,-179
124,-129
125,-127
126,-231
127,38
128,248
129,-529
130,515
131,-60
132,88
133,217
134,371
135,-150
136,571
137,-97
138,-277
139,-260
140,275
141,198
142,-774
143,-127
144,-462
145,-202
146,-766
147,361
148,163
149,-41
150,323
151,-258
152,-183
153,-200
154,13
155,-252
156,-424
157,-102
158,-204
159,-125
160,169
161,-150
162,-653
163,13
164,-291
165,-8
166,-327
167,-52
168,-102
169,-127
170,-716
171,-81
172,34
173,-77
174,382
175,-77
176,-108
177,-304
178,-249
179,-160
180,-85
181,-181
182,-47
183,-206
184,69
185,-154
186,-127
187,548
188,463
189,146
190,-206
191,100
192,-133
193,-124
194,65
195,473
196,98
197,-358
198,-175
199,-214
200,471
201,73
202,-445
203,475
204,-158
205,-129
206,71
207,-189
208,396
209,-204
210,-256
211,-177
212,267
213,-409
214,319
215,-129
216,325
217,-281
218,-227
219,-379
220,-260
221,0
222,-77
223,-354
224,-289
225,-27
226,317
227,-129
228,-225
229,-129
230,665
231,69
232,-150
233,-77
234,-127
235,-127
236,-175
237,-127
238,173
239,-308
240,271
241,-304
242,275
243,-25
244,467
245,-104
246,-379
247,569
248,65
249,-131
250,-37
251,267
252,-102
253,-181
254,471
255,446
256,-200
257,-187
258,-177
259,-81
260,144
261,-83
262,-252
263,-202
264,-202
265,-277
266,573
267,-77
268,246
269,75
270,473
271,369
272,-204
273,-254
274,223
275,-75
276,-81
277,171
278,15
279,-225
280,-125
281,296
282,48
283,119
284,-175
285,-29
286,-125
287,-129
288,148
289,223
290,375
291,273
292,-435
293,59
294,171
295,500
296,-306
297,171
298,-356
299,471
300,-31
301,467
302,-125
303,-281
304,-87
305,-202
306,-252
307,-127
308,198
309,-227
310,94
311,142
312,-231
313,-354
314,-181
315,275
316,442
317,-125
318,-158
319,-29
320,-233
321,621
322,-156
323,-29
324,-125
325,625
326,625
327,-375
328,73
329,271
330,-79
331,-77
332,244
333,517
334,-175
335,-177
336,-429
337,-79
338,-100
339,271
340,-179
341,175
342,-81
343,-227
344,-77
345,675
346,-129
347,250
348,321
349,371
350,525
351,23
352,275
353,-127
354,0
355,-200
356,-175
357,-87
358,423
359,-179
360,296
361,-283
362,675
363,-54
364,-183
365,498
366,296
367,-104
368,-175
369,221
370,-125
371,44
372,-154
373,-289
374,525
375,475
376,-77
377,148
378,-125
379,-231
380,-177
381,-300
382,363
383,-131
384,-275
385,625
386,375
387,192
388,144
389,373
390,171
391,-125
392,-125
393,-125
394,-175
395,-129
396,523
397,-402
398,421
399,294
400,425
401,-150
402,246
403,523
404,675
405,-77
406,117
407,-77
408,575
409,-135
410,675
411,-425
412,167
413,-175
414,523
415,417
416,173
417,167
418,-233
419,571
420,323
421,-75
422,175
423,367
424,423
425,348
426,-129
427,-75
428,-252
429,519
430,565
431,-79
432,-627
433,-127
434,323
435,-33
436,-191
437,-75
438,275
439,575
440,371
441,198
442,623
443,573
444,673
445,-131
446,-435
447,319
448,-81
449,-385
450,325
451,298
452,675
453,369
454,-156
455,465
456,550
457,-27
458,373
459,373
460,-77
461,21
462,625
463,-302
464,-102
465,-127
466,-77
467,-127
468,-127
469,325
470,-125
471,171
472,-75
473,421
474,-125
475,373
476,475
477,471
478,-175
479,473
480,296
481,-150
482,-181
483,444
484,475
485,-177
486,573
487,675
488,-127
489,-177
490,473
491,469
492,-352
493,-129
494,544
495,-250
496,400
497,517
498,-127
499,-75
500,473
501,673
502,-329
503,573
504,100
505,-75
506,-79
507,473
508,623
509,-106
510,-77
511,673
512,519
513,471
514,398
515,-102
516,625
517,523
518,475
519,-75
520,-77
521,525
522,425
523,675
524,275
525,-75
526,-356
527,67
528,-25
529,525
530,223
531,-200
532,175
533,200
534,473
535,275
536,525
537,625
538,148
539,-558
540,673
541,444
542,-75
543,471
544,17
545,98
546,625
547,325
548,-125
549,573
550,221
551,194
552,-200
553,-179
554,317
555,675
556,242
557,-435
558,519
559,-150
560,575
561,-81
562,-104
563,-200
564,298
565,323
566,-29
567,294
568,675
569,623
570,673
571,-77
572,573
573,219
574,625
575,121
576,471
577,573
578,-181
579,-2
580,-181
581,-202
582,-175
583,625
584,-129
585,473
586,669
587,-127
588,523
589,275
590,517
591,400
592,-125
593,-127
594,671
595,-152
596,-77
597,575
598,425
599,-200
600,421
601,625
602,-81
603,173
604,75
605,-175
606,548
607,325
608,298
609,296
610,473
611,-435
612,525
613,-75
614,-175
615,-81
616,248
617,475
618,271
619,625
620,21
621,573
622,-81
623,-150
624,-127
625,625
626,225
627,350
628,369
629,575
630,-127
631,673
632,471
633,-75
634,-125
635,-75
636,-75
637,492
638,621
639,46
640,321
641,-175
642,142
643,-127
644,675
645,-125
646,-131
647,621
648,-177
649,371
650,548
651,-125
652,675
653,623
654,-79
655,-125
656,-75
657,375
658,-75
659,423
660,319
661,523
662,523
663,-125
664,-77
665,571
666,625
667,425
668,-77
669,-31
670,-200
671,625
672,575
673,271
674,625
675,548
676,419
677,-135
678,0
679,-225
680,625
681,-200
682,88
683,675
684,675
685,425
686,-227
687,350
688,673
689,675
690,-85
691,-125
692,-75
693,673
694,673
695,-27
696,475
697,475
698,525
699,525
700,-25
701,673
702,575
703,575
704,625
705,323
706,-183
707,-225
708,-175
709,-125
710,575
711,-75
712,498
713,-125
714,575
715,669
716,373
717,-179
718,-150
719,575
720,419
721,675
722,546
723,-125
724,-183
725,525
726,623
727,-131
728,621
729,675
730,417
731,-177
732,321
733,625
734,425
735,175
736,321
737,423
738,273
739,625
740,621
741,321
742,-125
743,525
744,621
745,-77
746,669
747,575
748,-127
749,-127
750,673
751,575
752,675
753,569
754,625
755,-125
756,625
757,675
758,625
759,-129
760,-127
761,675
762,471
763,525
764,675
765,525
766,-102
767,573
768,373
769,-75
770,417
771,500
772,-125
773,275
774,-225
775,-177
776,396
777,-350
778,675
779,-175
780,525
781,-2
782,425
783,523
784,246
785,-125
786,623
787,446
788,623
789,-125
790,346
791,371
792,373
793,419
794,625
795,148
796,346
797,371
798,625
799,-125
800,-29
801,373
802,675
803,575
804,575
805,675
806,-127
807,-125
808,675
809,575
810,-125
811,623
812,625
813,-125
814,519
815,471
816,625
817,100
818,475
819,250
820,298
821,671
822,575
823,675
824,625
825,575
826,525
827,675
828,567
829,-200
830,573
831,621
832,525
833,-77
834,625
835,-127
836,298
837,-75
838,-150
839,673
840,625
841,75
842,623
843,-125
844,573
845,-377
846,575
847,425
848,625
849,369
850,521
851,625
852,571
853,675
854,-125
855,398
856,575
857,496
858,525
859,623
860,398
861,-177
862,-52
863,546
864,675
865,-125
866,625
867,148
868,250
869,625
870,675
871,471
872,673
873,623
874,-75
875,625
876,300
877,625
878,-75
879,325
880,673
881,675
882,675
883,625
884,-75
885,625
886,173
887,350
888,671
889,625
890,375
891,675
892,623
893,250
894,625
895,575
896,673
897,350
898,623
899,-27
900,525
901,425
902,673
903,675
904,-127
905,623
906,575
907,675
908,525
909,673
910,623
911,625
912,525
913,575
914,-77
915,621
916,625
917,-177
918,675
919,-127
920,623
921,298
922,575
923,625
924,-75
925,525
926,-75
927,625
928,675
929,-208
930,325
931,221
932,573
933,673
934,571
935,348
936,423
937,671
938,475
939,-77
940,675
941,625
942,675
943,675
944,621
945,575
946,625
947,625
948,675
949,571
950,673
951,-125
952,675
953,273
954,-177
955,621
956,575
957,-125
958,75
959,675
960,550
961,625
962,-175
963,573
964,450
965,523
966,575
967,625
968,625
969,625
970,-125
971,-127
972,571
973,-75
974,625
975,525
976,625
977,671
978,573
979,425
980,569
981,575
982,673
983,-31
984,-227
985,-25
986,623
987,369
988,346
989,675
990,673
991,350
992,521
993,573
994,-25
995,575
996,675
997,673
998,675
999,623
1000,675
1001,675
1002,142
1003,348
1004,675
1005,398
1006,673
1007,575
1008,625
1009,-177
1010,-125
1011,675
1012,675
1013,398
1014,-127
1015,625
1016,575
1017,525
1018,625
1019,-75
1020,250
1021,394
1022,625
1023,673
1024,548
1025,-129
1026,575
1027,-33
1028,-25
1029,523
1030,398
1031,400
1032,525
1033,-125
1034,673
1035,625
1036,-125
1037,621
1038,-75
1039,-200
1040,-25
1041,-79
1042,-175
1043,-75
1044,523
1045,471
1046,673
1047,623
1048,675
1049,675
1050,675
1051,625
1052,250
1053,675
1054,625
1055,619
1056,573
1057,400
1058,-25
1059,573
1060,-125
1061,675
1062,669
1063,675
1064,625
1065,398
1066,675
1067,675
1068,-127
1069,521
1070,425
1071,675
1072,-25
1073,-75
1074,675
1075,475
1076,-75
1077,675
1078,525
1079,673
1080,625
1081,-75
1082,675
1083,623
1084,623
1085,623
1086,550
1087,-75
1088,625
1089,625
1090,675
1091,675
1092,675
1093,625
1094,-125
1095,675
1096,671
1097,675
1098,675
1099,298
1100,275
1101,675
1102,675
1103,673
1104,625
1105,625
1106,623
1107,625
1108,548
1109,675
1110,625
1111,675
1112,675
1113,-175
1114,575
1115,623
1116,273
1117,623
1118,575
1119,-125
1120,371
1121,425
1122,525
1123,523
1124,625
1125,673
1126,675
1127,673
1128,673
1129,300
1130,625
1131,625
1132,675
1133,575
1134,675
1135,673
1136,550
1137,525
1138,-177
1139,625
1140,-125
1141,550
1142,675
1143,-27
1144,575
1145,675
1146,623
1147,525
1148,625
1149,525
1150,-29
1151,-125
1152,425
1153,623
1154,550
1155,-29
1156,675
1157,571
1158,625
1159,-202
1160,-75
1161,675
1162,-125
1163,675
1164,-125
1165,675
1166,550
1167,675
1168,675
1169,375
1170,400
1171,675
1172,425
1173,-127
1174,675
1175,575
1176,675
1177,675
1178,625
1179,675
1180,675
1181,-125
1182,675
1183,425
1184,625
1185,623
1186,625
1187,675
1188,671
1189,673
1190,400
1191,675
1192,675
1193,575
1194,625
1195,675
1196,398
1197,675
1198,675
1199,625
1200,548
1201,675
1202,675
1203,675
1204,-175
1205,-25
1206,623
1207,675
1208,-200
1209,425
1210,625
1211,-127
1212,525
1213,625
1214,675
1215,400
1216,671
1217,625
1218,625
1219,623
1220,675
1221,348
1222,673
1223,675
1224,675
1225,625
1226,675
1227,675
1228,673
1229,425
1230,675
1231,625
1232,475
1233,625
1234,625
1235,675
1236,675
1237,-75
1238,673
1239,675
1240,675
1241,675
1242,523
1243,-125
1244,544
1245,-25
1246,675
1247,673
1248,-127
1249,623
1250,675
1251,573
1252,675
1253,675
1254,-125
1255,675
1256,573
1257,675
1258,625
1259,625
1260,675
1261,573
1262,-125
1263,348
1264,675
1265,675
1266,-127
1267,350
1268,-75
1269,400
1270,625
1271,523
1272,625
1273,673
1274,675
1275,573
1276,625
1277,-29
1278,675
1279,575
1280,673
1281,625
1282,675
1283,675
1284,-27
1285,-125
1286,350
1287,525
1288,200
1289,471
1290,675
1291,521
1292,-27
1293,298
1294,673
1295,675
1296,523
1297,675
1298,425
1299,675
1300,523
1301,273
1302,675
1303,625
1304,675
1305,423
1306,425
1307,675
1308,625
1309,625
1310,-125
1311,623
1312,525
1313,523
1314,675
1315,250
1316,675
1317,675
1318,525
1319,-200
1320,-127
1321,-125
1322,298
1323,623
1324,-75
1325,250
1326,473
1327,575
1328,675
1329,-125
1330,523
1331,675
1332,625
1333,-125
1334,675
1335,575
1336,673
1337,-125
1338,625
1339,500
1340,625
1341,-106
1342,623
1343,621
1344,625
1345,150
1346,675
1347,675
1348,623
1349,550
1350,448
1351,625
1352,525
1353,625
1354,625
1355,-125
1356,525
1357,625
1358,625
1359,475
1360,348
1361,525
1362,675
1363,548
1364,675
1365,-77
1366,-125
1367,500
1368,625
1369,571
1370,625
1371,623
1372,-125
1373,500
1374,-129
1375,675
1376,-202
1377,675
1378,675
1379,623
1380,525
1381,275
1382,-25
1383,-77
1384,675
1385,-31
1386,625
1387,675
1388,625
1389,-29
1390,-177
1391,-79
1392,625
1393,-125
1394,673
1395,675
1396,525
1397,-175
1398,475
1399,425
1400,625
1401,400
1402,673
1403,675
1404,498
1405,-175
1406,671
1407,-75
1408,575
1409,675
1410,675
1411,675
1412,675
1413,675
1414,-125
1415,675
1416,573
1417,-75
1418,573
1419,625
1420,425
1421,600
1422,196
1423,550
1424,373
1425,673
1426,425
1427,675
1428,625
1429,373
1430,-25
1431,-75
1432,675
1433,625
1434,675
1435,623
1436,675
1437,675
1438,623
1439,523
1440,425
1441,671
1442,425
1443,575
1444,571
1445,625
1446,625
1447,675
1448,573
1449,623
1450,-125
1451,621
1452,-25
1453,-150
1454,475
1455,473
1456,625
1457,625
1458,598
1459,675
1460,573
1461,600
1462,400
1463,400
1464,375
1465,625
1466,575
1467,625
1468,548
1469,673
1470,673
1471,-75
1472,575
1473,675
1474,625
1475,-125
1476,21
1477,-127
1478,625
1479,346
1480,673
1481,625
1482,400
1483,625
1484,675
1485,675
1486,425
1487,675
1488,575
1489,625
1490,675
1491,550
1492,623
1493,575
1494,523
1495,575
1496,625
1497,625
1498,425
1499,275
1500,625
1501,625
1502,673
1503,625
1504,421
1505,469
1506,625
1507,625
1508,523
1509,-127
1510,571
1511,525
1512,-29
1513,-200
1514,675
1515,625
1516,575
1517,550
1518,523
1519,625
1520,625
1521,250
1522,425
1523,-75
1524,625
1525,-125
1526,625
1527,623
1528,425
1529,175
1530,550
1531,125
1532,675
1533,-75
1534,625
1535,675
1536,675
1537,673
1538,625
1539,-325
1540,673
1541,675
1542,425
1543,525
1544,548
1545,575
1546,675
1547,425
1548,400
1549,525
1550,625
1551,675
1552,623
1553,675
1554,675
1555,675
1556,-100
1557,425
1558,425
1559,500
1560,625
1561,575
1562,575
1563,-75
1564,-125
1565,-125
1566,475
1567,598
1568,675
1569,625
1570,571
1571,673
1572,296
1573,423
1574,373
1575,423
1576,675
1577,575
1578,673
1579,225
1580,675
1581,425
1582,675
1583,673
1584,525
1585,675
1586,-175
1587,675
1588,0
1589,475
1590,525
1591,-75
1592,473
1593,675
1594,625
1595,575
1596,625
1597,675
1598,573
1599,-125
1600,-25
1601,625
1602,673
1603,625
1604,675
1605,675
1606,525
1607,675
1608,-125
1609,575
1610,625
1611,625
1612,100
1613,400
1614,673
1615,400
1616,673
1617,675
1618,575
1619,623
1620,475
1621,623
1622,625
1623,425
1624,-104
1625,550
1626,675
1627,675
1628,575
1629,675
1630,475
1631,673
1632,625
1633,625
1634,675
1635,-75
1636,550
1637,321
1638,675
1639,550
1640,675
1641,525
1642,575
1643,523
1644,573
1645,675
1646,-127
1647,675
1648,-225
1649,250
1650,398
1651,673
1652,425
1653,498
1654,675
1655,625
1656,525
1657,-125
1658,525
1659,225
1660,525
1661,575
1662,475
1663,675
1664,673
1665,675
1666,425
1667,-79
1668,675
1669,675
1670,523
1671,675
1672,400
1673,325
1674,525
1675,673
1676,-125
1677,675
1678,575
1679,323
1680,0
1681,675
1682,-225
1683,619
1684,675
1685,-125
1686,675
1687,625
1688,525
1689,675
1690,-127
1691,550
1692,675
1693,-75
1694,-33
1695,475
1696,673
1697,525
1698,625
1699,673
1700,-2
1701,575
1702,573
1703,575
1704,575
1705,675
1706,350
1707,675
1708,525
1709,575
1710,623
1711,575
1712,621
1713,150
1714,623
1715,615
1716,625
1717,-175
1718,675
1719,473
1720,675
1721,575
1722,398
1723,575
1724,675
1725,675
1726,675
1727,675
1728,623
1729,425
1730,675
1731,571
1732,675
1733,-25
1734,-127
1735,673
1736,521
1737,625
1738,325
1739,625
1740,373
1741,575
1742,575
1743,525
1744,425
1745,619
1746,-75
1747,673
1748,675
1749,-279
1750,525
1751,675
1752,-27
1753,625
1754,623
1755,673
1756,575
1757,575
1758,550
1759,675
1760,573
1761,671
1762,375
1763,675
1764,623
1765,-125
1766,673
1767,323
1768,625
1769,-33
1770,-79
1771,675
1772,350
1773,673
1774,425
1775,675
1776,623
1777,675
1778,675
1779,525
1780,425
1781,-200
1782,675
1783,-125
1784,675
1785,575
1786,675
1787,623
1788,675
1789,675
1790,673
1791,625
1792,425
1793,625
1794,425
1795,148
1796,525
1797,350
1798,498
1799,-125
1800,675
1801,675
1802,425
1803,-75
1804,625
1805,675
1806,675
1807,625
1808,625
1809,675
1810,625
1811,-125
1812,525
1813,673
1814,475
1815,525
1816,625
1817,-125
1818,-25
1819,671
1820,675
1821,250
1822,-127
1823,675
1824,525
1825,673
1826,525
1827,375
1828,444
1829,525
1830,450
1831,625
1832,675
1833,325
1834,398
1835,350
1836,473
1837,425
1838,569
1839,-200
1840,-227
1841,-75
1842,675
1843,625
1844,273
1845,625
1846,-27
1847,-175
1848,675
1849,-127
1850,675
1851,448
1852,575
1853,373
1854,673
1855,675
1856,-75
1857,-25
1858,-127
1859,675
1860,300
1861,-125
1862,575
1863,421
1864,675
1865,625
1866,-27
1867,-75
1868,-2
1869,271
1870,675
1871,250
1872,-25
1873,675
1874,550
1875,-125
1876,571
1877,-75
1878,300
1879,675
1880,675
1881,-75
1882,675
1883,573
1884,623
1885,-54
1886,573
1887,675
1888,623
1889,-75
1890,623
1891,525
1892,525
1893,675
1894,625
1895,-100
1896,625
1897,-127
1898,675
1899,575
1900,-29
1901,675
1902,-77
1903,500
1904,473
1905,671
1906,550
1907,625
1908,625
1909,575
1910,623
1911,-75
1912,675
1913,398
1914,-25
1915,675
1916,525
1917,350
1918,671
1919,575
1920,673
1921,673
1922,675
1923,675
1924,573
1925,573
1926,523
1927,600
1928,625
1929,-125
1930,575
1931,625
1932,525
1933,171
1934,325
1935,675
1936,673
1937,675
1938,-33
1939,673
1940,448
1941,675
1942,575
1943,623
1944,675
1945,373
1946,-27
1947,523
1948,525
1949,575
1950,300
1951,573
1952,623
1953,500
1954,623
1955,575
1956,-25
1957,673
1958,573
1959,521
1960,500
1961,-125
1962,298
1963,625
1964,625
1965,675
1966,573
1967,625
1968,325
1969,348
1970,673
1971,623
1972,425
1973,471
1974,398
1975,525
1976,673
1977,-75
1978,575
1979,675
1980,575
1981,575
1982,-75
1983,675
1984,675
1985,673
1986,673
1987,675
1988,300
1989,625
1990,673
1991,625
1992,523
1993,421
1994,525
1995,625
1996,575
1997,625
1998,525
1999,573
2000,473
2001,625
2002,575
2003,675
2004,675
2005,675
2006,673
2007,625
2008,675
2009,575
2010,623
2011,625
2012,675
2013,675
2014,675
2015,575
2016,675
2017,575
2018,575
2019,675
2020,-100
2021,298
2022,625
2023,423
2024,525
2025,675
2026,675
2027,573
2028,325
2029,625
2030,525
2031,573
2032,675
2033,419
2034,673
2035,675
2036,619
2037,673
2038,625
2039,675
2040,373
2041,-25
2042,575
2043,-29
2044,675
2045,573
2046,550
2047,548
2048,675
2049,-202
2050,325
2051,671
2052,675
2053,573
2054,675
2055,675
2056,498
2057,673
2058,-79
2059,573
2060,425
2061,-2
2062,673
2063,675
2064,625
2065,575
2066,548
2067,625
2068,-131
2069,675
2070,625
2071,-25
2072,-25
2073,398
2074,-83
2075,521
2076,-52
2077,-31
2078,0
2079,675
2080,675
2081,-125
2082,675
2083,623
2084,675
2085,675
2086,575
2087,625
2088,221
2089,625
2090,350
2091,300
2092,675
2093,675
2094,619
2095,675
2096,675
2097,525
2098,300
2099,423
2100,575
2101,623
2102,475
2103,350
2104,475
2105,-127
2106,425
2107,-125
2108,-125
2109,-77
2110,675
2111,575
2112,625
2113,625
2114,523
2115,675
2116,675
2117,673
2118,625
2119,675
2120,-125
2121,623
2122,675
2123,-75
2124,625
2125,675
2126,298
2127,523
2128,-125
2129,673
2130,675
2131,-125
2132,625
2133,667
2134,525
2135,-125
2136,525
2137,-75
2138,673
2139,571
2140,623
2141,675
2142,419
2143,675
2144,348
2145,625
2146,675
2147,623
2148,675
2149,675
2150,621
2151,-75
2152,-75
2153,-75
2154,571
2155,246
2156,623
2157,575
2158,675
2159,625
2160,575
2161,550
2162,675
2163,625
2164,396
2165,-125
2166,675
2167,673
2168,575
2169,623
2170,573
2171,-225
2172,625
2173,471
2174,623
2175,673
2176,625
2177,625
2178,525
2179,571
2180,625
2181,571
2182,-75
2183,-75
2184,-175
2185,-125
2186,398
2187,525
2188,350
2189,350
2190,675
2191,519
2192,575
2193,-129
2194,675
2195,573
2196,623
2197,675
2198,675
2199,675
2200,675
2201,675
2202,673
2203,521
2204,675
2205,425
2206,621
2207,-56
2208,100
2209,675
2210,450
2211,375
2212,623
2213,675
2214,675
2215,398
2216,675
2217,675
2218,-125
2219,673
2220,625
2221,-75
2222,150
2223,200
2224,-75
2225,-77
2226,675
2227,625
2228,348
2229,-75
2230,675
2231,-79
2232,675
2233,625
2234,675
2235,421
2236,675
2237,675
2238,673
2239,-27
2240,673
2241,625
2242,625
2243,623
2244,273
2245,625
2246,425
2247,675
2248,575
2249,621
2250,425
2251,673
2252,300
2253,625
2254,-125
2255,673
2256,675
2257,573
2258,625
2259,621
2260,675
2261,475
2262,573
2263,675
2264,675
2265,573
2266,523
2267,250
2268,396
2269,425
2270,548
2271,525
2272,-50
2273,625
2274,525
2275,-127
2276,575
2277,675
2278,675
2279,675
2280,625
2281,673
2282,-177
2283,675
2284,625
2285,-125
2286,525
2287,-75
2288,675
2289,550
2290,550
2291,675
2292,575
2293,621
2294,623
2295,-125
2296,525
2297,-177
2298,625
2299,623
2300,-175
2301,-29
2302,-75
2303,625
2304,675
2305,-125
2306,425
2307,575
2308,525
2309,-177
2310,623
2311,367
2312,325
2313,-75
2314,525
2315,400
2316,625
2317,448
2318,-127
2319,675
2320,-102
2321,150
2322,673
2323,471
2324,621
2325,546
2326,623
2327,-175
2328,523
2329,473
2330,525
2331,573
2332,625
2333,625
2334,521
2335,-25
2336,675
2337,-125
2338,-127
2339,675
2340,548
2341,575
2342,675
2343,625
2344,-125
2345,-125
2346,523
2347,-200
2348,625
2349,425
2350,-25
2351,350
2352,623
2353,400
2354,675
2355,675
2356,523
2357,621
2358,625
2359,575
2360,675
2361,675
2362,325
2363,550
2364,623
2365,675
2366,675
2367,525
2368,623
2369,523
2370,-75
2371,525
2372,675
2373,625
2374,400
2375,675
2376,173
2377,675
2378,625
2379,675
2380,673
2381,323
2382,392
2383,673
2384,675
2385,575
2386,621
2387,575
2388,625
2389,473
2390,675
2391,523
2392,-79
2393,375
2394,400
2395,675
2396,671
2397,625
2398,-127
2399,575
2400,623
2401,675
2402,625
2403,673
2404,675
2405,673
2406,-202
2407,-127
2408,625
2409,675
2410,623
2411,675
2412,569
2413,-25
2414,673
2415,623
2416,675
2417,-75
2418,623
2419,673
2420,-125
2421,275
2422,675
2423,625
2424,475
2425,623
2426,525
2427,-75
2428,673
2429,575
2430,575
2431,675
2432,625
2433,623
2434,675
2435,675
2436,675
2437,675
2438,550
2439,673
2440,675
2441,425
2442,525
2443,675
2444,675
2445,425
2446,675
2447,675
2448,675
2449,300
2450,-308
2451,-125
2452,548
2453,575
2454,675
2455,575
2456,625
2457,675
2458,673
2459,525
2460,625
2461,675
2462,675
2463,525
2464,623
2465,675
2466,-79
2467,673
2468,675
2469,498
2470,423
2471,-75
2472,225
2473,623
2474,300
2475,-125
2476,350
2477,625
2478,-75
2479,675
2480,675
2481,573
2482,673
2483,575
2484,-125
2485,675
2486,-125
2487,371
2488,673
2489,623
2490,425
2491,542
2492,675
2493,625
2494,573
2495,-75
2496,573
2497,675
2498,675
2499,621
2500,-75
2501,-25
2502,-75
2503,-75
2504,623
2505,675
2506,-29
2507,500
2508,673
2509,619
2510,675
2511,673
2512,-25
2513,675
2514,-127
2515,575
2516,575
2517,550
2518,673
2519,673
2520,675
2521,675
2522,673
2523,-75
2524,625
2525,675
2526,625
2527,675
2528,675
2529,521
2530,-127
2531,-4
2532,675
2533,-75
2534,625
2535,625
2536,625
2537,675
2538,671
2539,-200
2540,-54
2541,673
2542,325
2543,525
2544,623
2545,550
2546,-25
2547,-77
2548,598
2549,675
2550,575
2551,398
2552,-129
2553,-125
2554,625
2555,623
2556,375
2557,625
2558,296
2559,673
2560,621
2561,-125
2562,619
2563,675
2564,575
2565,-77
2566,675
2567,675
2568,625
2569,300
2570,423
2571,450
2572,425
2573,671
2574,573
2575,425
2576,675
2577,425
2578,-125
2579,-125
2580,-75
2581,625
2582,496
2583,675
2584,623
2585,-75
2586,673
2587,498
2588,525
2589,625
2590,275
2591,-27
2592,575
2593,625
2594,675
2595,521
2596,525
2597,-75
2598,425
2599,621
2600,673
2601,500
2602,675
2603,675
2604,425
2605,675
2606,396
2607,625
2608,623
2609,-27
2610,675
2611,671
2612,675
2613,-227
2614,350
2615,623
2616,675
2617,623
2618,673
2619,100
2620,675
2621,625
2622,675
2623,675
2624,-77
2625,675
2626,296
2627,-75
2628,675
2629,525
2630,625
2631,673
2632,375
2633,573
2634,625
2635,425
2636,671
2637,450
2638,500
2639,623
2640,550
2641,394
2642,623
2643,-25
2644,625
2645,400
2646,-75
2647,-127
2648,525
2649,675
2650,675
2651,675
2652,475
2653,675
2654,675
2655,525
2656,625
2657,671
2658,573
2659,400
2660,625
2661,625
2662,623
2663,498
2664,475
2665,575
2666,425
2667,625
2668,675
2669,475
2670,673
2671,-75
2672,673
2673,571
2674,675
2675,398
2676,675
2677,-125
2678,625
2679,525
2680,-125
2681,548
2682,675
2683,575
2684,525
2685,525
2686,673
2687,-125
2688,398
2689,471
2690,625
2691,523
2692,525
2693,571
2694,-31
2695,675
2696,-75
2697,675
2698,673
2699,-75
2700,396
2701,546
2702,525
2703,-127
2704,425
2705,425
2706,575
2707,573
2708,675
2709,675
2710,675
2711,571
2712,525
2713,350
2714,675
2715,425
2716,673
2717,625
2718,673
2719,675
2720,675
2721,550
2722,-75
2723,-75
2724,675
2725,625
2726,623
2727,-75
2728,575
2729,-75
2730,125
2731,-127
2732,675
2733,675
2734,625
2735,-125
2736,350
2737,-77
2738,625
2739,675
2740,575
2741,675
2742,625
2743,346
2744,-177
2745,525
2746,423
2747,625
2748,625
2749,496
2750,-75
2751,425
2752,675
2753,675
2754,525
2755,298
2756,523
2757,-75
2758,425
2759,550
2760,-127
2761,-77
2762,-27
2763,575
2764,675
2765,-129
2766,575
2767,-75
2768,621
2769,671
2770,673
2771,675
2772,675
2773,675
2774,675
2775,625
2776,675
2777,625
2778,673
2779,673
2780,671
2781,625
2782,617
2783,623
2784,673
2785,198
2786,575
2787,48
2788,575
2789,-127
2790,575
2791,300
2792,675
2793,-127
2794,498
2795,-75
2796,275
2797,625
2798,675
2799,675
2800,675
2801,625
2802,673
2803,625
2804,525
2805,-79
2806,675
2807,500
2808,571
2809,-25
2810,546
2811,675
2812,350
2813,-127
2814,625
2815,625
2816,475
2817,400
2818,425
2819,625
2820,-75
2821,-75
2822,400
2823,471
2824,-4
2825,675
2826,550
2827,-75
2828,671
2829,-125
2830,-127
2831,625
2832,675
2833,-25
2834,546
2835,375
2836,675
2837,525
2838,625
2839,573
2840,375
2841,675
2842,-127
2843,623
2844,625
2845,675
2846,275
2847,425
2848,425
2849,-175
2850,-125
2851,675
2852,48
2853,675
2854,675
2855,-25
2856,675
2857,-125
2858,425
2859,346
2860,523
2861,573
2862,625
2863,248
2864,423
2865,675
2866,-127
2867,525
2868,-25
2869,575
2870,323
2871,673
2872,525
2873,625
2874,200
2875,521
2876,525
2877,621
2878,550
2879,675
2880,673
2881,225
2882,619
2883,625
2884,675
2885,-127
2886,575
2887,400
2888,671
2889,425
2890,521
2891,675
2892,675
2893,273
2894,575
2895,675
2896,500
2897,-125
2898,425
2899,673
2900,675
2901,675
2902,573
2903,-4
2904,425
2905,623
2906,625
2907,375
2908,675
2909,675
2910,525
2911,-125
2912,675
2913,-27
2914,-27
2915,525
2916,373
2917,148
2918,423
2919,675
2920,275
2921,673
2922,394
2923,600
2924,625
2925,625
2926,623
2927,398
2928,625
2929,575
2930,475
2931,575
2932,675
2933,673
2934,575
2935,575
2936,348
2937,625
2938,-75
2939,575
2940,-75
2941,625
2942,625
2943,571
2944,575
2945,625
2946,625
2947,675
2948,423
2949,673
2950,675
2951,675
2952,-27
2953,275
2954,600
2955,675
2956,400
2957,625
2958,675
2959,575
2960,-127
2961,-125
2962,525
2963,-25
2964,571
2965,623
2966,575
2967,-25
2968,271
2969,148
2970,675
2971,673
2972,-125
2973,523
2974,623
2975,625
2976,350
2977,425
2978,675
2979,675
2980,225
2981,423
2982,396
2983,675
2984,475
2985,623
2986,625
2987,675
2988,675
2989,625
2990,625
2991,273
2992,-25
2993,675
2994,675
2995,-27
2996,400
2997,675
2998,673
2999,625
3000,675
3001,475
3002,625
3003,675
3004,625
3005,-25
3006,623
3007,675
3008,475
3009,623
3010,625
3011,623
3012,-25
3013,523
3014,675
3015,425
3016,-175
3017,675
3018,-75
3019,500
3020,523
3021,675
3022,0
3023,-75
3024,675
3025,425
3026,400
3027,625
3028,498
3029,675
3030,673
3031,400
3032,294
3033,573
3034,675
3035,625
3036,548
3037,125
3038,675
3039,525
3040,273
3041,-125
3042,621
3043,625
3044,673
3045,623
3046,75
3047,573
3048,625
3049,575
3050,-75
3051,575
3052,500
3053,673
3054,625
3055,-127
3056,673
3057,573
3058,625
3059,675
3060,675
3061,73
3062,673
3063,625
3064,625
3065,548
3066,-25
3067,-125
3068,373
3069,-75
3070,625
3071,675
3072,-225
3073,-25
3074,675
3075,573
3076,573
3077,-125
3078,625
3079,673
3080,625
3081,675
3082,-125
3083,525
3084,625
3085,675
3086,-29
3087,575
3088,675
3089,671
3090,-29
3091,675
3092,573
3093,625
3094,625
3095,675
3096,623
3097,275
3098,-77
3099,275
3100,-127
3101,523
3102,575
3103,400
3104,675
3105,398
3106,475
3107,471
3108,475
3109,625
3110,675
3111,-25
3112,475
3113,623
3114,675
3115,-125
3116,-75
3117,675
3118,625
3119,-127
3120,673
3121,675
3122,475
3123,398
3124,425
3125,675
3126,-79
3127,348
3128,673
3129,-125
3130,573
3131,625
3132,525
3133,675
3134,675
3135,625
3136,-75
3137,523
3138,625
3139,-125
3140,675
3141,625
3142,623
3143,-125
3144,675
3145,673
3146,675
3147,625
3148,675
3149,623
3150,675
3151,625
3152,350
3153,675
3154,200
3155,675
3156,673
3157,-127
3158,675
3159,-25
3160,625
3161,673
3162,673
3163,-75
3164,-75
3165,575
3166,675
3167,-27
3168,248
3169,-127
3170,675
3171,675
3172,675
3173,575
3174,619
3175,625
3176,375
3177,673
3178,-202
3179,625
3180,425
3181,675
3182,673
3183,675
3184,-125
3185,-75
3186,675
3187,525
3188,-100
3189,671
3190,346
3191,625
3192,625
3193,296
3194,675
3195,675
3196,573
3197,425
3198,675
3199,-75
3200,325
3201,350
3202,625
3203,375
3204,350
3205,-77
3206,573
3207,675
3208,675
3209,396
3210,-29
3211,475
3212,673
3213,675
3214,-175
3215,625
3216,-125
3217,623
3218,425
3219,675
3220,571
3221,669
3222,675
3223,673
3224,625
3225,675
3226,525
3227,625
3228,548
3229,375
3230,675
3231,675
3232,623
3233,675
3234,-75
3235,675
3236,675
3237,-127
3238,673
3239,675
3240,623
3241,675
3242,575
3243,675
3244,175
3245,348
3246,673
3247,675
3248,675
3249,-227
3250,-77
3251,625
3252,675
3253,625
3254,621
3255,673
3256,625
3257,348
3258,-75
3259,675
3260,673
3261,-125
3262,425
3263,625
3264,473
3265,675
3266,673
3267,-127
3268,623
3269,625
3270,400
3271,-175
3272,375
3273,671
3274,425
3275,-27
3276,671
3277,350
3278,621
3279,675
3280,623
3281,625
3282,575
3283,625
3284,675
3285,569
3286,425
3287,625
3288,423
3289,-127
3290,-79
3291,671
3292,425
3293,675
3294,625
3295,623
3296,-175
3297,675
3298,-27
3299,-75
3300,675
3301,546
3302,-77
3303,675
3304,625
3305,675
3306,575
3307,-75
3308,675
3309,-125
3310,-77
3311,323
3312,425
3313,375
3314,523
3315,423
3316,-300
3317,425
3318,250
3319,625
3320,625
3321,675
3322,425
3323,675
3324,525
3325,573
3326,573
3327,673
3328,400
3329,-75
3330,475
3331,675
3332,673
3333,-77
3334,673
3335,-125
3336,-125
3337,625
3338,675
3339,621
3340,675
3341,375
3342,575
3343,625
3344,494
3345,675
3346,398
3347,398
3348,300
3349,673
3350,550
3351,625
3352,-125
3353,373
3354,575
3355,675
3356,-125
3357,621
3358,625
3359,675
3360,425
3361,-75
3362,600
3363,-75
3364,400
3365,248
3366,575
3367,-27
3368,673
3369,675
3370,623
3371,625
3372,675
3373,425
3374,550
3375,200
3376,575
3377,621
3378,425
3379,525
3380,423
3381,425
3382,-75
3383,475
3384,525
3385,548
3386,673
3387,-77
3388,425
3389,-125
3390,621
3391,675
3392,673
3393,-127
3394,625
3395,673
3396,575
3397,625
3398,675
3399,-31
3400,675
3401,398
3402,-127
3403,375
3404,296
3405,673
3406,625
3407,673
3408,673
3409,275
3410,525
3411,625
3412,675
3413,621
3414,-275
3415,475
3416,625
3417,375
3418,350
3419,625
3420,421
3421,675
3422,-175
3423,625
3424,625
3425,623
3426,425
3427,673
3428,625
3429,673
3430,348
3431,673
3432,675
3433,575
3434,573
3435,675
3436,625
3437,519
3438,623
3439,675
3440,675
3441,675
3442,-127
3443,675
3444,373
3445,573
3446,673
3447,675
3448,448
3449,550
3450,-200
3451,475
3452,625
3453,625
3454,-102
3455,673
3456,575
3457,-125
3458,500
3459,-125
3460,675
3461,673
3462,298
3463,423
3464,450
3465,675
3466,400
3467,625
3468,-104
3469,550
3470,-25
3471,625
3472,625
3473,623
3474,248
3475,675
3476,675
3477,625
3478,675
3479,621
3480,673
3481,-75
3482,675
3483,500
3484,625
3485,-75
3486,669
3487,571
3488,-200
3489,675
3490,-25
3491,673
3492,375
3493,625
3494,-125
3495,550
3496,475
3497,675
3498,575
3499,675
3500,423
3501,-125
3502,525
3503,498
3504,675
3505,675
3506,575
3507,675
3508,673
3509,400
3510,-79
3511,675
3512,675
3513,-202
3514,623
3515,625
3516,623
3517,675
3518,523
3519,400
3520,675
3521,625
3522,373
3523,550
3524,675
3525,619
3526,675
3527,525
3528,473
3529,-27
3530,525
3531,625
3532,675
3533,575
3534,675
3535,575
3536,-127
3537,675
3538,-79
3539,400
3540,523
3541,673
3542,675
3543,625
3544,621
3545,675
3546,-27
3547,550
3548,623
3549,675
3550,625
3551,575
3552,673
3553,675
3554,550
3555,675
3556,-75
3557,625
3558,423
3559,-125
3560,-125
3561,673
3562,-25
3563,675
3564,348
3565,673
3566,571
3567,575
3568,625
3569,673
3570,675
3571,623
3572,-27
3573,625
3574,625
3575,625
3576,571
3577,525
3578,625
3579,675
3580,625
3581,573
3582,398
3583,675
3584,675
3585,625
3586,525
3587,-75
3588,-225
3589,675
3590,673
3591,675
3592,-175
3593,625
3594,625
3595,675
3596,523
3597,-75
3598,-125
3599,675
3600,573
3601,673
3602,675
3603,-25
3604,448
3605,625
3606,-175
3607,550
3608,525
3609,-100
3610,673
3611,673
3612,448
3613,623
3614,625
3615,525
3616,525
3617,573
3618,-125
3619,575
3620,621
3621,321
3622,675
3623,-125
3624,675
3625,473
3626,425
3627,623
3628,298
3629,675
3630,673
3631,348
3632,-125
3633,575
3634,625
3635,573
3636,625
3637,675
3638,246
3639,675
3640,675
3641,623
3642,-125
3643,675
3644,-25
3645,675
3646,625
3647,675
3648,673
3649,675
3650,400
3651,575
3652,523
3653,-177
3654,525
3655,675
3656,673
3657,675
3658,-75
3659,0
3660,371
3661,-233
3662,673
3663,550
3664,571
3665,-125
3666,625
3667,575
3668,675
3669,625
3670,625
3671,-25
3672,675
3673,523
3674,625
3675,375
3676,523
3677,425
3678,423
3679,425
3680,-127
3681,525
3682,623
3683,625
3684,573
3685,675
3686,675
3687,-77
3688,625
3689,675
3690,675
3691,623
3692,525
3693,525
3694,475
3695,525
3696,675
3697,675
3698,675
3699,623
3700,671
3701,98
3702,498
3703,525
3704,673
3705,-125
3706,671
3707,675
3708,-77
3709,675
3710,-75
3711,523
3712,448
3713,625
3714,-125
3715,675
3716,625
3717,-125
3718,375
3719,675
3720,675
3721,525
3722,525
3723,623
3724,675
3725,625
3726,675
3727,473
3728,-125
3729,394
3730,675
3731,-75
3732,-125
3733,625
3734,625
3735,623
3736,675
3737,-127
3738,673
3739,675
3740,675
3741,675
3742,150
3743,675
3744,425
3745,-25
3746,-75
3747,675
3748,525
3749,623
3750,475
3751,0
3752,0
3753,350
3754,-75
3755,-75
3756,675
3757,575
3758,675
3759,475
3760,-125
3761,-175
3762,675
3763,-125
3764,250
3765,625
3766,675
3767,625
3768,625
3769,673
3770,575
3771,675
3772,621
3773,675
3774,571
3775,675
3776,673
3777,673
3778,625
3779,625
3780,675
3781,675
3782,625
3783,671
3784,-127
3785,-175
3786,675
3787,-127
3788,-175
3789,475
3790,425
3791,573
3792,-75
3793,625
3794,675
3795,425
3796,350
3797,-29
3798,623
3799,425
3800,425
3801,573
3802,300
3803,400
3804,-431
3805,-75
3806,625
3807,400
3808,423
3809,675
3810,675
3811,-125
3812,-125
3813,-127
3814,473
3815,575
3816,673
3817,425
3818,-125
3819,-75
3820,675
3821,675
3822,623
3823,-125
3824,673
3825,375
3826,623
3827,625
3828,-25
3829,375
3830,623
3831,673
3832,275
3833,550
3834,-125
3835,300
3836,675
3837,525
3838,675
3839,475
3840,-79
3841,575
3842,350
3843,675
3844,675
3845,625
3846,621
3847,625
3848,675
3849,675
3850,-75
3851,323
3852,546
3853,523
3854,575
3855,625
3856,575
3857,675
3858,-75
3859,298
3860,625
3861,400
3862,575
3863,675
3864,675
3865,-75
3866,675
3867,625
3868,673
3869,675
3870,525
3871,675
3872,-125
3873,225
3874,475
3875,523
3876,623
3877,575
3878,675
3879,673
3880,-125
3881,-125
3882,-127
3883,-75
3884,300
3885,675
3886,398
3887,675
3888,671
3889,423
3890,625
3891,675
3892,348
3893,625
3894,423
3895,623
3896,-125
3897,346
3898,-75
3899,400
3900,623
3901,623
3902,-125
3903,-25
3904,-25
3905,675
3906,548
3907,625
3908,-75
3909,423
3910,398
3911,575
3912,375
3913,675
3914,621
3915,675
3916,575
3917,675
3918,575
3919,675
3920,575
3921,675
3922,623
3923,625
3924,625
3925,623
3926,625
3927,296
3928,675
3929,425
3930,575
3931,-75
3932,-127
3933,575
3934,425
3935,623
3936,-127
3937,625
3938,575
3939,-131
3940,-125
3941,675
3942,350
3943,-125
3944,675
3945,675
3946,675
3947,550
3948,673
3949,625
3950,673
3951,625
3952,575
3953,344
3954,-25
3955,525
3956,625
3957,625
3958,423
3959,375
3960,671
3961,625
3962,575
3963,-27
3964,398
3965,448
3966,375
3967,625
3968,-25
3969,525
3970,675
3971,623
3972,675
3973,623
3974,625
3975,625
3976,625
3977,425
3978,625
3979,623
3980,673
3981,-77
3982,625
3983,525
3984,623
3985,675
3986,673
3987,675
3988,675
3989,475
3990,625
3991,375
3992,625
3993,-75
3994,675
3995,675
3996,-179
3997,225
3998,425
3999,-75
4000,300
4001,573
4002,-175
4003,675
4004,625
4005,150
4006,625
4007,675
4008,571
4009,269
4010,-125
4011,625
4012,673
4013,-54
4014,-127
4015,425
4016,550
4017,623
4018,675
4019,675
4020,-75
4021,325
4022,-125
4023,625
4024,-27
4025,-125
4026,675
4027,-75
4028,300
4029,675
4030,675
4031,-100
4032,475
4033,569
4034,573
4035,625
4036,625
4037,375
4038,-77
4039,475
4040,475
4041,623
4042,300
4043,225
4044,523
4045,225
4046,675
4047,625
4048,675
4049,675
4050,625
4051,625
4052,523
4053,450
4054,-75
4055,675
4056,675
4057,500
4058,-75
4059,300
4060,675
4061,675
4062,-233
4063,-75
4064,675
4065,673
4066,-127
4067,675
4068,673
4069,525
4070,273
4071,425
4072,375
4073,675
4074,675
4075,-25
4076,673
4077,150
4078,675
4079,675
4080,675
4081,471
4082,-125
4083,623
4084,400
4085,-125
4086,675
4087,625
4088,675
4089,-125
4090,675
4091,675
4092,675
4093,625
4094,575
4095,625
4096,625
4097,600
4098,525
4099,675
4100,625
4101,675
4102,575
4103,625
4104,623
4105,625
4106,625
4107,-25
4108,575
4109,673
4110,525
4111,675
4112,625
4113,525
4114,625
4115,673
4116,-75
4117,575
4118,575
4119,425
4120,625
4121,673
4122,375
4123,675
4124,623
4125,675
4126,250
4127,625
4128,675
4129,-125
4130,675
4131,396
4132,-125
4133,-25
4134,550
4135,475
4136,673
4137,-125
4138,398
4139,625
4140,525
4141,-125
4142,621
4143,625
4144,275
4145,675
4146,621
4147,400
4148,623
4149,550
4150,673
4151,575
4152,675
4153,675
4154,675
4155,550
4156,-127
4157,525
4158,675
4159,623
4160,-125
4161,319
4162,675
4163,248
4164,675
4165,525
4166,273
4167,675
4168,675
4169,675
4170,675
4171,148
4172,-125
4173,-125
4174,675
4175,75
4176,675
4177,400
4178,523
4179,623
4180,525
4181,673
4182,575
4183,-127
4184,675
4185,673
4186,675
4187,-125
4188,523
4189,675
4190,-75
4191,521
4192,625
4193,-125
4194,475
4195,673
4196,673
4197,575
4198,575
4199,675
4200,475
4201,625
4202,-77
4203,525
4204,675
4205,575
4206,-125
4207,475
4208,-125
4209,250
4210,-25
4211,671
4212,525
4213,625
4214,446
4215,98
4216,673
4217,673
4218,675
4219,675
4220,625
4221,625
4222,675
4223,473
4224,525
4225,675
4226,425
4227,675
4228,625
4229,573
4230,675
4231,-75
4232,-27
4233,573
4234,298
4235,-25
4236,350
4237,675
4238,494
4239,-75
4240,625
4241,525
4242,48
4243,400
4244,450
4245,400
4246,673
4247,498
4248,275
4249,525
4250,475
4251,625
4252,573
4253,625
4254,375
4255,675
4256,250
4257,-79
4258,-25
4259,450
4260,569
4261,625
4262,671
4263,375
4264,675
4265,675
4266,673
4267,575
4268,550
4269,400
4270,623
4271,673
4272,675
4273,-100
4274,425
4275,400
4276,625
4277,625
4278,425
4279,675
4280,673
4281,625
4282,675
4283,619
4284,673
4285,675
4286,671
4287,675
4288,623
4289,675
4290,573
4291,-125
4292,-75
4293,375
4294,550
4295,375
4296,573
4297,-29
4298,675
4299,550
4300,496
4301,0
4302,675
4303,-125
4304,625
4305,-125
4306,675
4307,548
4308,625
4309,673
4310,673
4311,-77
4312,396
4313,500
4314,573
4315,625
4316,575
4317,425
4318,0
4319,623
4320,525
4321,-125
4322,675
4323,525
4324,625
4325,-75
4326,625
4327,675
4328,625
4329,573
4330,-125
4331,-75
4332,-79
4333,523
4334,625
4335,675
4336,425
4337,625
4338,625
4339,675
4340,625
4341,673
4342,-60
4343,244
4344,23
4345,675
4346,500
4347,675
4348,675
4349,575
4350,623
4351,625
4352,373
4353,575
4354,623
4355,673
4356,675
4357,673
4358,623
4359,675
4360,673
4361,625
4362,673
4363,625
4364,575
4365,675
4366,675
4367,675
4368,675
4369,625
4370,675
4371,675
4372,-33
4373,675
4374,675
4375,625
4376,673
4377,625
4378,-125
4379,-75
4380,425
4381,-150
4382,625
4383,675
4384,400
4385,675
4386,675
4387,521
4388,348
4389,625
4390,675
4391,400
4392,575
4393,623
4394,675
4395,-75
4396,425
4397,500
4398,423
4399,675
4400,575
4401,575
4402,375
4403,675
4404,625
4405,675
4406,523
4407,325
4408,573
4409,575
4410,575
4411,500
4412,675
4413,671
4414,675
4415,325
4416,625
4417,675
4418,621
4419,625
4420,448
4421,548
4422,-177
4423,625
4424,575
4425,523
4426,-129
4427,625
4428,673
4429,-127
4430,448
4431,-75
4432,675
4433,523
4434,-100
4435,473
4436,623
4437,400
4438,425
4439,573
4440,625
4441,675
4442,625
4443,-25
4444,-281
4445,371
4446,675
4447,575
4448,-250
4449,546
4450,398
4451,675
4452,-75
4453,-27
4454,675
4455,425
4456,673
4457,-202
4458,575
4459,675
4460,525
4461,-125
4462,673
4463,575
4464,675
4465,675
4466,275
4467,-25
4468,344
4469,675
4470,675
4471,-75
4472,623
4473,675
4474,673
4475,675
4476,673
4477,619
4478,-125
4479,198
4480,623
4481,300
4482,671
4483,675
4484,625
4485,548
4486,375
4487,-77
4488,625
4489,400
4490,275
4491,675
4492,625
4493,475
4494,525
4495,573
4496,525
4497,625
4498,675
4499,623
4500,400
4501,625
4502,675
4503,625
4504,325
4505,673
4506,675
4507,575
4508,675
4509,575
4510,575
4511,673
4512,625
4513,675
4514,-127
4515,675
4516,400
4517,-77
4518,-125
4519,675
4520,675
4521,244
4522,-54
4523,325
4524,675
4525,571
4526,675
4527,675
4528,623
4529,673
4530,675
4531,675
4532,448
4533,673
4534,-25
4535,400
4536,525
4537,675
4538,-125
4539,525
4540,675
4541,673
4542,625
4543,-125
4544,675
4545,675
4546,623
4547,400
4548,298
4549,-125
4550,623
4551,-27
4552,375
4553,675
4554,-25
4555,473
4556,623
4557,673
4558,675
4559,675
4560,675
4561,625
4562,25
4563,623
4564,425
4565,400
4566,621
4567,525
4568,425
4569,675
4570,444
4571,546
4572,675
4573,575
4574,100
4575,625
4576,675
4577,575
4578,325
4579,625
4580,-125
4581,-179
4582,625
4583,573
4584,675
4585,673
4586,350
4587,625
4588,-125
4589,675
4590,525
4591,550
4592,-200
4593,625
4594,-75
4595,375
4596,446
4597,400
4598,-127
4599,625
4600,625
4601,623
4602,-125
4603,673
4604,575
4605,625
4606,525
4607,-75
4608,625
4609,675
4610,450
4611,625
4612,-27
4613,-125
4614,573
4615,675
4616,673
4617,550
4618,573
4619,375
4620,675
4621,-127
4622,398
4623,625
4624,675
4625,675
4626,625
4627,-75
4628,675
4629,575
4630,675
4631,675
4632,-125
4633,300
4634,673
4635,-127
4636,-29
4637,-75
4638,525
4639,673
4640,-175
4641,625
4642,625
4643,625
4644,525
4645,625
4646,569
4647,-25
4648,623
4649,550
4650,-125
4651,473
4652,675
4653,425
4654,675
4655,350
4656,675
4657,675
4658,675
4659,425
4660,-125
4661,-102
4662,623
4663,375
4664,400
4665,675
4666,575
4667,671
4668,575
4669,525
4670,475
4671,500
4672,675
4673,-175
4674,248
4675,675
4676,425
4677,675
4678,675
4679,375
4680,673
4681,575
4682,519
4683,675
4684,675
4685,573
4686,425
4687,-183
4688,573
4689,675
4690,423
4691,625
4692,-200
4693,475
4694,371
4695,575
4696,625
4697,673
4698,625
4699,675
4700,550
4701,675
4702,623
4703,675
4704,671
4705,375
4706,675
4707,675
4708,-125
4709,675
4710,675
4711,673
4712,623
4713,-127
4714,675
4715,675
4716,675
4717,675
4718,675
4719,-75
4720,573
4721,673
4722,-125
4723,-125
4724,675
4725,673
4726,625
4727,673
4728,-125
4729,-75
4730,550
4731,625
4732,-75
4733,625
4734,573
4735,-127
4736,675
4737,623
4738,625
4739,675
4740,623
4741,623
4742,500
4743,625
4744,525
4745,-27
4746,425
4747,450
4748,625
4749,675
4750,575
4751,675
4752,525
4753,675
4754,625
4755,-125
4756,673
4757,-75
4758,675
4759,625
4760,625
4761,348
4762,675
4763,525
4764,675
4765,550
4766,675
4767,675
4768,673
4769,398
4770,675
4771,-25
4772,-125
4773,623
4774,-25
4775,675
4776,-2
4777,425
4778,-79
4779,621
4780,296
4781,675
4782,348
4783,675
4784,675
4785,673
4786,-175
4787,675
4788,-375
4789,-77
4790,625
4791,525
4792,-104
4793,675
4794,623
4795,-27
4796,675
4797,675
4798,625
4799,498
4800,-75
4801,673
4802,675
4803,675
4804,625
4805,250
4806,-129
4807,675
4808,71
4809,675
4810,623
4811,198
4812,625
4813,675
4814,500
4815,675
4816,625
4817,675
4818,525
4819,425
4820,623
4821,675
4822,675
4823,675
4824,-25
4825,625
4826,-125
4827,150
4828,675
4829,500
4830,-29
4831,498
4832,621
4833,673
4834,573
4835,348
4836,548
4837,75
4838,425
4839,623
4840,675
4841,-125
4842,475
4843,450
4844,123
4845,-75
4846,623
4847,69
4848,475
4849,675
4850,675
4851,-75
4852,550
4853,675
4854,471
4855,675
4856,-200
4857,675
4858,550
4859,675
4860,-75
4861,571
4862,623
4863,675
4864,375
4865,675
4866,-100
4867,400
4868,675
4869,675
4870,-127
4871,623
4872,-29
4873,373
4874,425
4875,625
4876,-25
4877,523
4878,675
4879,321
4880,625
4881,675
4882,675
4883,675
4884,73
4885,325
4886,375
4887,525
4888,625
4889,525
4890,671
4891,625
4892,623
4893,250
4894,673
4895,600
4896,575
4897,675
4898,625
4899,671
4900,623
4901,-75
4902,625
4903,396
4904,675
4905,425
4906,-25
4907,550
4908,-200
4909,675
4910,150
4911,396
4912,625
4913,450
4914,-125
4915,675
4916,600
4917,675
4918,575
4919,575
4920,625
4921,619
4922,-125
4923,675
4924,675
4925,625
4926,625
4927,625
4928,523
4929,675
4930,671
4931,275
4932,575
4933,673
4934,675
4935,675
4936,673
4937,573
4938,300
4939,525
4940,525
4941,675
4942,-27
4943,-127
4944,575
4945,675
4946,521
4947,623
4948,-77
4949,525
4950,625
4951,150
4952,546
4953,675
4954,673
4955,675
4956,548
4957,-25
4958,475
4959,-75
4960,-225
4961,675
4962,675
4963,575
4964,-75
4965,625
4966,523
4967,575
4968,675
4969,-125
4970,575
4971,475
4972,542
4973,-227
4974,675
4975,625
4976,675
4977,623
4978,675
4979,-125
4980,575
4981,675
4982,673
4983,675
4984,375
4985,-25
4986,-75
4987,425
4988,673
4989,675
4990,675
4991,675
4992,675
4993,575
4994,675
4995,675
4996,675
4997,375
4998,625
4999,625
5000,-100
5001,675
5002,675
5003,575
5004,675
5005,673
5006,575
5007,625
5008,675
5009,575
5010,575
5011,675
5012,475
5013,398
5014,625
5015,625
5016,400
5017,400
5018,575
5019,625
5020,348
5021,-75
5022,675
5023,-75
5024,575
5025,-27
5026,523
5027,621
5028,446
5029,671
5030,625
5031,675
5032,575
5033,623
5034,273
5035,-75
5036,675
5037,675
5038,573
5039,673
5040,575
5041,675
5042,-127
5043,250
5044,-79
5045,573
5046,25
5047,675
5048,625
5049,-175
5050,575
5051,675
5052,425
5053,675
5054,-125
5055,425
5056,575
5057,673
5058,675
5059,623
5060,575
5061,-125
5062,675
5063,575
5064,625
5065,625
5066,550
5067,571
5068,675
5069,673
5070,625
5071,675
5072,573
5073,675
5074,273
5075,675
5076,623
5077,673
5078,475
5079,600
5080,500
5081,423
5082,425
5083,625
5084,625
5085,675
5086,625
5087,525
5088,575
5089,625
5090,625
5091,-77
5092,423
5093,675
5094,673
5095,525
5096,-175
5097,673
5098,673
5099,550
5100,625
5101,575
5102,423
5103,675
5104,300
5105,675
5106,673
5107,675
5108,575
5109,573
5110,675
5111,523
5112,675
5113,196
5114,-77
5115,75
5116,623
5117,675
5118,675
5119,625
5120,673
5121,625
5122,625
5123,173
5124,673
5125,300
5126,673
5127,675
5128,675
5129,675
5130,673
5131,675
5132,-131
5133,425
5134,625
5135,625
5136,675
5137,675
5138,394
5139,673
5140,425
5141,575
5142,-125
5143,625
5144,-125
5145,573
5146,675
5147,623
5148,675
5149,-75
5150,525
5151,675
5152,121
5153,625
5154,673
5155,675
5156,400
5157,625
5158,675
5159,375
5160,-102
5161,-75
5162,575
5163,623
5164,500
5165,625
5166,675
5167,575
5168,400
5169,450
5170,575
5171,-127
5172,-125
5173,675
5174,675
5175,625
5176,-75
5177,675
5178,400
5179,673
5180,-75
5181,625
5182,675
5183,475
5184,400
5185,625
5186,625
5187,-25
5188,675
5189,625
5190,-200
5191,623
5192,-127
5193,398
5194,425
5195,-25
5196,623
5197,475
5198,575
5199,675
5200,-125
5201,525
5202,473
5203,675
5204,375
5205,-125
5206,675
5207,671
5208,398
5209,673
5210,-127
5211,675
5212,400
5213,625
5214,675
5215,573
5216,-25
5217,250
5218,575
5219,-125
5220,675
5221,675
5222,-77
5223,525
5224,525
5225,675
5226,575
5227,498
5228,525
5229,321
5230,625
5231,675
5232,575
5233,475
5234,675
5235,350
5236,498
5237,223
5238,575
5239,-125
5240,475
5241,575
5242,-27
5243,675
5244,-127
5245,675
5246,-125
5247,625
5248,346
5249,673
5250,-75
5251,675
5252,548
5253,-125
5254,623
5255,675
5256,-175
5257,675
5258,-27
5259,225
5260,375
5261,548
5262,673
5263,673
5264,675
5265,-75
5266,-202
5267,675
5268,625
5269,673
5270,673
5271,625
5272,525
5273,123
5274,-27
5275,400
5276,575
5277,400
5278,-125
5279,675
5280,675
5281,275
5282,-75
5283,423
5284,-75
5285,675
5286,375
5287,573
5288,-125
5289,621
5290,573
5291,673
5292,673
5293,375
5294,675
5295,475
5296,525
5297,500
5298,525
5299,673
5300,525
5301,573
5302,525
5303,-75
5304,525
5305,623
5306,-77
5307,573
5308,146
5309,523
5310,675
5311,571
5312,150
5313,425
5314,671
5315,550
5316,575
5317,-75
5318,671
5319,-125
5320,350
5321,-127
5322,625
5323,675
5324,400
5325,573
5326,146
5327,625
5328,348
5329,675
5330,-54
5331,573
5332,525
5333,398
5334,675
5335,-125
5336,-125
5337,475
5338,675
5339,375
5340,575
5341,-100
5342,-125
5343,-175
5344,621
5345,573
5346,-27
5347,625
5348,546
5349,575
5350,-75
5351,675
5352,675
5353,-127
5354,521
5355,375
5356,625
5357,-25
5358,500
5359,500
5360,621
5361,675
5362,-75
5363,-2
5364,-25
5365,-225
5366,-125
5367,525
5368,323
5369,-29
5370,625
5371,-125
5372,548
5373,625
5374,398
5375,-25
5376,-75
5377,625
5378,675
5379,444
5380,-125
5381,-129
5382,675
5383,473
5384,-77
5385,-75
5386,675
5387,615
5388,625
5389,-79
5390,525
5391,625
5392,575
5393,625
5394,675
5395,450
5396,675
5397,625
5398,625
5399,575
5400,675
5401,425
5402,-75
5403,-175
5404,675
5405,675
5406,675
5407,675
5408,675
5409,625
5410,625
5411,675
5412,675
5413,421
5414,675
5415,473
5416,573
5417,675
5418,-27
5419,425
5420,500
5421,625
5422,675
5423,625
5424,-125
5425,400
5426,-125
5427,625
5428,675
5429,623
5430,675
5431,-75
5432,673
5433,675
5434,525
5435,675
5436,475
5437,-75
5438,675
5439,-29
5440,625
5441,675
5442,625
5443,573
5444,-125
5445,525
5446,675
5447,675
5448,675
5449,-29
5450,471
5451,675
5452,-31
5453,423
5454,-129
5455,675
5456,625
5457,-125
5458,573
5459,675
5460,675
5461,-125
5462,571
5463,575
5464,-125
5465,675
5466,625
5467,-27
5468,-125
5469,523
5470,623
5471,448
5472,673
5473,675
5474,675
5475,575
5476,675
5477,675
5478,525
5479,-125
5480,623
5481,575
5482,350
5483,-77
5484,423
5485,-125
5486,450
5487,625
5488,425
5489,671
5490,675
5491,675
5492,675
5493,-127
5494,573
5495,-75
5496,-125
5497,475
5498,675
5499,373
5500,621
5501,625
5502,625
5503,425
5504,675
5505,675
5506,675
5507,625
5508,675
5509,675
5510,573
5511,23
5512,50
5513,625
5514,625
5515,425
5516,675
5517,475
5518,400
5519,575
5520,225
5521,673
5522,675
5523,675
5524,675
5525,675
5526,525
5527,675
5528,675
5529,573
5530,525
5531,625
5532,675
5533,625
5534,525
5535,673
5536,423
5537,-27
5538,-125
5539,625
5540,250
5541,675
5542,673
5543,-79
5544,-127
5545,-125
5546,-29
5547,-152
5548,673
5549,675
5550,473
5551,675
5552,0
5553,-125
5554,625
5555,675
5556,675
5557,523
5558,425
5559,675
5560,675
5561,575
5562,-77
5563,625
5564,525
5565,-4
5566,675
5567,675
5568,350
5569,-75
5570,623
5571,-25
5572,-75
5573,623
5574,625
5575,621
5576,473
5577,525
5578,675
5579,475
5580,500
5581,625
5582,623
5583,675
5584,621
5585,573
5586,373
5587,273
5588,621
5589,625
5590,675
5591,-102
5592,-77
5593,400
5594,575
5595,675
5596,623
5597,-127
5598,625
5599,-129
5600,473
5601,623
5602,671
5603,625
5604,-79
5605,-125
5606,473
5607,150
5608,673
5609,673
5610,-29
5611,444
5612,348
5613,-125
5614,298
5615,250
5616,575
5617,621
5618,675
5619,675
5620,675
5621,275
5622,348
5623,675
5624,-125
5625,525
5626,575
5627,675
5628,623
5629,625
5630,425
5631,400
5632,-229
5633,-77
5634,675
5635,675
5636,525
5637,675
5638,-75
5639,550
5640,-75
5641,-27
5642,625
5643,623
5644,400
5645,675
5646,673
5647,675
5648,500
5649,675
5650,673
5651,673
5652,625
5653,625
5654,675
5655,671
5656,-179
5657,-75
5658,675
5659,673
5660,675
5661,673
5662,625
5663,625
5664,525
5665,-125
5666,-125
5667,675
5668,350
5669,625
5670,525
5671,675
5672,625
5673,575
5674,625
5675,573
5676,423
5677,-175
5678,675
5679,675
5680,-177
5681,575
5682,675
5683,625
5684,675
5685,625
5686,675
5687,373
5688,-75
5689,673
5690,200
5691,-129
5692,675
5693,548
5694,625
5695,425
5696,675
5697,346
5698,200
5699,-77
5700,148
5701,623
5702,673
5703,-25
5704,673
5705,496
5706,400
5707,-75
5708,625
5709,-175
5710,-27
5711,573
5712,675
5713,675
5714,667
5715,525
5716,-127
5717,-125
5718,-77
5719,675
5720,623
5721,675
5722,675
5723,675
5724,675
5725,-200
5726,500
5727,671
5728,675
5729,200
5730,675
5731,671
5732,-75
5733,-125
5734,675
5735,400
5736,623
5737,523
5738,675
5739,673
5740,-127
5741,148
5742,-75
5743,675
5744,498
5745,675
5746,575
5747,625
5748,675
5749,250
5750,398
5751,-75
5752,675
5753,625
5754,671
5755,525
5756,625
5757,525
5758,548
5759,273
5760,475
5761,375
5762,-125
5763,675
5764,248
5765,675
5766,150
5767,673
5768,675
5769,321
5770,548
5771,573
5772,623
5773,675
5774,-125
5775,-27
5776,625
5777,521
5778,475
5779,675
5780,473
5781,673
5782,625
5783,625
5784,673
5785,521
5786,523
5787,-75
5788,-31
5789,-100
5790,625
5791,625
5792,673
5793,675
5794,221
5795,523
5796,575
5797,425
5798,625
5799,623
5800,675
5801,425
5802,625
5803,675
5804,675
5805,575
5806,425
5807,525
5808,575
5809,375
5810,573
5811,-75
5812,375
5813,625
5814,348
5815,-77
5816,675
5817,675
5818,675
5819,575
5820,673
5821,675
5822,-127
5823,625
5824,675
5825,673
5826,-79
5827,-125
5828,671
5829,575
5830,675
5831,500
5832,-75
5833,550
5834,675
5835,671
5836,473
5837,498
5838,675
5839,173
5840,-75
5841,623
5842,450
5843,671
5844,523
5845,525
5846,-302
5847,-102
5848,625
5849,673
5850,525
5851,675
5852,673
5853,300
5854,675
5855,550
5856,675
5857,525
5858,675
5859,-350
5860,475
5861,675
5862,675
5863,625
5864,575
5865,673
5866,-175
5867,-25
5868,373
5869,-75
5870,475
5871,-200
5872,250
5873,-75
5874,375
5875,675
5876,675
5877,621
5878,575
5879,-125
5880,298
5881,673
5882,675
5883,675
5884,475
5885,623
5886,625
5887,675
5888,675
5889,573
5890,575
5891,625
5892,671
5893,625
5894,625
5895,-175
5896,-25
5897,-125
5898,621
5899,-125
5900,625
5901,350
5902,675
5903,-152
5904,625
5905,-75
5906,625
5907,550
5908,675
5909,575
5910,525
5911,573
5912,623
5913,675
5914,398
5915,623
5916,525
5917,625
5918,675
5919,623
5920,525
5921,675
5922,625
5923,675
5924,296
5925,675
5926,475
5927,625
5928,-127
5929,675
5930,573
5931,523
5932,623
5933,675
5934,400
5935,673
5936,498
5937,625
5938,550
5939,675
5940,473
5941,675
5942,350
5943,623
5944,575
5945,673
5946,-75
5947,623
5948,673
5949,675
5950,-75
5951,623
5952,675
5953,575
5954,496
5955,625
5956,-125
5957,625
5958,175
5959,673
5960,673
5961,671
5962,375
5963,625
5964,400
5965,675
5966,675
5967,575
5968,675
5969,673
5970,675
5971,625
5972,-125
5973,246
5974,-127
5975,373
5976,-75
5977,675
5978,625
5979,625
5980,675
5981,625
5982,575
5983,675
5984,675
5985,675
5986,675
5987,525
5988,575
5989,675
5990,675
5991,675
5992,375
5993,-25
5994,621
5995,-33
5996,673
5997,-125
5998,425
5999,673
6000,-202
6001,-125
6002,625
6003,375
6004,573
6005,621
6006,625
6007,450
6008,425
6009,575
6010,425
6011,625
6012,575
6013,675
6014,675
6015,675
6016,-125
6017,-125
6018,625
6019,525
6020,673
6021,675
6022,675
6023,-175
6024,-2
6025,575
6026,-175
6027,675
6028,325
6029,625
6030,550
6031,373
6032,675
6033,675
6034,625
6035,625
6036,675
6037,475
6038,675
6039,-27
6040,625
6041,675
6042,571
6043,423
6044,448
6045,675
6046,673
6047,575
6048,623
6049,623
6050,-25
6051,673
6052,-125
6053,-75
6054,-27
6055,-25
6056,100
6057,675
6058,625
6059,625
6060,-127
6061,421
6062,425
6063,425
6064,673
6065,575
6066,675
6067,-227
6068,675
6069,625
6070,675
6071,625
6072,623
6073,675
6074,496
6075,-127
6076,-75
6077,675
6078,350
6079,-77
6080,625
6081,-125
6082,625
6083,525
6084,-77
6085,625
6086,-125
6087,373
6088,-75
6089,523
6090,523
6091,373
6092,675
6093,675
6094,675
6095,675
6096,521
6097,523
6098,-125
6099,475
6100,244
6101,675
6102,-100
6103,325
6104,675
6105,623
6106,573
6107,573
6108,-25
6109,673
6110,675
6111,148
6112,675
6113,675
6114,525
6115,673
6116,475
6117,675
6118,673
6119,400
6120,675
6121,-125
6122,623
6123,625
6124,675
6125,675
6126,-125
6127,523
6128,-27
6129,623
6130,675
6131,-175
6132,675
6133,425
6134,521
6135,625
6136,-125
6137,625
6138,675
6139,417
6140,-125
6141,575
6142,400
6143,625
6144,-27
6145,-175
6146,575
6147,625
6148,675
6149,675
6150,675
6151,523
6152,671
6153,625
6154,-25
6155,-100
6156,625
6157,673
6158,625
6159,675
6160,675
6161,523
6162,248
6163,675
6164,675
6165,-25
6166,425
6167,623
6168,675
6169,675
6170,675
6171,394
6172,625
6173,-31
6174,-25
6175,-127
6176,523
6177,675
6178,675
6179,550
6180,675
6181,675
6182,625
6183,425
6184,575
6185,625
6186,675
6187,-25
6188,550
6189,525
6190,525
6191,475
6192,-125
6193,675
6194,673
6195,673
6196,-75
6197,675
6198,423
6199,-125
6200,675
6201,425
6202,-77
6203,475
6204,621
6205,625
6206,675
6207,525
6208,544
6209,675
6210,675
6211,575
6212,525
6213,625
6214,673
6215,675
6216,675
6217,625
6218,244
6219,500
6220,675
6221,575
6222,623
6223,675
6224,623
6225,675
6226,-75
6227,525
6228,550
6229,673
6230,-77
6231,-125
6232,625
6233,-125
6234,546
6235,525
6236,625
6237,225
6238,671
6239,498
6240,575
6241,25
6242,323
6243,-202
6244,523
6245,-125
6246,675
6247,675
6248,675
6249,675
6250,673
6251,-125
6252,475
6253,675
6254,675
6255,675
6256,675
6257,625
6258,675
6259,425
6260,625
6261,675
6262,575
6263,425
6264,-127
6265,575
6266,625
6267,675
6268,673
6269,625
6270,-175
6271,-75
6272,400
6273,675
6274,275
6275,625
6276,-125
6277,675
6278,625
6279,625
6280,675
6281,675
6282,-125
6283,-75
6284,625
6285,525
6286,425
6287,675
6288,250
6289,625
6290,573
6291,673
6292,675
6293,675
6294,625
6295,-75
6296,675
6297,-177
6298,625
6299,623
6300,425
6301,675
6302,675
6303,675
6304,625
6305,625
6306,675
6307,-125
6308,425
6309,673
6310,675
6311,675
6312,350
6313,350
6314,-125
6315,575
6316,675
6317,675
6318,671
6319,-25
6320,-125
6321,425
6322,675
6323,623
6324,500
6325,675
6326,675
6327,621
6328,550
6329,675
6330,623
6331,675
6332,425
6333,625
6334,525
6335,248
6336,675
6337,271
6338,575
6339,-125
6340,623
6341,525
6342,625
6343,675
6344,673
6345,475
6346,625
6347,473
6348,-175
6349,673
6350,-79
6351,-125
6352,625
6353,-225
6354,675
6355,-125
6356,625
6357,623
6358,-77
6359,625
6360,-75
6361,675
6362,375
6363,575
6364,625
6365,625
6366,623
6367,625
6368,675
6369,-125
6370,400
6371,675
6372,-175
6373,473
6374,675
6375,498
6376,-77
6377,671
6378,575
6379,-25
6380,473
6381,625
6382,-25
6383,675
6384,675
6385,-200
6386,675
6387,525
6388,-81
6389,-125
6390,675
6391,-77
6392,523
6393,-127
6394,475
6395,575
6396,623
6397,-25
6398,-125
6399,-75
6400,550
6401,625
6402,625
6403,-125
6404,623
6405,623
6406,675
6407,575
6408,573
6409,675
6410,675
6411,550
6412,-29
6413,671
6414,500
6415,625
6416,673
6417,673
6418,375
6419,675
6420,675
6421,575
6422,525
6423,225
6424,625
6425,-127
6426,-127
6427,346
6428,673
6429,-131
6430,-79
6431,550
6432,398
6433,623
6434,471
6435,-125
6436,575
6437,673
6438,675
6439,673
6440,446
6441,-100
6442,675
6443,675
6444,-77
6445,-125
6446,575
6447,675
6448,475
6449,0
6450,625
6451,675
6452,675
6453,350
6454,475
6455,671
6456,675
6457,-102
6458,450
6459,-27
6460,-27
6461,625
6462,675
6463,450
6464,675
6465,475
6466,675
6467,673
6468,621
6469,-77
6470,-79
6471,400
6472,-75
6473,623
6474,344
6475,625
6476,-129
6477,625
6478,-25
6479,675
6480,521
6481,675
6482,675
6483,675
6484,675
6485,-6
6486,300
6487,523
6488,-75
6489,675
6490,675
6491,525
6492,673
6493,625
6494,425
6495,225
6496,625
6497,-125
6498,-75
6499,673
6500,675
6501,675
6502,571
6503,675
6504,525
6505,-202
6506,675
6507,-75
6508,625
6509,-75
6510,675
6511,-125
6512,494
6513,673
6514,-125
6515,675
6516,675
6517,575
6518,223
6519,546
6520,373
6521,673
6522,-50
6523,575
6524,575
6525,473
6526,-125
6527,-25
6528,546
6529,675
6530,575
6531,621
6532,-127
6533,575
6534,675
6535,623
6536,223
6537,425
6538,675
6539,571
6540,625
6541,625
6542,625
6543,673
6544,625
6545,623
6546,-77
6547,550
6548,625
6549,500
6550,573
6551,275
6552,625
6553,673
6554,625
6555,675
6556,-31
6557,675
6558,525
6559,625
6560,-75
6561,623
6562,673
6563,625
6564,625
6565,675
6566,625
6567,450
6568,573
6569,675
6570,425
6571,673
6572,398
6573,575
6574,573
6575,471
6576,523
6577,-77
6578,623
6579,-75
6580,575
6581,-125
6582,625
6583,675
6584,625
6585,-25
6586,-75
6587,-77
6588,375
6589,673
6590,575
6591,673
6592,-127
6593,521
6594,623
6595,675
6596,350
6597,625
6598,475
6599,-75
6600,675
6601,-75
6602,675
6603,573
6604,575
6605,348
6606,675
6607,675
6608,-75
6609,623
6610,573
6611,348
6612,375
6613,675
6614,675
6615,575
6616,625
6617,423
6618,625
6619,675
6620,-27
6621,671
6622,625
6623,673
6624,-75
6625,-125
6626,625
6627,675
6628,425
6629,675
6630,575
6631,675
6632,675
6633,525
6634,-125
6635,675
6636,675
6637,525
6638,-175
6639,400
6640,523
6641,425
6642,673
6643,548
6644,-75
6645,673
6646,625
6647,621
6648,423
6649,575
6650,425
6651,575
6652,625
6653,575
6654,-75
6655,250
6656,-229
6657,623
6658,623
6659,623
6660,575
6661,-25
6662,571
6663,625
6664,625
6665,625
6666,625
6667,625
6668,-125
6669,675
6670,673
6671,673
6672,525
6673,396
6674,473
6675,400
6676,575
6677,-125
6678,575
6679,623
6680,523
6681,525
6682,625
6683,675
6684,-77
6685,675
6686,625
6687,675
6688,425
6689,671
6690,673
6691,500
6692,673
6693,625
6694,400
6695,625
6696,675
6697,571
6698,525
6699,-27
6700,-75
6701,675
6702,-27
6703,371
6704,550
6705,675
6706,675
6707,-25
6708,425
6709,625
6710,675
6711,573
6712,573
6713,675
6714,475
6715,-125
6716,675
6717,-200
6718,675
6719,625
6720,675
6721,-125
6722,625
6723,625
6724,525
6725,500
6726,675
6727,675
6728,575
6729,675
6730,573
6731,675
6732,-127
6733,-25
6734,525
6735,400
6736,675
6737,548
6738,400
6739,473
6740,425
6741,675
6742,575
6743,400
6744,675
6745,-75
6746,-77
6747,275
6748,675
6749,625
6750,625
6751,675
6752,625
6753,675
6754,675
6755,-75
6756,-127
6757,673
6758,-2
6759,625
6760,623
6761,-229
6762,675
6763,675
6764,-29
6765,675
6766,675
6767,625
6768,575
6769,625
6770,500
6771,675
6772,625
6773,573
6774,675
6775,475
6776,-25
6777,-125
6778,573
6779,675
6780,675
6781,400
6782,525
6783,675
6784,525
6785,673
6786,575
6787,625
6788,625
6789,-75
6790,673
6791,625
6792,-125
6793,675
6794,575
6795,-75
6796,625
6797,675
6798,675
6799,675
6800,673
6801,623
6802,675
6803,-127
6804,473
6805,350
6806,500
6807,673
6808,425
6809,675
6810,-25
6811,573
6812,675
6813,-125
6814,423
6815,400
6816,400
6817,-25
6818,398
6819,-25
6820,669
6821,675
6822,625
6823,675
6824,675
6825,-175
6826,675
6827,-125
6828,-200
6829,623
6830,-125
6831,575
6832,675
6833,525
6834,675
6835,675
6836,400
6837,675
6838,525
6839,-27
6840,675
6841,-127
6842,621
6843,575
6844,475
6845,675
6846,625
6847,623
6848,623
6849,575
6850,673
6851,-125
6852,-25
6853,348
6854,675
6855,-125
6856,-125
6857,623
6858,523
6859,625
6860,-100
6861,625
6862,675
6863,-50
6864,-177
6865,500
6866,-104
6867,675
6868,296
6869,548
6870,675
6871,-125
6872,675
6873,623
6874,675
6875,-25
6876,348
6877,575
6878,-83
6879,623
6880,-27
6881,621
6882,625
6883,-127
6884,675
6885,525
6886,350
6887,625
6888,573
6889,625
6890,-50
6891,675
6892,675
6893,-125
6894,525
6895,625
6896,675
6897,625
6898,400
6899,475
6900,625
6901,625
6902,573
6903,675
6904,625
6905,521
6906,625
6907,-200
6908,575
6909,675
6910,621
6911,575
6912,675
6913,500
6914,575
6915,671
6916,625
6917,525
6918,573
6919,0
6920,673
6921,625
6922,625
6923,625
6924,623
6925,675
6926,625
6927,-75
6928,-75
6929,-25
6930,469
6931,575
6932,623
6933,-125
6934,348
6935,675
6936,525
6937,625
6938,548
6939,-25
6940,525
6941,675
6942,373
6943,675
6944,575
6945,625
6946,625
6947,-75
6948,425
6949,675
6950,675
6951,523
6952,675
6953,625
6954,675
6955,450
6956,-25
6957,675
6958,675
6959,675
6960,675
6961,673
6962,575
6963,-29
6964,625
6965,625
6966,-200
6967,523
6968,375
6969,625
6970,496
6971,621
6972,550
6973,-77
6974,675
6975,625
6976,573
6977,625
6978,375
6979,-127
6980,473
6981,-25
6982,-125
6983,675
6984,675
6985,675
6986,625
6987,675
6988,675
6989,625
6990,625
6991,525
6992,675
6993,300
6994,525
6995,250
6996,575
6997,675
6998,275
6999,475
7000,546
7001,625
7002,425
7003,575
7004,425
7005,550
7006,575
7007,619
7008,-75
7009,573
7010,625
7011,575
7012,398
7013,-125
7014,-127
7015,675
7016,675
7017,573
7018,425
7019,575
7020,571
7021,-127
7022,625
7023,325
7024,673
7025,625
7026,675
7027,625
7028,675
7029,573
7030,-277
7031,-125
7032,423
7033,675
7034,-77
7035,-125
7036,273
7037,625
7038,550
7039,623
7040,625
7041,575
7042,-75
7043,-125
7044,675
7045,623
7046,623
7047,-125
7048,575
7049,625
7050,625
7051,-2
7052,-77
7053,500
7054,375
7055,273
7056,675
7057,625
7058,625
7059,625
7060,-125
7061,575
7062,-125
7063,400
7064,671
7065,675
7066,625
7067,673
7068,673
7069,-127
7070,-250
7071,175
7072,673
7073,-27
7074,621
7075,623
7076,671
7077,671
7078,625
7079,675
7080,675
7081,675
7082,375
7083,671
7084,-75
7085,625
7086,675
7087,675
7088,573
7089,-27
7090,675
7091,550
7092,573
7093,675
7094,675
7095,675
7096,-75
7097,671
7098,425
7099,-200
7100,675
7101,675
7102,473
7103,623
7104,225
7105,400
7106,675
7107,523
7108,675
7109,675
7110,-125
7111,-125
7112,675
7113,675
7114,-75
7115,-325
7116,621
7117,500
7118,373
7119,675
7120,573
7121,623
7122,675
7123,625
7124,425
7125,675
7126,675
7127,621
7128,675
7129,623
7130,-75
7131,675
7132,525
7133,523
7134,575
7135,271
7136,575
7137,271
7138,675
7139,675
7140,-75
7141,675
7142,525
7143,675
7144,625
7145,675
7146,675
7147,625
7148,521
7149,375
7150,675
7151,-125
7152,675
7153,467
7154,675
7155,498
7156,575
7157,625
7158,523
7159,675
7160,675
7161,400
7162,375
7163,573
7164,-75
7165,675
7166,675
7167,375
7168,675
7169,625
7170,-75
7171,625
7172,675
7173,23
7174,625
7175,675
7176,621
7177,675
7178,673
7179,573
7180,-75
7181,-125
7182,623
7183,675
7184,571
7185,675
7186,675
7187,621
7188,675
7189,675
7190,0
7191,250
7192,675
7193,673
7194,425
7195,675
7196,525
7197,625
7198,675
7199,573
7200,525
7201,473
7202,525
7203,675
7204,-75
7205,-35
7206,621
7207,675
7208,500
7209,423
7210,623
7211,675
7212,-125
7213,273
7214,-75
7215,675
7216,-75
7217,625
7218,625
7219,400
7220,-75
7221,625
7222,625
7223,675
7224,-25
7225,-77
7226,673
7227,200
7228,-125
7229,423
7230,-127
7231,673
7232,-50
7233,350
7234,675
7235,621
7236,521
7237,623
7238,575
7239,625
7240,675
7241,621
7242,675
7243,525
7244,675
7245,625
7246,625
7247,-29
7248,575
7249,425
7250,475
7251,573
7252,625
7253,675
7254,625
7255,573
7256,350
7257,625
7258,225
7259,673
7260,475
7261,-127
7262,625
7263,494
7264,673
7265,675
7266,673
7267,473
7268,523
7269,-125
7270,675
7271,573
7272,473
7273,-75
7274,575
7275,-27
7276,-77
7277,675
7278,-127
7279,-75
7280,-125
7281,425
7282,625
7283,425
7284,675
7285,675
7286,-25
7287,675
7288,575
7289,575
7290,673
7291,75
7292,542
7293,550
7294,625
7295,300
7296,675
7297,-202
7298,675
7299,625
7300,525
7301,625
7302,-177
7303,-277
7304,623
7305,675
7306,273
7307,575
7308,550
7309,675
7310,575
7311,-79
7312,575
7313,625
7314,675
7315,-27
7316,-77
7317,423
7318,400
7319,425
7320,0
7321,625
7322,-75
7323,400
7324,675
7325,675
7326,575
7327,525
7328,548
7329,548
7330,-125
7331,425
7332,375
7333,400
7334,-27
7335,625
7336,-125
7337,298
7338,575
7339,621
7340,525
7341,625
7342,-125
7343,425
7344,-75
7345,-25
7346,675
7347,-127
7348,400
7349,325
7350,623
7351,625
7352,-125
7353,373
7354,575
7355,425
7356,675
7357,400
7358,675
7359,-127
7360,348
7361,625
7362,625
7363,-125
7364,298
7365,675
7366,625
7367,675
7368,675
7369,425
7370,-2
7371,-77
7372,675
7373,248
7374,100
7375,600
7376,675
7377,625
7378,575
7379,575
7380,625
7381,573
7382,525
7383,621
7384,221
7385,621
7386,550
7387,573
7388,675
7389,623
7390,675
7391,-127
7392,625
7393,573
7394,350
7395,575
7396,525
7397,573
7398,575
7399,448
7400,-75
7401,521
7402,425
7403,675
7404,675
7405,-175
7406,400
7407,-225
7408,625
7409,675
7410,-225
7411,675
7412,-25
7413,673
7414,600
7415,625
7416,675
7417,423
7418,625
7419,673
7420,623
7421,625
7422,275
7423,673
7424,525
7425,548
7426,675
7427,575
7428,675
7429,675
7430,625
7431,675
7432,675
7433,673
7434,575
7435,623
7436,-125
7437,625
7438,625
7439,625
7440,-77
7441,548
7442,-25
7443,625
7444,525
7445,-83
7446,675
7447,575
7448,675
7449,-125
7450,473
7451,675
7452,623
7453,675
7454,675
7455,525
7456,198
7457,675
7458,-27
7459,675
7460,425
7461,-75
7462,450
7463,423
7464,-77
7465,523
7466,473
7467,625
7468,525
7469,-125
7470,675
7471,673
7472,575
7473,625
7474,623
7475,625
7476,675
7477,625
7478,673
7479,673
7480,675
7481,675
7482,-75
7483,325
7484,373
7485,625
7486,625
7487,675
7488,-27
7489,-75
7490,73
7491,-75
7492,525
7493,-75
7494,625
7495,-175
7496,621
7497,575
7498,675
7499,550
7500,623
7501,625
7502,-75
7503,669
7504,525
7505,625
7506,675
7507,400
7508,525
7509,675
7510,625
7511,-75
7512,625
7513,-27
7514,271
7515,675
7516,575
7517,625
7518,244
7519,675
7520,-125
7521,-75
7522,671
7523,673
7524,625
7525,-200
7526,-75
7527,-75
7528,425
7529,-125
7530,675
7531,525
7532,675
7533,675
7534,675
7535,621
7536,-125
7537,575
7538,675
7539,-177
7540,675
7541,623
7542,323
7543,675
7544,473
7545,-25
7546,675
7547,675
7548,625
7549,625
7550,625
7551,675
7552,450
7553,-125
7554,325
7555,623
7556,673
7557,673
7558,673
7559,250
7560,421
7561,623
7562,-75
7563,423
7564,-125
7565,675
7566,-75
7567,623
7568,550
7569,675
7570,525
7571,623
7572,669
7573,671
7574,675
7575,625
7576,675
7577,675
7578,671
7579,-75
7580,-75
7581,575
7582,575
7583,475
7584,-75
7585,573
7586,473
7587,573
7588,573
7589,675
7590,473
7591,398
7592,675
7593,575
7594,625
7595,675
7596,300
7597,573
7598,675
7599,625
7600,625
7601,623
7602,-127
7603,0
7604,-77
7605,521
7606,-27
7607,675
7608,350
7609,625
7610,-127
7611,675
7612,675
7613,523
7614,423
7615,625
7616,675
7617,-25
7618,625
7619,625
7620,625
7621,675
7622,400
7623,425
7624,675
7625,575
7626,375
7627,375
7628,425
7629,675
7630,525
7631,575
7632,575
7633,-79
7634,675
7635,575
7636,575
7637,548
7638,675
7639,675
7640,675
7641,-27
7642,675
7643,675
7644,-227
7645,-77
7646,675
7647,-75
7648,673
7649,423
7650,-50
7651,300
7652,375
7653,675
7654,350
7655,-202
7656,425
7657,625
7658,546
7659,-25
7660,473
7661,425
7662,-25
7663,675
7664,-25
7665,625
7666,625
7667,-125
7668,623
7669,675
7670,575
7671,625
7672,400
7673,675
7674,675
7675,675
7676,425
7677,375
7678,675
7679,-125
7680,673
7681,175
7682,-125
7683,-29
7684,473
7685,675
7686,550
7687,571
7688,525
7689,-77
7690,675
7691,673
7692,675
7693,-227
7694,473
7695,675
7696,-125
7697,400
7698,-125
7699,625
7700,625
7701,475
7702,623
7703,675
7704,425
7705,198
7706,-125
7707,473
7708,550
7709,248
7710,675
7711,625
7712,523
7713,675
7714,675
7715,673
7716,625
7717,325
7718,400
7719,550
7720,-177
7721,571
7722,-79
7723,575
7724,575
7725,623
7726,675
7727,625
7728,675
7729,425
7730,400
7731,400
7732,475
7733,623
7734,398
7735,525
7736,675
7737,-125
7738,-75
7739,550
7740,-25
7741,623
7742,675
7743,675
7744,675
7745,623
7746,-27
7747,623
7748,623
7749,671
7750,575
7751,675
7752,625
7753,625
7754,523
7755,623
7756,-75
7757,525
7758,675
7759,398
7760,623
7761,600
7762,575
7763,673
7764,323
7765,673
7766,625
7767,-200
7768,675
7769,525
7770,675
7771,675
7772,573
7773,675
7774,525
7775,425
7776,673
7777,675
7778,375
7779,675
7780,675
7781,523
7782,675
7783,475
7784,673
7785,675
7786,-125
7787,550
7788,400
7789,673
7790,-125
7791,-25
7792,-125
7793,-75
7794,625
7795,675
7796,525
7797,625
7798,325
7799,448
7800,350
7801,675
7802,425
7803,675
7804,573
7805,500
7806,473
7807,400
7808,-125
7809,675
7810,675
7811,669
7812,675
7813,-125
7814,675
7815,675
7816,294
7817,550
7818,673
7819,-125
7820,498
7821,625
7822,673
7823,573
7824,625
7825,523
7826,-25
7827,675
7828,-77
7829,621
7830,-25
7831,525
7832,625
7833,625
7834,423
7835,623
7836,575
7837,-125
7838,673
7839,675
7840,625
7841,675
7842,425
7843,-125
7844,525
7845,675
7846,675
7847,625
7848,623
7849,-25
7850,-125
7851,675
7852,525
7853,523
7854,673
7855,675
7856,550
7857,573
7858,675
7859,675
7860,519
7861,675
7862,675
7863,375
7864,-77
7865,625
7866,525
7867,675
7868,675
7869,-29
7870,623
7871,625
7872,-125
7873,625
7874,673
7875,400
7876,675
7877,-125
7878,675
7879,675
7880,673
7881,675
7882,623
7883,625
7884,546
7885,675
7886,671
7887,625
7888,625
7889,298
7890,675
7891,575
7892,625
7893,669
7894,-27
7895,625
7896,525
7897,675
7898,675
7899,625
7900,675
7901,525
7902,675
7903,623
7904,-125
7905,675
7906,673
7907,475
7908,573
7909,-50
7910,-75
7911,675
7912,623
7913,673
7914,675
7915,671
7916,675
7917,573
7918,523
7919,-29
7920,525
7921,573
7922,625
7923,-179
7924,623
7925,473
7926,623
7927,425
7928,375
7929,625
7930,575
7931,550
7932,675
7933,575
7934,675
7935,623
7936,-125
7937,675
7938,-75
7939,-104
7940,675
7941,675
7942,669
7943,675
7944,675
7945,475
7946,673
7947,523
7948,675
7949,225
7950,-125
7951,619
7952,625
7953,573
7954,675
7955,200
7956,673
7957,475
7958,-77
7959,675
7960,675
7961,675
7962,675
7963,673
7964,373
7965,573
7966,375
7967,575
7968,625
7969,623
7970,675
7971,675
7972,673
7973,625
7974,573
7975,673
7976,625
7977,-75
7978,675
7979,625
7980,425
7981,623
7982,675
7983,573
7984,-27
7985,-277
7986,423
7987,-75
7988,623
7989,-127
7990,675
7991,-127
7992,473
7993,673
7994,-25
7995,373
7996,675
7997,675
7998,475
7999,-77
8000,425
8001,350
8002,-154
8003,475
8004,675
8005,-175
8006,623
8007,671
8008,475
8009,425
8010,575
8011,-75
8012,400
8013,673
8014,675
8015,525
8016,675
8017,475
8018,575
8019,-75
8020,525
8021,675
8022,625
8023,675
8024,675
8025,673
8026,623
8027,425
8028,575
8029,623
8030,675
8031,625
8032,675
8033,621
8034,350
8035,375
8036,675
8037,675
8038,625
8039,-279
8040,673
8041,-75
8042,625
8043,621
8044,625
8045,625
8046,575
8047,125
8048,575
8049,575
8050,673
8051,675
8052,373
8053,-75
8054,-125
8055,550
8056,-200
8057,673
8058,675
8059,-150
8060,575
8061,600
8062,-75
8063,623
8064,675
8065,-77
8066,475
8067,575
8068,525
8069,-75
8070,675
8071,473
8072,373
8073,675
8074,473
8075,525
8076,675
8077,671
8078,675
8079,473
8080,621
8081,625
8082,-75
8083,525
8084,625
8085,325
8086,-175
8087,-75
8088,675
8089,373
8090,673
8091,550
8092,625
8093,573
8094,-127
8095,671
8096,675
8097,323
8098,675
8099,673
8100,248
8101,575
8102,375
8103,625
8104,675
8105,575
8106,675
8107,575
8108,475
8109,623
8110,525
8111,675
8112,273
8113,673
8114,675
8115,-125
8116,-75
8117,675
8118,675
8119,625
8120,-250
8121,675
8122,-125
8123,621
8124,573
8125,-29
8126,675
8127,-125
8128,671
8129,675
8130,-127
8131,675
8132,575
8133,675
8134,621
8135,350
8136,675
8137,575
8138,271
8139,673
8140,625
8141,525
8142,425
8143,625
8144,675
8145,675
8146,-125
8147,625
8148,573
8149,573
8150,625
8151,-129
8152,625
8153,-200
8154,-75
8155,625
8156,675
8157,-125
8158,571
8159,575
8160,550
8161,-175
8162,625
8163,575
8164,675
8165,573
8166,625
8167,-75
8168,675
8169,675
8170,-77
8171,575
8172,675
8173,-125
8174,273
8175,-125
8176,667
8177,573
8178,625
8179,675
8180,-75
8181,675
8182,525
8183,425
8184,675
8185,-152
8186,625
8187,473
8188,-77
8189,675
8190,675
8191,575
8192,525
8193,575
8194,673
8195,575
8196,673
8197,-75
8198,-54
8199,-25
8200,675
8201,625
8202,548
8203,-125
8204,623
8205,675
8206,675
8207,525
8208,325
8209,625
8210,-75
8211,400
8212,673
8213,675
8214,675
8215,523
8216,625
8217,675
8218,-77
8219,673
8220,675
8221,-125
8222,-225
8223,425
8224,425
8225,625
8226,-125
8227,-131
8228,673
8229,-25
8230,625
8231,675
8232,625
8233,425
8234,-2
8235,675
8236,623
8237,675
8238,673
8239,675
8240,398
8241,396
8242,675
8243,675
8244,573
8245,623
8246,625
8247,350
8248,623
8249,425
8250,475
8251,523
8252,-75
8253,500
8254,-125
8255,473
8256,-75
8257,625
8258,623
8259,625
8260,619
8261,675
8262,675
8263,-127
8264,-75
8265,675
8266,623
8267,671
8268,-125
8269,425
8270,573
8271,275
8272,475
8273,675
8274,575
8275,425
8276,675
8277,669
8278,671
8279,298
8280,623
8281,675
8282,523
8283,625
8284,350
8285,-2
8286,525
8287,573
8288,-75
8289,625
8290,573
8291,625
8292,675
8293,675
8294,675
8295,673
8296,-125
8297,-27
8298,400
8299,-75
8300,675
8301,673
8302,525
8303,250
8304,625
8305,375
8306,619
8307,571
8308,675
8309,675
8310,675
8311,625
8312,675
8313,-77
8314,-29
8315,525
8316,348
8317,575
8318,-125
8319,-75
8320,675
8321,573
8322,575
8323,625
8324,625
8325,625
8326,675
8327,623
8328,623
8329,625
8330,675
8331,625
8332,623
8333,-25
8334,-31
8335,-29
8336,625
8337,423
8338,675
8339,-75
8340,-125
8341,523
8342,675
8343,673
8344,350
8345,550
8346,673
8347,675
8348,-27
8349,675
8350,475
8351,-27
8352,525
8353,525
8354,575
8355,-125
8356,50
8357,500
8358,573
8359,400
8360,400
8361,-127
8362,-27
8363,525
8364,675
8365,625
8366,575
8367,625
8368,400
8369,675
8370,623
8371,275
8372,671
8373,673
8374,400
8375,525
8376,300
8377,550
8378,625
8379,350
8380,625
8381,-125
8382,25
8383,625
8384,-79
8385,675
8386,675
8387,673
8388,675
8389,675
8390,675
8391,423
8392,525
8393,350
8394,500
8395,398
8396,673
8397,675
8398,625
8399,573
8400,673
8401,-125
8402,-75
8403,675
8404,475
8405,523
8406,575
8407,675
8408,525
8409,-75
8410,675
8411,675
8412,625
8413,0
8414,398
8415,573
8416,573
8417,-125
8418,675
8419,625
8420,550
8421,398
8422,350
8423,625
8424,675
8425,673
8426,-75
8427,625
8428,675
8429,675
8430,675
8431,323
8432,675
8433,298
8434,575
8435,525
8436,150
8437,575
8438,675
8439,625
8440,-25
8441,425
8442,675
8443,675
8444,625
8445,425
8446,400
8447,571
8448,425
8449,550
8450,425
8451,500
8452,-25
8453,296
8454,375
8455,-75
8456,675
8457,550
8458,-77
8459,621
8460,675
8461,400
8462,625
8463,671
8464,575
8465,625
8466,675
8467,-75
8468,-25
8469,-125
8470,100
8471,25
8472,-75
8473,675
8474,675
8475,-75
8476,523
8477,348
8478,673
8479,569
8480,671
8481,425
8482,473
8483,573
8484,-75
8485,675
8486,573
8487,525
8488,625
8489,675
8490,400
8491,675
8492,675
8493,350
8494,569
8495,575
8496,573
8497,575
8498,625
8499,575
8500,675
8501,575
8502,675
8503,-175
8504,625
8505,675
8506,673
8507,623
8508,523
8509,675
8510,-75
8511,475
8512,-75
8513,621
8514,450
8515,675
8516,550
8517,-79
8518,500
8519,673
8520,400
8521,425
8522,675
8523,625
8524,675
8525,675
8526,675
8527,425
8528,469
8529,675
8530,521
8531,625
8532,-125
8533,623
8534,-2
8535,348
8536,475
8537,675
8538,298
8539,625
8540,673
8541,523
8542,623
8543,173
8544,675
8545,-27
8546,623
8547,625
8548,675
8549,525
8550,675
8551,675
8552,525
8553,675
8554,-125
8555,521
8556,623
8557,623
8558,548
8559,625
8560,575
8561,375
8562,569
8563,-75
8564,673
8565,-125
8566,-227
8567,575
8568,-202
8569,425
8570,-125
8571,575
8572,675
8573,671
8574,673
8575,675
8576,625
8577,296
8578,625
8579,375
8580,625
8581,375
8582,475
8583,675
8584,619
8585,625
8586,323
8587,675
8588,-175
8589,675
8590,675
8591,-125
8592,-81
8593,-77
8594,675
8595,525
8596,350
8597,675
8598,675
8599,621
8600,575
8601,625
8602,675
8603,675
8604,23
8605,673
8606,675
8607,675
8608,675
8609,675
8610,675
8611,623
8612,-125
8613,625
8614,675
8615,625
8616,625
8617,575
8618,675
8619,350
8620,-75
8621,573
8622,525
8623,350
8624,575
8625,673
8626,150
8627,500
8628,675
8629,425
8630,623
8631,-27
8632,675
8633,-79
8634,425
8635,550
8636,-77
8637,-125
8638,-175
8639,425
8640,473
8641,475
8642,673
8643,-125
8644,675
8645,23
8646,625
8647,575
8648,675
8649,675
8650,-102
8651,498
8652,475
8653,-75
8654,348
8655,623
8656,625
8657,675
8658,575
8659,623
8660,625
8661,625
8662,675
8663,675
8664,350
8665,442
8666,425
8667,-350
8668,623
8669,675
8670,621
8671,623
8672,623
8673,675
8674,-25
8675,675
8676,675
8677,675
8678,375
8679,-125
8680,675
8681,675
8682,523
8683,473
8684,-77
8685,-27
8686,400
8687,673
8688,425
8689,675
8690,540
8691,525
8692,675
8693,675
8694,398
8695,573
8696,548
8697,671
8698,673
8699,673
8700,-75
8701,623
8702,375
8703,523
8704,673
8705,-25
8706,-125
8707,675
8708,673
8709,-27
8710,-75
8711,625
8712,-77
8713,675
8714,523
8715,675
8716,675
8717,575
8718,675
8719,-50
8720,-127
8721,550
8722,575
8723,675
8724,623
8725,423
8726,500
8727,675
8728,-177
8729,621
8730,575
8731,625
8732,625
8733,-27
8734,575
8735,675
8736,425
8737,-179
8738,-75
8739,675
8740,-75
8741,673
8742,-27
8743,675
8744,675
8745,425
8746,625
8747,673
8748,675
8749,675
8750,-27
8751,573
8752,575
8753,-125
8754,675
8755,675
8756,573
8757,523
8758,-75
8759,625
8760,400
8761,675
8762,473
8763,675
8764,-125
8765,675
8766,473
8767,425
8768,323
8769,623
8770,548
8771,675
8772,625
8773,548
8774,425
8775,675
8776,623
8777,625
8778,675
8779,-75
8780,671
8781,625
8782,275
8783,625
8784,673
8785,-77
8786,625
8787,-75
8788,625
8789,675
8790,573
8791,-125
8792,500
8793,675
8794,-75
8795,-25
8796,623
8797,625
8798,621
8799,675
8800,673
8801,-25
8802,675
8803,350
8804,-175
8805,675
8806,425
8807,375
8808,500
8809,571
8810,575
8811,675
8812,350
8813,475
8814,675
8815,673
8816,348
8817,-175
8818,-127
8819,675
8820,573
8821,498
8822,-125
8823,-127
8824,325
8825,473
8826,300
8827,575
8828,575
8829,-25
8830,425
8831,525
8832,471
8833,325
8834,-75
8835,675
8836,-25
8837,625
8838,625
8839,675
8840,575
8841,623
8842,673
8843,-77
8844,575
8845,673
8846,-127
8847,575
8848,675
8849,625
8850,625
8851,675
8852,675
8853,-77
8854,625
8855,673
8856,-75
8857,625
8858,675
8859,675
8860,625
8861,-75
8862,575
8863,-75
8864,-77
8865,73
8866,375
8867,398
8868,675
8869,675
8870,575
8871,425
8872,325
8873,675
8874,525
8875,575
8876,675
8877,-125
8878,625
8879,-125
8880,675
8881,-127
8882,275
8883,525
8884,625
8885,575
8886,625
8887,623
8888,625
8889,425
8890,450
8891,623
8892,675
8893,625
8894,671
8895,-77
8896,675
8897,625
8898,675
8899,400
8900,573
8901,173
8902,621
8903,675
8904,675
8905,525
8906,675
8907,675
8908,675
8909,675
8910,675
8911,625
8912,575
8913,575
8914,-75
8915,575
8916,675
8917,273
8918,673
8919,675
8920,673
8921,625
8922,423
8923,573
8924,-102
8925,625
8926,423
8927,675
8928,571
8929,575
8930,675
8931,450
8932,575
8933,673
8934,671
8935,625
8936,675
8937,625
8938,625
8939,673
8940,623
8941,-75
8942,-127
8943,473
8944,500
8945,623
8946,623
8947,425
8948,525
8949,623
8950,523
8951,525
8952,371
8953,525
8954,621
8955,275
8956,623
8957,621
8958,475
8959,673
8960,-29
8961,675
8962,625
8963,623
8964,575
8965,-127
8966,-79
8967,621
8968,675
8969,425
8970,623
8971,575
8972,425
8973,573
8974,675
8975,675
8976,673
8977,673
8978,550
8979,625
8980,671
8981,625
8982,-77
8983,-25
8984,623
8985,623
8986,-79
8987,-2
8988,675
8989,625
8990,575
8991,625
8992,75
8993,625
8994,675
8995,298
8996,475
8997,348
8998,675
8999,673
9000,575
9001,675
9002,673
9003,675
9004,471
9005,625
9006,675
9007,675
9008,621
9009,675
9010,425
9011,673
9012,623
9013,-75
9014,673
9015,625
9016,575
9017,-75
9018,471
9019,-125
9020,623
9021,623
9022,-25
9023,625
9024,625
9025,675
9026,475
9027,423
9028,675
9029,575
9030,519
9031,623
9032,625
9033,625
9034,675
9035,575
9036,675
9037,625
9038,623
9039,448
9040,398
9041,571
9042,673
9043,525
9044,425
9045,623
9046,623
9047,525
9048,623
9049,623
9050,525
9051,373
9052,625
9053,673
9054,625
9055,475
9056,619
9057,625
9058,625
9059,575
9060,375
9061,373
9062,623
9063,675
9064,573
9065,625
9066,675
9067,673
9068,675
9069,623
9070,573
9071,675
9072,625
9073,-29
9074,-125
9075,400
9076,625
9077,675
9078,673
9079,675
9080,-127
9081,200
9082,675
9083,675
9084,575
9085,-77
9086,623
9087,548
9088,571
9089,625
9090,625
9091,673
9092,573
9093,625
9094,-77
9095,625
9096,625
9097,246
9098,575
9099,475
9100,675
9101,575
9102,-75
9103,-175
9104,675
9105,625
9106,675
9107,-127
9108,675
9109,525
9110,675
9111,625
9112,625
9113,675
9114,675
9115,523
9116,625
9117,673
9118,573
9119,325
9120,675
9121,-225
9122,673
9123,625
9124,671
9125,400
9126,673
9127,425
9128,673
9129,344
9130,575
9131,248
9132,623
9133,550
9134,675
9135,675
9136,-27
9137,425
9138,675
9139,400
9140,675
9141,275
9142,675
9143,375
9144,675
9145,575
9146,475
9147,325
9148,623
9149,675
9150,623
9151,475
9152,-125
9153,671
9154,673
9155,625
9156,675
9157,-27
9158,625
9159,625
9160,673
9161,-75
9162,-27
9163,575
9164,-75
9165,675
9166,475
9167,521
9168,675
9169,675
9170,671
9171,575
9172,675
9173,-200
9174,675
9175,575
9176,671
9177,571
9178,671
9179,625
9180,375
9181,675
9182,575
9183,623
9184,621
9185,-77
9186,-75
9187,575
9188,575
9189,-25
9190,325
9191,-125
9192,625
9193,523
9194,-225
9195,675
9196,625
9197,-175
9198,675
9199,625
9200,625
9201,625
9202,675
9203,625
9204,673
9205,625
9206,550
9207,400
9208,425
9209,425
9210,548
9211,675
9212,150
9213,625
9214,-75
9215,575
9216,-179
9217,425
9218,419
9219,350
9220,548
9221,300
9222,-75
9223,525
9224,675
9225,-75
9226,550
9227,523
9228,-75
9229,-177
9230,-250
9231,575
9232,625
9233,625
9234,75
9235,425
9236,675
9237,669
9238,673
9239,625
9240,625
9241,675
9242,625
9243,350
9244,-25
9245,625
9246,625
9247,675
9248,150
9249,575
9250,425
9251,571
9252,625
9253,348
9254,575
9255,523
9256,625
9257,521
9258,625
9259,325
9260,671
9261,350
9262,-125
9263,198
9264,-200
9265,525
9266,-75
9267,-75
9268,-25
9269,500
9270,-27
9271,373
9272,525
9273,275
9274,675
9275,673
9276,675
9277,625
9278,621
9279,675
9280,398
9281,675
9282,675
9283,-125
9284,-200
9285,675
9286,625
9287,-75
9288,675
9289,-77
9290,623
9291,575
9292,373
9293,-125
9294,623
9295,623
9296,-75
9297,-125
9298,425
9299,675
9300,621
9301,625
9302,571
9303,475
9304,425
9305,473
9306,675
9307,475
9308,525
9309,569
9310,-27
9311,-75
9312,625
9313,-75
9314,625
9315,-77
9316,675
9317,400
9318,625
9319,675
9320,623
9321,-50
9322,573
9323,419
9324,625
9325,625
9326,425
9327,675
9328,623
9329,523
9330,625
9331,-75
9332,675
9333,675
9334,573
9335,673
9336,350
9337,275
9338,623
9339,623
9340,525
9341,400
9342,625
9343,625
9344,673
9345,-25
9346,350
9347,675
9348,673
9349,375
9350,675
9351,623
9352,548
9353,-75
9354,675
9355,-77
9356,675
9357,525
9358,623
9359,675
9360,675
9361,623
9362,625
9363,675
9364,675
9365,400
9366,573
9367,-75
9368,625
9369,475
9370,425
9371,625
9372,625
9373,398
9374,571
9375,675
9376,348
9377,623
9378,575
9379,473
9380,625
9381,-25
9382,525
9383,675
9384,598
9385,675
9386,675
9387,575
9388,675
9389,-25
9390,675
9391,625
9392,-75
9393,623
9394,-127
9395,625
9396,273
9397,625
9398,673
9399,-127
9400,625
9401,673
9402,675
9403,625
9404,673
9405,-129
9406,571
9407,625
9408,373
9409,625
9410,223
9411,-79
9412,675
9413,573
9414,525
9415,525
9416,575
9417,619
9418,623
9419,398
9420,421
9421,575
9422,671
9423,575
9424,675
9425,675
9426,575
9427,350
9428,625
9429,-75
9430,675
9431,675
9432,675
9433,621
9434,625
9435,-29
9436,625
9437,575
9438,575
9439,125
9440,-25
9441,423
9442,675
9443,573
9444,-75
9445,625
9446,-25
9447,525
9448,675
9449,-79
9450,550
9451,-125
9452,675
9453,623
9454,625
9455,625
9456,-77
9457,-25
9458,673
9459,623
9460,575
9461,523
9462,-79
9463,625
9464,-75
9465,623
9466,-200
9467,675
9468,625
9469,625
9470,-77
9471,623
9472,-75
9473,-75
9474,-125
9475,-200
9476,275
9477,600
9478,-75
9479,575
9480,375
9481,675
9482,-25
9483,-27
9484,671
9485,323
9486,575
9487,150
9488,625
9489,-75
9490,-79
9491,625
9492,-75
9493,623
9494,671
9495,625
9496,621
9497,625
9498,675
9499,525
9500,675
9501,-106
9502,621
9503,523
9504,673
9505,625
9506,525
9507,625
9508,525
9509,550
9510,675
9511,625
9512,623
9513,673
9514,575
9515,321
9516,675
9517,671
9518,-129
9519,675
9520,675
9521,-25
9522,423
9523,625
9524,625
9525,350
9526,-75
9527,521
9528,-75
9529,675
9530,475
9531,-83
9532,625
9533,673
9534,-75
9535,-225
9536,400
9537,575
9538,623
9539,-75
9540,375
9541,625
9542,625
9543,73
9544,625
9545,298
9546,525
9547,300
9548,625
9549,671
9550,673
9551,500
9552,525
9553,575
9554,523
9555,673
9556,673
9557,675
9558,625
9559,400
9560,625
9561,350
9562,-125
9563,625
9564,625
9565,275
9566,625
9567,673
9568,473
9569,571
9570,300
9571,625
9572,473
9573,575
9574,675
9575,-125
9576,623
9577,673
9578,300
9579,623
9580,-125
9581,-125
9582,325
9583,521
9584,571
9585,675
9586,625
9587,673
9588,675
9589,-75
9590,675
9591,675
9592,400
9593,675
9594,-125
9595,675
9596,-200
9597,523
9598,525
9599,-125
9600,621
9601,675
9602,675
9603,625
9604,673
9605,623
9606,523
9607,-125
9608,-100
9609,-125
9610,-81
9611,523
9612,523
9613,623
9614,569
9615,323
9616,-127
9617,396
9618,550
9619,425
9620,569
9621,525
9622,675
9623,400
9624,425
9625,-25
9626,617
9627,675
9628,-125
9629,625
9630,-125
9631,-100
9632,425
9633,525
9634,675
9635,673
9636,269
9637,625
9638,425
9639,525
9640,-125
9641,575
9642,550
9643,675
9644,573
9645,623
9646,0
9647,398
9648,675
9649,673
9650,250
9651,350
9652,573
9653,398
9654,623
9655,-75
9656,675
9657,-125
9658,575
9659,-75
9660,225
9661,675
9662,348
9663,573
9664,525
9665,423
9666,675
9667,675
9668,496
9669,675
9670,675
9671,675
9672,400
9673,675
9674,675
9675,471
9676,619
9677,671
9678,-129
9679,625
9680,-127
9681,525
9682,325
9683,575
9684,673
9685,673
9686,675
9687,575
9688,623
9689,494
9690,573
9691,-100
9692,575
9693,623
9694,673
9695,521
9696,-75
9697,625
9698,-75
9699,475
9700,621
9701,400
9702,675
9703,675
9704,625
9705,-75
9706,625
9707,421
9708,71
9709,671
9710,275
9711,250
9712,575
9713,671
9714,-79
9715,675
9716,625
9717,575
9718,675
9719,623
9720,675
9721,-125
9722,675
9723,-127
9724,523
9725,400
9726,623
9727,523
9728,473
9729,550
9730,675
9731,-77
9732,625
9733,625
9734,575
9735,675
9736,623
9737,-125
9738,673
9739,573
9740,373
9741,675
9742,675
9743,475
9744,-77
9745,246
9746,675
9747,623
9748,675
9749,-27
9750,675
9751,673
9752,550
9753,-25
9754,-275
9755,675
9756,425
9757,523
9758,673
9759,298
9760,-100
9761,623
9762,675
9763,623
9764,394
9765,625
9766,-125
9767,625
9768,575
9769,575
9770,675
9771,675
9772,625
9773,521
9774,625
9775,-127
9776,675
9777,675
9778,625
9779,675
9780,544
9781,548
9782,621
9783,398
9784,573
9785,573
9786,300
9787,573
9788,625
9789,575
9790,523
9791,600
9792,625
9793,550
9794,525
9795,-25
9796,625
9797,675
9798,525
9799,350
9800,673
9801,675
9802,-175
9803,625
9804,50
9805,575
9806,675
9807,625
9808,425
9809,675
9810,675
9811,250
9812,525
9813,621
9814,525
9815,625
9816,425
9817,550
9818,675
9819,475
9820,-125
9821,100
9822,673
9823,-125
9824,571
9825,625
9826,575
9827,-75
9828,675
9829,625
9830,-27
9831,450
9832,573
9833,675
9834,625
9835,675
9836,548
9837,675
9838,-77
9839,675
9840,475
9841,575
9842,250
9843,625
9844,-127
9845,475
9846,625
9847,623
9848,-27
9849,-125
9850,275
9851,625
9852,350
9853,621
9854,675
9855,621
9856,673
9857,521
9858,373
9859,621
9860,675
9861,300
9862,625
9863,623
9864,623
9865,325
9866,625
9867,525
9868,375
9869,623
9870,-175
9871,675
9872,675
9873,-75
9874,675
9875,423
9876,575
9877,573
9878,625
9879,-75
9880,673
9881,575
9882,673
9883,-125
9884,571
9885,-125
9886,675
9887,675
9888,675
9889,671
9890,625
9891,-75
9892,425
9893,675
9894,675
9895,675
9896,675
9897,400
9898,675
9899,623
9900,625
9901,625
9902,673
9903,675
9904,575
9905,400
9906,673
9907,-25
9908,-75
9909,400
9910,675
9911,425
9912,675
9913,423
9914,-75
9915,575
9916,575
9917,-75
9918,-127
9919,675
9920,673
9921,625
9922,675
9923,623
9924,625
9925,523
9926,-75
9927,671
9928,621
9929,675
9930,625
9931,675
9932,-77
9933,625
9934,575
9935,673
9936,675
9937,473
9938,-125
9939,-125
9940,500
9941,-75
9942,675
9943,348
9944,625
9945,623
9946,625
9947,-125
9948,625
9949,675
9950,575
9951,-75
9952,625
9953,-125
9954,375
9955,-200
9956,425
9957,673
9958,575
9959,375
9960,625
9961,625
9962,673
9963,623
9964,523
9965,675
9966,575
9967,625
9968,623
9969,473
9970,675
9971,575
9972,575
9973,625
9974,625
9975,675
9976,673
9977,675
9978,450
9979,475
9980,525
9981,-129
9982,525
9983,548
9984,671
9985,-75
9986,625
9987,573
9988,625
9989,348
9990,675
9991,300
9992,-77
9993,446
9994,0
9995,675
9996,673
9997,-27
9998,550
9999,675
10000,625
[[(4, 4), 0, -25], [(3, 4), 2, 50], [(3, 3), 2, 50], [(3, 2), 2, 250], [(3, 1), 0, 250], [(2, 1), 0, -25], [(1, 1), 0, -25], [(0, 1), 2, 150]]