1,-1012
2,-1076
3,-327
4,-1490
5,-483
6,-356
7,-360
8,-695
9,-279
10,-1200
11,-308
12,-431
13,-204
14,-591
15,-526
16,-533
17,-308
18,-416
19,-252
20,-204
21,-681
22,-533
23,-250
24,-694
25,-354
26,-206
27,-406
28,-204
29,-252
30,-454
31,-256
32,-352
33,-458
34,-354
35,-200
36,-483
37,-202
38,-360
39,-318
40,-254
41,-258
42,-202
43,-250
44,-212
45,-974
46,-452
47,-482
48,-254
49,-479
50,-485
51,-350
52,-824
53,-204
54,-225
55,-310
56,-449
57,-777
58,-206
59,-310
60,-504
61,-200
62,-404
63,-254
64,-283
65,-718
66,-256
67,-258
68,-1109
69,-200
70,-274
71,-327
72,-437
73,-639
74,-439
75,-256
76,-589
77,-501
78,-343
79,-200
80,-227
81,-329
82,-256
83,-137
84,-208
85,-485
86,-410
87,-79
88,-529
89,-316
90,-360
91,-39
92,-462
93,-412
94,-251
95,-250
96,-383
97,-379
98,-352
99,-337
100,-360
101,-643
102,-281
103,-310
104,-559
105,-31
106,-443
107,-254
108,-283
109,-212
110,-404
111,-439
112,-250
113,-464
114,-181
115,-389
116,-258
117,-1203
118,-202
119,-327
120,-379
121,-285
122,-733
123,-585
124,-753
125,-200
126,-200
127,-508
128,-306
129,-714
130,-839
131,-310
132,-225
133,-206
134,-227
135,-202
136,-250
137,-318
138,-1089
139,-250
140,-204
141,-302
142,-635
143,-452
144,-302
145,-581
146,-256
147,-285
148,-200
149,-275
150,-410
151,-327
152,-666
153,-185
154,-362
155,-254
156,-304
157,-304
158,-181
159,-331
160,-235
161,-354
162,-206
163,-81
164,-331
165,-985
166,-225
167,-202
168,-516
169,-883
170,-252
171,-200
172,-849
173,-277
174,-231
175,-131
176,-631
177,-308
178,-1095
179,-939
180,-252
181,-433
182,-287
183,-31
184,-545
185,-414
186,-337
187,-287
188,-127
189,-227
190,-252
191,-281
192,-254
193,-204
194,-200
195,-483
196,-202
197,-895
198,-204
199,-2153
200,-260
201,-225
202,-250
203,-545
204,-358
205,-202
206,-179
207,-85
208,-325
209,-77
210,-325
211,-243
212,-304
213,-302
214,-204
215,-204
216,-581
217,-325
218,-533
219,-175
220,-329
221,-252
222,-83
223,-456
224,-225
225,-200
226,-27
227,-302
228,-481
229,-89
230,-379
231,-433
232,-279
233,-229
234,-281
235,-200
236,-129
237,-229
238,-545
239,-420
240,-681
241,-231
242,-131
243,-233
244,-789
245,-352
246,-410
247,-533
248,-125
249,-589
250,-683
251,-377
252,-202
253,-352
254,-695
255,-260
256,-202
257,-133
258,-129
259,-281
260,-204
261,-131
262,-250
263,-83
264,-179
265,-377
266,-504
267,-1070
268,-302
269,-252
270,-712
271,-304
272,-1097
273,-25
274,-1053
275,-125
276,-416
277,-581
278,-29
279,-439
280,-227
281,-304
282,-252
283,-331
284,-229
285,-200
286,-29
287,-379
288,-204
289,-689
290,-304
291,-237
292,-331
293,-81
294,-229
295,-179
296,-279
297,-479
298,-204
299,-589
300,-183
301,-204
302,-533
303,-77
304,-35
305,-200
306,-77
307,-81
308,-129
309,-456
310,-131
311,-429
312,-204
313,-710
314,-256
315,-489
316,-281
317,-202
318,-281
319,-125
320,-225
321,-387
322,-533
323,-77
324,-27
325,-127
326,-79
327,-631
328,-200
329,-181
330,-75
331,-250
332,-458
333,-379
334,-200
335,-329
336,-325
337,-225
338,-229
339,-229
340,-200
341,-135
342,-31
343,-33
344,-79
345,-787
346,-177
347,-29
348,-354
349,-229
350,-452
351,-237
352,-425
353,-329
354,-377
355,-231
356,-685
357,-29
358,-227
359,-225
360,-227
361,-202
362,-191
363,-327
364,-200
365,-204
366,-79
367,-204
368,-29
369,-200
370,-389
371,-350
372,-250
373,-129
374,-25
375,-487
376,-377
377,-187
378,-33
379,-83
380,-183
381,-79
382,-275
383,-179
384,-431
385,-25
386,-193
387,-202
388,-256
389,-125
390,-506
391,-337
392,-125
393,-435
394,-529
395,-77
396,-129
397,-131
398,-83
399,-504
400,-143
401,-729
402,-531
403,-129
404,-204
405,-200
406,-233
407,-385
408,-77
409,-131
410,-302
411,-77
412,-279
413,-87
414,-37
415,-237
416,-181
417,-179
418,-325
419,-177
420,-239
421,-83
422,-352
423,-275
424,-83
425,-627
426,-181
427,-408
428,-235
429,-227
430,-79
431,-25
432,-225
433,-252
434,-135
435,-195
436,-77
437,-427
438,-25
439,-183
440,-81
441,-183
442,-131
443,-695
444,-31
445,-635
446,-325
447,-485
448,-127
449,-204
450,-227
451,-79
452,-237
453,-83
454,-179
455,-527
456,-131
457,-204
458,-25
459,-200
460,-262
461,-385
462,-231
463,-229
464,-281
465,-231
466,-175
467,-279
468,-131
469,-31
470,-200
471,-202
472,-25
473,-33
474,-29
475,-81
476,-306
477,-375
478,-250
479,-202
480,-127
481,-331
482,-29
483,-179
484,-187
485,-81
486,-581
487,-177
488,-450
489,-229
490,-31
491,-283
492,-77
493,-181
494,-291
495,-29
496,-333
497,-125
498,-75
499,-181
500,-204
501,-183
502,-33
503,-131
504,-343
505,-254
506,-125
507,-181
508,-25
509,-137
510,-331
511,-753
512,-183
513,-231
514,-275
515,-77
516,-229
517,-300
518,-133
519,-133
520,-181
521,-85
522,-31
523,-275
524,-202
525,-129
526,-131
527,-75
528,-129
529,-202
530,-127
531,-25
532,-81
533,-125
534,-85
535,-477
536,-79
537,-429
538,-25
539,-327
540,-27
541,-181
542,-183
543,-289
544,-127
545,-75
546,-285
547,-233
548,-75
549,-202
550,-127
551,-29
552,-237
553,-252
554,-252
555,-135
556,-25
557,-29
558,-133
559,-27
560,-331
561,-325
562,-483
563,-81
564,-25
565,-25
566,-29
567,-229
568,-77
569,-281
570,-25
571,-81
572,-331
573,-25
574,-79
575,-181
576,-75
577,-35
578,-329
579,-200
580,-79
581,-27
582,-379
583,-350
584,-79
585,-202
586,-225
587,-25
588,-258
589,-27
590,-75
591,-225
592,-129
593,-177
594,-200
595,-204
596,-177
597,-202
598,-200
599,-77
600,-200
601,-200
602,-129
603,-181
604,-79
605,-75
606,-177
607,-27
608,-27
609,-233
610,-75
611,-325
612,-335
613,-200
614,-179
615,-77
616,-133
617,-200
618,-179
619,-25
620,-27
621,-27
622,-125
623,-229
624,-27
625,-204
626,-83
627,-131
628,-75
629,-133
630,-27
631,-183
632,-127
633,-129
634,-179
635,-202
636,-25
637,-333
638,-179
639,-325
640,-77
641,-229
642,-129
643,-225
644,-31
645,-129
646,-79
647,-75
648,-175
649,-175
650,-425
651,-283
652,-129
653,-125
654,-125
655,-183
656,-75
657,-179
658,-250
659,-25
660,-129
661,-85
662,-231
663,-77
664,-25
665,-127
666,-129
667,-125
668,-77
669,-25
670,-29
671,-31
672,-27
673,-202
674,-200
675,-25
676,-202
677,-279
678,-79
679,-127
680,-325
681,-79
682,-125
683,-33
684,-127
685,-29
686,-25
687,-81
688,-177
689,-225
690,-75
691,-27
692,-27
693,-81
694,-200
695,-25
696,-127
697,-177
698,-331
699,-279
700,-804
701,-179
702,-131
703,-177
704,-25
705,-27
706,-185
707,-129
708,-250
709,-81
710,-27
711,-127
712,-27
713,-81
714,-202
715,-77
716,-77
717,-277
718,-77
719,-177
720,-27
721,-79
722,-204
723,-229
724,-79
725,-81
726,-29
727,-175
728,-79
729,-200
730,-75
731,-27
732,-275
733,-25
734,-127
735,-127
736,-31
737,-25
738,-202
739,-77
740,-125
741,-25
742,-283
743,-127
744,-127
745,-227
746,-229
747,-25
748,-181
749,-200
750,-125
751,-179
752,-227
753,-183
754,-79
755,-177
756,-287
757,-275
758,-175
759,-27
760,-125
761,-125
762,-27
763,-77
764,-304
765,-127
766,-27
767,-233
768,-25
769,-183
770,-200
771,-77
772,-29
773,-75
774,-83
775,-179
776,-125
777,-179
778,-379
779,-79
780,-200
781,-125
782,-29
783,-81
784,-27
785,-202
786,-79
787,-183
788,-77
789,-329
790,-77
791,-200
792,-200
793,-31
794,-125
795,-77
796,-25
797,-25
798,-75
799,-77
800,-237
801,-33
802,-202
803,-179
804,-81
805,-27
806,-75
807,-250
808,-83
809,-31
810,-29
811,-33
812,-25
813,-125
814,-81
815,-75
816,-27
817,-79
818,-79
819,-81
820,-183
821,-125
822,-127
823,-77
824,-189
825,-175
826,-29
827,-81
828,-31
829,-252
830,-25
831,-79
832,-77
833,-77
834,-175
835,-275
836,-177
837,-177
838,-83
839,-27
840,-175
841,-27
842,-79
843,-27
844,-81
845,-335
846,-129
847,-125
848,-31
849,-200
850,-200
851,-131
852,-75
853,-125
854,-381
855,-25
856,-202
857,-306
858,-25
859,-129
860,-460
861,-275
862,-81
863,-79
864,-81
865,-25
866,-77
867,-77
868,-256
869,-81
870,-79
871,-79
872,-202
873,-127
874,-204
875,-202
876,-27
877,-77
878,-29
879,-35
880,-75
881,-29
882,-25
883,-79
884,-302
885,-125
886,-81
887,-27
888,-77
889,-233
890,-27
891,-250
892,-79
893,-131
894,-25
895,-129
896,-252
897,-29
898,-25
899,-25
900,-137
901,-177
902,-204
903,-27
904,-77
905,-77
906,-27
907,-25
908,-25
909,-77
910,-131
911,-77
912,-177
913,-27
914,-79
915,-25
916,-35
917,-27
918,-77
919,-25
920,-179
921,-129
922,-125
923,-27
924,-27
925,-79
926,-27
927,-25
928,-81
929,-127
930,-75
931,-27
932,-25
933,-177
934,-31
935,-29
936,-175
937,-75
938,-75
939,-125
940,-77
941,-25
942,-177
943,-33
944,-25
945,-77
946,-27
947,-77
948,-200
949,-129
950,-75
951,-29
952,-229
953,-75
954,-25
955,-25
956,-79
957,-27
958,-25
959,-77
960,-181
961,-75
962,-31
963,-77
964,-81
965,-25
966,-77
967,-27
968,-25
969,-129
970,-129
971,-227
972,-25
973,-25
974,-29
975,-31
976,-83
977,-77
978,-25
979,-77
980,-181
981,-127
982,-25
983,-129
984,-129
985,-27
986,-33
987,-29
988,-277
989,-27
990,-75
991,-29
992,-77
993,-25
994,-75
995,-127
996,-227
997,-75
998,-25
999,-127
1000,-37
1001,-25
1002,-25
1003,-275
1004,-25
1005,-25
1006,-27
1007,-77
1008,-77
1009,-33
1010,-75
1011,-25
1012,-33
1013,-183
1014,-77
1015,-75
1016,-77
1017,-27
1018,-129
1019,-181
1020,-200
1021,-77
1022,-77
1023,-75
1024,-75
1025,-79
1026,-27
1027,-25
1028,-31
1029,-79
1030,-333
1031,-77
1032,-27
1033,-227
1034,-79
1035,-27
1036,-75
1037,-127
1038,-29
1039,-127
1040,-179
1041,-179
1042,-75
1043,-79
1044,-77
1045,-27
1046,-177
1047,-202
1048,-125
1049,-75
1050,-179
1051,-75
1052,-25
1053,-29
1054,-75
1055,-131
1056,-25
1057,-77
1058,-27
1059,-281
1060,-25
1061,-250
1062,-25
1063,-79
1064,-77
1065,-25
1066,-25
1067,-27
1068,-25
1069,-125
1070,-177
1071,-27
1072,-29
1073,-79
1074,-27
1075,-25
1076,-125
1077,-31
1078,-75
1079,-27
1080,-125
1081,-75
1082,-25
1083,-25
1084,-200
1085,-27
1086,-79
1087,-183
1088,-31
1089,-81
1090,-200
1091,-81
1092,-131
1093,-177
1094,-125
1095,-127
1096,-25
1097,-29
1098,-25
1099,-131
1100,-225
1101,-31
1102,-25
1103,-75
1104,-77
1105,-227
1106,-25
1107,-77
1108,-25
1109,-29
1110,-77
1111,-25
1112,-75
1113,-27
1114,-81
1115,-79
1116,-27
1117,-75
1118,-77
1119,-125
1120,-75
1121,-229
1122,-25
1123,-27
1124,-27
1125,-25
1126,-31
1127,-27
1128,-29
1129,-25
1130,-31
1131,-25
1132,-77
1133,-31
1134,-77
1135,-25
1136,-75
1137,-77
1138,-79
1139,-25
1140,-129
1141,-79
1142,-25
1143,-29
1144,-25
1145,-125
1146,-29
1147,-450
1148,-77
1149,-25
1150,-27
1151,-25
1152,-175
1153,-179
1154,-25
1155,-25
1156,-27
1157,-81
1158,-25
1159,-25
1160,-77
1161,-75
1162,-29
1163,-25
1164,-77
1165,-129
1166,-29
1167,-31
1168,-25
1169,-25
1170,-77
1171,-125
1172,-202
1173,-25
1174,-125
1175,-27
1176,-75
1177,-227
1178,-29
1179,-27
1180,-27
1181,-75
1182,-29
1183,-125
1184,-129
1185,-125
1186,-75
1187,-25
1188,-31
1189,-127
1190,-127
1191,-202
1192,-125
1193,-129
1194,-27
1195,-27
1196,-25
1197,-77
1198,-75
1199,-25
1200,-129
1201,-127
1202,-27
1203,-25
1204,-27
1205,-29
1206,-27
1207,-77
1208,-29
1209,-75
1210,-27
1211,-27
1212,-27
1213,-27
1214,-25
1215,-25
1216,-75
1217,-77
1218,-25
1219,-27
1220,-79
1221,-131
1222,-129
1223,-125
1224,-27
1225,-75
1226,-125
1227,-75
1228,-25
1229,-25
1230,-231
1231,-25
1232,-227
1233,-25
1234,-83
1235,-25
1236,-77
1237,-75
1238,-175
1239,-127
1240,-27
1241,-27
1242,-79
1243,-25
1244,-79
1245,-25
1246,-77
1247,-25
1248,-25
1249,-75
1250,-175
1251,-79
1252,-75
1253,-29
1254,-27
1255,-29
1256,-25
1257,-25
1258,-75
1259,-25
1260,-25
1261,-75
1262,-125
1263,-75
1264,-25
1265,-25
1266,-29
1267,-75
1268,-27
1269,-77
1270,-75
1271,-75
1272,-75
1273,-75
1274,-25
1275,-175
1276,-225
1277,-27
1278,-75
1279,-27
1280,-27
1281,-179
1282,-75
1283,-25
1284,-75
1285,-75
1286,-25
1287,-279
1288,-75
1289,-127
1290,-125
1291,-75
1292,-27
1293,-25
1294,-75
1295,-25
1296,-127
1297,-25
1298,-25
1299,-25
1300,-129
1301,-25
1302,-25
1303,-25
1304,-29
1305,-127
1306,-77
1307,-25
1308,-27
1309,-33
1310,-25
1311,-77
1312,-79
1313,-129
1314,-25
1315,-25
1316,-127
1317,-27
1318,-25
1319,-25
1320,-27
1321,-329
1322,-302
1323,-79
1324,-75
1325,-75
1326,-29
1327,-75
1328,-29
1329,-25
1330,-131
1331,-79
1332,-83
1333,-79
1334,-27
1335,-127
1336,-35
1337,-29
1338,-79
1339,-29
1340,-27
1341,-25
1342,-79
1343,-29
1344,-29
1345,-87
1346,-27
1347,-79
1348,-25
1349,-227
1350,-81
1351,-227
1352,-202
1353,-29
1354,-25
1355,-27
1356,-77
1357,-179
1358,-75
1359,-27
1360,-29
1361,-77
1362,-29
1363,-75
1364,-25
1365,-25
1366,-177
1367,-27
1368,-79
1369,-31
1370,-27
1371,-81
1372,-29
1373,-25
1374,-129
1375,-27
1376,-25
1377,-27
1378,-127
1379,-77
1380,-77
1381,-27
1382,-79
1383,-75
1384,-250
1385,-25
1386,-125
1387,-31
1388,-25
1389,-75
1390,-79
1391,-27
1392,-77
1393,-79
1394,-331
1395,-79
1396,-25
1397,-75
1398,-25
1399,-229
1400,-29
1401,-129
1402,-27
1403,-75
1404,-27
1405,-25
1406,-77
1407,-125
1408,-27
1409,-29
1410,-29
1411,-25
1412,-252
1413,-75
1414,-127
1415,-33
1416,-77
1417,-25
1418,-375
1419,-79
1420,-229
1421,-75
1422,-181
1423,-25
1424,-77
1425,-77
1426,-79
1427,-27
1428,-29
1429,-25
1430,-81
1431,-181
1432,-31
1433,-79
1434,-29
1435,-83
1436,-31
1437,-75
1438,-127
1439,-127
1440,-27
1441,-75
1442,-29
1443,-79
1444,-25
1445,-77
1446,-77
1447,-77
1448,-75
1449,-77
1450,-77
1451,-204
1452,-202
1453,-131
1454,-27
1455,-225
1456,-27
1457,-25
1458,-29
1459,-129
1460,-79
1461,-75
1462,-200
1463,-25
1464,-25
1465,-27
1466,-77
1467,-79
1468,-29
1469,-129
1470,-75
1471,-133
1472,-27
1473,-25
1474,-75
1475,-75
1476,-27
1477,-29
1478,-25
1479,-25
1480,-31
1481,-27
1482,-25
1483,-75
1484,-79
1485,-125
1486,-127
1487,-75
1488,-27
1489,-27
1490,-29
1491,-27
1492,-27
1493,-29
1494,-127
1495,-75
1496,-175
1497,-125
1498,-27
1499,-25
1500,-25
1501,-29
1502,-77
1503,-29
1504,-27
1505,-75
1506,-131
1507,-29
1508,-25
1509,-83
1510,-25
1511,-77
1512,-29
1513,-25
1514,-77
1515,-25
1516,-25
1517,-25
1518,-83
1519,-129
1520,-125
1521,-125
1522,-137
1523,-25
1524,-83
1525,-27
1526,-81
1527,-75
1528,-29
1529,-31
1530,-29
1531,-31
1532,-27
1533,-31
1534,-31
1535,-29
1536,-81
1537,-29
1538,-131
1539,-127
1540,-29
1541,-133
1542,-27
1543,-75
1544,-29
1545,-79
1546,-79
1547,-200
1548,-31
1549,-79
1550,-181
1551,-79
1552,-252
1553,-27
1554,-29
1555,-27
1556,-25
1557,-29
1558,-79
1559,-75
1560,-235
1561,-302
1562,-25
1563,-227
1564,-77
1565,-33
1566,-127
1567,-75
1568,-37
1569,-29
1570,-29
1571,-27
1572,-25
1573,-79
1574,-27
1575,-25
1576,-81
1577,-83
1578,-27
1579,-29
1580,-77
1581,-127
1582,-25
1583,-29
1584,-131
1585,-29
1586,-429
1587,-29
1588,-77
1589,-133
1590,-29
1591,-129
1592,-29
1593,-83
1594,-31
1595,-27
1596,-27
1597,-329
1598,-177
1599,-204
1600,-204
1601,-177
1602,-358
1603,-77
1604,-27
1605,-204
1606,-25
1607,-85
1608,-25
1609,-79
1610,-25
1611,-33
1612,-125
1613,-87
1614,-25
1615,-27
1616,-131
1617,-325
1618,-77
1619,-27
1620,-25
1621,-29
1622,-83
1623,-27
1624,-81
1625,-79
1626,-81
1627,-81
1628,-81
1629,-181
1630,-254
1631,-77
1632,-25
1633,-379
1634,-33
1635,-27
1636,-29
1637,-31
1638,-27
1639,-31
1640,-29
1641,-27
1642,-27
1643,-29
1644,-77
1645,-81
1646,-31
1647,-77
1648,-79
1649,-133
1650,-75
1651,-75
1652,-77
1653,-27
1654,-81
1655,-29
1656,-79
1657,-25
1658,-75
1659,-125
1660,-29
1661,-129
1662,-27
1663,-33
1664,-129
1665,-25
1666,-29
1667,-202
1668,-27
1669,-129
1670,-81
1671,-137
1672,-27
1673,-31
1674,-27
1675,-133
1676,-227
1677,-179
1678,-31
1679,-125
1680,-33
1681,-358
1682,-29
1683,-31
1684,-27
1685,-33
1686,-185
1687,-85
1688,-29
1689,-202
1690,-31
1691,-29
1692,-81
1693,-39
1694,-131
1695,-79
1696,-37
1697,-29
1698,-79
1699,-135
1700,-25
1701,-239
1702,-179
1703,-125
1704,-81
1705,-87
1706,-81
1707,-129
1708,-27
1709,-27
1710,-87
1711,-33
1712,-33
1713,-304
1714,-29
1715,-175
1716,-29
1717,-256
1718,-135
1719,-25
1720,-27
1721,-81
1722,-33
1723,-227
1724,-77
1725,-129
1726,-81
1727,-27
1728,-31
1729,-256
1730,-25
1731,-79
1732,-75
1733,-25
1734,-27
1735,-135
1736,-404
1737,-75
1738,-75
1739,-27
1740,-85
1741,-25
1742,-25
1743,-77
1744,-25
1745,-79
1746,-77
1747,-29
1748,-25
1749,-27
1750,-81
1751,-125
1752,-77
1753,-81
1754,-27
1755,-133
1756,-27
1757,-79
1758,-25
1759,-129
1760,-125
1761,-79
1762,-200
1763,-202
1764,-125
1765,-25
1766,-75
1767,-200
1768,-27
1769,-179
1770,-127
1771,-25
1772,-29
1773,-202
1774,-127
1775,-25
1776,-25
1777,-27
1778,-200
1779,-75
1780,-179
1781,-25
1782,-27
1783,-75
1784,-25
1785,-25
1786,-125
1787,-125
1788,-129
1789,-77
1790,-75
1791,-75
1792,-77
1793,-79
1794,-227
1795,-127
1796,-27
1797,-25
1798,-27
1799,-77
1800,-27
1801,-31
1802,-27
1803,-133
1804,-177
1805,-25
1806,-31
1807,-27
1808,-27
1809,-79
1810,-31
1811,-27
1812,-81
1813,-79
1814,-127
1815,-79
1816,-31
1817,-200
1818,-202
1819,-27
1820,-33
1821,-29
1822,-129
1823,-27
1824,-77
1825,-77
1826,-27
1827,-433
1828,-177
1829,-79
1830,-79
1831,-200
1832,-202
1833,-75
1834,-33
1835,-75
1836,-29
1837,-181
1838,-27
1839,-29
1840,-77
1841,-27
1842,-79
1843,-29
1844,-27
1845,-31
1846,-75
1847,-85
1848,-75
1849,-175
1850,-25
1851,-129
1852,-81
1853,-302
1854,-31
1855,-25
1856,-77
1857,-179
1858,-79
1859,-31
1860,-79
1861,-27
1862,-25
1863,-179
1864,-27
1865,-27
1866,-27
1867,-225
1868,-275
1869,-31
1870,-25
1871,-29
1872,-225
1873,-77
1874,-27
1875,-77
1876,-25
1877,-177
1878,-77
1879,-83
1880,-125
1881,-29
1882,-29
1883,-81
1884,-31
1885,-75
1886,-79
1887,-27
1888,-129
1889,-77
1890,-81
1891,-25
1892,-77
1893,-27
1894,-25
1895,-25
1896,-125
1897,-204
1898,-31
1899,-33
1900,-77
1901,-25
1902,-77
1903,-81
1904,-133
1905,-27
1906,-27
1907,-127
1908,-129
1909,-25
1910,-25
1911,-29
1912,-79
1913,-131
1914,-27
1915,-27
1916,-27
1917,-27
1918,-129
1919,-79
1920,-25
1921,-29
1922,-83
1923,-27
1924,-125
1925,-75
1926,-177
1927,-202
1928,-75
1929,-31
1930,-27
1931,-75
1932,-27
1933,-79
1934,-75
1935,-29
1936,-25
1937,-202
1938,-77
1939,-79
1940,-27
1941,-75
1942,-25
1943,-31
1944,-25
1945,-127
1946,-127
1947,-25
1948,-77
1949,-25
1950,-31
1951,-29
1952,-29
1953,-25
1954,-29
1955,-27
1956,-81
1957,-27
1958,-202
1959,-27
1960,-177
1961,-25
1962,-29
1963,-25
1964,-25
1965,-133
1966,-79
1967,-127
1968,-79
1969,-83
1970,-27
1971,-202
1972,-29
1973,-81
1974,-77
1975,-25
1976,-27
1977,-29
1978,-83
1979,-25
1980,-179
1981,-27
1982,-200
1983,-29
1984,-29
1985,-131
1986,-27
1987,-33
1988,-75
1989,-135
1990,-29
1991,-29
1992,-27
1993,-135
1994,-27
1995,-127
1996,-25
1997,-31
1998,-31
1999,-131
2000,-25
2001,-29
2002,-135
2003,-79
2004,-25
2005,-75
2006,-75
2007,-81
2008,-129
2009,-77
2010,-225
2011,-79
2012,-327
2013,-81
2014,-77
2015,-127
2016,-29
2017,-81
2018,-25
2019,-81
2020,-25
2021,-29
2022,-252
2023,-75
2024,-131
2025,-29
2026,-75
2027,-75
2028,-77
2029,-81
2030,-75
2031,-25
2032,-75
2033,-131
2034,-79
2035,-25
2036,-77
2037,-81
2038,-79
2039,-77
2040,-77
2041,-77
2042,-129
2043,-77
2044,-127
2045,-129
2046,-129
2047,-187
2048,-200
2049,-77
2050,-31
2051,-77
2052,-331
2053,-79
2054,-27
2055,-177
2056,-81
2057,-77
2058,-125
2059,-25
2060,-81
2061,-427
2062,-27
2063,-29
2064,-29
2065,-29
2066,-131
2067,-27
2068,-83
2069,-75
2070,-79
2071,-27
2072,-25
2073,-81
2074,-227
2075,-202
2076,-179
2077,-75
2078,-206
2079,-25
2080,-83
2081,-202
2082,-27
2083,-177
2084,-29
2085,-25
2086,-31
2087,-81
2088,-127
2089,-131
2090,-175
2091,-81
2092,-25
2093,-27
2094,-27
2095,-135
2096,-75
2097,-25
2098,-27
2099,-79
2100,-29
2101,-75
2102,-33
2103,-177
2104,-131
2105,-25
2106,-127
2107,-127
2108,-129
2109,-75
2110,-77
2111,-127
2112,-79
2113,-75
2114,-81
2115,-27
2116,-31
2117,-25
2118,-29
2119,-325
2120,-125
2121,-33
2122,-79
2123,-77
2124,-27
2125,-31
2126,-77
2127,-27
2128,-25
2129,-25
2130,-181
2131,-129
2132,-77
2133,-75
2134,-29
2135,-27
2136,-31
2137,-129
2138,-25
2139,-81
2140,-27
2141,-200
2142,-29
2143,-25
2144,-75
2145,-129
2146,-29
2147,-129
2148,-225
2149,-29
2150,-25
2151,-31
2152,-25
2153,-75
2154,-200
2155,-377
2156,-25
2157,-31
2158,-79
2159,-27
2160,-75
2161,-25
2162,-75
2163,-127
2164,-81
2165,-31
2166,-25
2167,-177
2168,-75
2169,-29
2170,-25
2171,-27
2172,-275
2173,-27
2174,-31
2175,-302
2176,-25
2177,-127
2178,-25
2179,-25
2180,-29
2181,-25
2182,-79
2183,-29
2184,-79
2185,-79
2186,-29
2187,-85
2188,-25
2189,-77
2190,-527
2191,-202
2192,-75
2193,-25
2194,-129
2195,-27
2196,-27
2197,-29
2198,-25
2199,-29
2200,-175
2201,-77
2202,-125
2203,-129
2204,-29
2205,-125
2206,-27
2207,-125
2208,-27
2209,-75
2210,-77
2211,-31
2212,-29
2213,-31
2214,-75
2215,-27
2216,-229
2217,-177
2218,-25
2219,-77
2220,-33
2221,-27
2222,-27
2223,-75
2224,-29
2225,-29
2226,-25
2227,-75
2228,-77
2229,-31
2230,-27
2231,-131
2232,-129
2233,-29
2234,-77
2235,-79
2236,-27
2237,-33
2238,-27
2239,-25
2240,-431
2241,-29
2242,-29
2243,-325
2244,-177
2245,-129
2246,-25
2247,-29
2248,-177
2249,-27
2250,-185
2251,-425
2252,-27
2253,-31
2254,-81
2255,-27
2256,-25
2257,-29
2258,-83
2259,-27
2260,-77
2261,-27
2262,-29
2263,-79
2264,-83
2265,-25
2266,-35
2267,-77
2268,-29
2269,-200
2270,-33
2271,-375
2272,-135
2273,-129
2274,-185
2275,-129
2276,-75
2277,-33
2278,-27
2279,-33
2280,-79
2281,-79
2282,-256
2283,-29
2284,-35
2285,-77
2286,-25
2287,-27
2288,-81
2289,-33
2290,-183
2291,-31
2292,-79
2293,-25
2294,-77
2295,-25
2296,-204
2297,-27
2298,-129
2299,-83
2300,-75
2301,-125
2302,-29
2303,-325
2304,-25
2305,-127
2306,-208
2307,-131
2308,-83
2309,-25
2310,-29
2311,-129
2312,-125
2313,-85
2314,-25
2315,-77
2316,-25
2317,-131
2318,-27
2319,-75
2320,-33
2321,-81
2322,-25
2323,-181
2324,-79
2325,-79
2326,-127
2327,-81
2328,-83
2329,-83
2330,-77
2331,-27
2332,-79
2333,-31
2334,-31
2335,-29
2336,-229
2337,-29
2338,-181
2339,-81
2340,-27
2341,-81
2342,-27
2343,-79
2344,-283
2345,-29
2346,-25
2347,-83
2348,-181
2349,-31
2350,-29
2351,-231
2352,-177
2353,-27
2354,-29
2355,-31
2356,-83
2357,-27
2358,-29
2359,-27
2360,-125
2361,-200
2362,-202
2363,-29
2364,-89
2365,-31
2366,-29
2367,-29
2368,-29
2369,-27
2370,-81
2371,-31
2372,-131
2373,-77
2374,-202
2375,-29
2376,-33
2377,-131
2378,-29
2379,-33
2380,-177
2381,-229
2382,-31
2383,-133
2384,-127
2385,-129
2386,-177
2387,-25
2388,-204
2389,-25
2390,-81
2391,-200
2392,-81
2393,-27
2394,-27
2395,-29
2396,-77
2397,-31
2398,-75
2399,-79
2400,-79
2401,-33
2402,-79
2403,-29
2404,-25
2405,-202
2406,-77
2407,-29
2408,-27
2409,-75
2410,-83
2411,-29
2412,-27
2413,-83
2414,-75
2415,-131
2416,-27
2417,-177
2418,-77
2419,-131
2420,-31
2421,-75
2422,-177
2423,-133
2424,-75
2425,-179
2426,-81
2427,-27
2428,-277
2429,-31
2430,-177
2431,-29
2432,-27
2433,-29
2434,-129
2435,-77
2436,-25
2437,-252
2438,-129
2439,-181
2440,-127
2441,-25
2442,-125
2443,-27
2444,-77
2445,-29
2446,-79
2447,-29
2448,-177
2449,-25
2450,-79
2451,-77
2452,-175
2453,-33
2454,-25
2455,-27
2456,-235
2457,-27
2458,-25
2459,-77
2460,-83
2461,-31
2462,-27
2463,-33
2464,-377
2465,-79
2466,-127
2467,-77
2468,-33
2469,-79
2470,-200
2471,-27
2472,-77
2473,-29
2474,-27
2475,-83
2476,-79
2477,-79
2478,-77
2479,-77
2480,-129
2481,-79
2482,-27
2483,-25
2484,-175
2485,-35
2486,-27
2487,-185
2488,-300
2489,-31
2490,-125
2491,-31
2492,-175
2493,-25
2494,-210
2495,-79
2496,-27
2497,-179
2498,-79
2499,-127
2500,-381
2501,-325
2502,-87
2503,-27
2504,-75
2505,-27
2506,-35
2507,-27
2508,-79
2509,-27
2510,-29
2511,-79
2512,-127
2513,-139
2514,-25
2515,-25
2516,-31
2517,-131
2518,-25
2519,-231
2520,-27
2521,-129
2522,-27
2523,-79
2524,-329
2525,-27
2526,-27
2527,-27
2528,-77
2529,-27
2530,-79
2531,-29
2532,-202
2533,-79
2534,-29
2535,-29
2536,-25
2537,-33
2538,-25
2539,-325
2540,-29
2541,-77
2542,-25
2543,-31
2544,-25
2545,-237
2546,-27
2547,-31
2548,-127
2549,-127
2550,-27
2551,-306
2552,-79
2553,-29
2554,-175
2555,-125
2556,-77
2557,-85
2558,-125
2559,-81
2560,-127
2561,-25
2562,-29
2563,-31
2564,-125
2565,-29
2566,-127
2567,-127
2568,-79
2569,-325
2570,-33
2571,-252
2572,-81
2573,-27
2574,-75
2575,-27
2576,-29
2577,-33
2578,-79
2579,-29
2580,-29
2581,-77
2582,-77
2583,-177
2584,-33
2585,-129
2586,-175
2587,-77
2588,-83
2589,-81
2590,-25
2591,-33
2592,-77
2593,-29
2594,-125
2595,-29
2596,-352
2597,-29
2598,-27
2599,-31
2600,-77
2601,-206
2602,-29
2603,-25
2604,-25
2605,-225
2606,-31
2607,-129
2608,-29
2609,-29
2610,-29
2611,-75
2612,-79
2613,-79
2614,-33
2615,-133
2616,-133
2617,-75
2618,-131
2619,-129
2620,-33
2621,-29
2622,-129
2623,-31
2624,-127
2625,-81
2626,-35
2627,-79
2628,-35
2629,-29
2630,-127
2631,-75
2632,-81
2633,-25
2634,-29
2635,-27
2636,-77
2637,-27
2638,-77
2639,-233
2640,-27
2641,-29
2642,-25
2643,-27
2644,-27
2645,-31
2646,-75
2647,-127
2648,-125
2649,-33
2650,-25
2651,-29
2652,-129
2653,-204
2654,-175
2655,-29
2656,-83
2657,-29
2658,-29
2659,-177
2660,-129
2661,-129
2662,-27
2663,-135
2664,-25
2665,-79
2666,-31
2667,-206
2668,-27
2669,-25
2670,-31
2671,-75
2672,-79
2673,-29
2674,-200
2675,-129
2676,-29
2677,-27
2678,-27
2679,-25
2680,-27
2681,-25
2682,-29
2683,-25
2684,-179
2685,-77
2686,-79
2687,-75
2688,-31
2689,-27
2690,-202
2691,-75
2692,-204
2693,-127
2694,-133
2695,-25
2696,-79
2697,-77
2698,-135
2699,-75
2700,-356
2701,-25
2702,-75
2703,-125
2704,-25
2705,-227
2706,-129
2707,-33
2708,-29
2709,-75
2710,-25
2711,-77
2712,-25
2713,-27
2714,-129
2715,-83
2716,-25
2717,-125
2718,-200
2719,-29
2720,-125
2721,-258
2722,-127
2723,-129
2724,-25
2725,-27
2726,-25
2727,-29
2728,-77
2729,-27
2730,-29
2731,-129
2732,-25
2733,-29
2734,-202
2735,-225
2736,-79
2737,-81
2738,-77
2739,-75
2740,-177
2741,-77
2742,-25
2743,-127
2744,-79
2745,-127
2746,-27
2747,-79
2748,-27
2749,-227
2750,-129
2751,-25
2752,-77
2753,-27
2754,-27
2755,-75
2756,-33
2757,-125
2758,-25
2759,-175
2760,-27
2761,-29
2762,-31
2763,-75
2764,-179
2765,-177
2766,-25
2767,-75
2768,-29
2769,-27
2770,-127
2771,-27
2772,-29
2773,-81
2774,-25
2775,-27
2776,-25
2777,-25
2778,-125
2779,-27
2780,-131
2781,-29
2782,-177
2783,-131
2784,-29
2785,-25
2786,-79
2787,-25
2788,-125
2789,-79
2790,-133
2791,-27
2792,-81
2793,-27
2794,-25
2795,-29
2796,-25
2797,-27
2798,-129
2799,-25
2800,-177
2801,-79
2802,-27
2803,-27
2804,-27
2805,-27
2806,-75
2807,-25
2808,-300
2809,-129
2810,-79
2811,-27
2812,-27
2813,-331
2814,-75
2815,-27
2816,-129
2817,-35
2818,-27
2819,-25
2820,-175
2821,-77
2822,-25
2823,-75
2824,-131
2825,-27
2826,-77
2827,-131
2828,-200
2829,-75
2830,-27
2831,-175
2832,-25
2833,-29
2834,-25
2835,-125
2836,-27
2837,-27
2838,-25
2839,-27
2840,-79
2841,-79
2842,-79
2843,-29
2844,-25
2845,-25
2846,-375
2847,-125
2848,-75
2849,-77
2850,-129
2851,-77
2852,-25
2853,-75
2854,-75
2855,-125
2856,-81
2857,-31
2858,-27
2859,-79
2860,-25
2861,-27
2862,-25
2863,-25
2864,-125
2865,-25
2866,-179
2867,-129
2868,-29
2869,-129
2870,-127
2871,-27
2872,-25
2873,-131
2874,-77
2875,-425
2876,-25
2877,-75
2878,-75
2879,-87
2880,-77
2881,-77
2882,-29
2883,-29
2884,-27
2885,-25
2886,-27
2887,-79
2888,-27
2889,-25
2890,-83
2891,-33
2892,-79
2893,-127
2894,-31
2895,-127
2896,-27
2897,-27
2898,-77
2899,-27
2900,-25
2901,-75
2902,-304
2903,-25
2904,-27
2905,-29
2906,-77
2907,-29
2908,-127
2909,-31
2910,-79
2911,-200
2912,-27
2913,-81
2914,-129
2915,-77
2916,-79
2917,-29
2918,-125
2919,-31
2920,-27
2921,-75
2922,-183
2923,-27
2924,-79
2925,-81
2926,-79
2927,-79
2928,-25
2929,-81
2930,-129
2931,-181
2932,-31
2933,-33
2934,-25
2935,-181
2936,-75
2937,-202
2938,-127
2939,-27
2940,-79
2941,-83
2942,-79
2943,-127
2944,-81
2945,-25
2946,-79
2947,-129
2948,-181
2949,-31
2950,-281
2951,-79
2952,-227
2953,-225
2954,-31
2955,-127
2956,-31
2957,-77
2958,-27
2959,-31
2960,-29
2961,-77
2962,-79
2963,-29
2964,-27
2965,-35
2966,-131
2967,-75
2968,-131
2969,-81
2970,-200
2971,-77
2972,-83
2973,-77
2974,-27
2975,-81
2976,-29
2977,-29
2978,-33
2979,-77
2980,-75
2981,-137
2982,-127
2983,-129
2984,-77
2985,-79
2986,-29
2987,-81
2988,-31
2989,-27
2990,-79
2991,-77
2992,-31
2993,-127
2994,-27
2995,-83
2996,-125
2997,-29
2998,-27
2999,-35
3000,-25
3001,-125
3002,-77
3003,-75
3004,-27
3005,-208
3006,-179
3007,-27
3008,-77
3009,-31
3010,-29
3011,-27
3012,-229
3013,-29
3014,-133
3015,-81
3016,-31
3017,-75
3018,-81
3019,-83
3020,-129
3021,-33
3022,-131
3023,-179
3024,-25
3025,-31
3026,-75
3027,-129
3028,-29
3029,-31
3030,-77
3031,-29
3032,-89
3033,-25
3034,-127
3035,-25
3036,-29
3037,-79
3038,-77
3039,-77
3040,-77
3041,-250
3042,-131
3043,-29
3044,-37
3045,-37
3046,-81
3047,-27
3048,-25
3049,-29
3050,-37
3051,-33
3052,-29
3053,-75
3054,-181
3055,-27
3056,-29
3057,-133
3058,-29
3059,-31
3060,-179
3061,-25
3062,-29
3063,-33
3064,-27
3065,-204
3066,-31
3067,-31
3068,-77
3069,-29
3070,-85
3071,-183
3072,-77
3073,-127
3074,-31
3075,-81
3076,-83
3077,-83
3078,-27
3079,-81
3080,-131
3081,-29
3082,-85
3083,-31
3084,-85
3085,-77
3086,-31
3087,-25
3088,-29
3089,-200
3090,-139
3091,-27
3092,-29
3093,-29
3094,-31
3095,-277
3096,-27
3097,-235
3098,-29
3099,-85
3100,-29
3101,-27
3102,-302
3103,-41
3104,-31
3105,-27
3106,-127
3107,-208
3108,-27
3109,-179
3110,-27
3111,-181
3112,-27
3113,-29
3114,-131
3115,-75
3116,-41
3117,-81
3118,-31
3119,-31
3120,-129
3121,-31
3122,-79
3123,-258
3124,-133
3125,-31
3126,-31
3127,-25
3128,-31
3129,-75
3130,-125
3131,-37
3132,-29
3133,-33
3134,-254
3135,-79
3136,-31
3137,-79
3138,-75
3139,-33
3140,-33
3141,-227
3142,-79
3143,-27
3144,-87
3145,-27
3146,-83
3147,-327
3148,-85
3149,-85
3150,-31
3151,-25
3152,-179
3153,-200
3154,-81
3155,-81
3156,-33
3157,-29
3158,-81
3159,-25
3160,-179
3161,-179
3162,-85
3163,-31
3164,-200
3165,-129
3166,-133
3167,-191
3168,-243
3169,-29
3170,-135
3171,-75
3172,-27
3173,-206
3174,-175
3175,-333
3176,-27
3177,-25
3178,-79
3179,-139
3180,-133
3181,-254
3182,-29
3183,-77
3184,-31
3185,-35
3186,-79
3187,-35
3188,-31
3189,-29
3190,-27
3191,-77
3192,-35
3193,-129
3194,-31
3195,-29
3196,-79
3197,-129
3198,-29
3199,-204
3200,-77
3201,-233
3202,-81
3203,-233
3204,-29
3205,-179
3206,-33
3207,-25
3208,-79
3209,-31
3210,-27
3211,-29
3212,-29
3213,-208
3214,-77
3215,-27
3216,-27
3217,-27
3218,-29
3219,-131
3220,-83
3221,-31
3222,-77
3223,-25
3224,-77
3225,-133
3226,-283
3227,-31
3228,-27
3229,-79
3230,-81
3231,-37
3232,-200
3233,-25
3234,-187
3235,-35
3236,-133
3237,-79
3238,-127
3239,-31
3240,-77
3241,-27
3242,-229
3243,-27
3244,-37
3245,-177
3246,-129
3247,-83
3248,-29
3249,-285
3250,-27
3251,-360
3252,-181
3253,-77
3254,-79
3255,-131
3256,-33
3257,-81
3258,-77
3259,-133
3260,-31
3261,-37
3262,-75
3263,-77
3264,-133
3265,-87
3266,-79
3267,-77
3268,-202
3269,-129
3270,-27
3271,-137
3272,-79
3273,-79
3274,-135
3275,-31
3276,-77
3277,-133
3278,-27
3279,-29
3280,-81
3281,-27
3282,-83
3283,-204
3284,-79
3285,-89
3286,-202
3287,-29
3288,-27
3289,-133
3290,-281
3291,-29
3292,-81
3293,-75
3294,-129
3295,-33
3296,-131
3297,-79
3298,-83
3299,-79
3300,-231
3301,-29
3302,-75
3303,-29
3304,-83
3305,-381
3306,-27
3307,-25
3308,-79
3309,-77
3310,-85
3311,-31
3312,-31
3313,-27
3314,-29
3315,-27
3316,-29
3317,-31
3318,-37
3319,-133
3320,-29
3321,-25
3322,-79
3323,-31
3324,-31
3325,-133
3326,-79
3327,-429
3328,-33
3329,-27
3330,-227
3331,-35
3332,-87
3333,-185
3334,-35
3335,-27
3336,-25
3337,-27
3338,-27
3339,-187
3340,-31
3341,-202
3342,-29
3343,-39
3344,-27
3345,-187
3346,-27
3347,-31
3348,-131
3349,-29
3350,-81
3351,-35
3352,-25
3353,-81
3354,-133
3355,-83
3356,-25
3357,-33
3358,-27
3359,-27
3360,-33
3361,-83
3362,-25
3363,-27
3364,-127
3365,-29
3366,-79
3367,-81
3368,-204
3369,-83
3370,-85
3371,-179
3372,-81
3373,-260
3374,-81
3375,-25
3376,-29
3377,-285
3378,-33
3379,-31
3380,-29
3381,-27
3382,-81
3383,-79
3384,-141
3385,-79
3386,-77
3387,-75
3388,-77
3389,-33
3390,-179
3391,-131
3392,-27
3393,-25
3394,-37
3395,-77
3396,-85
3397,-252
3398,-77
3399,-83
3400,-77
3401,-79
3402,-89
3403,-25
3404,-33
3405,-79
3406,-127
3407,-133
3408,-133
3409,-33
3410,-27
3411,-81
3412,-29
3413,-31
3414,-25
3415,-31
3416,-79
3417,-133
3418,-31
3419,-31
3420,-427
3421,-29
3422,-85
3423,-208
3424,-185
3425,-77
3426,-29
3427,-27
3428,-29
3429,-185
3430,-81
3431,-31
3432,-81
3433,-27
3434,-81
3435,-241
3436,-250
3437,-31
3438,-77
3439,-133
3440,-81
3441,-31
3442,-37
3443,-77
3444,-29
3445,-31
3446,-27
3447,-27
3448,-206
3449,-81
3450,-285
3451,-129
3452,-75
3453,-77
3454,-79
3455,-27
3456,-212
3457,-202
3458,-81
3459,-306
3460,-33
3461,-77
3462,-77
3463,-27
3464,-183
3465,-35
3466,-25
3467,-127
3468,-31
3469,-77
3470,-81
3471,-27
3472,-35
3473,-177
3474,-135
3475,-79
3476,-87
3477,-27
3478,-200
3479,-29
3480,-79
3481,-83
3482,-127
3483,-81
3484,-133
3485,-204
3486,-31
3487,-31
3488,-31
3489,-29
3490,-81
3491,-129
3492,-85
3493,-77
3494,-27
3495,-177
3496,-181
3497,-25
3498,-79
3499,-81
3500,-77
3501,-81
3502,-83
3503,-35
3504,-33
3505,-25
3506,-25
3507,-27
3508,-29
3509,-27
3510,-27
3511,-81
3512,-27
3513,-81
3514,-29
3515,-45
3516,-75
3517,-133
3518,-25
3519,-75
3520,-75
3521,-83
3522,-81
3523,-31
3524,-89
3525,-125
3526,-133
3527,-31
3528,-31
3529,-31
3530,-77
3531,-31
3532,-27
3533,-33
3534,-25
3535,-81
3536,-83
3537,-81
3538,-204
3539,-125
3540,-133
3541,-83
3542,-25
3543,-77
3544,-79
3545,-31
3546,-127
3547,-31
3548,-31
3549,-204
3550,-129
3551,-77
3552,-33
3553,-31
3554,-127
3555,-202
3556,-33
3557,-81
3558,-85
3559,-25
3560,-125
3561,-81
3562,-83
3563,-25
3564,-79
3565,-33
3566,-27
3567,-79
3568,-29
3569,-27
3570,-81
3571,-129
3572,-87
3573,-75
3574,-27
3575,-25
3576,-204
3577,-177
3578,-275
3579,-29
3580,-129
3581,-27
3582,-25
3583,-83
3584,-79
3585,-29
3586,-204
3587,-127
3588,-31
3589,-75
3590,-35
3591,-29
3592,-25
3593,-127
3594,-200
3595,-75
3596,-79
3597,-81
3598,-179
3599,-29
3600,-85
3601,-29
3602,-75
3603,-25
3604,-77
3605,-135
3606,-29
3607,-29
3608,-129
3609,-79
3610,-81
3611,-83
3612,-454
3613,-27
3614,-77
3615,-129
3616,-31
3617,-75
3618,-81
3619,-204
3620,-79
3621,-27
3622,-29
3623,-27
3624,-83
3625,-29
3626,-33
3627,-31
3628,-31
3629,-29
3630,-29
3631,-25
3632,-77
3633,-29
3634,-133
3635,-227
3636,-77
3637,-29
3638,-229
3639,-25
3640,-29
3641,-29
3642,-200
3643,-135
3644,-79
3645,-285
3646,-25
3647,-83
3648,-129
3649,-79
3650,-29
3651,-77
3652,-31
3653,-25
3654,-27
3655,-135
3656,-25
3657,-27
3658,-27
3659,-79
3660,-29
3661,-77
3662,-35
3663,-83
3664,-25
3665,-27
3666,-29
3667,-27
3668,-75
3669,-25
3670,-27
3671,-77
3672,-131
3673,-81
3674,-185
3675,-27
3676,-177
3677,-79
3678,-31
3679,-208
3680,-81
3681,-79
3682,-27
3683,-227
3684,-35
3685,-25
3686,-202
3687,-29
3688,-131
3689,-79
3690,-129
3691,-81
3692,-127
3693,-27
3694,-177
3695,-177
3696,-183
3697,-29
3698,-25
3699,-141
3700,-25
3701,-79
3702,-25
3703,-181
3704,-33
3705,-175
3706,-29
3707,-27
3708,-31
3709,-27
3710,-200
3711,-185
3712,-177
3713,-31
3714,-131
3715,-25
3716,-77
3717,-33
3718,-231
3719,-129
3720,-33
3721,-83
3722,-258
3723,-75
3724,-77
3725,-31
3726,-25
3727,-129
3728,-77
3729,-27
3730,-127
3731,-204
3732,-125
3733,-81
3734,-27
3735,-31
3736,-127
3737,-81
3738,-81
3739,-127
3740,-227
3741,-29
3742,-31
3743,-27
3744,-85
3745,-29
3746,-204
3747,-27
3748,-29
3749,-27
3750,-85
3751,-27
3752,-127
3753,-33
3754,-233
3755,-29
3756,-177
3757,-29
3758,-27
3759,-29
3760,-29
3761,-329
3762,-79
3763,-75
3764,-27
3765,-85
3766,-35
3767,-127
3768,-27
3769,-29
3770,-200
3771,-75
3772,-31
3773,-27
3774,-29
3775,-129
3776,-133
3777,-127
3778,-75
3779,-27
3780,-83
3781,-133
3782,-187
3783,-25
3784,-35
3785,-133
3786,-81
3787,-79
3788,-25
3789,-127
3790,-31
3791,-27
3792,-129
3793,-31
3794,-81
3795,-75
3796,-81
3797,-77
3798,-25
3799,-77
3800,-31
3801,-83
3802,-33
3803,-129
3804,-29
3805,-81
3806,-27
3807,-133
3808,-127
3809,-35
3810,-129
3811,-33
3812,-77
3813,-77
3814,-135
3815,-27
3816,-27
3817,-75
3818,-29
3819,-81
3820,-29
3821,-33
3822,-25
3823,-129
3824,-204
3825,-77
3826,-35
3827,-75
3828,-83
3829,-29
3830,-127
3831,-27
3832,-27
3833,-129
3834,-127
3835,-29
3836,-85
3837,-25
3838,-29
3839,-31
3840,-79
3841,-83
3842,-27
3843,-204
3844,-29
3845,-29
3846,-31
3847,-27
3848,-31
3849,-27
3850,-29
3851,-31
3852,-29
3853,-25
3854,-31
3855,-127
3856,-31
3857,-75
3858,-33
3859,-29
3860,-29
3861,-179
3862,-31
3863,-29
3864,-27
3865,-79
3866,-29
3867,-27
3868,-81
3869,-177
3870,-35
3871,-75
3872,-25
3873,-27
3874,-31
3875,-35
3876,-79
3877,-29
3878,-133
3879,-129
3880,-200
3881,-29
3882,-129
3883,-77
3884,-29
3885,-27
3886,-177
3887,-204
3888,-81
3889,-131
3890,-137
3891,-25
3892,-25
3893,-33
3894,-179
3895,-175
3896,-81
3897,-231
3898,-127
3899,-233
3900,-202
3901,-202
3902,-27
3903,-131
3904,-35
3905,-254
3906,-131
3907,-83
3908,-79
3909,-27
3910,-202
3911,-75
3912,-79
3913,-81
3914,-29
3915,-81
3916,-127
3917,-200
3918,-29
3919,-181
3920,-27
3921,-29
3922,-81
3923,-129
3924,-77
3925,-202
3926,-77
3927,-83
3928,-29
3929,-79
3930,-83
3931,-81
3932,-27
3933,-29
3934,-79
3935,-125
3936,-29
3937,-27
3938,-81
3939,-33
3940,-133
3941,-27
3942,-83
3943,-29
3944,-29
3945,-131
3946,-206
3947,-83
3948,-127
3949,-77
3950,-127
3951,-85
3952,-79
3953,-35
3954,-27
3955,-81
3956,-83
3957,-175
3958,-79
3959,-25
3960,-239
3961,-127
3962,-25
3963,-25
3964,-85
3965,-25
3966,-33
3967,-29
3968,-27
3969,-31
3970,-331
3971,-129
3972,-33
3973,-75
3974,-31
3975,-183
3976,-29
3977,-75
3978,-29
3979,-77
3980,-131
3981,-81
3982,-75
3983,-33
3984,-77
3985,-25
3986,-129
3987,-179
3988,-29
3989,-27
3990,-29
3991,-79
3992,-29
3993,-204
3994,-83
3995,-25
3996,-87
3997,-175
3998,-206
3999,-133
4000,-235
4001,-83
4002,-25
4003,-79
4004,-181
4005,-31
4006,-27
4007,-183
4008,-31
4009,-27
4010,-127
4011,-31
4012,-25
4013,-29
4014,-29
4015,-83
4016,-29
4017,-75
4018,-33
4019,-135
4020,-29
4021,-79
4022,-29
4023,-27
4024,-133
4025,-27
4026,-79
4027,-29
4028,-33
4029,-35
4030,-89
4031,-77
4032,-29
4033,-204
4034,-29
4035,-39
4036,-27
4037,-129
4038,-27
4039,-406
4040,-81
4041,-29
4042,-81
4043,-81
4044,-206
4045,-131
4046,-231
4047,-237
4048,-25
4049,-133
4050,-27
4051,-27
4052,-85
4053,-37
4054,-27
4055,-77
4056,-83
4057,-29
4058,-25
4059,-27
4060,-33
4061,-29
4062,-125
4063,-79
4064,-33
4065,-227
4066,-33
4067,-27
4068,-29
4069,-33
4070,-179
4071,-252
4072,-27
4073,-25
4074,-83
4075,-81
4076,-33
4077,-81
4078,-29
4079,-79
4080,-187
4081,-77
4082,-202
4083,-135
4084,-33
4085,-77
4086,-83
4087,-25
4088,-25
4089,-139
4090,-139
4091,-81
4092,-83
4093,-125
4094,-33
4095,-31
4096,-33
4097,-25
4098,-81
4099,-31
4100,-27
4101,-187
4102,-27
4103,-29
4104,-77
4105,-33
4106,-77
4107,-183
4108,-27
4109,-83
4110,-77
4111,-83
4112,-129
4113,-31
4114,-75
4115,-81
4116,-35
4117,-33
4118,-133
4119,-25
4120,-29
4121,-129
4122,-31
4123,-31
4124,-25
4125,-37
4126,-25
4127,-31
4128,-35
4129,-27
4130,-77
4131,-27
4132,-79
4133,-29
4134,-87
4135,-25
4136,-131
4137,-79
4138,-31
4139,-75
4140,-129
4141,-33
4142,-137
4143,-129
4144,-239
4145,-133
4146,-29
4147,-29
4148,-127
4149,-33
4150,-33
4151,-79
4152,-31
4153,-427
4154,-29
4155,-81
4156,-256
4157,-27
4158,-183
4159,-25
4160,-77
4161,-279
4162,-27
4163,-91
4164,-29
4165,-83
4166,-31
4167,-77
4168,-27
4169,-131
4170,-129
4171,-133
4172,-27
4173,-185
4174,-31
4175,-29
4176,-179
4177,-27
4178,-185
4179,-131
4180,-31
4181,-81
4182,-33
4183,-181
4184,-81
4185,-25
4186,-256
4187,-81
4188,-79
4189,-31
4190,-83
4191,-29
4192,-29
4193,-133
4194,-83
4195,-127
4196,-27
4197,-37
4198,-31
4199,-254
4200,-35
4201,-200
4202,-202
4203,-75
4204,-29
4205,-85
4206,-31
4207,-25
4208,-85
4209,-179
4210,-177
4211,-27
4212,-204
4213,-85
4214,-204
4215,-135
4216,-29
4217,-25
4218,-381
4219,-87
4220,-131
4221,-29
4222,-79
4223,-79
4224,-77
4225,-33
4226,-179
4227,-33
4228,-29
4229,-81
4230,-27
4231,-256
4232,-27
4233,-87
4234,-183
4235,-27
4236,-247
4237,-127
4238,-31
4239,-25
4240,-183
4241,-35
4242,-79
4243,-27
4244,-33
4245,-81
4246,-29
4247,-31
4248,-31
4249,-135
4250,-83
4251,-81
4252,-79
4253,-31
4254,-33
4255,-127
4256,-137
4257,-75
4258,-29
4259,-185
4260,-135
4261,-77
4262,-35
4263,-25
4264,-27
4265,-31
4266,-33
4267,-179
4268,-127
4269,-87
4270,-131
4271,-29
4272,-29
4273,-31
4274,-29
4275,-79
4276,-77
4277,-81
4278,-29
4279,-181
4280,-77
4281,-31
4282,-27
4283,-83
4284,-35
4285,-25
4286,-29
4287,-131
4288,-83
4289,-206
4290,-33
4291,-31
4292,-29
4293,-33
4294,-258
4295,-31
4296,-27
4297,-181
4298,-37
4299,-79
4300,-33
4301,-27
4302,-27
4303,-27
4304,-125
4305,-33
4306,-85
4307,-25
4308,-29
4309,-129
4310,-29
4311,-206
4312,-27
4313,-41
4314,-29
4315,-29
4316,-129
4317,-39
4318,-31
4319,-79
4320,-27
4321,-131
4322,-29
4323,-133
4324,-79
4325,-129
4326,-33
4327,-81
4328,-31
4329,-35
4330,-81
4331,-29
4332,-29
4333,-79
4334,-129
4335,-185
4336,-83
4337,-79
4338,-31
4339,-27
4340,-81
4341,-137
4342,-27
4343,-83
4344,-29
4345,-29
4346,-129
4347,-206
4348,-87
4349,-27
4350,-77
4351,-79
4352,-29
4353,-77
4354,-85
4355,-25
4356,-29
4357,-35
4358,-31
4359,-137
4360,-202
4361,-29
4362,-129
4363,-189
4364,-79
4365,-77
4366,-81
4367,-29
4368,-83
4369,-83
4370,-281
4371,-31
4372,-127
4373,-187
4374,-81
4375,-135
4376,-75
4377,-31
4378,-85
4379,-433
4380,-37
4381,-135
4382,-79
4383,-252
4384,-83
4385,-83
4386,-27
4387,-35
4388,-79
4389,-81
4390,-79
4391,-29
4392,-29
4393,-29
4394,-243
4395,-27
4396,-206
4397,-79
4398,-29
4399,-25
4400,-31
4401,-81
4402,-81
4403,-87
4404,-79
4405,-29
4406,-29
4407,-31
4408,-87
4409,-31
4410,-33
4411,-29
4412,-181
4413,-29
4414,-27
4415,-175
4416,-291
4417,-229
4418,-27
4419,-75
4420,-33
4421,-87
4422,-77
4423,-83
4424,-135
4425,-75
4426,-77
4427,-81
4428,-75
4429,-79
4430,-27
4431,-29
4432,-27
4433,-79
4434,-83
4435,-93
4436,-35
4437,-83
4438,-81
4439,-29
4440,-31
4441,-29
4442,-141
4443,-75
4444,-79
4445,-27
4446,-29
4447,-25
4448,-77
4449,-175
4450,-314
4451,-77
4452,-81
4453,-81
4454,-27
4455,-29
4456,-31
4457,-79
4458,-131
4459,-27
4460,-81
4461,-81
4462,-31
4463,-25
4464,-35
4465,-31
4466,-29
4467,-31
4468,-25
4469,-29
4470,-177
4471,-81
4472,-25
4473,-93
4474,-200
4475,-79
4476,-77
4477,-39
4478,-27
4479,-33
4480,-29
4481,-29
4482,-129
4483,-29
4484,-25
4485,-35
4486,-29
4487,-327
4488,-31
4489,-31
4490,-27
4491,-29
4492,-27
4493,-129
4494,-79
4495,-31
4496,-31
4497,-27
4498,-33
4499,-177
4500,-185
4501,-314
4502,-25
4503,-206
4504,-31
4505,-75
4506,-91
4507,-27
4508,-27
4509,-83
4510,-77
4511,-83
4512,-252
4513,-29
4514,-77
4515,-77
4516,-33
4517,-29
4518,-29
4519,-25
4520,-31
4521,-183
4522,-229
4523,-35
4524,-135
4525,-229
4526,-25
4527,-139
4528,-81
4529,-81
4530,-31
4531,-127
4532,-83
4533,-81
4534,-77
4535,-81
4536,-133
4537,-75
4538,-29
4539,-235
4540,-29
4541,-25
4542,-31
4543,-129
4544,-77
4545,-87
4546,-83
4547,-81
4548,-31
4549,-25
4550,-29
4551,-29
4552,-129
4553,-75
4554,-135
4555,-329
4556,-133
4557,-133
4558,-27
4559,-83
4560,-29
4561,-33
4562,-81
4563,-31
4564,-29
4565,-25
4566,-31
4567,-79
4568,-35
4569,-77
4570,-81
4571,-79
4572,-33
4573,-27
4574,-33
4575,-79
4576,-27
4577,-135
4578,-29
4579,-139
4580,-83
4581,-27
4582,-81
4583,-27
4584,-25
4585,-25
4586,-125
4587,-91
4588,-29
4589,-81
4590,-83
4591,-139
4592,-29
4593,-202
4594,-129
4595,-79
4596,-85
4597,-129
4598,-181
4599,-81
4600,-79
4601,-127
4602,-29
4603,-29
4604,-127
4605,-27
4606,-31
4607,-29
4608,-31
4609,-29
4610,-31
4611,-29
4612,-183
4613,-200
4614,-29
4615,-141
4616,-25
4617,-183
4618,-29
4619,-79
4620,-31
4621,-137
4622,-83
4623,-133
4624,-81
4625,-179
4626,-29
4627,-77
4628,-175
4629,-75
4630,-79
4631,-137
4632,-77
4633,-31
4634,-27
4635,-37
4636,-75
4637,-33
4638,-183
4639,-35
4640,-175
4641,-79
4642,-206
4643,-29
4644,-181
4645,-79
4646,-79
4647,-135
4648,-127
4649,-77
4650,-29
4651,-25
4652,-210
4653,-81
4654,-79
4655,-31
4656,-27
4657,-31
4658,-77
4659,-185
4660,-27
4661,-179
4662,-35
4663,-29
4664,-29
4665,-179
4666,-31
4667,-175
4668,-91
4669,-25
4670,-35
4671,-25
4672,-77
4673,-200
4674,-183
4675,-127
4676,-131
4677,-29
4678,-133
4679,-129
4680,-33
4681,-260
4682,-127
4683,-37
4684,-179
4685,-29
4686,-81
4687,-79
4688,-27
4689,-27
4690,-33
4691,-29
4692,-29
4693,-29
4694,-35
4695,-27
4696,-33
4697,-33
4698,-177
4699,-83
4700,-231
4701,-85
4702,-25
4703,-33
4704,-29
4705,-179
4706,-29
4707,-262
4708,-27
4709,-81
4710,-75
4711,-125
4712,-31
4713,-83
4714,-79
4715,-79
4716,-79
4717,-279
4718,-81
4719,-133
4720,-27
4721,-77
4722,-131
4723,-29
4724,-129
4725,-79
4726,-33
4727,-27
4728,-33
4729,-77
4730,-79
4731,-27
4732,-35
4733,-27
4734,-27
4735,-214
4736,-77
4737,-75
4738,-25
4739,-179
4740,-75
4741,-189
4742,-25
4743,-81
4744,-129
4745,-31
4746,-25
4747,-27
4748,-75
4749,-135
4750,-31
4751,-129
4752,-29
4753,-135
4754,-27
4755,-131
4756,-33
4757,-27
4758,-81
4759,-77
4760,-83
4761,-81
4762,-31
4763,-79
4764,-81
4765,-133
4766,-79
4767,-287
4768,-33
4769,-25
4770,-29
4771,-25
4772,-235
4773,-27
4774,-129
4775,-77
4776,-179
4777,-131
4778,-29
4779,-29
4780,-31
4781,-85
4782,-127
4783,-256
4784,-83
4785,-185
4786,-25
4787,-175
4788,-31
4789,-131
4790,-33
4791,-131
4792,-27
4793,-79
4794,-25
4795,-31
4796,-25
4797,-33
4798,-35
4799,-29
4800,-127
4801,-31
4802,-77
4803,-81
4804,-29
4805,-75
4806,-27
4807,-83
4808,-27
4809,-25
4810,-35
4811,-33
4812,-31
4813,-33
4814,-131
4815,-25
4816,-25
4817,-131
4818,-87
4819,-79
4820,-77
4821,-29
4822,-77
4823,-127
4824,-189
4825,-35
4826,-75
4827,-75
4828,-77
4829,-91
4830,-81
4831,-31
4832,-33
4833,-35
4834,-181
4835,-77
4836,-204
4837,-185
4838,-25
4839,-181
4840,-183
4841,-27
4842,-75
4843,-33
4844,-81
4845,-131
4846,-75
4847,-37
4848,-183
4849,-185
4850,-79
4851,-27
4852,-177
4853,-29
4854,-33
4855,-127
4856,-29
4857,-125
4858,-125
4859,-212
4860,-31
4861,-304
4862,-25
4863,-29
4864,-35
4865,-33
4866,-33
4867,-25
4868,-75
4869,-25
4870,-81
4871,-129
4872,-39
4873,-193
4874,-81
4875,-202
4876,-29
4877,-29
4878,-29
4879,-29
4880,-77
4881,-131
4882,-85
4883,-204
4884,-25
4885,-25
4886,-127
4887,-27
4888,-83
4889,-133
4890,-33
4891,-79
4892,-204
4893,-77
4894,-35
4895,-31
4896,-129
4897,-135
4898,-31
4899,-33
4900,-31
4901,-31
4902,-25
4903,-75
4904,-33
4905,-337
4906,-125
4907,-77
4908,-33
4909,-133
4910,-127
4911,-127
4912,-29
4913,-31
4914,-31
4915,-29
4916,-33
4917,-25
4918,-83
4919,-131
4920,-79
4921,-79
4922,-133
4923,-75
4924,-29
4925,-133
4926,-25
4927,-79
4928,-252
4929,-29
4930,-35
4931,-79
4932,-79
4933,-179
4934,-179
4935,-29
4936,-77
4937,-204
4938,-77
4939,-33
4940,-33
4941,-25
4942,-35
4943,-27
4944,-29
4945,-29
4946,-75
4947,-31
4948,-181
4949,-25
4950,-27
4951,-131
4952,-79
4953,-25
4954,-81
4955,-81
4956,-81
4957,-129
4958,-33
4959,-87
4960,-31
4961,-139
4962,-179
4963,-25
4964,-79
4965,-29
4966,-83
4967,-33
4968,-81
4969,-31
4970,-25
4971,-133
4972,-29
4973,-35
4974,-29
4975,-27
4976,-29
4977,-125
4978,-31
4979,-27
4980,-33
4981,-77
4982,-29
4983,-200
4984,-137
4985,-79
4986,-79
4987,-27
4988,-75
4989,-85
4990,-79
4991,-79
4992,-129
4993,-79
4994,-200
4995,-35
4996,-25
4997,-35
4998,-27
4999,-79
5000,-33
5001,-129
5002,-33
5003,-81
5004,-25
5005,-131
5006,-175
5007,-33
5008,-81
5009,-77
5010,-81
5011,-281
5012,-89
5013,-75
5014,-79
5015,-83
5016,-77
5017,-35
5018,-77
5019,-85
5020,-29
5021,-25
5022,-83
5023,-85
5024,-135
5025,-29
5026,-79
5027,-133
5028,-27
5029,-79
5030,-27
5031,-277
5032,-127
5033,-129
5034,-75
5035,-31
5036,-81
5037,-79
5038,-133
5039,-27
5040,-79
5041,-79
5042,-27
5043,-129
5044,-29
5045,-37
5046,-79
5047,-31
5048,-75
5049,-27
5050,-35
5051,-25
5052,-208
5053,-31
5054,-29
5055,-75
5056,-31
5057,-129
5058,-129
5059,-29
5060,-29
5061,-329
5062,-431
5063,-25
5064,-129
5065,-29
5066,-27
5067,-362
5068,-133
5069,-129
5070,-29
5071,-202
5072,-27
5073,-85
5074,-79
5075,-202
5076,-77
5077,-81
5078,-29
5079,-27
5080,-33
5081,-79
5082,-27
5083,-83
5084,-31
5085,-85
5086,-131
5087,-27
5088,-29
5089,-31
5090,-127
5091,-35
5092,-125
5093,-129
5094,-25
5095,-237
5096,-177
5097,-329
5098,-125
5099,-25
5100,-81
5101,-133
5102,-31
5103,-77
5104,-125
5105,-79
5106,-37
5107,-179
5108,-133
5109,-25
5110,-31
5111,-81
5112,-83
5113,-77
5114,-87
5115,-125
5116,-81
5117,-29
5118,-77
5119,-77
5120,-37
5121,-33
5122,-25
5123,-81
5124,-25
5125,-27
5126,-79
5127,-27
5128,-85
5129,-77
5130,-31
5131,-29
5132,-81
5133,-75
5134,-177
5135,-31
5136,-31
5137,-25
5138,-31
5139,-31
5140,-25
5141,-33
5142,-77
5143,-202
5144,-85
5145,-129
5146,-77
5147,-31
5148,-129
5149,-31
5150,-77
5151,-83
5152,-81
5153,-25
5154,-31
5155,-129
5156,-79
5157,-27
5158,-27
5159,-135
5160,-79
5161,-83
5162,-29
5163,-129
5164,-27
5165,-25
5166,-33
5167,-31
5168,-85
5169,-77
5170,-83
5171,-27
5172,-81
5173,-202
5174,-29
5175,-252
5176,-35
5177,-77
5178,-77
5179,-79
5180,-29
5181,-31
5182,-25
5183,-127
5184,-35
5185,-27
5186,-25
5187,-29
5188,-141
5189,-27
5190,-81
5191,-75
5192,-127
5193,-83
5194,-35
5195,-129
5196,-27
5197,-29
5198,-33
5199,-27
5200,-85
5201,-29
5202,-229
5203,-137
5204,-381
5205,-75
5206,-81
5207,-75
5208,-33
5209,-31
5210,-31
5211,-79
5212,-25
5213,-33
5214,-29
5215,-81
5216,-129
5217,-27
5218,-33
5219,-35
5220,-254
5221,-25
5222,-83
5223,-25
5224,-87
5225,-77
5226,-81
5227,-277
5228,-31
5229,-33
5230,-131
5231,-202
5232,-79
5233,-227
5234,-77
5235,-27
5236,-179
5237,-85
5238,-129
5239,-79
5240,-129
5241,-81
5242,-125
5243,-25
5244,-85
5245,-125
5246,-81
5247,-79
5248,-83
5249,-81
5250,-27
5251,-29
5252,-29
5253,-33
5254,-31
5255,-200
5256,-31
5257,-129
5258,-133
5259,-39
5260,-25
5261,-33
5262,-31
5263,-131
5264,-27
5265,-77
5266,-125
5267,-233
5268,-27
5269,-281
5270,-31
5271,-29
5272,-29
5273,-77
5274,-502
5275,-81
5276,-85
5277,-83
5278,-27
5279,-37
5280,-25
5281,-79
5282,-135
5283,-29
5284,-27
5285,-25
5286,-31
5287,-133
5288,-33
5289,-29
5290,-33
5291,-31
5292,-33
5293,-25
5294,-27
5295,-129
5296,-29
5297,-81
5298,-31
5299,-29
5300,-27
5301,-31
5302,-31
5303,-181
5304,-31
5305,-79
5306,-133
5307,-27
5308,-29
5309,-33
5310,-29
5311,-127
5312,-29
5313,-29
5314,-133
5315,-75
5316,-187
5317,-29
5318,-377
5319,-29
5320,-133
5321,-33
5322,-127
5323,-31
5324,-183
5325,-127
5326,-27
5327,-177
5328,-135
5329,-33
5330,-179
5331,-79
5332,-31
5333,-25
5334,-81
5335,-81
5336,-81
5337,-33
5338,-77
5339,-125
5340,-231
5341,-29
5342,-131
5343,-179
5344,-129
5345,-129
5346,-79
5347,-81
5348,-77
5349,-79
5350,-31
5351,-81
5352,-35
5353,-79
5354,-31
5355,-127
5356,-83
5357,-135
5358,-27
5359,-31
5360,-29
5361,-256
5362,-29
5363,-383
5364,-81
5365,-31
5366,-237
5367,-77
5368,-31
5369,-27
5370,-81
5371,-77
5372,-127
5373,-81
5374,-29
5375,-29
5376,-27
5377,-25
5378,-81
5379,-85
5380,-281
5381,-29
5382,-29
5383,-27
5384,-31
5385,-29
5386,-233
5387,-79
5388,-33
5389,-179
5390,-31
5391,-29
5392,-185
5393,-83
5394,-33
5395,-27
5396,-91
5397,-25
5398,-29
5399,-81
5400,-125
5401,-81
5402,-229
5403,-27
5404,-27
5405,-81
5406,-293
5407,-31
5408,-129
5409,-27
5410,-25
5411,-29
5412,-31
5413,-79
5414,-31
5415,-229
5416,-33
5417,-79
5418,-229
5419,-27
5420,-277
5421,-125
5422,-29
5423,-183
5424,-131
5425,-33
5426,-29
5427,-79
5428,-83
5429,-27
5430,-204
5431,-25
5432,-33
5433,-77
5434,-131
5435,-29
5436,-81
5437,-200
5438,-27
5439,-81
5440,-81
5441,-33
5442,-210
5443,-25
5444,-75
5445,-137
5446,-25
5447,-179
5448,-183
5449,-202
5450,-31
5451,-27
5452,-29
5453,-33
5454,-79
5455,-29
5456,-81
5457,-83
5458,-129
5459,-83
5460,-31
5461,-27
5462,-31
5463,-379
5464,-127
5465,-133
5466,-29
5467,-77
5468,-29
5469,-83
5470,-29
5471,-31
5472,-81
5473,-77
5474,-483
5475,-133
5476,-31
5477,-85
5478,-385
5479,-200
5480,-29
5481,-77
5482,-85
5483,-133
5484,-77
5485,-29
5486,-29
5487,-75
5488,-131
5489,-29
5490,-79
5491,-25
5492,-85
5493,-31
5494,-25
5495,-179
5496,-35
5497,-25
5498,-25
5499,-29
5500,-81
5501,-27
5502,-35
5503,-27
5504,-29
5505,-79
5506,-29
5507,-75
5508,-300
5509,-241
5510,-27
5511,-27
5512,-27
5513,-131
5514,-27
5515,-25
5516,-85
5517,-35
5518,-29
5519,-81
5520,-83
5521,-127
5522,-181
5523,-189
5524,-25
5525,-29
5526,-31
5527,-31
5528,-31
5529,-75
5530,-25
5531,-331
5532,-37
5533,-77
5534,-227
5535,-31
5536,-25
5537,-27
5538,-25
5539,-29
5540,-31
5541,-31
5542,-183
5543,-29
5544,-177
5545,-33
5546,-27
5547,-75
5548,-129
5549,-79
5550,-85
5551,-127
5552,-25
5553,-37
5554,-81
5555,-187
5556,-31
5557,-181
5558,-135
5559,-77
5560,-29
5561,-79
5562,-79
5563,-27
5564,-79
5565,-135
5566,-37
5567,-29
5568,-81
5569,-327
5570,-33
5571,-179
5572,-31
5573,-135
5574,-81
5575,-79
5576,-25
5577,-33
5578,-79
5579,-25
5580,-185
5581,-27
5582,-131
5583,-27
5584,-210
5585,-27
5586,-131
5587,-77
5588,-77
5589,-481
5590,-79
5591,-133
5592,-25
5593,-29
5594,-131
5595,-25
5596,-29
5597,-27
5598,-39
5599,-281
5600,-31
5601,-87
5602,-25
5603,-129
5604,-29
5605,-129
5606,-260
5607,-27
5608,-79
5609,-125
5610,-27
5611,-33
5612,-33
5613,-75
5614,-33
5615,-200
5616,-135
5617,-25
5618,-25
5619,-131
5620,-81
5621,-27
5622,-31
5623,-81
5624,-29
5625,-83
5626,-256
5627,-177
5628,-77
5629,-25
5630,-39
5631,-25
5632,-252
5633,-81
5634,-27
5635,-77
5636,-27
5637,-83
5638,-202
5639,-79
5640,-85
5641,-37
5642,-77
5643,-131
5644,-31
5645,-25
5646,-35
5647,-81
5648,-275
5649,-25
5650,-37
5651,-27
5652,-83
5653,-27
5654,-129
5655,-181
5656,-177
5657,-27
5658,-25
5659,-31
5660,-31
5661,-77
5662,-127
5663,-31
5664,-35
5665,-81
5666,-29
5667,-25
5668,-29
5669,-27
5670,-131
5671,-77
5672,-33
5673,-77
5674,-75
5675,-83
5676,-181
5677,-33
5678,-75
5679,-25
5680,-135
5681,-208
5682,-29
5683,-25
5684,-129
5685,-31
5686,-33
5687,-29
5688,-77
5689,-75
5690,-29
5691,-27
5692,-35
5693,-35
5694,-29
5695,-83
5696,-29
5697,-79
5698,-202
5699,-125
5700,-29
5701,-31
5702,-87
5703,-27
5704,-29
5705,-208
5706,-127
5707,-83
5708,-29
5709,-25
5710,-29
5711,-27
5712,-29
5713,-79
5714,-81
5715,-31
5716,-131
5717,-75
5718,-29
5719,-29
5720,-29
5721,-77
5722,-85
5723,-183
5724,-25
5725,-29
5726,-31
5727,-29
5728,-29
5729,-33
5730,-83
5731,-77
5732,-131
5733,-135
5734,-502
5735,-31
5736,-231
5737,-125
5738,-129
5739,-27
5740,-31
5741,-33
5742,-27
5743,-81
5744,-35
5745,-25
5746,-83
5747,-185
5748,-350
5749,-125
5750,-133
5751,-31
5752,-202
5753,-85
5754,-27
5755,-31
5756,-29
5757,-29
5758,-179
5759,-83
5760,-175
5761,-79
5762,-77
5763,-27
5764,-85
5765,-25
5766,-31
5767,-133
5768,-83
5769,-25
5770,-127
5771,-33
5772,-33
5773,-79
5774,-27
5775,-35
5776,-79
5777,-181
5778,-31
5779,-79
5780,-27
5781,-175
5782,-33
5783,-185
5784,-29
5785,-27
5786,-27
5787,-29
5788,-33
5789,-200
5790,-258
5791,-125
5792,-27
5793,-137
5794,-27
5795,-181
5796,-133
5797,-83
5798,-133
5799,-81
5800,-25
5801,-279
5802,-27
5803,-79
5804,-29
5805,-325
5806,-306
5807,-31
5808,-29
5809,-25
5810,-29
5811,-89
5812,-75
5813,-29
5814,-129
5815,-81
5816,-204
5817,-204
5818,-27
5819,-81
5820,-85
5821,-25
5822,-27
5823,-29
5824,-206
5825,-177
5826,-77
5827,-29
5828,-25
5829,-131
5830,-27
5831,-310
5832,-29
5833,-25
5834,-25
5835,-29
5836,-231
5837,-79
5838,-131
5839,-25
5840,-29
5841,-229
5842,-81
5843,-27
5844,-83
5845,-125
5846,-31
5847,-33
5848,-181
5849,-27
5850,-27
5851,-85
5852,-79
5853,-129
5854,-77
5855,-27
5856,-25
5857,-77
5858,-85
5859,-31
5860,-200
5861,-129
5862,-31
5863,-75
5864,-31
5865,-79
5866,-83
5867,-25
5868,-131
5869,-79
5870,-81
5871,-27
5872,-83
5873,-77
5874,-258
5875,-29
5876,-233
5877,-81
5878,-27
5879,-27
5880,-89
5881,-29
5882,-27
5883,-25
5884,-233
5885,-258
5886,-177
5887,-131
5888,-81
5889,-77
5890,-75
5891,-27
5892,-37
5893,-37
5894,-133
5895,-81
5896,-127
5897,-83
5898,-81
5899,-77
5900,-79
5901,-75
5902,-141
5903,-381
5904,-25
5905,-33
5906,-183
5907,-25
5908,-31
5909,-233
5910,-79
5911,-31
5912,-27
5913,-35
5914,-77
5915,-133
5916,-231
5917,-125
5918,-75
5919,-135
5920,-135
5921,-183
5922,-29
5923,-29
5924,-79
5925,-133
5926,-29
5927,-33
5928,-25
5929,-27
5930,-77
5931,-139
5932,-81
5933,-29
5934,-127
5935,-81
5936,-31
5937,-79
5938,-77
5939,-127
5940,-29
5941,-135
5942,-25
5943,-179
5944,-193
5945,-327
5946,-208
5947,-31
5948,-27
5949,-200
5950,-135
5951,-29
5952,-125
5953,-33
5954,-87
5955,-25
5956,-27
5957,-79
5958,-25
5959,-29
5960,-35
5961,-125
5962,-27
5963,-85
5964,-83
5965,-229
5966,-31
5967,-29
5968,-31
5969,-133
5970,-179
5971,-33
5972,-29
5973,-129
5974,-81
5975,-25
5976,-25
5977,-35
5978,-79
5979,-77
5980,-77
5981,-81
5982,-131
5983,-231
5984,-250
5985,-33
5986,-31
5987,-79
5988,-77
5989,-35
5990,-25
5991,-31
5992,-75
5993,-33
5994,-25
5995,-202
5996,-29
5997,-29
5998,-33
5999,-25
6000,-29
6001,-31
6002,-79
6003,-127
6004,-81
6005,-77
6006,-175
6007,-29
6008,-27
6009,-33
6010,-79
6011,-27
6012,-31
6013,-129
6014,-25
6015,-29
6016,-77
6017,-35
6018,-27
6019,-77
6020,-31
6021,-77
6022,-77
6023,-27
6024,-25
6025,-37
6026,-33
6027,-285
6028,-125
6029,-31
6030,-85
6031,-25
6032,-83
6033,-27
6034,-183
6035,-79
6036,-31
6037,-25
6038,-27
6039,-89
6040,-27
6041,-27
6042,-79
6043,-125
6044,-206
6045,-27
6046,-477
6047,-91
6048,-75
6049,-29
6050,-81
6051,-25
6052,-325
6053,-31
6054,-135
6055,-29
6056,-79
6057,-206
6058,-29
6059,-127
6060,-227
6061,-29
6062,-185
6063,-27
6064,-33
6065,-77
6066,-131
6067,-200
6068,-33
6069,-75
6070,-79
6071,-79
6072,-31
6073,-77
6074,-181
6075,-33
6076,-29
6077,-137
6078,-31
6079,-79
6080,-204
6081,-231
6082,-31
6083,-29
6084,-33
6085,-79
6086,-25
6087,-81
6088,-79
6089,-29
6090,-131
6091,-27
6092,-79
6093,-31
6094,-25
6095,-29
6096,-81
6097,-81
6098,-79
6099,-131
6100,-377
6101,-239
6102,-25
6103,-129
6104,-83
6105,-27
6106,-25
6107,-181
6108,-37
6109,-27
6110,-79
6111,-29
6112,-25
6113,-333
6114,-25
6115,-35
6116,-27
6117,-75
6118,-129
6119,-79
6120,-29
6121,-25
6122,-35
6123,-77
6124,-31
6125,-379
6126,-135
6127,-29
6128,-27
6129,-29
6130,-33
6131,-29
6132,-31
6133,-133
6134,-33
6135,-125
6136,-81
6137,-77
6138,-31
6139,-35
6140,-177
6141,-25
6142,-31
6143,-31
6144,-31
6145,-31
6146,-25
6147,-33
6148,-75
6149,-29
6150,-77
6151,-27
6152,-77
6153,-133
6154,-29
6155,-33
6156,-29
6157,-77
6158,-27
6159,-33
6160,-85
6161,-77
6162,-75
6163,-29
6164,-75
6165,-37
6166,-79
6167,-81
6168,-87
6169,-181
6170,-27
6171,-81
6172,-79
6173,-27
6174,-25
6175,-241
6176,-25
6177,-79
6178,-127
6179,-31
6180,-31
6181,-29
6182,-25
6183,-137
6184,-33
6185,-81
6186,-75
6187,-29
6188,-206
6189,-31
6190,-33
6191,-89
6192,-75
6193,-79
6194,-79
6195,-31
6196,-31
6197,-75
6198,-35
6199,-133
6200,-127
6201,-85
6202,-204
6203,-29
6204,-75
6205,-33
6206,-87
6207,-131
6208,-27
6209,-175
6210,-183
6211,-25
6212,-31
6213,-29
6214,-29
6215,-183
6216,-29
6217,-33
6218,-29
6219,-25
6220,-77
6221,-27
6222,-135
6223,-29
6224,-29
6225,-31
6226,-204
6227,-75
6228,-81
6229,-177
6230,-75
6231,-29
6232,-137
6233,-25
6234,-302
6235,-31
6236,-181
6237,-79
6238,-83
6239,-27
6240,-33
6241,-79
6242,-129
6243,-81
6244,-125
6245,-35
6246,-81
6247,-125
6248,-85
6249,-77
6250,-87
6251,-27
6252,-202
6253,-33
6254,-125
6255,-29
6256,-31
6257,-25
6258,-81
6259,-29
6260,-129
6261,-77
6262,-33
6263,-131
6264,-25
6265,-227
6266,-81
6267,-33
6268,-27
6269,-77
6270,-79
6271,-254
6272,-79
6273,-131
6274,-27
6275,-133
6276,-25
6277,-29
6278,-81
6279,-29
6280,-25
6281,-31
6282,-202
6283,-33
6284,-39
6285,-175
6286,-200
6287,-181
6288,-29
6289,-75
6290,-91
6291,-29
6292,-31
6293,-25
6294,-31
6295,-27
6296,-33
6297,-29
6298,-85
6299,-27
6300,-29
6301,-202
6302,-27
6303,-331
6304,-81
6305,-31
6306,-179
6307,-177
6308,-27
6309,-27
6310,-31
6311,-79
6312,-85
6313,-27
6314,-129
6315,-229
6316,-81
6317,-29
6318,-29
6319,-29
6320,-27
6321,-181
6322,-79
6323,-31
6324,-81
6325,-79
6326,-125
6327,-85
6328,-87
6329,-75
6330,-25
6331,-83
6332,-27
6333,-29
6334,-231
6335,-135
6336,-25
6337,-27
6338,-29
6339,-83
6340,-204
6341,-127
6342,-335
6343,-231
6344,-185
6345,-79
6346,-254
6347,-129
6348,-79
6349,-85
6350,-85
6351,-29
6352,-25
6353,-35
6354,-254
6355,-125
6356,-83
6357,-29
6358,-27
6359,-127
6360,-79
6361,-204
6362,-187
6363,-27
6364,-35
6365,-77
6366,-227
6367,-29
6368,-27
6369,-81
6370,-81
6371,-135
6372,-77
6373,-29
6374,-75
6375,-79
6376,-89
6377,-29
6378,-29
6379,-181
6380,-31
6381,-29
6382,-29
6383,-29
6384,-81
6385,-133
6386,-25
6387,-27
6388,-85
6389,-29
6390,-133
6391,-29
6392,-29
6393,-177
6394,-29
6395,-233
6396,-89
6397,-79
6398,-204
6399,-25
6400,-133
6401,-75
6402,-77
6403,-135
6404,-79
6405,-179
6406,-25
6407,-27
6408,-327
6409,-35
6410,-79
6411,-77
6412,-79
6413,-85
6414,-31
6415,-31
6416,-27
6417,-77
6418,-139
6419,-25
6420,-33
6421,-25
6422,-37
6423,-77
6424,-79
6425,-77
6426,-29
6427,-125
6428,-308
6429,-29
6430,-79
6431,-81
6432,-185
6433,-31
6434,-233
6435,-289
6436,-81
6437,-29
6438,-133
6439,-177
6440,-27
6441,-29
6442,-29
6443,-25
6444,-37
6445,-79
6446,-27
6447,-25
6448,-29
6449,-33
6450,-133
6451,-33
6452,-135
6453,-25
6454,-79
6455,-75
6456,-75
6457,-25
6458,-83
6459,-31
6460,-75
6461,-81
6462,-131
6463,-31
6464,-129
6465,-33
6466,-25
6467,-81
6468,-81
6469,-81
6470,-75
6471,-33
6472,-204
6473,-25
6474,-206
6475,-329
6476,-29
6477,-27
6478,-179
6479,-25
6480,-33
6481,-129
6482,-25
6483,-25
6484,-87
6485,-79
6486,-39
6487,-79
6488,-279
6489,-129
6490,-131
6491,-29
6492,-379
6493,-25
6494,-27
6495,-135
6496,-33
6497,-131
6498,-29
6499,-143
6500,-29
6501,-27
6502,-29
6503,-181
6504,-29
6505,-25
6506,-225
6507,-187
6508,-77
6509,-33
6510,-83
6511,-77
6512,-77
6513,-183
6514,-29
6515,-129
6516,-33
6517,-27
6518,-125
6519,-233
6520,-25
6521,-27
6522,-85
6523,-79
6524,-25
6525,-131
6526,-81
6527,-177
6528,-77
6529,-27
6530,-29
6531,-81
6532,-27
6533,-35
6534,-83
6535,-25
6536,-131
6537,-25
6538,-35
6539,-35
6540,-27
6541,-129
6542,-31
6543,-25
6544,-37
6545,-133
6546,-79
6547,-250
6548,-27
6549,-33
6550,-81
6551,-127
6552,-79
6553,-29
6554,-27
6555,-81
6556,-31
6557,-200
6558,-204
6559,-29
6560,-27
6561,-33
6562,-75
6563,-31
6564,-81
6565,-25
6566,-129
6567,-83
6568,-77
6569,-77
6570,-29
6571,-33
6572,-202
6573,-77
6574,-125
6575,-31
6576,-83
6577,-79
6578,-25
6579,-77
6580,-27
6581,-79
6582,-33
6583,-77
6584,-77
6585,-33
6586,-33
6587,-75
6588,-29
6589,-27
6590,-33
6591,-129
6592,-25
6593,-29
6594,-31
6595,-75
6596,-139
6597,-25
6598,-85
6599,-25
6600,-231
6601,-75
6602,-25
6603,-31
6604,-85
6605,-77
6606,-27
6607,-79
6608,-137
6609,-25
6610,-85
6611,-208
6612,-77
6613,-79
6614,-81
6615,-29
6616,-75
6617,-181
6618,-29
6619,-33
6620,-29
6621,-29
6622,-79
6623,-79
6624,-29
6625,-27
6626,-29
6627,-33
6628,-25
6629,-139
6630,-31
6631,-27
6632,-27
6633,-31
6634,-131
6635,-250
6636,-27
6637,-39
6638,-29
6639,-131
6640,-85
6641,-27
6642,-31
6643,-27
6644,-27
6645,-81
6646,-33
6647,-27
6648,-179
6649,-29
6650,-131
6651,-81
6652,-79
6653,-29
6654,-29
6655,-85
6656,-81
6657,-177
6658,-35
6659,-79
6660,-325
6661,-79
6662,-81
6663,-27
6664,-281
6665,-135
6666,-29
6667,-75
6668,-27
6669,-79
6670,-191
6671,-83
6672,-31
6673,-83
6674,-479
6675,-27
6676,-127
6677,-85
6678,-31
6679,-79
6680,-29
6681,-81
6682,-225
6683,-87
6684,-131
6685,-77
6686,-93
6687,-77
6688,-33
6689,-77
6690,-29
6691,-202
6692,-77
6693,-31
6694,-31
6695,-79
6696,-29
6697,-27
6698,-127
6699,-27
6700,-33
6701,-77
6702,-79
6703,-79
6704,-185
6705,-27
6706,-31
6707,-229
6708,-81
6709,-133
6710,-27
6711,-27
6712,-31
6713,-33
6714,-206
6715,-29
6716,-79
6717,-29
6718,-206
6719,-254
6720,-133
6721,-29
6722,-129
6723,-77
6724,-133
6725,-175
6726,-83
6727,-131
6728,-87
6729,-237
6730,-133
6731,-27
6732,-31
6733,-79
6734,-29
6735,-29
6736,-31
6737,-31
6738,-129
6739,-202
6740,-81
6741,-27
6742,-37
6743,-135
6744,-131
6745,-27
6746,-183
6747,-87
6748,-29
6749,-79
6750,-27
6751,-133
6752,-77
6753,-77
6754,-31
6755,-77
6756,-31
6757,-227
6758,-81
6759,-29
6760,-29
6761,-29
6762,-208
6763,-129
6764,-33
6765,-77
6766,-29
6767,-75
6768,-35
6769,-25
6770,-29
6771,-29
6772,-31
6773,-37
6774,-233
6775,-183
6776,-200
6777,-131
6778,-29
6779,-225
6780,-189
6781,-27
6782,-131
6783,-81
6784,-79
6785,-87
6786,-25
6787,-133
6788,-79
6789,-29
6790,-31
6791,-31
6792,-125
6793,-131
6794,-27
6795,-283
6796,-127
6797,-33
6798,-29
6799,-77
6800,-83
6801,-83
6802,-254
6803,-77
6804,-131
6805,-131
6806,-29
6807,-177
6808,-31
6809,-25
6810,-33
6811,-83
6812,-81
6813,-79
6814,-279
6815,-29
6816,-231
6817,-31
6818,-75
6819,-27
6820,-25
6821,-75
6822,-77
6823,-85
6824,-137
6825,-129
6826,-379
6827,-83
6828,-325
6829,-31
6830,-29
6831,-25
6832,-33
6833,-29
6834,-127
6835,-27
6836,-85
6837,-79
6838,-335
6839,-202
6840,-27
6841,-27
6842,-133
6843,-27
6844,-31
6845,-79
6846,-29
6847,-85
6848,-81
6849,-29
6850,-27
6851,-133
6852,-29
6853,-133
6854,-179
6855,-29
6856,-129
6857,-29
6858,-131
6859,-25
6860,-27
6861,-131
6862,-29
6863,-27
6864,-85
6865,-29
6866,-179
6867,-187
6868,-27
6869,-75
6870,-79
6871,-27
6872,-31
6873,-135
6874,-77
6875,-29
6876,-75
6877,-27
6878,-204
6879,-33
6880,-33
6881,-33
6882,-131
6883,-25
6884,-33
6885,-131
6886,-127
6887,-27
6888,-77
6889,-87
6890,-29
6891,-129
6892,-231
6893,-81
6894,-83
6895,-225
6896,-25
6897,-33
6898,-79
6899,-89
6900,-77
6901,-27
6902,-25
6903,-81
6904,-75
6905,-239
6906,-31
6907,-29
6908,-25
6909,-37
6910,-31
6911,-127
6912,-25
6913,-25
6914,-31
6915,-202
6916,-177
6917,-129
6918,-81
6919,-31
6920,-85
6921,-175
6922,-87
6923,-27
6924,-25
6925,-289
6926,-77
6927,-77
6928,-29
6929,-81
6930,-81
6931,-25
6932,-85
6933,-25
6934,-35
6935,-179
6936,-33
6937,-25
6938,-33
6939,-131
6940,-129
6941,-129
6942,-77
6943,-31
6944,-81
6945,-33
6946,-79
6947,-29
6948,-125
6949,-79
6950,-179
6951,-33
6952,-29
6953,-131
6954,-131
6955,-25
6956,-27
6957,-27
6958,-33
6959,-81
6960,-81
6961,-83
6962,-133
6963,-129
6964,-85
6965,-77
6966,-33
6967,-27
6968,-83
6969,-77
6970,-135
6971,-27
6972,-31
6973,-225
6974,-29
6975,-27
6976,-25
6977,-237
6978,-81
6979,-187
6980,-25
6981,-25
6982,-131
6983,-233
6984,-77
6985,-29
6986,-204
6987,-131
6988,-81
6989,-75
6990,-31
6991,-83
6992,-83
6993,-27
6994,-133
6995,-29
6996,-25
6997,-29
6998,-81
6999,-31
7000,-127
7001,-183
7002,-79
7003,-79
7004,-85
7005,-175
7006,-85
7007,-135
7008,-79
7009,-200
7010,-27
7011,-79
7012,-25
7013,-129
7014,-135
7015,-77
7016,-185
7017,-129
7018,-29
7019,-131
7020,-27
7021,-87
7022,-81
7023,-77
7024,-89
7025,-29
7026,-27
7027,-27
7028,-31
7029,-25
7030,-25
7031,-75
7032,-89
7033,-183
7034,-25
7035,-179
7036,-29
7037,-129
7038,-202
7039,-31
7040,-81
7041,-131
7042,-277
7043,-229
7044,-29
7045,-127
7046,-125
7047,-27
7048,-231
7049,-33
7050,-33
7051,-81
7052,-33
7053,-127
7054,-81
7055,-27
7056,-183
7057,-133
7058,-25
7059,-27
7060,-133
7061,-206
7062,-25
7063,-127
7064,-75
7065,-202
7066,-260
7067,-79
7068,-27
7069,-29
7070,-81
7071,-83
7072,-29
7073,-125
7074,-229
7075,-189
7076,-87
7077,-131
7078,-87
7079,-29
7080,-137
7081,-133
7082,-25
7083,-129
7084,-129
7085,-29
7086,-25
7087,-25
7088,-131
7089,-31
7090,-85
7091,-29
7092,-77
7093,-25
7094,-33
7095,-91
7096,-25
7097,-131
7098,-131
7099,-35
7100,-25
7101,-129
7102,-131
7103,-29
7104,-29
7105,-33
7106,-200
7107,-25
7108,-139
7109,-129
7110,-133
7111,-77
7112,-187
7113,-81
7114,-27
7115,-202
7116,-27
7117,-235
7118,-135
7119,-75
7120,-81
7121,-25
7122,-27
7123,-137
7124,-200
7125,-29
7126,-135
7127,-177
7128,-229
7129,-202
7130,-81
7131,-127
7132,-81
7133,-135
7134,-81
7135,-29
7136,-135
7137,-27
7138,-83
7139,-29
7140,-83
7141,-25
7142,-177
7143,-77
7144,-29
7145,-29
7146,-33
7147,-27
7148,-227
7149,-227
7150,-81
7151,-31
7152,-133
7153,-77
7154,-27
7155,-25
7156,-39
7157,-31
7158,-31
7159,-77
7160,-79
7161,-31
7162,-200
7163,-229
7164,-29
7165,-79
7166,-85
7167,-77
7168,-31
7169,-131
7170,-75
7171,-83
7172,-25
7173,-79
7174,-79
7175,-85
7176,-79
7177,-29
7178,-83
7179,-131
7180,-127
7181,-39
7182,-79
7183,-179
7184,-35
7185,-31
7186,-77
7187,-29
7188,-129
7189,-179
7190,-31
7191,-83
7192,-81
7193,-131
7194,-181
7195,-127
7196,-35
7197,-29
7198,-27
7199,-79
7200,-81
7201,-31
7202,-25
7203,-31
7204,-29
7205,-75
7206,-81
7207,-85
7208,-25
7209,-79
7210,-131
7211,-31
7212,-77
7213,-29
7214,-177
7215,-33
7216,-27
7217,-31
7218,-27
7219,-79
7220,-37
7221,-81
7222,-27
7223,-27
7224,-81
7225,-77
7226,-79
7227,-27
7228,-29
7229,-410
7230,-131
7231,-27
7232,-27
7233,-139
7234,-275
7235,-79
7236,-25
7237,-81
7238,-25
7239,-83
7240,-29
7241,-75
7242,-131
7243,-83
7244,-25
7245,-29
7246,-25
7247,-175
7248,-35
7249,-25
7250,-31
7251,-81
7252,-29
7253,-75
7254,-29
7255,-77
7256,-31
7257,-81
7258,-87
7259,-83
7260,-79
7261,-77
7262,-33
7263,-29
7264,-31
7265,-204
7266,-27
7267,-31
7268,-27
7269,-31
7270,-135
7271,-81
7272,-25
7273,-29
7274,-227
7275,-79
7276,-133
7277,-79
7278,-25
7279,-81
7280,-131
7281,-129
7282,-29
7283,-204
7284,-29
7285,-85
7286,-227
7287,-29
7288,-33
7289,-333
7290,-83
7291,-27
7292,-27
7293,-25
7294,-79
7295,-25
7296,-81
7297,-83
7298,-35
7299,-25
7300,-81
7301,-289
7302,-129
7303,-27
7304,-29
7305,-31
7306,-79
7307,-33
7308,-25
7309,-125
7310,-33
7311,-29
7312,-27
7313,-79
7314,-179
7315,-85
7316,-79
7317,-27
7318,-25
7319,-29
7320,-83
7321,-81
7322,-79
7323,-414
7324,-81
7325,-127
7326,-179
7327,-79
7328,-229
7329,-27
7330,-83
7331,-81
7332,-335
7333,-77
7334,-25
7335,-131
7336,-37
7337,-27
7338,-129
7339,-29
7340,-29
7341,-77
7342,-33
7343,-229
7344,-81
7345,-77
7346,-131
7347,-81
7348,-81
7349,-27
7350,-81
7351,-450
7352,-81
7353,-33
7354,-131
7355,-27
7356,-81
7357,-31
7358,-29
7359,-75
7360,-179
7361,-135
7362,-204
7363,-81
7364,-29
7365,-79
7366,-83
7367,-29
7368,-25
7369,-33
7370,-125
7371,-33
7372,-27
7373,-206
7374,-75
7375,-33
7376,-202
7377,-29
7378,-77
7379,-33
7380,-27
7381,-27
7382,-29
7383,-27
7384,-125
7385,-37
7386,-131
7387,-29
7388,-29
7389,-79
7390,-35
7391,-331
7392,-125
7393,-29
7394,-87
7395,-25
7396,-131
7397,-25
7398,-35
7399,-77
7400,-33
7401,-29
7402,-27
7403,-27
7404,-206
7405,-233
7406,-75
7407,-131
7408,-29
7409,-133
7410,-125
7411,-29
7412,-31
7413,-77
7414,-87
7415,-79
7416,-206
7417,-31
7418,-25
7419,-83
7420,-125
7421,-79
7422,-29
7423,-85
7424,-31
7425,-77
7426,-85
7427,-175
7428,-29
7429,-81
7430,-29
7431,-129
7432,-27
7433,-81
7434,-35
7435,-29
7436,-27
7437,-235
7438,-29
7439,-75
7440,-31
7441,-83
7442,-129
7443,-25
7444,-77
7445,-31
7446,-233
7447,-75
7448,-27
7449,-77
7450,-79
7451,-127
7452,-79
7453,-27
7454,-33
7455,-137
7456,-185
7457,-29
7458,-81
7459,-31
7460,-27
7461,-35
7462,-29
7463,-75
7464,-125
7465,-33
7466,-33
7467,-75
7468,-29
7469,-441
7470,-29
7471,-29
7472,-125
7473,-83
7474,-33
7475,-75
7476,-25
7477,-125
7478,-33
7479,-79
7480,-33
7481,-250
7482,-27
7483,-89
7484,-79
7485,-131
7486,-133
7487,-25
7488,-125
7489,-29
7490,-83
7491,-33
7492,-27
7493,-31
7494,-77
7495,-208
7496,-83
7497,-29
7498,-131
7499,-27
7500,-202
7501,-89
7502,-29
7503,-81
7504,-31
7505,-77
7506,-202
7507,-91
7508,-75
7509,-25
7510,-41
7511,-25
7512,-83
7513,-77
7514,-87
7515,-77
7516,-29
7517,-129
7518,-75
7519,-129
7520,-31
7521,-27
7522,-35
7523,-27
7524,-27
7525,-31
7526,-131
7527,-25
7528,-185
7529,-25
7530,-79
7531,-81
7532,-83
7533,-79
7534,-29
7535,-139
7536,-25
7537,-75
7538,-85
7539,-77
7540,-206
7541,-27
7542,-33
7543,-252
7544,-85
7545,-77
7546,-233
7547,-177
7548,-33
7549,-181
7550,-31
7551,-27
7552,-185
7553,-79
7554,-79
7555,-77
7556,-79
7557,-83
7558,-77
7559,-25
7560,-31
7561,-31
7562,-75
7563,-183
7564,-33
7565,-31
7566,-83
7567,-35
7568,-125
7569,-85
7570,-29
7571,-27
7572,-27
7573,-81
7574,-33
7575,-83
7576,-27
7577,-25
7578,-75
7579,-127
7580,-187
7581,-27
7582,-33
7583,-29
7584,-33
7585,-29
7586,-29
7587,-79
7588,-85
7589,-133
7590,-27
7591,-131
7592,-77
7593,-143
7594,-25
7595,-79
7596,-29
7597,-31
7598,-325
7599,-206
7600,-31
7601,-81
7602,-79
7603,-29
7604,-29
7605,-33
7606,-31
7607,-129
7608,-133
7609,-27
7610,-81
7611,-31
7612,-29
7613,-81
7614,-33
7615,-279
7616,-29
7617,-29
7618,-81
7619,-135
7620,-83
7621,-85
7622,-129
7623,-27
7624,-33
7625,-229
7626,-77
7627,-129
7628,-129
7629,-95
7630,-31
7631,-179
7632,-33
7633,-77
7634,-200
7635,-131
7636,-27
7637,-85
7638,-81
7639,-81
7640,-75
7641,-29
7642,-25
7643,-83
7644,-81
7645,-77
7646,-31
7647,-27
7648,-81
7649,-79
7650,-31
7651,-27
7652,-204
7653,-27
7654,-27
7655,-29
7656,-79
7657,-175
7658,-79
7659,-83
7660,-133
7661,-181
7662,-77
7663,-79
7664,-125
7665,-83
7666,-77
7667,-39
7668,-77
7669,-79
7670,-75
7671,-83
7672,-175
7673,-77
7674,-29
7675,-37
7676,-29
7677,-77
7678,-83
7679,-83
7680,-33
7681,-250
7682,-31
7683,-79
7684,-129
7685,-127
7686,-229
7687,-33
7688,-408
7689,-79
7690,-29
7691,-25
7692,-77
7693,-27
7694,-29
7695,-79
7696,-29
7697,-83
7698,-133
7699,-254
7700,-129
7701,-31
7702,-75
7703,-43
7704,-79
7705,-31
7706,-77
7707,-29
7708,-31
7709,-27
7710,-27
7711,-33
7712,-25
7713,-135
7714,-300
7715,-79
7716,-127
7717,-81
7718,-81
7719,-27
7720,-135
7721,-133
7722,-83
7723,-79
7724,-27
7725,-29
7726,-202
7727,-204
7728,-77
7729,-135
7730,-81
7731,-206
7732,-27
7733,-83
7734,-175
7735,-33
7736,-79
7737,-81
7738,-83
7739,-31
7740,-129
7741,-77
7742,-31
7743,-229
7744,-131
7745,-29
7746,-127
7747,-31
7748,-85
7749,-29
7750,-85
7751,-25
7752,-25
7753,-31
7754,-27
7755,-29
7756,-83
7757,-75
7758,-279
7759,-89
7760,-37
7761,-81
7762,-27
7763,-79
7764,-33
7765,-29
7766,-79
7767,-33
7768,-25
7769,-29
7770,-35
7771,-31
7772,-79
7773,-200
7774,-83
7775,-77
7776,-31
7777,-225
7778,-25
7779,-129
7780,-31
7781,-31
7782,-27
7783,-29
7784,-75
7785,-281
7786,-27
7787,-27
7788,-185
7789,-29
7790,-127
7791,-129
7792,-27
7793,-39
7794,-127
7795,-125
7796,-79
7797,-31
7798,-35
7799,-129
7800,-25
7801,-135
7802,-25
7803,-27
7804,-187
7805,-31
7806,-81
7807,-29
7808,-79
7809,-29
7810,-75
7811,-27
7812,-31
7813,-139
7814,-77
7815,-81
7816,-85
7817,-77
7818,-29
7819,-31
7820,-29
7821,-133
7822,-77
7823,-131
7824,-202
7825,-27
7826,-29
7827,-129
7828,-29
7829,-185
7830,-35
7831,-31
7832,-137
7833,-31
7834,-25
7835,-77
7836,-29
7837,-75
7838,-29
7839,-256
7840,-29
7841,-83
7842,-29
7843,-27
7844,-183
7845,-31
7846,-133
7847,-27
7848,-31
7849,-33
7850,-25
7851,-256
7852,-81
7853,-33
7854,-31
7855,-77
7856,-29
7857,-27
7858,-29
7859,-77
7860,-262
7861,-31
7862,-233
7863,-127
7864,-31
7865,-29
7866,-81
7867,-83
7868,-77
7869,-79
7870,-131
7871,-75
7872,-25
7873,-81
7874,-187
7875,-25
7876,-85
7877,-131
7878,-75
7879,-131
7880,-81
7881,-208
7882,-125
7883,-79
7884,-200
7885,-133
7886,-25
7887,-125
7888,-29
7889,-83
7890,-31
7891,-206
7892,-375
7893,-25
7894,-79
7895,-341
7896,-27
7897,-429
7898,-79
7899,-31
7900,-129
7901,-127
7902,-129
7903,-229
7904,-31
7905,-206
7906,-125
7907,-191
7908,-77
7909,-200
7910,-75
7911,-183
7912,-31
7913,-131
7914,-31
7915,-227
7916,-202
7917,-131
7918,-131
7919,-129
7920,-87
7921,-83
7922,-135
7923,-179
7924,-75
7925,-33
7926,-27
7927,-206
7928,-25
7929,-27
7930,-29
7931,-35
7932,-175
7933,-31
7934,-131
7935,-29
7936,-29
7937,-79
7938,-31
7939,-225
7940,-25
7941,-29
7942,-87
7943,-33
7944,-29
7945,-75
7946,-85
7947,-202
7948,-77
7949,-77
7950,-131
7951,-185
7952,-31
7953,-81
7954,-77
7955,-31
7956,-429
7957,-87
7958,-75
7959,-81
7960,-29
7961,-135
7962,-77
7963,-185
7964,-77
7965,-25
7966,-29
7967,-210
7968,-79
7969,-202
7970,-25
7971,-83
7972,-31
7973,-131
7974,-81
7975,-139
7976,-27
7977,-31
7978,-25
7979,-183
7980,-77
7981,-31
7982,-27
7983,-77
7984,-29
7985,-27
7986,-29
7987,-85
7988,-31
7989,-127
7990,-89
7991,-75
7992,-79
7993,-79
7994,-177
7995,-79
7996,-29
7997,-29
7998,-77
7999,-27
8000,-77
8001,-29
8002,-89
8003,-29
8004,-29
8005,-27
8006,-33
8007,-129
8008,-85
8009,-202
8010,-79
8011,-29
8012,-27
8013,-31
8014,-29
8015,-85
8016,-27
8017,-79
8018,-31
8019,-31
8020,-135
8021,-77
8022,-27
8023,-31
8024,-81
8025,-29
8026,-25
8027,-85
8028,-81
8029,-202
8030,-137
8031,-129
8032,-27
8033,-29
8034,-89
8035,-75
8036,-204
8037,-29
8038,-125
8039,-127
8040,-127
8041,-31
8042,-208
8043,-31
8044,-181
8045,-31
8046,-79
8047,-83
8048,-31
8049,-129
8050,-79
8051,-25
8052,-35
8053,-81
8054,-27
8055,-81
8056,-202
8057,-81
8058,-27
8059,-25
8060,-85
8061,-129
8062,-35
8063,-127
8064,-81
8065,-25
8066,-31
8067,-83
8068,-31
8069,-25
8070,-31
8071,-31
8072,-200
8073,-256
8074,-77
8075,-31
8076,-77
8077,-31
8078,-25
8079,-206
8080,-77
8081,-79
8082,-29
8083,-27
8084,-29
8085,-185
8086,-229
8087,-31
8088,-77
8089,-35
8090,-31
8091,-29
8092,-187
8093,-27
8094,-35
8095,-79
8096,-25
8097,-129
8098,-35
8099,-27
8100,-204
8101,-83
8102,-129
8103,-27
8104,-125
8105,-31
8106,-183
8107,-131
8108,-27
8109,-77
8110,-79
8111,-31
8112,-31
8113,-79
8114,-29
8115,-77
8116,-81
8117,-87
8118,-29
8119,-79
8120,-75
8121,-35
8122,-131
8123,-337
8124,-29
8125,-125
8126,-31
8127,-33
8128,-27
8129,-125
8130,-137
8131,-27
8132,-35
8133,-27
8134,-81
8135,-27
8136,-81
8137,-81
8138,-175
8139,-35
8140,-352
8141,-29
8142,-31
8143,-129
8144,-79
8145,-31
8146,-81
8147,-29
8148,-79
8149,-135
8150,-75
8151,-31
8152,-129
8153,-31
8154,-27
8155,-33
8156,-31
8157,-75
8158,-29
8159,-33
8160,-31
8161,-187
8162,-77
8163,-304
8164,-131
8165,-77
8166,-31
8167,-200
8168,-31
8169,-81
8170,-31
8171,-179
8172,-31
8173,-75
8174,-25
8175,-135
8176,-29
8177,-27
8178,-31
8179,-75
8180,-79
8181,-177
8182,-29
8183,-83
8184,-29
8185,-25
8186,-31
8187,-27
8188,-29
8189,-33
8190,-27
8191,-27
8192,-33
8193,-81
8194,-135
8195,-25
8196,-125
8197,-83
8198,-87
8199,-131
8200,-129
8201,-77
8202,-33
8203,-25
8204,-31
8205,-252
8206,-29
8207,-31
8208,-183
8209,-179
8210,-31
8211,-31
8212,-27
8213,-33
8214,-31
8215,-29
8216,-29
8217,-127
8218,-135
8219,-131
8220,-89
8221,-29
8222,-200
8223,-83
8224,-256
8225,-131
8226,-181
8227,-29
8228,-75
8229,-227
8230,-139
8231,-77
8232,-29
8233,-177
8234,-79
8235,-89
8236,-77
8237,-81
8238,-131
8239,-200
8240,-83
8241,-25
8242,-31
8243,-129
8244,-29
8245,-127
8246,-25
8247,-137
8248,-31
8249,-25
8250,-29
8251,-127
8252,-37
8253,-77
8254,-139
8255,-27
8256,-35
8257,-425
8258,-79
8259,-75
8260,-79
8261,-31
8262,-75
8263,-79
8264,-191
8265,-77
8266,-33
8267,-233
8268,-33
8269,-27
8270,-25
8271,-79
8272,-29
8273,-31
8274,-227
8275,-83
8276,-81
8277,-77
8278,-235
8279,-131
8280,-225
8281,-29
8282,-204
8283,-31
8284,-25
8285,-81
8286,-175
8287,-31
8288,-25
8289,-135
8290,-81
8291,-183
8292,-27
8293,-81
8294,-200
8295,-81
8296,-29
8297,-33
8298,-77
8299,-29
8300,-137
8301,-375
8302,-29
8303,-27
8304,-79
8305,-27
8306,-29
8307,-143
8308,-125
8309,-79
8310,-29
8311,-127
8312,-183
8313,-133
8314,-81
8315,-89
8316,-75
8317,-83
8318,-25
8319,-75
8320,-283
8321,-31
8322,-25
8323,-279
8324,-79
8325,-137
8326,-127
8327,-31
8328,-181
8329,-25
8330,-79
8331,-83
8332,-31
8333,-83
8334,-79
8335,-127
8336,-29
8337,-81
8338,-83
8339,-233
8340,-29
8341,-129
8342,-27
8343,-31
8344,-231
8345,-81
8346,-77
8347,-87
8348,-77
8349,-77
8350,-27
8351,-75
8352,-35
8353,-29
8354,-83
8355,-25
8356,-85
8357,-131
8358,-79
8359,-25
8360,-79
8361,-75
8362,-85
8363,-75
8364,-31
8365,-79
8366,-81
8367,-231
8368,-81
8369,-29
8370,-29
8371,-33
8372,-75
8373,-258
8374,-131
8375,-83
8376,-129
8377,-25
8378,-83
8379,-335
8380,-27
8381,-133
8382,-25
8383,-75
8384,-210
8385,-29
8386,-83
8387,-33
8388,-75
8389,-179
8390,-202
8391,-35
8392,-77
8393,-27
8394,-29
8395,-185
8396,-27
8397,-27
8398,-29
8399,-129
8400,-206
8401,-135
8402,-79
8403,-133
8404,-204
8405,-31
8406,-29
8407,-125
8408,-81
8409,-35
8410,-27
8411,-29
8412,-85
8413,-277
8414,-139
8415,-81
8416,-131
8417,-33
8418,-27
8419,-31
8420,-77
8421,-77
8422,-83
8423,-27
8424,-27
8425,-27
8426,-35
8427,-77
8428,-79
8429,-29
8430,-29
8431,-27
8432,-31
8433,-29
8434,-131
8435,-29
8436,-35
8437,-25
8438,-25
8439,-329
8440,-133
8441,-29
8442,-27
8443,-83
8444,-83
8445,-31
8446,-79
8447,-31
8448,-275
8449,-29
8450,-77
8451,-33
8452,-81
8453,-83
8454,-27
8455,-81
8456,-131
8457,-131
8458,-29
8459,-31
8460,-81
8461,-81
8462,-27
8463,-29
8464,-29
8465,-25
8466,-204
8467,-83
8468,-133
8469,-31
8470,-43
8471,-25
8472,-83
8473,-237
8474,-79
8475,-29
8476,-137
8477,-181
8478,-79
8479,-29
8480,-29
8481,-35
8482,-33
8483,-129
8484,-77
8485,-79
8486,-31
8487,-185
8488,-229
8489,-25
8490,-29
8491,-229
8492,-29
8493,-75
8494,-29
8495,-239
8496,-25
8497,-27
8498,-79
8499,-25
8500,-81
8501,-187
8502,-31
8503,-29
8504,-81
8505,-129
8506,-75
8507,-31
8508,-181
8509,-185
8510,-233
8511,-31
8512,-81
8513,-29
8514,-210
8515,-79
8516,-79
8517,-83
8518,-229
8519,-25
8520,-177
8521,-29
8522,-33
8523,-77
8524,-179
8525,-75
8526,-229
8527,-77
8528,-91
8529,-75
8530,-25
8531,-127
8532,-83
8533,-33
8534,-179
8535,-79
8536,-129
8537,-33
8538,-27
8539,-27
8540,-81
8541,-83
8542,-81
8543,-129
8544,-133
8545,-75
8546,-79
8547,-85
8548,-206
8549,-129
8550,-135
8551,-129
8552,-181
8553,-77
8554,-185
8555,-133
8556,-27
8557,-31
8558,-29
8559,-33
8560,-27
8561,-79
8562,-127
8563,-29
8564,-231
8565,-81
8566,-29
8567,-79
8568,-77
8569,-204
8570,-35
8571,-129
8572,-135
8573,-29
8574,-29
8575,-31
8576,-279
8577,-125
8578,-131
8579,-33
8580,-179
8581,-125
8582,-75
8583,-33
8584,-339
8585,-127
8586,-227
8587,-35
8588,-181
8589,-208
8590,-27
8591,-81
8592,-137
8593,-79
8594,-27
8595,-83
8596,-25
8597,-33
8598,-29
8599,-75
8600,-35
8601,-77
8602,-33
8603,-29
8604,-131
8605,-129
8606,-83
8607,-135
8608,-129
8609,-79
8610,-206
8611,-29
8612,-29
8613,-75
8614,-204
8615,-29
8616,-206
8617,-129
8618,-33
8619,-25
8620,-79
8621,-27
8622,-29
8623,-35
8624,-77
8625,-29
8626,-29
8627,-77
8628,-79
8629,-137
8630,-77
8631,-129
8632,-129
8633,-29
8634,-25
8635,-83
8636,-204
8637,-79
8638,-183
8639,-206
8640,-131
8641,-31
8642,-27
8643,-189
8644,-33
8645,-31
8646,-81
8647,-129
8648,-33
8649,-25
8650,-25
8651,-31
8652,-79
8653,-77
8654,-129
8655,-229
8656,-35
8657,-27
8658,-81
8659,-137
8660,-81
8661,-27
8662,-81
8663,-279
8664,-77
8665,-81
8666,-193
8667,-77
8668,-35
8669,-225
8670,-31
8671,-75
8672,-31
8673,-87
8674,-29
8675,-308
8676,-25
8677,-79
8678,-27
8679,-35
8680,-229
8681,-81
8682,-81
8683,-31
8684,-85
8685,-29
8686,-25
8687,-79
8688,-433
8689,-129
8690,-127
8691,-256
8692,-131
8693,-83
8694,-77
8695,-81
8696,-77
8697,-135
8698,-81
8699,-77
8700,-127
8701,-33
8702,-77
8703,-27
8704,-31
8705,-31
8706,-27
8707,-29
8708,-79
8709,-75
8710,-85
8711,-35
8712,-27
8713,-33
8714,-27
8715,-77
8716,-81
8717,-77
8718,-33
8719,-29
8720,-87
8721,-83
8722,-27
8723,-79
8724,-27
8725,-25
8726,-35
8727,-25
8728,-77
8729,-25
8730,-85
8731,-31
8732,-27
8733,-29
8734,-75
8735,-27
8736,-27
8737,-85
8738,-39
8739,-25
8740,-31
8741,-127
8742,-79
8743,-177
8744,-31
8745,-27
8746,-29
8747,-429
8748,-87
8749,-27
8750,-31
8751,-35
8752,-75
8753,-179
8754,-31
8755,-81
8756,-31
8757,-77
8758,-31
8759,-25
8760,-33
8761,-31
8762,-83
8763,-77
8764,-77
8765,-85
8766,-29
8767,-27
8768,-83
8769,-79
8770,-27
8771,-27
8772,-131
8773,-181
8774,-33
8775,-27
8776,-79
8777,-29
8778,-25
8779,-81
8780,-29
8781,-77
8782,-29
8783,-131
8784,-79
8785,-206
8786,-235
8787,-79
8788,-127
8789,-129
8790,-39
8791,-29
8792,-129
8793,-233
8794,-135
8795,-31
8796,-231
8797,-87
8798,-327
8799,-33
8800,-27
8801,-183
8802,-183
8803,-175
8804,-27
8805,-81
8806,-189
8807,-129
8808,-25
8809,-87
8810,-131
8811,-127
8812,-27
8813,-33
8814,-83
8815,-81
8816,-125
8817,-131
8818,-25
8819,-87
8820,-79
8821,-77
8822,-29
8823,-37
8824,-25
8825,-137
8826,-29
8827,-227
8828,-29
8829,-27
8830,-85
8831,-27
8832,-27
8833,-25
8834,-81
8835,-83
8836,-83
8837,-135
8838,-27
8839,-75
8840,-39
8841,-29
8842,-79
8843,-27
8844,-27
8845,-77
8846,-256
8847,-75
8848,-85
8849,-35
8850,-81
8851,-275
8852,-33
8853,-77
8854,-133
8855,-79
8856,-129
8857,-79
8858,-137
8859,-85
8860,-25
8861,-25
8862,-29
8863,-133
8864,-81
8865,-27
8866,-200
8867,-89
8868,-202
8869,-129
8870,-29
8871,-27
8872,-35
8873,-27
8874,-29
8875,-277
8876,-31
8877,-27
8878,-83
8879,-204
8880,-183
8881,-25
8882,-206
8883,-29
8884,-83
8885,-29
8886,-75
8887,-81
8888,-29
8889,-179
8890,-29
8891,-29
8892,-31
8893,-25
8894,-31
8895,-29
8896,-29
8897,-29
8898,-33
8899,-83
8900,-127
8901,-129
8902,-29
8903,-27
8904,-204
8905,-81
8906,-81
8907,-75
8908,-206
8909,-27
8910,-35
8911,-79
8912,-33
8913,-27
8914,-79
8915,-31
8916,-129
8917,-25
8918,-31
8919,-237
8920,-77
8921,-25
8922,-75
8923,-29
8924,-181
8925,-29
8926,-75
8927,-27
8928,-29
8929,-131
8930,-29
8931,-27
8932,-181
8933,-131
8934,-87
8935,-29
8936,-79
8937,-25
8938,-29
8939,-33
8940,-79
8941,-79
8942,-35
8943,-29
8944,-179
8945,-131
8946,-33
8947,-83
8948,-29
8949,-79
8950,-127
8951,-31
8952,-29
8953,-33
8954,-75
8955,-83
8956,-27
8957,-25
8958,-233
8959,-29
8960,-181
8961,-77
8962,-27
8963,-183
8964,-133
8965,-27
8966,-185
8967,-79
8968,-33
8969,-33
8970,-81
8971,-81
8972,-125
8973,-27
8974,-85
8975,-25
8976,-29
8977,-179
8978,-75
8979,-27
8980,-252
8981,-85
8982,-29
8983,-39
8984,-25
8985,-137
8986,-79
8987,-75
8988,-25
8989,-33
8990,-83
8991,-31
8992,-129
8993,-256
8994,-29
8995,-83
8996,-127
8997,-85
8998,-81
8999,-77
9000,-29
9001,-31
9002,-81
9003,-25
9004,-135
9005,-25
9006,-225
9007,-25
9008,-27
9009,-35
9010,-129
9011,-85
9012,-75
9013,-137
9014,-29
9015,-81
9016,-79
9017,-31
9018,-79
9019,-25
9020,-204
9021,-33
9022,-183
9023,-83
9024,-29
9025,-29
9026,-27
9027,-79
9028,-133
9029,-131
9030,-127
9031,-85
9032,-29
9033,-31
9034,-75
9035,-79
9036,-335
9037,-31
9038,-77
9039,-81
9040,-231
9041,-27
9042,-31
9043,-33
9044,-29
9045,-181
9046,-81
9047,-129
9048,-79
9049,-29
9050,-33
9051,-227
9052,-33
9053,-133
9054,-131
9055,-83
9056,-79
9057,-77
9058,-27
9059,-31
9060,-177
9061,-177
9062,-181
9063,-204
9064,-131
9065,-25
9066,-31
9067,-241
9068,-29
9069,-35
9070,-25
9071,-29
9072,-29
9073,-179
9074,-81
9075,-79
9076,-77
9077,-85
9078,-129
9079,-29
9080,-129
9081,-29
9082,-31
9083,-181
9084,-29
9085,-25
9086,-29
9087,-79
9088,-25
9089,-27
9090,-204
9091,-133
9092,-27
9093,-279
9094,-41
9095,-29
9096,-39
9097,-79
9098,-131
9099,-29
9100,-27
9101,-129
9102,-25
9103,-79
9104,-202
9105,-35
9106,-135
9107,-31
9108,-85
9109,-77
9110,-29
9111,-206
9112,-125
9113,-27
9114,-27
9115,-133
9116,-77
9117,-81
9118,-29
9119,-79
9120,-31
9121,-79
9122,-87
9123,-125
9124,-29
9125,-29
9126,-131
9127,-81
9128,-129
9129,-33
9130,-127
9131,-83
9132,-177
9133,-33
9134,-25
9135,-187
9136,-131
9137,-206
9138,-77
9139,-204
9140,-31
9141,-237
9142,-25
9143,-341
9144,-29
9145,-79
9146,-129
9147,-85
9148,-27
9149,-77
9150,-29
9151,-81
9152,-29
9153,-79
9154,-83
9155,-200
9156,-79
9157,-25
9158,-129
9159,-256
9160,-29
9161,-31
9162,-25
9163,-179
9164,-25
9165,-85
9166,-25
9167,-85
9168,-129
9169,-37
9170,-79
9171,-31
9172,-25
9173,-29
9174,-29
9175,-29
9176,-27
9177,-27
9178,-81
9179,-125
9180,-39
9181,-33
9182,-75
9183,-29
9184,-75
9185,-35
9186,-139
9187,-25
9188,-83
9189,-27
9190,-29
9191,-25
9192,-35
9193,-27
9194,-81
9195,-75
9196,-181
9197,-87
9198,-79
9199,-127
9200,-25
9201,-206
9202,-29
9203,-208
9204,-75
9205,-31
9206,-250
9207,-81
9208,-27
9209,-129
9210,-127
9211,-35
9212,-131
9213,-29
9214,-204
9215,-133
9216,-77
9217,-79
9218,-29
9219,-81
9220,-31
9221,-29
9222,-31
9223,-227
9224,-85
9225,-275
9226,-29
9227,-206
9228,-79
9229,-75
9230,-31
9231,-25
9232,-81
9233,-33
9234,-200
9235,-75
9236,-79
9237,-31
9238,-133
9239,-31
9240,-29
9241,-31
9242,-35
9243,-27
9244,-256
9245,-25
9246,-131
9247,-133
9248,-75
9249,-181
9250,-29
9251,-25
9252,-85
9253,-31
9254,-127
9255,-83
9256,-77
9257,-81
9258,-77
9259,-131
9260,-77
9261,-29
9262,-137
9263,-81
9264,-181
9265,-79
9266,-131
9267,-79
9268,-81
9269,-25
9270,-29
9271,-29
9272,-181
9273,-79
9274,-81
9275,-31
9276,-185
9277,-27
9278,-29
9279,-33
9280,-25
9281,-77
9282,-83
9283,-77
9284,-31
9285,-29
9286,-79
9287,-29
9288,-185
9289,-25
9290,-25
9291,-35
9292,-83
9293,-81
9294,-177
9295,-27
9296,-27
9297,-81
9298,-33
9299,-77
9300,-79
9301,-25
9302,-77
9303,-33
9304,-135
9305,-81
9306,-85
9307,-204
9308,-83
9309,-77
9310,-31
9311,-83
9312,-29
9313,-79
9314,-77
9315,-131
9316,-285
9317,-131
9318,-83
9319,-75
9320,-83
9321,-27
9322,-77
9323,-275
9324,-279
9325,-137
9326,-31
9327,-31
9328,-77
9329,-29
9330,-27
9331,-33
9332,-81
9333,-35
9334,-75
9335,-79
9336,-25
9337,-25
9338,-27
9339,-25
9340,-25
9341,-39
9342,-27
9343,-129
9344,-75
9345,-181
9346,-233
9347,-77
9348,-33
9349,-81
9350,-29
9351,-29
9352,-83
9353,-185
9354,-27
9355,-29
9356,-29
9357,-212
9358,-27
9359,-127
9360,-29
9361,-135
9362,-179
9363,-27
9364,-31
9365,-25
9366,-29
9367,-33
9368,-29
9369,-75
9370,-79
9371,-27
9372,-33
9373,-39
9374,-129
9375,-25
9376,-33
9377,-29
9378,-25
9379,-131
9380,-227
9381,-31
9382,-31
9383,-31
9384,-377
9385,-29
9386,-31
9387,-79
9388,-33
9389,-29
9390,-77
9391,-79
9392,-33
9393,-85
9394,-27
9395,-79
9396,-29
9397,-87
9398,-29
9399,-81
9400,-135
9401,-129
9402,-29
9403,-27
9404,-131
9405,-29
9406,-33
9407,-27
9408,-27
9409,-25
9410,-31
9411,-29
9412,-75
9413,-33
9414,-25
9415,-31
9416,-183
9417,-31
9418,-127
9419,-31
9420,-31
9421,-27
9422,-183
9423,-29
9424,-29
9425,-29
9426,-31
9427,-133
9428,-25
9429,-79
9430,-33
9431,-33
9432,-77
9433,-29
9434,-29
9435,-29
9436,-75
9437,-81
9438,-79
9439,-189
9440,-31
9441,-29
9442,-31
9443,-27
9444,-31
9445,-129
9446,-81
9447,-33
9448,-75
9449,-33
9450,-79
9451,-31
9452,-25
9453,-77
9454,-25
9455,-35
9456,-75
9457,-29
9458,-137
9459,-27
9460,-27
9461,-29
9462,-79
9463,-33
9464,-35
9465,-27
9466,-31
9467,-29
9468,-31
9469,-177
9470,-29
9471,-33
9472,-81
9473,-79
9474,-27
9475,-29
9476,-87
9477,-79
9478,-31
9479,-79
9480,-81
9481,-25
9482,-85
9483,-29
9484,-25
9485,-127
9486,-27
9487,-79
9488,-29
9489,-39
9490,-175
9491,-33
9492,-29
9493,-81
9494,-25
9495,-77
9496,-29
9497,-33
9498,-25
9499,-79
9500,-83
9501,-27
9502,-29
9503,-31
9504,-81
9505,-75
9506,-81
9507,-287
9508,-81
9509,-79
9510,-31
9511,-133
9512,-29
9513,-81
9514,-79
9515,-129
9516,-27
9517,-75
9518,-37
9519,-79
9520,-131
9521,-27
9522,-281
9523,-131
9524,-27
9525,-29
9526,-27
9527,-133
9528,-75
9529,-35
9530,-41
9531,-125
9532,-208
9533,-79
9534,-127
9535,-87
9536,-29
9537,-31
9538,-204
9539,-29
9540,-79
9541,-29
9542,-29
9543,-77
9544,-237
9545,-33
9546,-25
9547,-81
9548,-27
9549,-131
9550,-33
9551,-35
9552,-79
9553,-135
9554,-81
9555,-75
9556,-79
9557,-75
9558,-25
9559,-133
9560,-262
9561,-77
9562,-29
9563,-31
9564,-235
9565,-200
9566,-187
9567,-137
9568,-177
9569,-81
9570,-75
9571,-83
9572,-33
9573,-206
9574,-29
9575,-81
9576,-75
9577,-31
9578,-81
9579,-137
9580,-125
9581,-31
9582,-27
9583,-31
9584,-33
9585,-27
9586,-75
9587,-25
9588,-79
9589,-129
9590,-31
9591,-35
9592,-29
9593,-29
9594,-79
9595,-33
9596,-77
9597,-81
9598,-29
9599,-79
9600,-29
9601,-179
9602,-79
9603,-37
9604,-27
9605,-79
9606,-25
9607,-325
9608,-237
9609,-79
9610,-35
9611,-179
9612,-25
9613,-189
9614,-79
9615,-77
9616,-33
9617,-127
9618,-29
9619,-25
9620,-131
9621,-29
9622,-29
9623,-127
9624,-29
9625,-133
9626,-25
9627,-29
9628,-327
9629,-33
9630,-81
9631,-31
9632,-31
9633,-79
9634,-83
9635,-179
9636,-27
9637,-25
9638,-83
9639,-137
9640,-75
9641,-83
9642,-77
9643,-81
9644,-350
9645,-129
9646,-27
9647,-77
9648,-27
9649,-31
9650,-31
9651,-75
9652,-129
9653,-131
9654,-25
9655,-229
9656,-27
9657,-131
9658,-81
9659,-83
9660,-29
9661,-39
9662,-137
9663,-125
9664,-35
9665,-133
9666,-25
9667,-29
9668,-33
9669,-29
9670,-25
9671,-79
9672,-129
9673,-31
9674,-81
9675,-187
9676,-179
9677,-87
9678,-77
9679,-79
9680,-275
9681,-29
9682,-77
9683,-27
9684,-33
9685,-79
9686,-191
9687,-29
9688,-27
9689,-133
9690,-31
9691,-79
9692,-81
9693,-85
9694,-285
9695,-329
9696,-181
9697,-125
9698,-77
9699,-75
9700,-27
9701,-37
9702,-25
9703,-35
9704,-85
9705,-77
9706,-29
9707,-183
9708,-27
9709,-75
9710,-262
9711,-25
9712,-81
9713,-27
9714,-33
9715,-77
9716,-35
9717,-204
9718,-125
9719,-79
9720,-237
9721,-25
9722,-31
9723,-75
9724,-85
9725,-25
9726,-29
9727,-25
9728,-175
9729,-89
9730,-25
9731,-79
9732,-31
9733,-27
9734,-85
9735,-81
9736,-25
9737,-27
9738,-133
9739,-131
9740,-200
9741,-31
9742,-185
9743,-29
9744,-33
9745,-25
9746,-25
9747,-229
9748,-135
9749,-191
9750,-79
9751,-27
9752,-33
9753,-27
9754,-29
9755,-202
9756,-31
9757,-27
9758,-131
9759,-256
9760,-77
9761,-29
9762,-27
9763,-29
9764,-29
9765,-79
9766,-177
9767,-129
9768,-35
9769,-31
9770,-202
9771,-85
9772,-25
9773,-360
9774,-27
9775,-137
9776,-29
9777,-37
9778,-125
9779,-127
9780,-127
9781,-33
9782,-81
9783,-31
9784,-79
9785,-33
9786,-125
9787,-81
9788,-27
9789,-29
9790,-83
9791,-25
9792,-35
9793,-75
9794,-27
9795,-27
9796,-29
9797,-181
9798,-189
9799,-81
9800,-79
9801,-133
9802,-77
9803,-27
9804,-25
9805,-31
9806,-83
9807,-81
9808,-131
9809,-29
9810,-79
9811,-25
9812,-131
9813,-35
9814,-27
9815,-33
9816,-27
9817,-129
9818,-127
9819,-141
9820,-175
9821,-79
9822,-27
9823,-33
9824,-129
9825,-129
9826,-75
9827,-31
9828,-31
9829,-133
9830,-29
9831,-27
9832,-83
9833,-29
9834,-85
9835,-29
9836,-131
9837,-27
9838,-25
9839,-39
9840,-131
9841,-77
9842,-233
9843,-202
9844,-31
9845,-81
9846,-77
9847,-35
9848,-81
9849,-202
9850,-27
9851,-29
9852,-81
9853,-77
9854,-29
9855,-77
9856,-29
9857,-91
9858,-29
9859,-227
9860,-29
9861,-29
9862,-81
9863,-29
9864,-129
9865,-25
9866,-35
9867,-287
9868,-75
9869,-127
9870,-29
9871,-31
9872,-31
9873,-77
9874,-29
9875,-29
9876,-81
9877,-81
9878,-179
9879,-31
9880,-31
9881,-87
9882,-85
9883,-204
9884,-31
9885,-83
9886,-75
9887,-133
9888,-27
9889,-29
9890,-200
9891,-127
9892,-137
9893,-83
9894,-129
9895,-31
9896,-237
9897,-29
9898,-29
9899,-135
9900,-81
9901,-131
9902,-83
9903,-127
9904,-31
9905,-75
9906,-31
9907,-225
9908,-77
9909,-262
9910,-31
9911,-29
9912,-77
9913,-131
9914,-27
9915,-127
9916,-27
9917,-183
9918,-29
9919,-81
9920,-25
9921,-202
9922,-33
9923,-31
9924,-83
9925,-29
9926,-79
9927,-29
9928,-179
9929,-83
9930,-200
9931,-31
9932,-135
9933,-25
9934,-181
9935,-33
9936,-25
9937,-25
9938,-135
9939,-79
9940,-29
9941,-333
9942,-131
9943,-75
9944,-131
9945,-33
9946,-79
9947,-83
9948,-81
9949,-129
9950,-25
9951,-83
9952,-77
9953,-81
9954,-31
9955,-79
9956,-75
9957,-29
9958,-181
9959,-83
9960,-27
9961,-27
9962,-79
9963,-29
9964,-35
9965,-27
9966,-29
9967,-33
9968,-79
9969,-81
9970,-79
9971,-35
9972,-81
9973,-77
9974,-81
9975,-29
9976,-83
9977,-79
9978,-77
9979,-83
9980,-79
9981,-31
9982,-79
9983,-191
9984,-77
9985,-27
9986,-79
9987,-81
9988,-25
9989,-81
9990,-33
9991,-27
9992,-231
9993,-81
9994,-237
9995,-29
9996,-131
9997,-129
9998,-79
9999,-31
10000,-77
[[(4, 4), 0, -25], [(3, 4), 0, -25], [(2, 4), 0, -25], [(1, 4), 0, -25], [(0, 4), 2, -25], [(0, 3), 2, -25], [(0, 2), 2, -25], [(0, 1), 2, 150]]