1,-256
2,-81
3,-229
4,-179
5,248
6,-477
7,-447
8,169
9,-332
10,348
11,198
12,-578
13,9
14,-77
15,-470
16,165
17,-978
18,-354
19,-254
20,-660
21,-859
22,-62
23,-187
24,-202
25,-175
26,96
27,-175
28,-231
29,-187
30,-127
31,-300
32,-200
33,-281
34,-410
35,-285
36,-619
37,-535
38,113
39,-131
40,-605
41,100
42,-314
43,-229
44,-347
45,-287
46,-179
47,-200
48,-437
49,94
50,-279
51,113
52,-129
53,-202
54,263
55,359
56,-208
57,-206
58,-179
59,-339
60,267
61,-254
62,-202
63,-302
64,-775
65,-699
66,-137
67,99
68,-435
69,-202
70,425
71,-179
72,-125
73,118
74,621
75,-252
76,-206
77,-137
78,-204
79,-135
80,-137
81,-308
82,369
83,-125
84,-291
85,317
86,-653
87,40
88,-312
89,-124
90,-177
91,-229
92,-382
93,-204
94,-641
95,-258
96,38
97,48
98,-518
99,-202
100,-210
101,-487
102,-306
103,-202
104,-387
105,136
106,-131
107,271
108,-237
109,-129
110,346
111,-277
112,-233
113,-254
114,-179
115,-171
116,490
117,57
118,-237
119,-127
120,-299
121,-135
122,-252
123,-175
124,-185
125,-226
126,-177
127,-181
128,-1355
129,346
130,-204
131,-256
132,-233
133,-156
134,-955
135,-337
136,-262
137,267
138,471
139,-200
140,-177
141,-129
142,-618
143,-649
144,-331
145,421
146,-177
147,-287
148,-175
149,-283
150,198
151,-153
152,-37
153,-179
154,-129
155,-308
156,165
157,-179
158,67
159,-175
160,-179
161,-258
162,-125
163,-131
164,-127
165,96
166,205
167,-151
168,-83
169,-75
170,-414
171,-204
172,-127
173,-264
174,-125
175,-276
176,348
177,-202
178,-458
179,-106
180,-89
181,-110
182,-306
183,-231
184,-362
185,326
186,-129
187,-312
188,-181
189,-125
190,125
191,-125
192,-277
193,-125
194,-301
195,-125
196,-77
197,-254
198,269
199,242
200,-125
201,-229
202,-102
203,-75
204,-127
205,417
206,669
207,-229
208,244
209,571
210,290
211,44
212,-175
213,-14
214,163
215,363
216,67
217,465
218,-300
219,-81
220,21
221,-195
222,367
223,90
224,142
225,-8
226,-378
227,71
228,-385
229,-254
230,-52
231,-152
232,-485
233,669
234,-252
235,182
236,-8
237,-131
238,398
239,-85
240,-256
241,371
242,-181
243,-75
244,96
245,-233
246,294
247,-202
248,-79
249,398
250,-225
251,473
252,-100
253,-208
254,-75
255,-125
256,115
257,-125
258,194
259,273
260,423
261,-125
262,523
263,446
264,-277
265,-304
266,461
267,-127
268,473
269,-129
270,269
271,-125
272,-81
273,471
274,-200
275,-202
276,200
277,213
278,-125
279,-456
280,-304
281,513
282,-285
283,136
284,323
285,-77
286,467
287,269
288,321
289,675
290,96
291,-125
292,-50
293,173
294,-431
295,573
296,-387
297,-8
298,-200
299,425
300,-83
301,-237
302,473
303,171
304,523
305,-125
306,-129
307,-2
308,-364
309,-152
310,571
311,625
312,-175
313,-258
314,-125
315,-200
316,319
317,-27
318,296
319,-502
320,346
321,67
322,-179
323,625
324,269
325,575
326,371
327,-235
328,-187
329,-125
330,-33
331,-79
332,-127
333,348
334,-202
335,23
336,523
337,625
338,523
339,19
340,298
341,-558
342,471
343,469
344,-77
345,467
346,-156
347,-125
348,423
349,-343
350,115
351,265
352,50
353,473
354,271
355,246
356,-327
357,571
358,321
359,-27
360,173
361,-33
362,523
363,269
364,675
365,-127
366,325
367,367
368,600
369,475
370,675
371,-125
372,75
373,346
374,146
375,-133
376,321
377,-77
378,-252
379,-75
380,-383
381,-127
382,188
383,296
384,19
385,-81
386,-302
387,275
388,-131
389,-479
390,44
391,-77
392,59
393,471
394,-281
395,475
396,523
397,-6
398,223
399,675
400,425
401,446
402,-125
403,-58
404,-206
405,173
406,623
407,-127
408,469
409,671
410,-125
411,146
412,244
413,92
414,519
415,-354
416,98
417,523
418,269
419,-127
420,-304
421,-508
422,575
423,-175
424,575
425,623
426,473
427,-125
428,-75
429,271
430,-77
431,-127
432,519
433,-175
434,623
435,-160
436,-279
437,623
438,-179
439,-202
440,673
441,342
442,-227
443,-79
444,375
445,-125
446,625
447,-210
448,298
449,246
450,265
451,-75
452,-125
453,-275
454,-79
455,-154
456,375
457,473
458,525
459,-27
460,525
461,-33
462,625
463,250
464,-233
465,-27
466,525
467,475
468,-127
469,-125
470,-29
471,-75
472,-175
473,-50
474,-127
475,675
476,673
477,-256
478,275
479,-75
480,423
481,-152
482,-300
483,-127
484,-179
485,-202
486,-2
487,-127
488,-127
489,673
490,-131
491,300
492,-154
493,473
494,496
495,625
496,675
497,221
498,-331
499,23
500,198
501,-79
502,471
503,317
504,475
505,623
506,25
507,-125
508,400
509,-129
510,-275
511,-77
512,392
513,-175
514,571
515,-302
516,671
517,469
518,-81
519,-352
520,469
521,-225
522,-129
523,423
524,-175
525,525
526,-200
527,275
528,-125
529,475
530,573
531,67
532,469
533,573
534,-77
535,165
536,475
537,-127
538,-654
539,573
540,-125
541,-379
542,523
543,575
544,-125
545,-125
546,571
547,-150
548,75
549,665
550,423
551,575
552,350
553,675
554,-127
555,-131
556,525
557,375
558,421
559,523
560,-125
561,-125
562,-129
563,-150
564,-106
565,-175
566,523
567,323
568,-75
569,623
570,-177
571,-202
572,-150
573,196
574,623
575,623
576,321
577,575
578,325
579,623
580,-125
581,675
582,448
583,296
584,-200
585,369
586,425
587,-81
588,623
589,573
590,396
591,-175
592,-25
593,-77
594,471
595,323
596,475
597,525
598,-125
599,298
600,625
601,625
602,523
603,475
604,-300
605,-125
606,-102
607,-254
608,421
609,-125
610,625
611,521
612,298
613,471
614,223
615,-8
616,625
617,-75
618,-33
619,398
620,-81
621,521
622,571
623,-377
624,523
625,475
626,-177
627,348
628,675
629,-75
630,298
631,-202
632,621
633,675
634,246
635,-75
636,373
637,-81
638,521
639,400
640,625
641,-79
642,523
643,-200
644,471
645,675
646,673
647,575
648,348
649,675
650,517
651,323
652,675
653,471
654,-302
655,575
656,269
657,275
658,-75
659,573
660,-81
661,-125
662,98
663,375
664,525
665,623
666,398
667,475
668,496
669,523
670,517
671,-125
672,-125
673,525
674,-125
675,444
676,521
677,525
678,550
679,519
680,475
681,225
682,573
683,625
684,450
685,625
686,675
687,675
688,21
689,225
690,198
691,475
692,-127
693,-125
694,623
695,-79
696,519
697,17
698,398
699,-79
700,525
701,-125
702,523
703,550
704,-25
705,-25
706,623
707,-75
708,573
709,350
710,523
711,-125
712,250
713,625
714,-52
715,-125
716,523
717,625
718,675
719,325
720,373
721,373
722,375
723,625
724,73
725,475
726,625
727,-77
728,619
729,121
730,98
731,573
732,198
733,675
734,421
735,-77
736,-277
737,473
738,298
739,423
740,-129
741,-100
742,-77
743,-29
744,-77
745,-2
746,575
747,625
748,525
749,469
750,525
751,275
752,550
753,-125
754,625
755,-127
756,525
757,-79
758,525
759,-77
760,525
761,600
762,625
763,671
764,625
765,146
766,525
767,675
768,150
769,673
770,625
771,525
772,575
773,-227
774,-129
775,-160
776,-175
777,525
778,673
779,519
780,425
781,425
782,-125
783,425
784,-125
785,-6
786,-125
787,348
788,-77
789,525
790,-177
791,-79
792,573
793,348
794,221
795,523
796,575
797,-227
798,398
799,-127
800,625
801,573
802,669
803,346
804,550
805,673
806,319
807,671
808,673
809,675
810,475
811,-125
812,673
813,473
814,673
815,-127
816,623
817,623
818,-75
819,371
820,-102
821,673
822,423
823,425
824,523
825,669
826,375
827,575
828,-125
829,548
830,-100
831,671
832,675
833,575
834,675
835,-125
836,-2
837,525
838,675
839,519
840,625
841,-125
842,375
843,675
844,373
845,473
846,-75
847,-75
848,575
849,573
850,625
851,623
852,475
853,475
854,575
855,473
856,275
857,575
858,550
859,575
860,423
861,673
862,671
863,675
864,-75
865,-81
866,-200
867,675
868,623
869,573
870,-125
871,623
872,625
873,675
874,573
875,525
876,300
877,-175
878,473
879,-175
880,-29
881,-127
882,375
883,471
884,575
885,523
886,-127
887,500
888,-75
889,575
890,675
891,-127
892,525
893,675
894,425
895,671
896,-54
897,-179
898,250
899,-27
900,675
901,-100
902,-250
903,575
904,-75
905,-75
906,-27
907,221
908,571
909,-129
910,525
911,673
912,671
913,625
914,-75
915,473
916,-27
917,675
918,-75
919,425
920,-54
921,423
922,673
923,248
924,625
925,673
926,-125
927,425
928,669
929,675
930,623
931,621
932,575
933,275
934,675
935,675
936,425
937,-125
938,673
939,-125
940,225
941,-27
942,550
943,-75
944,569
945,-77
946,669
947,525
948,425
949,-27
950,375
951,498
952,523
953,-175
954,396
955,675
956,-225
957,625
958,-125
959,675
960,575
961,575
962,675
963,246
964,375
965,-177
966,375
967,675
968,-75
969,-29
970,675
971,573
972,-229
973,523
974,625
975,248
976,625
977,496
978,625
979,196
980,675
981,448
982,675
983,425
984,675
985,675
986,675
987,-27
988,-75
989,300
990,621
991,675
992,-25
993,575
994,625
995,623
996,623
997,-77
998,400
999,-27
1000,625
1001,575
1002,575
1003,425
1004,-27
1005,675
1006,500
1007,-125
1008,671
1009,673
1010,500
1011,625
1012,625
1013,148
1014,621
1015,575
1016,248
1017,625
1018,625
1019,673
1020,565
1021,673
1022,525
1023,675
1024,675
1025,573
1026,675
1027,-29
1028,625
1029,-125
1030,625
1031,675
1032,675
1033,625
1034,575
1035,575
1036,523
1037,-125
1038,675
1039,473
1040,573
1041,550
1042,-31
1043,375
1044,625
1045,675
1046,625
1047,-125
1048,375
1049,-77
1050,525
1051,673
1052,623
1053,675
1054,523
1055,623
1056,525
1057,550
1058,525
1059,396
1060,673
1061,475
1062,625
1063,625
1064,525
1065,575
1066,675
1067,625
1068,-125
1069,675
1070,625
1071,573
1072,625
1073,675
1074,150
1075,521
1076,675
1077,625
1078,-25
1079,675
1080,525
1081,625
1082,621
1083,348
1084,525
1085,675
1086,675
1087,398
1088,346
1089,-125
1090,625
1091,425
1092,675
1093,675
1094,625
1095,673
1096,675
1097,625
1098,675
1099,525
1100,-127
1101,-27
1102,525
1103,675
1104,625
1105,573
1106,673
1107,398
1108,675
1109,473
1110,675
1111,575
1112,675
1113,625
1114,-127
1115,475
1116,-125
1117,673
1118,625
1119,621
1120,625
1121,673
1122,-75
1123,675
1124,525
1125,-200
1126,400
1127,625
1128,623
1129,417
1130,475
1131,675
1132,575
1133,525
1134,675
1135,675
1136,675
1137,-125
1138,-77
1139,-75
1140,675
1141,425
1142,-77
1143,623
1144,675
1145,500
1146,-125
1147,150
1148,675
1149,675
1150,675
1151,625
1152,398
1153,575
1154,-175
1155,-125
1156,600
1157,625
1158,673
1159,675
1160,550
1161,-125
1162,523
1163,675
1164,625
1165,675
1166,525
1167,675
1168,425
1169,-75
1170,525
1171,673
1172,673
1173,673
1174,675
1175,625
1176,-129
1177,675
1178,625
1179,675
1180,625
1181,675
1182,675
1183,-127
1184,-75
1185,675
1186,675
1187,442
1188,525
1189,675
1190,673
1191,675
1192,675
1193,625
1194,675
1195,675
1196,675
1197,573
1198,-75
1199,525
1200,525
1201,398
1202,425
1203,625
1204,675
1205,675
1206,675
1207,-127
1208,525
1209,375
1210,600
1211,523
1212,575
1213,675
1214,625
1215,675
1216,621
1217,625
1218,-77
1219,475
1220,-127
1221,-125
1222,625
1223,275
1224,-77
1225,575
1226,621
1227,675
1228,-25
1229,625
1230,523
1231,675
1232,675
1233,575
1234,-29
1235,625
1236,623
1237,575
1238,675
1239,-75
1240,625
1241,575
1242,-75
1243,-175
1244,675
1245,-77
1246,673
1247,673
1248,573
1249,675
1250,675
1251,625
1252,-125
1253,625
1254,625
1255,625
1256,673
1257,675
1258,675
1259,-125
1260,675
1261,673
1262,625
1263,-125
1264,-125
1265,-125
1266,675
1267,675
1268,621
1269,625
1270,400
1271,625
1272,546
1273,-79
1274,573
1275,675
1276,675
1277,-25
1278,423
1279,-125
1280,525
1281,475
1282,396
1283,421
1284,475
1285,-75
1286,375
1287,623
1288,675
1289,673
1290,675
1291,625
1292,623
1293,623
1294,673
1295,-75
1296,675
1297,675
1298,673
1299,398
1300,673
1301,575
1302,625
1303,-75
1304,575
1305,396
1306,375
1307,525
1308,-175
1309,675
1310,675
1311,623
1312,675
1313,-175
1314,675
1315,-125
1316,-25
1317,673
1318,625
1319,623
1320,348
1321,675
1322,400
1323,398
1324,525
1325,673
1326,425
1327,569
1328,523
1329,473
1330,623
1331,575
1332,-125
1333,-77
1334,-125
1335,673
1336,-177
1337,675
1338,675
1339,375
1340,275
1341,625
1342,625
1343,625
1344,575
1345,675
1346,-125
1347,673
1348,425
1349,671
1350,625
1351,675
1352,575
1353,473
1354,673
1355,625
1356,-227
1357,619
1358,675
1359,-25
1360,-127
1361,-125
1362,621
1363,475
1364,625
1365,-125
1366,625
1367,625
1368,575
1369,325
1370,-25
1371,625
1372,673
1373,675
1374,575
1375,448
1376,-252
1377,392
1378,-125
1379,675
1380,373
1381,425
1382,523
1383,675
1384,-125
1385,675
1386,625
1387,675
1388,525
1389,673
1390,675
1391,625
1392,625
1393,373
1394,475
1395,348
1396,625
1397,675
1398,673
1399,675
1400,675
1401,673
1402,675
1403,-125
1404,673
1405,500
1406,675
1407,675
1408,425
1409,573
1410,673
1411,675
1412,673
1413,675
1414,673
1415,275
1416,-179
1417,-25
1418,-125
1419,675
1420,448
1421,-25
1422,525
1423,675
1424,-300
1425,623
1426,675
1427,675
1428,548
1429,625
1430,473
1431,673
1432,675
1433,548
1434,-25
1435,423
1436,675
1437,675
1438,423
1439,475
1440,675
1441,450
1442,-125
1443,675
1444,675
1445,673
1446,623
1447,525
1448,675
1449,423
1450,573
1451,-77
1452,-125
1453,671
1454,625
1455,-102
1456,-75
1457,400
1458,675
1459,675
1460,400
1461,498
1462,675
1463,675
1464,-75
1465,350
1466,-127
1467,673
1468,573
1469,675
1470,675
1471,673
1472,375
1473,675
1474,575
1475,-75
1476,-125
1477,575
1478,550
1479,575
1480,425
1481,571
1482,673
1483,375
1484,575
1485,625
1486,-175
1487,-77
1488,400
1489,-125
1490,425
1491,675
1492,625
1493,675
1494,671
1495,-75
1496,573
1497,350
1498,273
1499,473
1500,625
1501,-25
1502,496
1503,-77
1504,673
1505,-31
1506,675
1507,-4
1508,-125
1509,475
1510,500
1511,423
1512,-127
1513,473
1514,675
1515,400
1516,575
1517,675
1518,675
1519,625
1520,-25
1521,675
1522,675
1523,100
1524,625
1525,675
1526,625
1527,400
1528,325
1529,625
1530,675
1531,450
1532,625
1533,-175
1534,673
1535,675
1536,675
1537,625
1538,575
1539,625
1540,673
1541,425
1542,673
1543,675
1544,-179
1545,375
1546,675
1547,-127
1548,673
1549,675
1550,573
1551,425
1552,625
1553,373
1554,575
1555,-27
1556,575
1557,575
1558,575
1559,625
1560,625
1561,425
1562,673
1563,575
1564,625
1565,675
1566,525
1567,675
1568,575
1569,375
1570,625
1571,425
1572,-27
1573,625
1574,623
1575,-125
1576,575
1577,623
1578,275
1579,-175
1580,675
1581,625
1582,573
1583,673
1584,675
1585,623
1586,-77
1587,-125
1588,-75
1589,400
1590,-25
1591,575
1592,675
1593,673
1594,675
1595,-125
1596,625
1597,475
1598,675
1599,675
1600,423
1601,-75
1602,673
1603,-75
1604,550
1605,669
1606,0
1607,350
1608,675
1609,346
1610,-79
1611,-77
1612,225
1613,400
1614,475
1615,675
1616,671
1617,475
1618,-125
1619,621
1620,673
1621,625
1622,621
1623,623
1624,675
1625,625
1626,675
1627,675
1628,373
1629,623
1630,675
1631,-177
1632,675
1633,425
1634,673
1635,471
1636,625
1637,-125
1638,425
1639,400
1640,625
1641,-75
1642,-125
1643,623
1644,-129
1645,575
1646,-75
1647,675
1648,675
1649,675
1650,550
1651,625
1652,675
1653,671
1654,675
1655,675
1656,625
1657,-175
1658,275
1659,-179
1660,623
1661,621
1662,571
1663,-127
1664,623
1665,673
1666,473
1667,623
1668,-125
1669,375
1670,673
1671,675
1672,-127
1673,-125
1674,675
1675,573
1676,673
1677,675
1678,-125
1679,623
1680,675
1681,625
1682,625
1683,575
1684,573
1685,623
1686,-27
1687,623
1688,575
1689,523
1690,-125
1691,675
1692,675
1693,523
1694,675
1695,671
1696,675
1697,675
1698,625
1699,-177
1700,673
1701,673
1702,675
1703,425
1704,671
1705,525
1706,523
1707,675
1708,623
1709,673
1710,625
1711,523
1712,623
1713,525
1714,675
1715,525
1716,675
1717,673
1718,425
1719,-27
1720,625
1721,571
1722,348
1723,373
1724,675
1725,-25
1726,-125
1727,-75
1728,675
1729,325
1730,550
1731,550
1732,523
1733,575
1734,675
1735,673
1736,623
1737,673
1738,425
1739,575
1740,675
1741,275
1742,625
1743,475
1744,221
1745,675
1746,673
1747,673
1748,-75
1749,675
1750,623
1751,675
1752,625
1753,-2
1754,525
1755,573
1756,673
1757,525
1758,675
1759,625
1760,625
1761,671
1762,425
1763,675
1764,-100
1765,623
1766,400
1767,573
1768,-125
1769,625
1770,525
1771,671
1772,550
1773,-25
1774,673
1775,-75
1776,675
1777,-127
1778,625
1779,675
1780,623
1781,500
1782,275
1783,298
1784,-127
1785,675
1786,469
1787,625
1788,-25
1789,673
1790,575
1791,675
1792,575
1793,475
1794,675
1795,623
1796,673
1797,475
1798,400
1799,-125
1800,448
1801,-25
1802,625
1803,675
1804,623
1805,675
1806,625
1807,675
1808,675
1809,425
1810,675
1811,398
1812,675
1813,675
1814,675
1815,-181
1816,-100
1817,375
1818,500
1819,546
1820,-125
1821,675
1822,25
1823,-77
1824,675
1825,675
1826,625
1827,623
1828,623
1829,425
1830,625
1831,675
1832,625
1833,-127
1834,523
1835,475
1836,525
1837,675
1838,673
1839,525
1840,573
1841,571
1842,673
1843,675
1844,525
1845,625
1846,573
1847,673
1848,475
1849,625
1850,675
1851,621
1852,673
1853,375
1854,575
1855,625
1856,625
1857,325
1858,675
1859,675
1860,675
1861,400
1862,-75
1863,675
1864,-325
1865,-77
1866,625
1867,398
1868,675
1869,-125
1870,325
1871,675
1872,675
1873,525
1874,575
1875,425
1876,521
1877,75
1878,-27
1879,675
1880,-100
1881,-202
1882,-177
1883,625
1884,-175
1885,250
1886,673
1887,675
1888,-27
1889,623
1890,675
1891,525
1892,673
1893,675
1894,-125
1895,675
1896,675
1897,421
1898,675
1899,350
1900,671
1901,525
1902,500
1903,625
1904,325
1905,675
1906,525
1907,525
1908,548
1909,675
1910,525
1911,625
1912,675
1913,375
1914,625
1915,150
1916,675
1917,575
1918,575
1919,625
1920,575
1921,675
1922,675
1923,-75
1924,373
1925,675
1926,525
1927,675
1928,675
1929,675
1930,675
1931,573
1932,523
1933,625
1934,-125
1935,675
1936,-77
1937,673
1938,425
1939,673
1940,425
1941,425
1942,400
1943,-54
1944,625
1945,625
1946,623
1947,675
1948,675
1949,675
1950,-125
1951,573
1952,-127
1953,623
1954,575
1955,625
1956,675
1957,623
1958,673
1959,575
1960,-75
1961,-75
1962,675
1963,525
1964,-75
1965,500
1966,573
1967,673
1968,675
1969,-75
1970,475
1971,621
1972,675
1973,350
1974,675
1975,675
1976,675
1977,675
1978,675
1979,675
1980,400
1981,625
1982,-25
1983,-77
1984,625
1985,525
1986,573
1987,625
1988,575
1989,675
1990,625
1991,675
1992,623
1993,625
1994,-27
1995,625
1996,625
1997,573
1998,675
1999,525
2000,673
2001,475
2002,575
2003,525
2004,675
2005,573
2006,625
2007,575
2008,623
2009,396
2010,400
2011,675
2012,569
2013,23
2014,621
2015,625
2016,-75
2017,625
2018,675
2019,675
2020,573
2021,398
2022,675
2023,575
2024,675
2025,675
2026,675
2027,-75
2028,675
2029,348
2030,521
2031,675
2032,425
2033,575
2034,625
2035,675
2036,425
2037,-127
2038,575
2039,523
2040,625
2041,625
2042,673
2043,-27
2044,575
2045,675
2046,521
2047,625
2048,575
2049,623
2050,675
2051,625
2052,675
2053,623
2054,398
2055,471
2056,625
2057,625
2058,673
2059,625
2060,300
2061,623
2062,373
2063,673
2064,550
2065,571
2066,-102
2067,675
2068,625
2069,-125
2070,500
2071,673
2072,398
2073,675
2074,-27
2075,675
2076,625
2077,671
2078,673
2079,525
2080,321
2081,675
2082,673
2083,-27
2084,521
2085,673
2086,625
2087,675
2088,-125
2089,546
2090,423
2091,675
2092,625
2093,-27
2094,675
2095,348
2096,675
2097,473
2098,675
2099,625
2100,675
2101,525
2102,673
2103,-125
2104,675
2105,-175
2106,571
2107,500
2108,-200
2109,573
2110,675
2111,625
2112,575
2113,675
2114,496
2115,621
2116,675
2117,675
2118,625
2119,675
2120,675
2121,675
2122,-175
2123,623
2124,350
2125,625
2126,-75
2127,675
2128,-75
2129,523
2130,673
2131,-25
2132,475
2133,675
2134,348
2135,673
2136,-75
2137,625
2138,675
2139,673
2140,273
2141,550
2142,675
2143,625
2144,623
2145,623
2146,423
2147,623
2148,625
2149,675
2150,-77
2151,671
2152,525
2153,625
2154,675
2155,375
2156,-2
2157,398
2158,675
2159,523
2160,225
2161,625
2162,-25
2163,673
2164,375
2165,-75
2166,-200
2167,475
2168,425
2169,621
2170,673
2171,-127
2172,-202
2173,675
2174,498
2175,500
2176,675
2177,621
2178,-179
2179,398
2180,-127
2181,625
2182,675
2183,625
2184,625
2185,248
2186,575
2187,673
2188,-125
2189,623
2190,673
2191,625
2192,673
2193,575
2194,625
2195,525
2196,300
2197,-100
2198,-175
2199,-77
2200,425
2201,573
2202,675
2203,375
2204,-2
2205,473
2206,-125
2207,675
2208,-33
2209,575
2210,675
2211,675
2212,675
2213,-125
2214,-104
2215,673
2216,673
2217,200
2218,625
2219,625
2220,250
2221,573
2222,673
2223,671
2224,375
2225,-77
2226,625
2227,625
2228,625
2229,623
2230,675
2231,623
2232,548
2233,675
2234,623
2235,625
2236,673
2237,-75
2238,675
2239,675
2240,-27
2241,625
2242,675
2243,675
2244,423
2245,625
2246,550
2247,-75
2248,625
2249,625
2250,575
2251,375
2252,475
2253,573
2254,625
2255,573
2256,575
2257,500
2258,375
2259,473
2260,675
2261,425
2262,573
2263,-29
2264,-125
2265,-77
2266,150
2267,225
2268,675
2269,675
2270,675
2271,675
2272,-77
2273,573
2274,623
2275,525
2276,100
2277,625
2278,148
2279,446
2280,623
2281,671
2282,-77
2283,-127
2284,675
2285,621
2286,625
2287,673
2288,350
2289,375
2290,675
2291,675
2292,450
2293,675
2294,-75
2295,-125
2296,573
2297,623
2298,-77
2299,-125
2300,673
2301,675
2302,625
2303,-27
2304,625
2305,623
2306,275
2307,675
2308,675
2309,575
2310,100
2311,625
2312,625
2313,675
2314,623
2315,675
2316,619
2317,423
2318,625
2319,625
2320,-125
2321,623
2322,-52
2323,525
2324,675
2325,675
2326,675
2327,625
2328,675
2329,-127
2330,525
2331,675
2332,675
2333,575
2334,575
2335,375
2336,625
2337,-75
2338,-127
2339,475
2340,-77
2341,621
2342,625
2343,675
2344,425
2345,675
2346,675
2347,573
2348,573
2349,625
2350,425
2351,675
2352,675
2353,625
2354,671
2355,675
2356,-77
2357,673
2358,350
2359,625
2360,625
2361,621
2362,400
2363,675
2364,675
2365,-75
2366,225
2367,575
2368,675
2369,573
2370,675
2371,400
2372,675
2373,675
2374,525
2375,673
2376,450
2377,575
2378,500
2379,675
2380,673
2381,-31
2382,550
2383,100
2384,675
2385,400
2386,675
2387,675
2388,-127
2389,550
2390,-29
2391,575
2392,-175
2393,-75
2394,321
2395,575
2396,-75
2397,675
2398,625
2399,373
2400,575
2401,675
2402,625
2403,625
2404,625
2405,675
2406,348
2407,673
2408,625
2409,625
2410,275
2411,423
2412,625
2413,-75
2414,675
2415,625
2416,673
2417,525
2418,173
2419,625
2420,675
2421,375
2422,375
2423,675
2424,625
2425,675
2426,675
2427,-75
2428,294
2429,675
2430,625
2431,675
2432,675
2433,-75
2434,675
2435,623
2436,675
2437,-125
2438,-75
2439,671
2440,623
2441,625
2442,475
2443,523
2444,-75
2445,625
2446,-75
2447,625
2448,-125
2449,675
2450,525
2451,625
2452,675
2453,-125
2454,-127
2455,673
2456,675
2457,625
2458,625
2459,675
2460,525
2461,623
2462,-25
2463,473
2464,-104
2465,625
2466,471
2467,625
2468,625
2469,623
2470,375
2471,475
2472,-125
2473,-125
2474,525
2475,525
2476,625
2477,623
2478,675
2479,575
2480,675
2481,348
2482,675
2483,-175
2484,625
2485,-177
2486,625
2487,396
2488,473
2489,-125
2490,625
2491,625
2492,673
2493,425
2494,625
2495,673
2496,575
2497,673
2498,675
2499,673
2500,675
2501,625
2502,675
2503,675
2504,-125
2505,675
2506,675
2507,-125
2508,475
2509,-125
2510,625
2511,625
2512,400
2513,675
2514,-77
2515,675
2516,348
2517,-156
2518,546
2519,675
2520,-227
2521,-75
2522,-125
2523,575
2524,-75
2525,-175
2526,575
2527,675
2528,675
2529,575
2530,-75
2531,375
2532,675
2533,675
2534,625
2535,-75
2536,625
2537,573
2538,675
2539,-129
2540,673
2541,425
2542,675
2543,-52
2544,525
2545,575
2546,575
2547,625
2548,200
2549,625
2550,573
2551,675
2552,-125
2553,625
2554,-77
2555,521
2556,300
2557,675
2558,675
2559,675
2560,550
2561,675
2562,-125
2563,675
2564,575
2565,575
2566,-25
2567,-27
2568,550
2569,675
2570,523
2571,573
2572,675
2573,675
2574,-125
2575,400
2576,575
2577,675
2578,675
2579,498
2580,521
2581,575
2582,-79
2583,-75
2584,573
2585,-125
2586,375
2587,675
2588,421
2589,675
2590,473
2591,-127
2592,625
2593,675
2594,-125
2595,675
2596,571
2597,621
2598,675
2599,475
2600,675
2601,150
2602,623
2603,-25
2604,625
2605,425
2606,625
2607,625
2608,675
2609,675
2610,-75
2611,-77
2612,71
2613,625
2614,-125
2615,625
2616,675
2617,525
2618,675
2619,-202
2620,473
2621,675
2622,525
2623,475
2624,625
2625,673
2626,575
2627,571
2628,625
2629,371
2630,675
2631,675
2632,675
2633,-77
2634,675
2635,-102
2636,675
2637,-79
2638,675
2639,625
2640,575
2641,375
2642,550
2643,673
2644,500
2645,250
2646,673
2647,475
2648,621
2649,675
2650,-179
2651,398
2652,675
2653,350
2654,-125
2655,675
2656,-125
2657,625
2658,423
2659,-125
2660,546
2661,673
2662,675
2663,675
2664,675
2665,673
2666,-75
2667,623
2668,-125
2669,-75
2670,625
2671,673
2672,425
2673,-202
2674,-77
2675,321
2676,675
2677,-75
2678,625
2679,525
2680,623
2681,-127
2682,-75
2683,469
2684,623
2685,523
2686,673
2687,675
2688,675
2689,675
2690,-50
2691,625
2692,675
2693,675
2694,623
2695,348
2696,523
2697,-75
2698,-79
2699,-325
2700,475
2701,525
2702,423
2703,400
2704,425
2705,675
2706,-125
2707,573
2708,625
2709,-75
2710,525
2711,400
2712,350
2713,575
2714,675
2715,-125
2716,625
2717,-75
2718,675
2719,550
2720,375
2721,-125
2722,675
2723,623
2724,-200
2725,573
2726,673
2727,573
2728,675
2729,400
2730,523
2731,423
2732,625
2733,573
2734,623
2735,300
2736,475
2737,-25
2738,400
2739,350
2740,675
2741,75
2742,575
2743,548
2744,425
2745,-75
2746,575
2747,673
2748,675
2749,-75
2750,623
2751,425
2752,-75
2753,625
2754,675
2755,675
2756,625
2757,673
2758,675
2759,-125
2760,-125
2761,500
2762,675
2763,675
2764,573
2765,625
2766,675
2767,350
2768,375
2769,421
2770,-175
2771,675
2772,575
2773,623
2774,-125
2775,675
2776,673
2777,575
2778,675
2779,-100
2780,623
2781,625
2782,271
2783,675
2784,575
2785,625
2786,198
2787,675
2788,675
2789,623
2790,498
2791,675
2792,-27
2793,675
2794,625
2795,-75
2796,625
2797,625
2798,675
2799,625
2800,675
2801,475
2802,675
2803,523
2804,523
2805,573
2806,675
2807,671
2808,-175
2809,425
2810,550
2811,625
2812,673
2813,-75
2814,625
2815,575
2816,675
2817,323
2818,673
2819,575
2820,673
2821,571
2822,671
2823,298
2824,623
2825,625
2826,625
2827,-327
2828,625
2829,675
2830,-79
2831,673
2832,623
2833,625
2834,625
2835,675
2836,-204
2837,525
2838,623
2839,675
2840,-125
2841,225
2842,-127
2843,425
2844,625
2845,-75
2846,625
2847,625
2848,-77
2849,675
2850,625
2851,-125
2852,675
2853,673
2854,673
2855,675
2856,398
2857,-81
2858,675
2859,675
2860,425
2861,575
2862,-31
2863,675
2864,675
2865,675
2866,675
2867,-125
2868,675
2869,625
2870,525
2871,-75
2872,675
2873,-75
2874,675
2875,548
2876,675
2877,625
2878,-125
2879,-127
2880,625
2881,375
2882,625
2883,675
2884,-125
2885,673
2886,525
2887,673
2888,-200
2889,673
2890,625
2891,400
2892,673
2893,625
2894,675
2895,-125
2896,675
2897,675
2898,-29
2899,675
2900,523
2901,673
2902,573
2903,573
2904,-125
2905,675
2906,675
2907,625
2908,400
2909,548
2910,625
2911,673
2912,623
2913,575
2914,675
2915,-75
2916,675
2917,675
2918,675
2919,525
2920,675
2921,-27
2922,-75
2923,673
2924,675
2925,625
2926,625
2927,-25
2928,625
2929,675
2930,-54
2931,625
2932,375
2933,-27
2934,575
2935,675
2936,673
2937,498
2938,625
2939,550
2940,675
2941,473
2942,623
2943,625
2944,625
2945,675
2946,525
2947,475
2948,675
2949,525
2950,625
2951,475
2952,423
2953,625
2954,675
2955,498
2956,675
2957,325
2958,575
2959,-125
2960,425
2961,625
2962,675
2963,675
2964,-200
2965,194
2966,-125
2967,675
2968,675
2969,625
2970,-75
2971,625
2972,675
2973,575
2974,550
2975,623
2976,575
2977,423
2978,-27
2979,400
2980,675
2981,550
2982,-25
2983,675
2984,621
2985,675
2986,-75
2987,673
2988,671
2989,548
2990,623
2991,-75
2992,469
2993,625
2994,675
2995,373
2996,675
2997,675
2998,575
2999,671
3000,475
3001,625
3002,296
3003,-200
3004,573
3005,525
3006,396
3007,-125
3008,625
3009,625
3010,623
3011,-75
3012,675
3013,575
3014,675
3015,-127
3016,625
3017,625
3018,421
3019,-75
3020,350
3021,675
3022,500
3023,575
3024,675
3025,625
3026,675
3027,675
3028,571
3029,625
3030,625
3031,475
3032,-125
3033,625
3034,525
3035,348
3036,673
3037,625
3038,-125
3039,-75
3040,325
3041,-25
3042,673
3043,450
3044,625
3045,671
3046,-25
3047,-75
3048,575
3049,471
3050,625
3051,625
3052,625
3053,571
3054,421
3055,673
3056,675
3057,625
3058,-75
3059,675
3060,-27
3061,-125
3062,625
3063,625
3064,625
3065,625
3066,-177
3067,300
3068,675
3069,671
3070,575
3071,525
3072,-200
3073,575
3074,675
3075,-200
3076,-125
3077,-175
3078,625
3079,575
3080,100
3081,625
3082,-75
3083,400
3084,625
3085,623
3086,675
3087,575
3088,573
3089,400
3090,575
3091,625
3092,550
3093,675
3094,100
3095,621
3096,673
3097,625
3098,373
3099,675
3100,400
3101,625
3102,-125
3103,675
3104,-25
3105,675
3106,-50
3107,675
3108,-75
3109,675
3110,625
3111,673
3112,673
3113,475
3114,675
3115,625
3116,623
3117,675
3118,150
3119,625
3120,675
3121,675
3122,675
3123,625
3124,625
3125,-229
3126,625
3127,523
3128,573
3129,675
3130,625
3131,625
3132,-27
3133,-125
3134,575
3135,623
3136,423
3137,-75
3138,-25
3139,571
3140,525
3141,525
3142,575
3143,675
3144,-25
3145,675
3146,675
3147,473
3148,623
3149,523
3150,625
3151,675
3152,625
3153,625
3154,-25
3155,573
3156,675
3157,675
3158,-127
3159,675
3160,623
3161,575
3162,625
3163,625
3164,-25
3165,573
3166,575
3167,621
3168,375
3169,675
3170,525
3171,450
3172,-179
3173,373
3174,675
3175,200
3176,675
3177,-75
3178,675
3179,673
3180,225
3181,673
3182,500
3183,323
3184,-4
3185,675
3186,-77
3187,521
3188,471
3189,525
3190,350
3191,625
3192,423
3193,625
3194,473
3195,625
3196,675
3197,546
3198,675
3199,400
3200,675
3201,575
3202,625
3203,425
3204,525
3205,675
3206,625
3207,625
3208,675
3209,575
3210,375
3211,-25
3212,525
3213,398
3214,-75
3215,-127
3216,521
3217,625
3218,673
3219,625
3220,375
3221,675
3222,625
3223,671
3224,621
3225,675
3226,425
3227,675
3228,673
3229,675
3230,575
3231,573
3232,-125
3233,425
3234,675
3235,675
3236,623
3237,398
3238,-177
3239,-75
3240,673
3241,-27
3242,473
3243,675
3244,625
3245,350
3246,-125
3247,673
3248,625
3249,625
3250,675
3251,148
3252,673
3253,675
3254,469
3255,450
3256,-29
3257,625
3258,550
3259,348
3260,675
3261,675
3262,625
3263,675
3264,-125
3265,673
3266,-127
3267,575
3268,400
3269,625
3270,625
3271,421
3272,400
3273,350
3274,625
3275,-29
3276,675
3277,675
3278,675
3279,-25
3280,675
3281,625
3282,375
3283,625
3284,-125
3285,625
3286,675
3287,673
3288,625
3289,575
3290,673
3291,625
3292,673
3293,-125
3294,675
3295,675
3296,675
3297,675
3298,-127
3299,-125
3300,675
3301,-125
3302,400
3303,675
3304,625
3305,398
3306,675
3307,675
3308,671
3309,673
3310,675
3311,675
3312,-127
3313,473
3314,473
3315,675
3316,623
3317,675
3318,625
3319,675
3320,-75
3321,573
3322,-329
3323,525
3324,573
3325,625
3326,623
3327,525
3328,673
3329,675
3330,600
3331,625
3332,675
3333,675
3334,623
3335,675
3336,-75
3337,675
3338,625
3339,675
3340,146
3341,573
3342,625
3343,523
3344,575
3345,525
3346,575
3347,521
3348,675
3349,573
3350,625
3351,625
3352,673
3353,375
3354,400
3355,673
3356,273
3357,400
3358,675
3359,348
3360,400
3361,-25
3362,675
3363,250
3364,-125
3365,-175
3366,-127
3367,-75
3368,-75
3369,350
3370,-27
3371,575
3372,375
3373,623
3374,625
3375,675
3376,-75
3377,675
3378,475
3379,675
3380,-27
3381,675
3382,575
3383,621
3384,75
3385,621
3386,400
3387,625
3388,525
3389,675
3390,675
3391,-125
3392,625
3393,675
3394,573
3395,675
3396,-29
3397,-75
3398,450
3399,-75
3400,675
3401,-75
3402,475
3403,573
3404,673
3405,673
3406,675
3407,675
3408,675
3409,623
3410,475
3411,425
3412,575
3413,675
3414,573
3415,625
3416,550
3417,-75
3418,625
3419,525
3420,575
3421,671
3422,625
3423,550
3424,673
3425,350
3426,150
3427,621
3428,-75
3429,621
3430,625
3431,623
3432,675
3433,-125
3434,675
3435,675
3436,621
3437,525
3438,-75
3439,-177
3440,398
3441,-75
3442,625
3443,548
3444,675
3445,-25
3446,375
3447,471
3448,675
3449,675
3450,571
3451,625
3452,400
3453,425
3454,675
3455,625
3456,675
3457,-25
3458,675
3459,623
3460,350
3461,675
3462,525
3463,673
3464,-125
3465,425
3466,373
3467,625
3468,-75
3469,375
3470,575
3471,348
3472,575
3473,675
3474,669
3475,625
3476,-75
3477,346
3478,-150
3479,525
3480,550
3481,575
3482,475
3483,675
3484,675
3485,-125
3486,675
3487,548
3488,675
3489,475
3490,671
3491,623
3492,673
3493,625
3494,525
3495,-175
3496,525
3497,675
3498,300
3499,575
3500,623
3501,623
3502,675
3503,123
3504,525
3505,300
3506,575
3507,625
3508,625
3509,523
3510,-75
3511,450
3512,675
3513,625
3514,223
3515,-125
3516,675
3517,673
3518,448
3519,673
3520,675
3521,575
3522,425
3523,623
3524,523
3525,673
3526,-27
3527,173
3528,475
3529,675
3530,-50
3531,623
3532,673
3533,625
3534,673
3535,675
3536,400
3537,675
3538,675
3539,625
3540,-75
3541,623
3542,375
3543,675
3544,675
3545,573
3546,675
3547,523
3548,623
3549,525
3550,-75
3551,625
3552,400
3553,625
3554,575
3555,619
3556,675
3557,425
3558,523
3559,473
3560,525
3561,-131
3562,350
3563,675
3564,548
3565,675
3566,575
3567,525
3568,-25
3569,525
3570,-77
3571,575
3572,675
3573,675
3574,675
3575,423
3576,673
3577,-75
3578,675
3579,0
3580,573
3581,675
3582,-125
3583,523
3584,425
3585,675
3586,500
3587,425
3588,550
3589,675
3590,-75
3591,571
3592,625
3593,625
3594,-127
3595,325
3596,675
3597,275
3598,625
3599,475
3600,425
3601,625
3602,625
3603,675
3604,523
3605,250
3606,-200
3607,625
3608,-75
3609,425
3610,350
3611,675
3612,573
3613,625
3614,675
3615,-77
3616,675
3617,-177
3618,-175
3619,575
3620,196
3621,669
3622,-29
3623,-25
3624,-125
3625,675
3626,-125
3627,675
3628,-77
3629,548
3630,675
3631,675
3632,625
3633,-131
3634,-125
3635,-79
3636,673
3637,350
3638,675
3639,675
3640,-75
3641,623
3642,275
3643,575
3644,523
3645,575
3646,-125
3647,425
3648,-125
3649,675
3650,471
3651,425
3652,-27
3653,573
3654,473
3655,621
3656,675
3657,-75
3658,-75
3659,-29
3660,521
3661,325
3662,-25
3663,625
3664,573
3665,471
3666,675
3667,675
3668,675
3669,350
3670,675
3671,525
3672,675
3673,-127
3674,625
3675,-125
3676,-127
3677,600
3678,675
3679,673
3680,-2
3681,475
3682,625
3683,673
3684,675
3685,-125
3686,625
3687,673
3688,573
3689,575
3690,675
3691,625
3692,198
3693,525
3694,475
3695,-125
3696,675
3697,-125
3698,525
3699,625
3700,625
3701,-75
3702,675
3703,523
3704,625
3705,675
3706,-125
3707,473
3708,625
3709,675
3710,573
3711,573
3712,675
3713,623
3714,575
3715,546
3716,575
3717,621
3718,575
3719,419
3720,671
3721,623
3722,-77
3723,675
3724,475
3725,473
3726,673
3727,375
3728,-125
3729,675
3730,675
3731,-75
3732,-125
3733,675
3734,-25
3735,100
3736,-127
3737,675
3738,350
3739,625
3740,623
3741,475
3742,623
3743,625
3744,673
3745,669
3746,625
3747,-77
3748,350
3749,675
3750,675
3751,473
3752,625
3753,625
3754,625
3755,625
3756,623
3757,425
3758,425
3759,550
3760,-25
3761,575
3762,575
3763,675
3764,475
3765,575
3766,675
3767,623
3768,-25
3769,675
3770,375
3771,-77
3772,675
3773,675
3774,425
3775,-25
3776,475
3777,-125
3778,575
3779,425
3780,-125
3781,300
3782,-125
3783,398
3784,-125
3785,-79
3786,623
3787,675
3788,223
3789,575
3790,675
3791,625
3792,673
3793,625
3794,619
3795,623
3796,-25
3797,675
3798,575
3799,550
3800,575
3801,623
3802,473
3803,569
3804,-25
3805,675
3806,675
3807,575
3808,675
3809,673
3810,-125
3811,573
3812,375
3813,525
3814,619
3815,-125
3816,-125
3817,625
3818,675
3819,623
3820,475
3821,673
3822,671
3823,675
3824,-125
3825,675
3826,673
3827,675
3828,275
3829,673
3830,196
3831,625
3832,625
3833,673
3834,-75
3835,575
3836,573
3837,-77
3838,625
3839,573
3840,675
3841,-125
3842,673
3843,671
3844,-125
3845,-125
3846,675
3847,625
3848,673
3849,571
3850,-6
3851,569
3852,675
3853,623
3854,673
3855,-125
3856,675
3857,573
3858,625
3859,-100
3860,625
3861,623
3862,-75
3863,400
3864,223
3865,100
3866,400
3867,625
3868,675
3869,575
3870,571
3871,471
3872,-125
3873,675
3874,675
3875,625
3876,-127
3877,675
3878,323
3879,-125
3880,625
3881,625
3882,673
3883,394
3884,675
3885,675
3886,675
3887,475
3888,625
3889,-29
3890,673
3891,-75
3892,523
3893,-200
3894,625
3895,525
3896,623
3897,525
3898,525
3899,150
3900,675
3901,675
3902,625
3903,673
3904,373
3905,623
3906,325
3907,573
3908,675
3909,400
3910,675
3911,625
3912,575
3913,221
3914,400
3915,425
3916,423
3917,423
3918,375
3919,625
3920,675
3921,-75
3922,-75
3923,565
3924,675
3925,-77
3926,625
3927,675
3928,-127
3929,-79
3930,625
3931,573
3932,675
3933,625
3934,475
3935,625
3936,623
3937,675
3938,675
3939,123
3940,625
3941,523
3942,323
3943,675
3944,625
3945,523
3946,425
3947,398
3948,625
3949,625
3950,-129
3951,625
3952,625
3953,675
3954,675
3955,48
3956,471
3957,525
3958,675
3959,523
3960,573
3961,-2
3962,625
3963,675
3964,675
3965,525
3966,673
3967,425
3968,675
3969,675
3970,573
3971,625
3972,575
3973,673
3974,675
3975,625
3976,675
3977,673
3978,625
3979,673
3980,-125
3981,-25
3982,-75
3983,675
3984,-100
3985,300
3986,-25
3987,575
3988,-152
3989,623
3990,625
3991,525
3992,575
3993,525
3994,-27
3995,675
3996,621
3997,675
3998,675
3999,425
4000,275
4001,-29
4002,323
4003,675
4004,423
4005,675
4006,573
4007,675
4008,675
4009,-300
4010,423
4011,-200
4012,675
4013,523
4014,625
4015,623
4016,623
4017,471
4018,525
4019,673
4020,425
4021,625
4022,375
4023,675
4024,675
4025,450
4026,-125
4027,673
4028,673
4029,573
4030,675
4031,675
4032,625
4033,625
4034,671
4035,425
4036,425
4037,-27
4038,625
4039,498
4040,675
4041,625
4042,523
4043,673
4044,675
4045,675
4046,673
4047,-250
4048,625
4049,-75
4050,673
4051,625
4052,673
4053,675
4054,-79
4055,573
4056,625
4057,623
4058,623
4059,623
4060,675
4061,350
4062,-75
4063,675
4064,-75
4065,575
4066,625
4067,-33
4068,575
4069,675
4070,250
4071,673
4072,675
4073,675
4074,-75
4075,298
4076,498
4077,496
4078,673
4079,621
4080,675
4081,-125
4082,471
4083,673
4084,-75
4085,500
4086,575
4087,673
4088,575
4089,-125
4090,-25
4091,625
4092,675
4093,571
4094,625
4095,625
4096,523
4097,325
4098,-100
4099,675
4100,673
4101,625
4102,475
4103,573
4104,675
4105,673
4106,498
4107,350
4108,-125
4109,675
4110,675
4111,400
4112,625
4113,-27
4114,375
4115,521
4116,-75
4117,-127
4118,525
4119,523
4120,550
4121,673
4122,675
4123,273
4124,-175
4125,625
4126,675
4127,-27
4128,675
4129,625
4130,473
4131,625
4132,-75
4133,575
4134,625
4135,625
4136,675
4137,-125
4138,475
4139,675
4140,623
4141,575
4142,-227
4143,673
4144,546
4145,-127
4146,350
4147,675
4148,350
4149,575
4150,623
4151,625
4152,469
4153,296
4154,519
4155,-125
4156,475
4157,675
4158,675
4159,525
4160,569
4161,675
4162,-229
4163,-29
4164,325
4165,675
4166,675
4167,625
4168,675
4169,-127
4170,673
4171,675
4172,-200
4173,250
4174,573
4175,-125
4176,-127
4177,425
4178,573
4179,473
4180,625
4181,675
4182,-125
4183,675
4184,-100
4185,675
4186,-75
4187,100
4188,-27
4189,-125
4190,625
4191,671
4192,673
4193,575
4194,200
4195,625
4196,548
4197,625
4198,523
4199,525
4200,525
4201,625
4202,673
4203,675
4204,675
4205,573
4206,675
4207,625
4208,625
4209,575
4210,525
4211,498
4212,673
4213,625
4214,523
4215,500
4216,675
4217,675
4218,-129
4219,-127
4220,525
4221,-77
4222,375
4223,623
4224,675
4225,425
4226,425
4227,675
4228,675
4229,298
4230,675
4231,675
4232,675
4233,675
4234,400
4235,425
4236,-125
4237,448
4238,473
4239,675
4240,675
4241,-75
4242,625
4243,-75
4244,73
4245,675
4246,396
4247,-100
4248,623
4249,521
4250,625
4251,325
4252,623
4253,448
4254,623
4255,575
4256,675
4257,-125
4258,673
4259,-127
4260,-229
4261,623
4262,-129
4263,-125
4264,625
4265,-75
4266,575
4267,669
4268,-75
4269,348
4270,523
4271,625
4272,625
4273,675
4274,673
4275,675
4276,673
4277,100
4278,675
4279,475
4280,348
4281,625
4282,-75
4283,625
4284,425
4285,625
4286,-27
4287,473
4288,573
4289,25
4290,675
4291,-127
4292,573
4293,150
4294,575
4295,675
4296,673
4297,500
4298,675
4299,-75
4300,675
4301,671
4302,523
4303,621
4304,525
4305,-127
4306,-75
4307,348
4308,-127
4309,423
4310,-100
4311,675
4312,550
4313,621
4314,675
4315,673
4316,675
4317,623
4318,675
4319,625
4320,625
4321,675
4322,675
4323,675
4324,625
4325,-175
4326,675
4327,625
4328,675
4329,675
4330,423
4331,675
4332,325
4333,625
4334,375
4335,575
4336,-77
4337,575
4338,675
4339,575
4340,575
4341,617
4342,-75
4343,675
4344,625
4345,625
4346,625
4347,423
4348,375
4349,625
4350,473
4351,675
4352,625
4353,625
4354,423
4355,500
4356,621
4357,-125
4358,675
4359,675
4360,-25
4361,-77
4362,575
4363,675
4364,598
4365,625
4366,673
4367,-125
4368,498
4369,275
4370,498
4371,625
4372,625
4373,675
4374,625
4375,675
4376,673
4377,400
4378,625
4379,-125
4380,575
4381,675
4382,675
4383,675
4384,573
4385,-75
4386,625
4387,625
4388,675
4389,673
4390,575
4391,623
4392,475
4393,675
4394,625
4395,673
4396,625
4397,625
4398,673
4399,596
4400,623
4401,500
4402,675
4403,575
4404,-75
4405,575
4406,-179
4407,675
4408,625
4409,623
4410,623
4411,673
4412,396
4413,425
4414,575
4415,623
4416,575
4417,625
4418,-25
4419,575
4420,-75
4421,-77
4422,-125
4423,525
4424,475
4425,525
4426,671
4427,400
4428,675
4429,623
4430,-127
4431,675
4432,675
4433,425
4434,573
4435,625
4436,625
4437,75
4438,275
4439,350
4440,675
4441,625
4442,675
4443,-181
4444,400
4445,575
4446,675
4447,523
4448,675
4449,-175
4450,625
4451,675
4452,675
4453,350
4454,-25
4455,623
4456,675
4457,425
4458,446
4459,675
4460,575
4461,523
4462,621
4463,600
4464,425
4465,525
4466,-125
4467,625
4468,375
4469,-125
4470,675
4471,625
4472,625
4473,625
4474,348
4475,-75
4476,-27
4477,496
4478,523
4479,-77
4480,625
4481,625
4482,573
4483,675
4484,623
4485,373
4486,525
4487,-77
4488,573
4489,-100
4490,675
4491,673
4492,675
4493,675
4494,-77
4495,625
4496,675
4497,-75
4498,250
4499,675
4500,273
4501,675
4502,-125
4503,375
4504,673
4505,675
4506,673
4507,425
4508,623
4509,475
4510,623
4511,525
4512,675
4513,-75
4514,625
4515,675
4516,675
4517,675
4518,675
4519,625
4520,350
4521,-125
4522,623
4523,621
4524,625
4525,673
4526,623
4527,673
4528,-125
4529,425
4530,673
4531,398
4532,675
4533,-125
4534,-25
4535,625
4536,625
4537,398
4538,623
4539,525
4540,625
4541,621
4542,575
4543,-52
4544,425
4545,675
4546,-125
4547,671
4548,525
4549,575
4550,675
4551,425
4552,675
4553,673
4554,525
4555,300
4556,675
4557,400
4558,675
4559,623
4560,-75
4561,675
4562,573
4563,623
4564,625
4565,675
4566,525
4567,496
4568,671
4569,625
4570,425
4571,-125
4572,675
4573,-25
4574,521
4575,675
4576,-125
4577,-75
4578,673
4579,400
4580,-125
4581,623
4582,675
4583,625
4584,675
4585,675
4586,573
4587,-75
4588,400
4589,398
4590,-77
4591,573
4592,-75
4593,-27
4594,525
4595,-29
4596,425
4597,675
4598,425
4599,150
4600,625
4601,575
4602,-125
4603,-75
4604,675
4605,675
4606,573
4607,375
4608,675
4609,675
4610,575
4611,675
4612,623
4613,525
4614,675
4615,675
4616,675
4617,675
4618,573
4619,525
4620,621
4621,675
4622,498
4623,523
4624,625
4625,675
4626,623
4627,525
4628,675
4629,-125
4630,469
4631,673
4632,348
4633,425
4634,675
4635,625
4636,525
4637,-75
4638,675
4639,675
4640,675
4641,-125
4642,673
4643,-127
4644,575
4645,575
4646,348
4647,398
4648,675
4649,323
4650,425
4651,625
4652,-75
4653,-129
4654,525
4655,-77
4656,125
4657,473
4658,475
4659,-25
4660,675
4661,575
4662,575
4663,350
4664,-25
4665,625
4666,675
4667,573
4668,-125
4669,621
4670,471
4671,-125
4672,675
4673,673
4674,-79
4675,675
4676,-75
4677,575
4678,675
4679,-27
4680,675
4681,669
4682,573
4683,625
4684,675
4685,575
4686,550
4687,575
4688,448
4689,375
4690,675
4691,675
4692,675
4693,675
4694,671
4695,548
4696,625
4697,575
4698,625
4699,375
4700,673
4701,-25
4702,573
4703,675
4704,673
4705,625
4706,448
4707,675
4708,521
4709,625
4710,675
4711,-300
4712,425
4713,675
4714,575
4715,675
4716,400
4717,323
4718,673
4719,673
4720,550
4721,675
4722,673
4723,623
4724,625
4725,617
4726,-175
4727,521
4728,675
4729,-25
4730,675
4731,-127
4732,-75
4733,621
4734,523
4735,-50
4736,525
4737,575
4738,425
4739,500
4740,625
4741,569
4742,375
4743,675
4744,675
4745,546
4746,675
4747,-27
4748,673
4749,673
4750,575
4751,673
4752,625
4753,673
4754,675
4755,675
4756,-79
4757,675
4758,575
4759,575
4760,675
4761,-75
4762,675
4763,-125
4764,400
4765,675
4766,425
4767,-125
4768,250
4769,675
4770,-127
4771,625
4772,375
4773,675
4774,673
4775,275
4776,-127
4777,-77
4778,625
4779,473
4780,625
4781,625
4782,-125
4783,98
4784,525
4785,623
4786,300
4787,675
4788,400
4789,673
4790,675
4791,675
4792,-25
4793,398
4794,500
4795,-77
4796,675
4797,675
4798,625
4799,675
4800,525
4801,675
4802,625
4803,675
4804,621
4805,625
4806,325
4807,323
4808,625
4809,625
4810,-125
4811,425
4812,675
4813,575
4814,573
4815,-75
4816,-77
4817,-77
4818,-50
4819,525
4820,400
4821,475
4822,525
4823,675
4824,625
4825,517
4826,500
4827,473
4828,325
4829,675
4830,425
4831,575
4832,673
4833,498
4834,523
4835,525
4836,671
4837,-75
4838,673
4839,325
4840,675
4841,248
4842,525
4843,571
4844,675
4845,625
4846,625
4847,673
4848,675
4849,623
4850,-125
4851,675
4852,675
4853,573
4854,575
4855,625
4856,671
4857,396
4858,348
4859,625
4860,400
4861,673
4862,325
4863,-75
4864,625
4865,575
4866,-127
4867,625
4868,673
4869,675
4870,248
4871,-175
4872,675
4873,675
4874,669
4875,475
4876,625
4877,-75
4878,-125
4879,625
4880,575
4881,675
4882,521
4883,675
4884,675
4885,675
4886,-179
4887,675
4888,675
4889,575
4890,625
4891,675
4892,496
4893,625
4894,-4
4895,-100
4896,473
4897,25
4898,-175
4899,675
4900,675
4901,673
4902,675
4903,675
4904,-25
4905,-177
4906,625
4907,400
4908,-75
4909,625
4910,675
4911,396
4912,421
4913,573
4914,675
4915,625
4916,673
4917,550
4918,575
4919,623
4920,675
4921,675
4922,425
4923,675
4924,469
4925,575
4926,625
4927,673
4928,-100
4929,175
4930,521
4931,473
4932,675
4933,673
4934,675
4935,675
4936,573
4937,575
4938,623
4939,675
4940,298
4941,575
4942,475
4943,500
4944,573
4945,398
4946,-227
4947,625
4948,425
4949,625
4950,571
4951,625
4952,623
4953,625
4954,625
4955,-29
4956,675
4957,675
4958,625
4959,-125
4960,473
4961,-75
4962,575
4963,673
4964,625
4965,625
4966,575
4967,425
4968,575
4969,623
4970,-127
4971,623
4972,675
4973,573
4974,675
4975,675
4976,675
4977,675
4978,423
4979,673
4980,625
4981,-127
4982,621
4983,523
4984,475
4985,-25
4986,625
4987,675
4988,625
4989,400
4990,-125
4991,-125
4992,400
4993,625
4994,575
4995,625
4996,-31
4997,625
4998,575
4999,375
5000,621
5001,675
5002,623
5003,-75
5004,675
5005,375
5006,675
5007,425
5008,525
5009,625
5010,625
5011,-125
5012,625
5013,475
5014,575
5015,223
5016,675
5017,575
5018,225
5019,575
5020,675
5021,673
5022,-77
5023,525
5024,675
5025,675
5026,-25
5027,-75
5028,623
5029,575
5030,675
5031,575
5032,623
5033,-75
5034,571
5035,675
5036,673
5037,675
5038,675
5039,575
5040,673
5041,525
5042,625
5043,275
5044,425
5045,-75
5046,-77
5047,575
5048,625
5049,675
5050,575
5051,525
5052,425
5053,-25
5054,198
5055,-100
5056,675
5057,623
5058,625
5059,625
5060,-127
5061,575
5062,623
5063,675
5064,673
5065,675
5066,-129
5067,625
5068,625
5069,675
5070,675
5071,673
5072,623
5073,623
5074,-125
5075,425
5076,675
5077,371
5078,675
5079,-125
5080,675
5081,-177
5082,625
5083,675
5084,375
5085,623
5086,-125
5087,675
5088,525
5089,675
5090,673
5091,525
5092,473
5093,375
5094,-75
5095,675
5096,675
5097,475
5098,100
5099,675
5100,675
5101,275
5102,625
5103,675
5104,675
5105,673
5106,673
5107,675
5108,675
5109,625
5110,675
5111,350
5112,-125
5113,-302
5114,325
5115,673
5116,623
5117,673
5118,625
5119,623
5120,673
5121,425
5122,525
5123,673
5124,675
5125,75
5126,-200
5127,675
5128,675
5129,194
5130,575
5131,573
5132,-75
5133,573
5134,398
5135,-127
5136,675
5137,373
5138,525
5139,625
5140,675
5141,525
5142,425
5143,-75
5144,625
5145,673
5146,475
5147,675
5148,675
5149,675
5150,575
5151,625
5152,625
5153,-125
5154,675
5155,623
5156,675
5157,250
5158,675
5159,175
5160,675
5161,575
5162,621
5163,-127
5164,423
5165,-75
5166,675
5167,675
5168,200
5169,675
5170,675
5171,-179
5172,671
5173,625
5174,675
5175,275
5176,-75
5177,575
5178,575
5179,675
5180,573
5181,525
5182,400
5183,575
5184,-125
5185,675
5186,525
5187,425
5188,-125
5189,625
5190,-125
5191,-177
5192,-125
5193,75
5194,350
5195,625
5196,675
5197,675
5198,-25
5199,625
5200,-125
5201,550
5202,525
5203,-29
5204,-125
5205,425
5206,475
5207,-27
5208,425
5209,573
5210,675
5211,673
5212,-127
5213,625
5214,675
5215,-125
5216,398
5217,573
5218,675
5219,525
5220,673
5221,575
5222,-177
5223,-25
5224,-227
5225,421
5226,675
5227,400
5228,623
5229,-125
5230,673
5231,525
5232,673
5233,621
5234,625
5235,-129
5236,350
5237,675
5238,675
5239,-4
5240,625
5241,525
5242,675
5243,575
5244,375
5245,625
5246,625
5247,673
5248,523
5249,623
5250,-75
5251,675
5252,625
5253,675
5254,550
5255,623
5256,625
5257,675
5258,423
5259,623
5260,-129
5261,525
5262,623
5263,550
5264,673
5265,373
5266,273
5267,-125
5268,675
5269,523
5270,348
5271,-127
5272,550
5273,675
5274,548
5275,575
5276,0
5277,675
5278,671
5279,575
5280,675
5281,-185
5282,625
5283,-125
5284,346
5285,-75
5286,475
5287,250
5288,615
5289,-177
5290,425
5291,-152
5292,671
5293,673
5294,675
5295,673
5296,673
5297,575
5298,-125
5299,-75
5300,375
5301,575
5302,523
5303,-125
5304,-125
5305,625
5306,-29
5307,425
5308,623
5309,-125
5310,625
5311,623
5312,-77
5313,625
5314,-27
5315,350
5316,623
5317,675
5318,675
5319,625
5320,425
5321,675
5322,675
5323,500
5324,623
5325,-135
5326,525
5327,625
5328,673
5329,-125
5330,571
5331,675
5332,673
5333,675
5334,625
5335,675
5336,-125
5337,-200
5338,675
5339,675
5340,675
5341,325
5342,675
5343,425
5344,350
5345,573
5346,675
5347,446
5348,673
5349,625
5350,673
5351,675
5352,625
5353,425
5354,-75
5355,-29
5356,675
5357,525
5358,673
5359,671
5360,373
5361,573
5362,398
5363,525
5364,-75
5365,-102
5366,675
5367,621
5368,675
5369,625
5370,-125
5371,525
5372,625
5373,625
5374,-125
5375,323
5376,675
5377,-75
5378,-125
5379,675
5380,400
5381,548
5382,-125
5383,675
5384,-127
5385,425
5386,-177
5387,523
5388,-125
5389,625
5390,371
5391,-81
5392,398
5393,675
5394,675
5395,-75
5396,675
5397,675
5398,675
5399,625
5400,675
5401,675
5402,625
5403,623
5404,398
5405,-75
5406,573
5407,673
5408,-125
5409,73
5410,-25
5411,675
5412,425
5413,-125
5414,671
5415,571
5416,675
5417,675
5418,475
5419,675
5420,575
5421,669
5422,673
5423,675
5424,623
5425,673
5426,673
5427,675
5428,-75
5429,673
5430,475
5431,-77
5432,398
5433,675
5434,-77
5435,671
5436,-25
5437,623
5438,525
5439,625
5440,575
5441,398
5442,-75
5443,621
5444,675
5445,-125
5446,675
5447,325
5448,625
5449,475
5450,525
5451,-125
5452,525
5453,625
5454,673
5455,675
5456,-27
5457,675
5458,-75
5459,623
5460,675
5461,623
5462,675
5463,-150
5464,-75
5465,-127
5466,675
5467,523
5468,625
5469,521
5470,525
5471,573
5472,675
5473,675
5474,523
5475,346
5476,621
5477,573
5478,675
5479,-77
5480,673
5481,-125
5482,625
5483,625
5484,673
5485,521
5486,675
5487,375
5488,400
5489,550
5490,675
5491,550
5492,625
5493,675
5494,-200
5495,623
5496,425
5497,573
5498,0
5499,675
5500,675
5501,-75
5502,-225
5503,-125
5504,400
5505,-27
5506,325
5507,675
5508,523
5509,-125
5510,673
5511,-175
5512,675
5513,625
5514,375
5515,673
5516,425
5517,625
5518,625
5519,675
5520,575
5521,675
5522,673
5523,675
5524,675
5525,675
5526,-25
5527,396
5528,425
5529,675
5530,575
5531,673
5532,675
5533,573
5534,675
5535,500
5536,-75
5537,-75
5538,625
5539,675
5540,523
5541,675
5542,675
5543,-75
5544,675
5545,675
5546,-125
5547,675
5548,625
5549,525
5550,-125
5551,-175
5552,-404
5553,573
5554,625
5555,-25
5556,673
5557,575
5558,623
5559,375
5560,-75
5561,675
5562,-25
5563,-125
5564,25
5565,675
5566,675
5567,675
5568,625
5569,625
5570,675
5571,575
5572,275
5573,625
5574,-27
5575,150
5576,675
5577,625
5578,425
5579,673
5580,521
5581,625
5582,625
5583,525
5584,448
5585,450
5586,421
5587,-75
5588,-27
5589,550
5590,573
5591,-127
5592,350
5593,671
5594,623
5595,575
5596,675
5597,-75
5598,-77
5599,425
5600,525
5601,625
5602,569
5603,675
5604,573
5605,294
5606,675
5607,-2
5608,673
5609,-125
5610,625
5611,500
5612,675
5613,623
5614,625
5615,675
5616,673
5617,525
5618,625
5619,673
5620,-200
5621,150
5622,623
5623,473
5624,500
5625,625
5626,671
5627,623
5628,-125
5629,675
5630,575
5631,400
5632,671
5633,173
5634,675
5635,525
5636,0
5637,625
5638,575
5639,-200
5640,575
5641,675
5642,521
5643,625
5644,-200
5645,475
5646,625
5647,548
5648,-75
5649,-75
5650,473
5651,675
5652,573
5653,673
5654,675
5655,625
5656,673
5657,425
5658,625
5659,619
5660,625
5661,350
5662,373
5663,675
5664,575
5665,673
5666,625
5667,473
5668,625
5669,675
5670,675
5671,575
5672,675
5673,673
5674,-127
5675,523
5676,675
5677,625
5678,675
5679,373
5680,625
5681,671
5682,675
5683,625
5684,675
5685,-29
5686,675
5687,473
5688,675
5689,350
5690,675
5691,348
5692,675
5693,675
5694,675
5695,673
5696,575
5697,-127
5698,675
5699,625
5700,-75
5701,573
5702,673
5703,423
5704,675
5705,675
5706,625
5707,675
5708,575
5709,625
5710,-27
5711,675
5712,525
5713,625
5714,-75
5715,300
5716,500
5717,675
5718,-27
5719,675
5720,675
5721,623
5722,675
5723,575
5724,400
5725,398
5726,623
5727,623
5728,671
5729,675
5730,-27
5731,625
5732,625
5733,625
5734,673
5735,625
5736,398
5737,675
5738,-175
5739,-125
5740,498
5741,523
5742,623
5743,-75
5744,675
5745,-125
5746,623
5747,350
5748,675
5749,550
5750,673
5751,675
5752,625
5753,673
5754,375
5755,621
5756,575
5757,-27
5758,475
5759,675
5760,425
5761,525
5762,625
5763,675
5764,523
5765,625
5766,575
5767,675
5768,523
5769,423
5770,675
5771,625
5772,-125
5773,-177
5774,625
5775,-175
5776,675
5777,625
5778,673
5779,0
5780,625
5781,675
5782,525
5783,675
5784,550
5785,675
5786,525
5787,625
5788,625
5789,-31
5790,-27
5791,575
5792,-77
5793,275
5794,-75
5795,675
5796,398
5797,-25
5798,198
5799,625
5800,525
5801,525
5802,575
5803,575
5804,671
5805,623
5806,675
5807,675
5808,669
5809,625
5810,621
5811,675
5812,450
5813,625
5814,675
5815,625
5816,350
5817,425
5818,675
5819,625
5820,400
5821,-127
5822,625
5823,621
5824,575
5825,-127
5826,-31
5827,675
5828,-75
5829,521
5830,400
5831,675
5832,623
5833,625
5834,-125
5835,-125
5836,673
5837,673
5838,673
5839,673
5840,465
5841,-77
5842,550
5843,619
5844,675
5845,625
5846,625
5847,675
5848,575
5849,498
5850,675
5851,573
5852,571
5853,671
5854,675
5855,400
5856,-75
5857,600
5858,-125
5859,-125
5860,-25
5861,-177
5862,675
5863,-79
5864,625
5865,375
5866,673
5867,-77
5868,221
5869,-127
5870,348
5871,625
5872,675
5873,625
5874,523
5875,-27
5876,400
5877,523
5878,575
5879,623
5880,-125
5881,348
5882,673
5883,673
5884,550
5885,550
5886,-102
5887,675
5888,673
5889,-150
5890,-125
5891,300
5892,575
5893,623
5894,-25
5895,-75
5896,675
5897,575
5898,-75
5899,675
5900,675
5901,500
5902,523
5903,625
5904,400
5905,625
5906,425
5907,675
5908,623
5909,575
5910,425
5911,575
5912,425
5913,625
5914,625
5915,623
5916,-175
5917,-129
5918,573
5919,-75
5920,675
5921,675
5922,675
5923,-25
5924,500
5925,421
5926,623
5927,523
5928,675
5929,673
5930,498
5931,-25
5932,675
5933,573
5934,323
5935,550
5936,469
5937,573
5938,673
5939,671
5940,525
5941,625
5942,675
5943,623
5944,-102
5945,225
5946,573
5947,-27
5948,-75
5949,623
5950,669
5951,575
5952,-27
5953,675
5954,-100
5955,625
5956,521
5957,473
5958,-25
5959,575
5960,673
5961,400
5962,675
5963,675
5964,625
5965,525
5966,623
5967,375
5968,625
5969,675
5970,675
5971,275
5972,565
5973,623
5974,525
5975,673
5976,575
5977,523
5978,575
5979,-25
5980,673
5981,373
5982,575
5983,-125
5984,525
5985,525
5986,623
5987,623
5988,525
5989,675
5990,-104
5991,525
5992,225
5993,675
5994,625
5995,573
5996,471
5997,573
5998,671
5999,400
6000,675
6001,575
6002,250
6003,-100
6004,-75
6005,473
6006,298
6007,-75
6008,675
6009,525
6010,675
6011,400
6012,-25
6013,323
6014,-75
6015,573
6016,623
6017,671
6018,675
6019,625
6020,675
6021,425
6022,623
6023,675
6024,-125
6025,-81
6026,625
6027,673
6028,-27
6029,625
6030,673
6031,425
6032,425
6033,623
6034,298
6035,350
6036,675
6037,625
6038,525
6039,623
6040,675
6041,400
6042,673
6043,-125
6044,621
6045,623
6046,623
6047,-25
6048,625
6049,569
6050,673
6051,-75
6052,-25
6053,625
6054,575
6055,625
6056,675
6057,523
6058,419
6059,573
6060,675
6061,525
6062,671
6063,548
6064,-125
6065,671
6066,675
6067,523
6068,-77
6069,523
6070,-102
6071,-225
6072,675
6073,-127
6074,623
6075,675
6076,675
6077,-77
6078,-125
6079,675
6080,675
6081,-75
6082,675
6083,525
6084,398
6085,-125
6086,675
6087,496
6088,625
6089,350
6090,625
6091,675
6092,625
6093,625
6094,473
6095,-79
6096,623
6097,-200
6098,625
6099,675
6100,673
6101,375
6102,675
6103,348
6104,675
6105,-125
6106,575
6107,398
6108,673
6109,673
6110,-29
6111,423
6112,675
6113,625
6114,317
6115,525
6116,575
6117,675
6118,-75
6119,-75
6120,623
6121,-127
6122,675
6123,675
6124,625
6125,625
6126,-29
6127,-100
6128,575
6129,625
6130,523
6131,673
6132,625
6133,525
6134,673
6135,-125
6136,548
6137,673
6138,550
6139,675
6140,673
6141,423
6142,523
6143,425
6144,-25
6145,523
6146,675
6147,523
6148,573
6149,675
6150,675
6151,675
6152,375
6153,-177
6154,675
6155,-125
6156,623
6157,398
6158,675
6159,550
6160,675
6161,625
6162,-29
6163,575
6164,675
6165,675
6166,-75
6167,625
6168,548
6169,623
6170,625
6171,575
6172,625
6173,-127
6174,425
6175,-129
6176,625
6177,500
6178,571
6179,673
6180,675
6181,575
6182,675
6183,675
6184,150
6185,569
6186,625
6187,625
6188,425
6189,-25
6190,675
6191,673
6192,675
6193,400
6194,675
6195,623
6196,525
6197,623
6198,623
6199,675
6200,-25
6201,-125
6202,425
6203,623
6204,675
6205,-75
6206,675
6207,573
6208,-125
6209,625
6210,621
6211,673
6212,675
6213,500
6214,-154
6215,-75
6216,-75
6217,-125
6218,623
6219,675
6220,498
6221,-127
6222,-75
6223,275
6224,575
6225,-127
6226,523
6227,525
6228,675
6229,673
6230,-2
6231,-125
6232,675
6233,300
6234,573
6235,500
6236,-25
6237,573
6238,248
6239,675
6240,625
6241,671
6242,625
6243,373
6244,423
6245,521
6246,675
6247,275
6248,-125
6249,-27
6250,398
6251,-25
6252,525
6253,575
6254,575
6255,675
6256,-75
6257,625
6258,625
6259,500
6260,675
6261,525
6262,400
6263,350
6264,548
6265,675
6266,400
6267,621
6268,-27
6269,-125
6270,475
6271,-125
6272,575
6273,675
6274,625
6275,625
6276,-125
6277,623
6278,625
6279,-75
6280,-125
6281,675
6282,494
6283,625
6284,575
6285,575
6286,673
6287,-175
6288,375
6289,73
6290,425
6291,675
6292,425
6293,671
6294,-31
6295,625
6296,275
6297,400
6298,-27
6299,623
6300,675
6301,-127
6302,525
6303,575
6304,675
6305,623
6306,525
6307,475
6308,675
6309,625
6310,675
6311,525
6312,625
6313,625
6314,675
6315,675
6316,623
6317,675
6318,675
6319,623
6320,469
6321,625
6322,400
6323,673
6324,-125
6325,625
6326,-150
6327,473
6328,-125
6329,473
6330,400
6331,675
6332,521
6333,-125
6334,573
6335,475
6336,371
6337,675
6338,525
6339,575
6340,350
6341,-200
6342,675
6343,-75
6344,575
6345,675
6346,625
6347,575
6348,575
6349,150
6350,675
6351,623
6352,623
6353,625
6354,675
6355,-75
6356,-125
6357,625
6358,573
6359,623
6360,675
6361,675
6362,-2
6363,575
6364,450
6365,675
6366,675
6367,525
6368,-25
6369,500
6370,625
6371,673
6372,625
6373,623
6374,675
6375,675
6376,675
6377,625
6378,575
6379,400
6380,575
6381,-25
6382,625
6383,425
6384,-27
6385,400
6386,675
6387,425
6388,373
6389,625
6390,625
6391,675
6392,675
6393,-56
6394,500
6395,-125
6396,-202
6397,525
6398,673
6399,675
6400,675
6401,-75
6402,-127
6403,625
6404,525
6405,523
6406,675
6407,521
6408,671
6409,525
6410,571
6411,625
6412,623
6413,400
6414,621
6415,-125
6416,400
6417,173
6418,325
6419,-125
6420,675
6421,223
6422,523
6423,448
6424,625
6425,675
6426,75
6427,300
6428,675
6429,621
6430,673
6431,675
6432,-75
6433,-125
6434,-175
6435,623
6436,398
6437,675
6438,623
6439,225
6440,675
6441,675
6442,625
6443,673
6444,625
6445,575
6446,-125
6447,525
6448,575
6449,-125
6450,548
6451,473
6452,625
6453,-79
6454,425
6455,673
6456,-75
6457,571
6458,675
6459,346
6460,673
6461,-79
6462,625
6463,-127
6464,-125
6465,-29
6466,673
6467,675
6468,473
6469,621
6470,575
6471,625
6472,525
6473,675
6474,471
6475,575
6476,575
6477,525
6478,-75
6479,625
6480,675
6481,550
6482,675
6483,575
6484,525
6485,675
6486,623
6487,500
6488,575
6489,675
6490,425
6491,-25
6492,-125
6493,671
6494,675
6495,673
6496,-225
6497,625
6498,675
6499,675
6500,148
6501,675
6502,523
6503,425
6504,575
6505,-75
6506,-125
6507,675
6508,523
6509,621
6510,575
6511,623
6512,346
6513,400
6514,675
6515,575
6516,-177
6517,-125
6518,-129
6519,323
6520,625
6521,375
6522,-75
6523,-125
6524,550
6525,675
6526,675
6527,673
6528,473
6529,575
6530,-75
6531,675
6532,225
6533,321
6534,-125
6535,350
6536,625
6537,675
6538,544
6539,398
6540,619
6541,675
6542,623
6543,-25
6544,475
6545,571
6546,575
6547,673
6548,673
6549,675
6550,-50
6551,625
6552,675
6553,575
6554,523
6555,-125
6556,375
6557,300
6558,675
6559,625
6560,525
6561,475
6562,348
6563,673
6564,675
6565,175
6566,675
6567,573
6568,675
6569,675
6570,675
6571,625
6572,625
6573,675
6574,-250
6575,675
6576,625
6577,575
6578,673
6579,675
6580,675
6581,475
6582,-75
6583,675
6584,625
6585,575
6586,625
6587,575
6588,473
6589,675
6590,623
6591,623
6592,675
6593,625
6594,-75
6595,48
6596,675
6597,675
6598,-125
6599,425
6600,675
6601,675
6602,673
6603,675
6604,575
6605,525
6606,673
6607,-75
6608,425
6609,548
6610,373
6611,425
6612,-125
6613,-25
6614,-25
6615,-75
6616,-81
6617,625
6618,673
6619,346
6620,-127
6621,625
6622,573
6623,625
6624,673
6625,575
6626,625
6627,625
6628,473
6629,675
6630,-277
6631,675
6632,671
6633,671
6634,523
6635,675
6636,469
6637,671
6638,-125
6639,542
6640,625
6641,-77
6642,575
6643,673
6644,675
6645,675
6646,525
6647,523
6648,525
6649,575
6650,-75
6651,675
6652,625
6653,346
6654,525
6655,675
6656,675
6657,675
6658,525
6659,300
6660,275
6661,400
6662,-125
6663,325
6664,548
6665,375
6666,548
6667,-125
6668,675
6669,-75
6670,625
6671,625
6672,-125
6673,623
6674,671
6675,573
6676,675
6677,625
6678,-125
6679,625
6680,621
6681,675
6682,673
6683,571
6684,675
6685,675
6686,675
6687,250
6688,625
6689,675
6690,525
6691,625
6692,675
6693,675
6694,-77
6695,298
6696,-125
6697,525
6698,673
6699,-102
6700,675
6701,675
6702,623
6703,623
6704,675
6705,-127
6706,398
6707,571
6708,400
6709,625
6710,675
6711,675
6712,675
6713,675
6714,623
6715,-150
6716,-25
6717,675
6718,275
6719,475
6720,-29
6721,-77
6722,400
6723,200
6724,-229
6725,675
6726,-125
6727,675
6728,675
6729,-127
6730,675
6731,-125
6732,675
6733,-177
6734,675
6735,425
6736,-125
6737,350
6738,675
6739,673
6740,425
6741,675
6742,473
6743,175
6744,573
6745,675
6746,673
6747,625
6748,525
6749,573
6750,425
6751,-75
6752,623
6753,548
6754,623
6755,348
6756,625
6757,0
6758,625
6759,398
6760,675
6761,473
6762,221
6763,-75
6764,621
6765,675
6766,-79
6767,475
6768,225
6769,475
6770,448
6771,250
6772,625
6773,-75
6774,625
6775,675
6776,-127
6777,575
6778,675
6779,675
6780,-31
6781,-25
6782,675
6783,675
6784,-125
6785,573
6786,-125
6787,675
6788,625
6789,625
6790,675
6791,-125
6792,625
6793,-125
6794,473
6795,625
6796,523
6797,625
6798,400
6799,-125
6800,-77
6801,673
6802,-125
6803,571
6804,675
6805,675
6806,-75
6807,675
6808,675
6809,350
6810,675
6811,-125
6812,-75
6813,675
6814,673
6815,521
6816,425
6817,250
6818,675
6819,675
6820,673
6821,673
6822,575
6823,-125
6824,-125
6825,575
6826,475
6827,675
6828,625
6829,675
6830,625
6831,-75
6832,675
6833,675
6834,673
6835,448
6836,673
6837,-125
6838,0
6839,675
6840,473
6841,675
6842,673
6843,671
6844,625
6845,-125
6846,625
6847,623
6848,475
6849,-75
6850,675
6851,-75
6852,673
6853,675
6854,248
6855,675
6856,525
6857,625
6858,-125
6859,675
6860,-202
6861,675
6862,375
6863,-75
6864,675
6865,600
6866,673
6867,569
6868,475
6869,221
6870,-125
6871,221
6872,675
6873,-179
6874,-75
6875,425
6876,675
6877,-25
6878,-75
6879,623
6880,419
6881,675
6882,621
6883,575
6884,623
6885,521
6886,425
6887,575
6888,675
6889,671
6890,675
6891,525
6892,675
6893,673
6894,-125
6895,548
6896,675
6897,375
6898,-127
6899,675
6900,571
6901,675
6902,675
6903,-125
6904,575
6905,525
6906,425
6907,573
6908,571
6909,-125
6910,623
6911,625
6912,423
6913,425
6914,348
6915,-125
6916,-77
6917,-75
6918,575
6919,-2
6920,673
6921,575
6922,625
6923,673
6924,398
6925,-125
6926,350
6927,625
6928,-27
6929,573
6930,623
6931,-125
6932,-100
6933,625
6934,398
6935,623
6936,-25
6937,675
6938,675
6939,675
6940,523
6941,-75
6942,546
6943,623
6944,573
6945,373
6946,675
6947,425
6948,671
6949,-27
6950,625
6951,675
6952,425
6953,675
6954,673
6955,273
6956,-179
6957,675
6958,521
6959,625
6960,675
6961,673
6962,675
6963,575
6964,-125
6965,675
6966,300
6967,575
6968,-127
6969,625
6970,625
6971,623
6972,625
6973,575
6974,623
6975,-125
6976,623
6977,625
6978,550
6979,425
6980,675
6981,575
6982,-77
6983,625
6984,525
6985,623
6986,675
6987,-25
6988,525
6989,673
6990,675
6991,625
6992,675
6993,675
6994,225
6995,675
6996,575
6997,575
6998,548
6999,675
7000,323
7001,625
7002,523
7003,675
7004,475
7005,675
7006,675
7007,371
7008,675
7009,223
7010,425
7011,-75
7012,625
7013,675
7014,-125
7015,-125
7016,673
7017,-81
7018,423
7019,625
7020,-125
7021,-125
7022,675
7023,-125
7024,-27
7025,-27
7026,-125
7027,573
7028,500
7029,325
7030,523
7031,625
7032,575
7033,675
7034,525
7035,675
7036,675
7037,623
7038,675
7039,-77
7040,623
7041,-127
7042,275
7043,550
7044,675
7045,623
7046,475
7047,675
7048,425
7049,-75
7050,625
7051,671
7052,525
7053,548
7054,575
7055,675
7056,-125
7057,675
7058,625
7059,625
7060,623
7061,675
7062,-125
7063,675
7064,675
7065,473
7066,546
7067,625
7068,548
7069,625
7070,-79
7071,473
7072,575
7073,425
7074,-75
7075,423
7076,673
7077,625
7078,575
7079,-52
7080,523
7081,-25
7082,673
7083,625
7084,275
7085,575
7086,625
7087,675
7088,625
7089,671
7090,425
7091,673
7092,-127
7093,-125
7094,623
7095,425
7096,575
7097,-75
7098,350
7099,-127
7100,425
7101,621
7102,675
7103,325
7104,573
7105,525
7106,575
7107,675
7108,675
7109,-175
7110,575
7111,575
7112,575
7113,-202
7114,525
7115,675
7116,625
7117,625
7118,675
7119,625
7120,500
7121,625
7122,375
7123,423
7124,675
7125,375
7126,675
7127,271
7128,348
7129,523
7130,675
7131,375
7132,675
7133,573
7134,675
7135,400
7136,475
7137,573
7138,625
7139,-125
7140,525
7141,525
7142,621
7143,625
7144,625
7145,573
7146,-25
7147,-27
7148,673
7149,575
7150,675
7151,425
7152,-77
7153,625
7154,300
7155,550
7156,625
7157,475
7158,525
7159,675
7160,625
7161,673
7162,675
7163,-77
7164,675
7165,625
7166,-29
7167,675
7168,471
7169,575
7170,575
7171,675
7172,675
7173,575
7174,625
7175,625
7176,475
7177,425
7178,-175
7179,625
7180,-125
7181,323
7182,-200
7183,621
7184,-52
7185,150
7186,625
7187,623
7188,148
7189,675
7190,675
7191,673
7192,-75
7193,425
7194,523
7195,675
7196,-27
7197,673
7198,625
7199,675
7200,523
7201,500
7202,525
7203,325
7204,675
7205,673
7206,-225
7207,623
7208,675
7209,475
7210,625
7211,675
7212,675
7213,675
7214,350
7215,400
7216,625
7217,350
7218,575
7219,-125
7220,625
7221,623
7222,675
7223,675
7224,575
7225,575
7226,623
7227,550
7228,-127
7229,-75
7230,423
7231,-25
7232,625
7233,575
7234,675
7235,625
7236,475
7237,-125
7238,571
7239,675
7240,523
7241,625
7242,675
7243,-75
7244,423
7245,575
7246,525
7247,523
7248,625
7249,575
7250,-50
7251,675
7252,575
7253,675
7254,573
7255,675
7256,-125
7257,675
7258,-27
7259,525
7260,575
7261,673
7262,-125
7263,573
7264,625
7265,675
7266,-77
7267,623
7268,500
7269,675
7270,675
7271,623
7272,375
7273,421
7274,623
7275,625
7276,575
7277,275
7278,625
7279,675
7280,675
7281,675
7282,-75
7283,498
7284,625
7285,671
7286,675
7287,400
7288,621
7289,525
7290,250
7291,375
7292,673
7293,425
7294,675
7295,625
7296,-75
7297,475
7298,623
7299,-177
7300,325
7301,150
7302,623
7303,673
7304,500
7305,494
7306,-75
7307,423
7308,573
7309,675
7310,625
7311,675
7312,-100
7313,573
7314,573
7315,-75
7316,675
7317,675
7318,375
7319,625
7320,-27
7321,400
7322,675
7323,625
7324,675
7325,625
7326,-52
7327,623
7328,675
7329,-77
7330,575
7331,675
7332,575
7333,523
7334,-27
7335,400
7336,675
7337,675
7338,-29
7339,-75
7340,248
7341,625
7342,546
7343,-125
7344,673
7345,625
7346,523
7347,-125
7348,675
7349,675
7350,575
7351,325
7352,675
7353,-75
7354,398
7355,575
7356,675
7357,625
7358,673
7359,619
7360,-250
7361,675
7362,575
7363,625
7364,100
7365,525
7366,625
7367,-29
7368,550
7369,525
7370,-25
7371,625
7372,625
7373,525
7374,523
7375,623
7376,675
7377,-175
7378,521
7379,-25
7380,519
7381,625
7382,-125
7383,625
7384,375
7385,625
7386,623
7387,525
7388,625
7389,625
7390,671
7391,-27
7392,-75
7393,623
7394,-125
7395,298
7396,-125
7397,671
7398,-125
7399,-200
7400,-27
7401,625
7402,675
7403,-275
7404,200
7405,623
7406,671
7407,675
7408,-125
7409,-102
7410,-125
7411,-77
7412,525
7413,375
7414,321
7415,475
7416,625
7417,575
7418,675
7419,-125
7420,625
7421,575
7422,525
7423,-77
7424,675
7425,675
7426,-27
7427,675
7428,675
7429,-125
7430,-127
7431,673
7432,675
7433,625
7434,-75
7435,525
7436,675
7437,-29
7438,-125
7439,248
7440,675
7441,-81
7442,-75
7443,423
7444,275
7445,573
7446,625
7447,575
7448,675
7449,625
7450,525
7451,396
7452,625
7453,-125
7454,675
7455,425
7456,573
7457,623
7458,623
7459,525
7460,675
7461,675
7462,675
7463,673
7464,675
7465,673
7466,675
7467,371
7468,550
7469,-125
7470,550
7471,573
7472,-125
7473,673
7474,-25
7475,-29
7476,623
7477,625
7478,575
7479,475
7480,400
7481,-125
7482,550
7483,523
7484,525
7485,-175
7486,625
7487,523
7488,575
7489,275
7490,-27
7491,675
7492,675
7493,675
7494,423
7495,573
7496,623
7497,450
7498,625
7499,675
7500,150
7501,669
7502,625
7503,469
7504,569
7505,673
7506,575
7507,-127
7508,-127
7509,425
7510,425
7511,625
7512,423
7513,675
7514,525
7515,623
7516,625
7517,675
7518,423
7519,-304
7520,525
7521,623
7522,575
7523,573
7524,373
7525,475
7526,-77
7527,675
7528,625
7529,573
7530,246
7531,623
7532,-177
7533,525
7534,623
7535,473
7536,623
7537,-125
7538,675
7539,525
7540,675
7541,525
7542,675
7543,673
7544,675
7545,-125
7546,573
7547,625
7548,-125
7549,673
7550,-100
7551,-127
7552,500
7553,675
7554,675
7555,-100
7556,-52
7557,621
7558,625
7559,-100
7560,-125
7561,625
7562,575
7563,673
7564,473
7565,400
7566,625
7567,675
7568,623
7569,673
7570,625
7571,625
7572,625
7573,-75
7574,-125
7575,625
7576,425
7577,300
7578,425
7579,523
7580,225
7581,575
7582,150
7583,350
7584,523
7585,673
7586,675
7587,-125
7588,675
7589,673
7590,673
7591,569
7592,498
7593,623
7594,375
7595,623
7596,675
7597,675
7598,675
7599,525
7600,425
7601,625
7602,-25
7603,675
7604,675
7605,625
7606,625
7607,625
7608,673
7609,675
7610,525
7611,675
7612,525
7613,675
7614,625
7615,548
7616,375
7617,673
7618,675
7619,-175
7620,675
7621,421
7622,675
7623,-127
7624,575
7625,625
7626,625
7627,525
7628,425
7629,-27
7630,673
7631,675
7632,475
7633,475
7634,625
7635,498
7636,675
7637,425
7638,-75
7639,-127
7640,423
7641,575
7642,375
7643,625
7644,-75
7645,498
7646,625
7647,625
7648,675
7649,675
7650,-125
7651,425
7652,673
7653,494
7654,675
7655,623
7656,550
7657,500
7658,673
7659,675
7660,675
7661,675
7662,575
7663,673
7664,550
7665,523
7666,425
7667,623
7668,-75
7669,525
7670,623
7671,571
7672,425
7673,673
7674,675
7675,448
7676,375
7677,-225
7678,571
7679,673
7680,625
7681,623
7682,525
7683,675
7684,675
7685,523
7686,625
7687,-77
7688,550
7689,375
7690,675
7691,-125
7692,625
7693,-77
7694,623
7695,675
7696,619
7697,625
7698,-125
7699,-75
7700,575
7701,675
7702,-129
7703,671
7704,-125
7705,-125
7706,396
7707,673
7708,675
7709,523
7710,573
7711,675
7712,523
7713,-25
7714,575
7715,625
7716,625
7717,-27
7718,550
7719,625
7720,-175
7721,-77
7722,-75
7723,673
7724,-202
7725,625
7726,675
7727,-75
7728,-125
7729,575
7730,675
7731,625
7732,673
7733,425
7734,625
7735,375
7736,175
7737,673
7738,300
7739,675
7740,675
7741,675
7742,525
7743,425
7744,273
7745,-25
7746,675
7747,-125
7748,673
7749,675
7750,525
7751,523
7752,675
7753,-27
7754,625
7755,625
7756,-200
7757,350
7758,671
7759,625
7760,225
7761,-25
7762,-125
7763,348
7764,523
7765,573
7766,475
7767,-77
7768,425
7769,625
7770,-125
7771,-77
7772,523
7773,625
7774,398
7775,625
7776,675
7777,673
7778,625
7779,675
7780,-52
7781,675
7782,-75
7783,523
7784,625
7785,575
7786,548
7787,298
7788,675
7789,348
7790,673
7791,-125
7792,671
7793,571
7794,625
7795,573
7796,-125
7797,623
7798,673
7799,623
7800,519
7801,571
7802,-25
7803,675
7804,675
7805,675
7806,-77
7807,623
7808,500
7809,250
7810,496
7811,575
7812,-25
7813,675
7814,473
7815,675
7816,571
7817,675
7818,675
7819,448
7820,400
7821,523
7822,675
7823,623
7824,625
7825,573
7826,625
7827,625
7828,625
7829,675
7830,-125
7831,675
7832,300
7833,-127
7834,148
7835,-125
7836,675
7837,575
7838,-31
7839,675
7840,673
7841,675
7842,675
7843,675
7844,121
7845,625
7846,-179
7847,-125
7848,375
7849,625
7850,673
7851,625
7852,475
7853,675
7854,625
7855,550
7856,-125
7857,675
7858,-77
7859,673
7860,292
7861,375
7862,675
7863,675
7864,425
7865,523
7866,675
7867,617
7868,675
7869,673
7870,673
7871,623
7872,575
7873,625
7874,523
7875,625
7876,621
7877,-27
7878,425
7879,521
7880,-75
7881,475
7882,519
7883,675
7884,-175
7885,425
7886,548
7887,623
7888,675
7889,675
7890,673
7891,300
7892,-125
7893,446
7894,675
7895,675
7896,675
7897,675
7898,-75
7899,221
7900,-125
7901,673
7902,448
7903,498
7904,425
7905,548
7906,675
7907,400
7908,575
7909,625
7910,575
7911,625
7912,550
7913,-77
7914,525
7915,473
7916,-27
7917,625
7918,575
7919,623
7920,475
7921,473
7922,673
7923,671
7924,525
7925,675
7926,319
7927,625
7928,-125
7929,-125
7930,573
7931,221
7932,675
7933,625
7934,675
7935,-25
7936,673
7937,575
7938,419
7939,625
7940,675
7941,475
7942,675
7943,675
7944,675
7945,-75
7946,623
7947,521
7948,-127
7949,623
7950,675
7951,623
7952,571
7953,-75
7954,621
7955,575
7956,625
7957,625
7958,625
7959,621
7960,625
7961,671
7962,525
7963,-75
7964,623
7965,348
7966,521
7967,673
7968,-27
7969,-25
7970,475
7971,573
7972,550
7973,675
7974,471
7975,621
7976,625
7977,625
7978,521
7979,675
7980,675
7981,275
7982,625
7983,625
7984,625
7985,373
7986,675
7987,625
7988,523
7989,675
7990,623
7991,675
7992,-125
7993,-75
7994,425
7995,625
7996,23
7997,573
7998,-125
7999,-127
8000,-75
8001,446
8002,250
8003,623
8004,675
8005,673
8006,675
8007,625
8008,-125
8009,625
8010,396
8011,425
8012,23
8013,-77
8014,-25
8015,625
8016,421
8017,625
8018,521
8019,475
8020,425
8021,-75
8022,525
8023,523
8024,625
8025,96
8026,675
8027,-125
8028,325
8029,525
8030,525
8031,675
8032,-75
8033,398
8034,625
8035,-125
8036,575
8037,-75
8038,525
8039,675
8040,-25
8041,525
8042,523
8043,675
8044,675
8045,425
8046,396
8047,571
8048,625
8049,425
8050,675
8051,625
8052,623
8053,675
8054,300
8055,675
8056,525
8057,325
8058,625
8059,625
8060,350
8061,-152
8062,-52
8063,625
8064,625
8065,625
8066,575
8067,675
8068,500
8069,375
8070,675
8071,525
8072,400
8073,525
8074,673
8075,296
8076,675
8077,425
8078,350
8079,-25
8080,475
8081,-77
8082,-75
8083,673
8084,619
8085,671
8086,-125
8087,419
8088,-75
8089,625
8090,500
8091,675
8092,623
8093,475
8094,675
8095,550
8096,-125
8097,623
8098,350
8099,625
8100,673
8101,-125
8102,675
8103,-77
8104,375
8105,575
8106,675
8107,-125
8108,-100
8109,-79
8110,675
8111,675
8112,-175
8113,675
8114,550
8115,525
8116,525
8117,675
8118,675
8119,500
8120,-125
8121,625
8122,675
8123,471
8124,625
8125,296
8126,675
8127,-75
8128,-125
8129,475
8130,-175
8131,673
8132,575
8133,675
8134,-350
8135,-81
8136,550
8137,425
8138,573
8139,496
8140,673
8141,621
8142,625
8143,-25
8144,625
8145,675
8146,625
8147,-177
8148,525
8149,625
8150,673
8151,573
8152,-75
8153,225
8154,575
8155,675
8156,298
8157,575
8158,625
8159,673
8160,475
8161,575
8162,348
8163,375
8164,675
8165,675
8166,400
8167,625
8168,623
8169,675
8170,675
8171,575
8172,625
8173,625
8174,623
8175,675
8176,-125
8177,525
8178,673
8179,-75
8180,675
8181,546
8182,573
8183,425
8184,675
8185,575
8186,675
8187,625
8188,673
8189,-100
8190,500
8191,673
8192,-179
8193,575
8194,525
8195,398
8196,-81
8197,675
8198,675
8199,400
8200,623
8201,-225
8202,675
8203,375
8204,525
8205,625
8206,575
8207,675
8208,675
8209,573
8210,575
8211,573
8212,-29
8213,675
8214,548
8215,473
8216,675
8217,-77
8218,625
8219,400
8220,-29
8221,575
8222,673
8223,625
8224,-75
8225,275
8226,675
8227,575
8228,575
8229,-125
8230,675
8231,675
8232,425
8233,-75
8234,350
8235,475
8236,-125
8237,573
8238,-75
8239,675
8240,575
8241,675
8242,425
8243,625
8244,423
8245,-29
8246,673
8247,675
8248,673
8249,-177
8250,-125
8251,675
8252,348
8253,675
8254,625
8255,350
8256,-75
8257,350
8258,623
8259,400
8260,223
8261,671
8262,623
8263,-29
8264,-125
8265,625
8266,-77
8267,675
8268,525
8269,525
8270,575
8271,573
8272,675
8273,525
8274,675
8275,373
8276,350
8277,625
8278,573
8279,671
8280,623
8281,-125
8282,400
8283,675
8284,625
8285,-125
8286,573
8287,623
8288,673
8289,575
8290,-31
8291,575
8292,675
8293,525
8294,625
8295,675
8296,625
8297,-2
8298,625
8299,671
8300,675
8301,675
8302,625
8303,575
8304,-29
8305,675
8306,675
8307,675
8308,675
8309,625
8310,673
8311,625
8312,673
8313,150
8314,623
8315,673
8316,673
8317,-75
8318,498
8319,-75
8320,623
8321,400
8322,-179
8323,573
8324,673
8325,573
8326,425
8327,-75
8328,675
8329,571
8330,675
8331,673
8332,675
8333,675
8334,675
8335,-125
8336,423
8337,623
8338,575
8339,473
8340,525
8341,675
8342,500
8343,673
8344,573
8345,673
8346,348
8347,-31
8348,575
8349,673
8350,573
8351,625
8352,375
8353,625
8354,675
8355,469
8356,-75
8357,675
8358,675
8359,-27
8360,575
8361,-75
8362,675
8363,675
8364,675
8365,675
8366,625
8367,400
8368,425
8369,475
8370,-75
8371,625
8372,673
8373,625
8374,425
8375,575
8376,-50
8377,425
8378,619
8379,621
8380,675
8381,-25
8382,-25
8383,621
8384,400
8385,675
8386,675
8387,575
8388,625
8389,623
8390,675
8391,-175
8392,575
8393,546
8394,673
8395,675
8396,623
8397,625
8398,-175
8399,-75
8400,575
8401,575
8402,675
8403,-127
8404,525
8405,675
8406,-125
8407,623
8408,623
8409,475
8410,671
8411,-79
8412,673
8413,625
8414,373
8415,100
8416,-125
8417,625
8418,425
8419,569
8420,-100
8421,-125
8422,671
8423,675
8424,-25
8425,675
8426,675
8427,623
8428,675
8429,575
8430,400
8431,675
8432,425
8433,675
8434,675
8435,400
8436,-127
8437,625
8438,673
8439,-75
8440,575
8441,621
8442,625
8443,525
8444,623
8445,575
8446,675
8447,-77
8448,625
8449,325
8450,-29
8451,-127
8452,675
8453,-129
8454,375
8455,625
8456,625
8457,475
8458,575
8459,375
8460,-127
8461,575
8462,673
8463,-75
8464,623
8465,425
8466,-100
8467,675
8468,575
8469,325
8470,525
8471,-125
8472,675
8473,-225
8474,400
8475,623
8476,323
8477,425
8478,475
8479,675
8480,-75
8481,675
8482,575
8483,673
8484,675
8485,575
8486,575
8487,575
8488,675
8489,625
8490,550
8491,-125
8492,525
8493,473
8494,625
8495,225
8496,675
8497,623
8498,573
8499,300
8500,-129
8501,300
8502,675
8503,375
8504,250
8505,546
8506,673
8507,675
8508,675
8509,675
8510,675
8511,575
8512,573
8513,-27
8514,625
8515,525
8516,673
8517,-125
8518,325
8519,425
8520,-175
8521,573
8522,673
8523,575
8524,625
8525,625
8526,575
8527,621
8528,675
8529,623
8530,475
8531,675
8532,675
8533,-125
8534,675
8535,673
8536,675
8537,575
8538,573
8539,675
8540,573
8541,675
8542,623
8543,423
8544,623
8545,675
8546,625
8547,498
8548,-27
8549,625
8550,675
8551,625
8552,575
8553,573
8554,675
8555,625
8556,675
8557,675
8558,525
8559,423
8560,623
8561,673
8562,575
8563,448
8564,575
8565,500
8566,-75
8567,675
8568,525
8569,498
8570,675
8571,150
8572,275
8573,475
8574,675
8575,575
8576,523
8577,525
8578,625
8579,525
8580,575
8581,575
8582,675
8583,-75
8584,575
8585,398
8586,523
8587,675
8588,-125
8589,550
8590,623
8591,400
8592,300
8593,-50
8594,675
8595,573
8596,675
8597,675
8598,273
8599,523
8600,350
8601,675
8602,423
8603,425
8604,-77
8605,573
8606,-127
8607,625
8608,348
8609,-125
8610,325
8611,625
8612,394
8613,675
8614,675
8615,-25
8616,625
8617,623
8618,625
8619,567
8620,675
8621,348
8622,675
8623,675
8624,675
8625,573
8626,673
8627,673
8628,675
8629,625
8630,625
8631,550
8632,-102
8633,150
8634,625
8635,421
8636,575
8637,-29
8638,675
8639,673
8640,675
8641,625
8642,425
8643,625
8644,675
8645,675
8646,350
8647,673
8648,675
8649,575
8650,625
8651,675
8652,-52
8653,573
8654,525
8655,671
8656,625
8657,675
8658,448
8659,671
8660,675
8661,-25
8662,-25
8663,550
8664,573
8665,625
8666,675
8667,675
8668,675
8669,675
8670,-125
8671,575
8672,673
8673,421
8674,298
8675,-77
8676,675
8677,575
8678,675
8679,675
8680,375
8681,675
8682,500
8683,-131
8684,223
8685,300
8686,625
8687,675
8688,525
8689,625
8690,300
8691,573
8692,-27
8693,675
8694,675
8695,675
8696,-25
8697,625
8698,123
8699,625
8700,-127
8701,573
8702,673
8703,625
8704,621
8705,625
8706,250
8707,473
8708,521
8709,675
8710,675
8711,573
8712,523
8713,573
8714,673
8715,675
8716,-75
8717,675
8718,625
8719,300
8720,398
8721,625
8722,0
8723,421
8724,675
8725,625
8726,498
8727,-27
8728,375
8729,673
8730,-27
8731,623
8732,625
8733,675
8734,573
8735,496
8736,300
8737,675
8738,350
8739,425
8740,-25
8741,-25
8742,550
8743,675
8744,375
8745,575
8746,625
8747,625
8748,425
8749,-125
8750,675
8751,400
8752,300
8753,-77
8754,575
8755,-175
8756,-125
8757,-175
8758,523
8759,-75
8760,675
8761,-25
8762,-150
8763,523
8764,675
8765,625
8766,-75
8767,-125
8768,625
8769,450
8770,-75
8771,-125
8772,623
8773,350
8774,-75
8775,-127
8776,625
8777,-125
8778,625
8779,675
8780,675
8781,473
8782,673
8783,425
8784,-75
8785,625
8786,546
8787,673
8788,675
8789,-75
8790,673
8791,550
8792,625
8793,675
8794,625
8795,425
8796,675
8797,675
8798,525
8799,425
8800,675
8801,675
8802,575
8803,675
8804,546
8805,675
8806,673
8807,675
8808,-27
8809,625
8810,573
8811,675
8812,350
8813,625
8814,575
8815,525
8816,473
8817,625
8818,500
8819,675
8820,673
8821,375
8822,675
8823,671
8824,-79
8825,575
8826,-77
8827,673
8828,-25
8829,623
8830,675
8831,623
8832,675
8833,625
8834,671
8835,-25
8836,575
8837,221
8838,-75
8839,625
8840,625
8841,575
8842,675
8843,625
8844,523
8845,573
8846,450
8847,475
8848,350
8849,-25
8850,550
8851,300
8852,675
8853,625
8854,625
8855,-27
8856,621
8857,675
8858,425
8859,-75
8860,625
8861,475
8862,675
8863,675
8864,625
8865,675
8866,575
8867,625
8868,598
8869,673
8870,250
8871,550
8872,625
8873,325
8874,500
8875,625
8876,571
8877,625
8878,675
8879,-125
8880,623
8881,-177
8882,400
8883,275
8884,675
8885,300
8886,475
8887,-77
8888,623
8889,-125
8890,-25
8891,573
8892,625
8893,-75
8894,675
8895,-125
8896,625
8897,-27
8898,675
8899,675
8900,-25
8901,675
8902,625
8903,623
8904,623
8905,673
8906,-175
8907,623
8908,421
8909,625
8910,575
8911,550
8912,573
8913,625
8914,400
8915,675
8916,523
8917,625
8918,675
8919,475
8920,675
8921,675
8922,675
8923,575
8924,373
8925,-77
8926,573
8927,-125
8928,298
8929,675
8930,-75
8931,400
8932,425
8933,523
8934,625
8935,-125
8936,675
8937,400
8938,675
8939,525
8940,498
8941,575
8942,573
8943,623
8944,523
8945,-31
8946,575
8947,671
8948,350
8949,250
8950,625
8951,673
8952,625
8953,350
8954,-81
8955,525
8956,523
8957,-127
8958,350
8959,-175
8960,375
8961,625
8962,621
8963,621
8964,473
8965,673
8966,546
8967,350
8968,375
8969,475
8970,623
8971,525
8972,400
8973,625
8974,673
8975,-125
8976,248
8977,-75
8978,673
8979,625
8980,673
8981,625
8982,625
8983,625
8984,675
8985,-25
8986,0
8987,675
8988,675
8989,325
8990,625
8991,525
8992,625
8993,-27
8994,675
8995,273
8996,623
8997,400
8998,525
8999,-125
9000,673
9001,573
9002,675
9003,248
9004,675
9005,673
9006,675
9007,575
9008,675
9009,-25
9010,625
9011,575
9012,575
9013,675
9014,675
9015,625
9016,625
9017,521
9018,-125
9019,471
9020,-125
9021,671
9022,-79
9023,675
9024,675
9025,525
9026,625
9027,425
9028,675
9029,300
9030,625
9031,425
9032,-77
9033,400
9034,625
9035,-125
9036,-77
9037,-125
9038,575
9039,325
9040,621
9041,575
9042,-75
9043,-252
9044,625
9045,675
9046,400
9047,-125
9048,673
9049,-75
9050,100
9051,675
9052,675
9053,-2
9054,673
9055,-127
9056,625
9057,669
9058,675
9059,100
9060,523
9061,623
9062,-4
9063,-29
9064,-75
9065,375
9066,675
9067,-77
9068,625
9069,675
9070,675
9071,675
9072,-127
9073,575
9074,675
9075,675
9076,623
9077,675
9078,473
9079,550
9080,575
9081,400
9082,350
9083,-25
9084,675
9085,673
9086,575
9087,675
9088,675
9089,625
9090,623
9091,-150
9092,-175
9093,625
9094,675
9095,675
9096,625
9097,671
9098,-75
9099,675
9100,-79
9101,675
9102,-75
9103,621
9104,675
9105,398
9106,525
9107,623
9108,675
9109,325
9110,-125
9111,398
9112,300
9113,675
9114,575
9115,473
9116,625
9117,-200
9118,625
9119,573
9120,525
9121,625
9122,-175
9123,473
9124,-29
9125,675
9126,625
9127,625
9128,675
9129,-75
9130,675
9131,625
9132,-75
9133,675
9134,675
9135,448
9136,350
9137,675
9138,575
9139,675
9140,421
9141,475
9142,673
9143,150
9144,623
9145,625
9146,-125
9147,675
9148,623
9149,673
9150,675
9151,623
9152,223
9153,675
9154,473
9155,325
9156,500
9157,673
9158,675
9159,673
9160,425
9161,400
9162,621
9163,621
9164,-125
9165,-127
9166,675
9167,-27
9168,675
9169,-27
9170,673
9171,525
9172,-75
9173,-25
9174,625
9175,473
9176,-75
9177,375
9178,-125
9179,575
9180,-127
9181,675
9182,675
9183,675
9184,425
9185,675
9186,625
9187,-102
9188,525
9189,573
9190,675
9191,425
9192,573
9193,675
9194,675
9195,673
9196,-125
9197,625
9198,675
9199,625
9200,575
9201,675
9202,675
9203,-250
9204,400
9205,550
9206,-75
9207,625
9208,623
9209,675
9210,-25
9211,625
9212,-27
9213,575
9214,471
9215,398
9216,275
9217,500
9218,675
9219,675
9220,675
9221,575
9222,673
9223,625
9224,673
9225,-125
9226,-27
9227,675
9228,425
9229,675
9230,544
9231,-75
9232,-75
9233,-125
9234,375
9235,573
9236,375
9237,675
9238,675
9239,675
9240,-25
9241,571
9242,-125
9243,-25
9244,375
9245,673
9246,375
9247,-75
9248,625
9249,500
9250,673
9251,625
9252,675
9253,575
9254,375
9255,675
9256,675
9257,525
9258,675
9259,575
9260,425
9261,623
9262,-177
9263,525
9264,625
9265,675
9266,575
9267,-52
9268,-125
9269,-27
9270,623
9271,425
9272,625
9273,448
9274,623
9275,-29
9276,375
9277,675
9278,571
9279,625
9280,675
9281,425
9282,-125
9283,348
9284,-229
9285,148
9286,625
9287,-127
9288,675
9289,675
9290,423
9291,673
9292,573
9293,675
9294,625
9295,-127
9296,675
9297,623
9298,675
9299,525
9300,675
9301,675
9302,623
9303,550
9304,625
9305,525
9306,550
9307,425
9308,675
9309,-75
9310,675
9311,675
9312,675
9313,675
9314,673
9315,-75
9316,375
9317,425
9318,325
9319,323
9320,450
9321,375
9322,625
9323,675
9324,675
9325,675
9326,625
9327,-127
9328,-75
9329,523
9330,625
9331,525
9332,421
9333,625
9334,673
9335,-75
9336,-31
9337,675
9338,575
9339,625
9340,573
9341,398
9342,325
9343,625
9344,625
9345,625
9346,675
9347,675
9348,-125
9349,675
9350,573
9351,350
9352,675
9353,575
9354,623
9355,623
9356,500
9357,675
9358,675
9359,348
9360,623
9361,475
9362,675
9363,675
9364,300
9365,375
9366,423
9367,575
9368,611
9369,523
9370,525
9371,425
9372,425
9373,473
9374,150
9375,375
9376,221
9377,675
9378,625
9379,300
9380,-29
9381,-25
9382,575
9383,675
9384,523
9385,-50
9386,575
9387,-75
9388,-77
9389,-304
9390,575
9391,675
9392,625
9393,623
9394,-125
9395,675
9396,625
9397,525
9398,525
9399,-127
9400,621
9401,623
9402,675
9403,400
9404,625
9405,623
9406,675
9407,675
9408,-75
9409,-75
9410,-25
9411,621
9412,-200
9413,523
9414,675
9415,625
9416,273
9417,675
9418,673
9419,625
9420,525
9421,-329
9422,623
9423,675
9424,673
9425,675
9426,-127
9427,625
9428,550
9429,575
9430,-125
9431,-77
9432,673
9433,225
9434,623
9435,-75
9436,673
9437,525
9438,623
9439,675
9440,675
9441,271
9442,675
9443,673
9444,-125
9445,-125
9446,398
9447,298
9448,573
9449,625
9450,623
9451,675
9452,-25
9453,673
9454,675
9455,421
9456,523
9457,425
9458,-27
9459,575
9460,625
9461,575
9462,523
9463,621
9464,473
9465,-125
9466,625
9467,625
9468,448
9469,350
9470,625
9471,475
9472,525
9473,523
9474,521
9475,675
9476,575
9477,625
9478,-125
9479,625
9480,575
9481,623
9482,350
9483,-125
9484,625
9485,573
9486,-31
9487,675
9488,673
9489,675
9490,273
9491,675
9492,-75
9493,673
9494,571
9495,-175
9496,625
9497,669
9498,675
9499,623
9500,350
9501,675
9502,450
9503,625
9504,625
9505,525
9506,348
9507,675
9508,348
9509,575
9510,671
9511,675
9512,623
9513,200
9514,673
9515,625
9516,400
9517,575
9518,675
9519,675
9520,471
9521,275
9522,675
9523,-175
9524,673
9525,673
9526,-27
9527,471
9528,675
9529,625
9530,675
9531,673
9532,625
9533,475
9534,-77
9535,625
9536,675
9537,675
9538,625
9539,675
9540,348
9541,625
9542,21
9543,673
9544,296
9545,573
9546,625
9547,625
9548,-75
9549,473
9550,-75
9551,675
9552,425
9553,625
9554,673
9555,498
9556,-127
9557,675
9558,575
9559,675
9560,573
9561,625
9562,621
9563,473
9564,675
9565,525
9566,671
9567,571
9568,100
9569,675
9570,621
9571,525
9572,-25
9573,675
9574,-75
9575,423
9576,673
9577,675
9578,625
9579,669
9580,675
9581,623
9582,675
9583,525
9584,623
9585,575
9586,575
9587,-125
9588,675
9589,675
9590,-175
9591,625
9592,675
9593,-125
9594,673
9595,-100
9596,625
9597,675
9598,-25
9599,550
9600,-125
9601,-75
9602,375
9603,398
9604,400
9605,-175
9606,523
9607,675
9608,350
9609,673
9610,625
9611,198
9612,675
9613,-125
9614,550
9615,625
9616,675
9617,225
9618,673
9619,-125
9620,625
9621,625
9622,-125
9623,569
9624,673
9625,625
9626,373
9627,623
9628,675
9629,-27
9630,621
9631,675
9632,625
9633,675
9634,675
9635,521
9636,-50
9637,675
9638,673
9639,673
9640,550
9641,-25
9642,-75
9643,675
9644,-25
9645,623
9646,673
9647,525
9648,-25
9649,-125
9650,-125
9651,523
9652,350
9653,-125
9654,625
9655,475
9656,673
9657,675
9658,675
9659,-125
9660,-125
9661,625
9662,625
9663,623
9664,298
9665,675
9666,625
9667,525
9668,671
9669,673
9670,575
9671,625
9672,625
9673,575
9674,675
9675,625
9676,675
9677,675
9678,-25
9679,-25
9680,673
9681,625
9682,573
9683,500
9684,625
9685,675
9686,623
9687,500
9688,675
9689,673
9690,-125
9691,623
9692,675
9693,373
9694,625
9695,573
9696,400
9697,-175
9698,325
9699,675
9700,325
9701,675
9702,675
9703,550
9704,550
9705,675
9706,473
9707,673
9708,348
9709,523
9710,673
9711,-75
9712,-175
9713,623
9714,675
9715,675
9716,671
9717,425
9718,-77
9719,675
9720,300
9721,675
9722,625
9723,623
9724,675
9725,675
9726,550
9727,673
9728,675
9729,625
9730,250
9731,675
9732,675
9733,475
9734,300
9735,-125
9736,671
9737,675
9738,623
9739,475
9740,623
9741,621
9742,373
9743,675
9744,473
9745,519
9746,675
9747,675
9748,475
9749,525
9750,625
9751,675
9752,625
9753,300
9754,625
9755,-75
9756,-125
9757,623
9758,625
9759,675
9760,675
9761,573
9762,671
9763,625
9764,475
9765,346
9766,675
9767,296
9768,125
9769,625
9770,496
9771,675
9772,625
9773,425
9774,675
9775,475
9776,673
9777,675
9778,475
9779,675
9780,546
9781,-75
9782,675
9783,675
9784,498
9785,621
9786,625
9787,-75
9788,625
9789,298
9790,-77
9791,-75
9792,-125
9793,550
9794,671
9795,675
9796,346
9797,-125
9798,400
9799,625
9800,425
9801,673
9802,400
9803,673
9804,675
9805,625
9806,575
9807,525
9808,475
9809,675
9810,-75
9811,575
9812,575
9813,-250
9814,521
9815,100
9816,625
9817,-75
9818,523
9819,623
9820,-25
9821,675
9822,298
9823,675
9824,675
9825,675
9826,71
9827,-125
9828,350
9829,-200
9830,550
9831,398
9832,673
9833,673
9834,675
9835,675
9836,625
9837,673
9838,398
9839,675
9840,573
9841,396
9842,625
9843,-25
9844,-125
9845,621
9846,473
9847,675
9848,475
9849,625
9850,423
9851,-100
9852,675
9853,625
9854,671
9855,675
9856,-77
9857,675
9858,525
9859,523
9860,675
9861,-125
9862,625
9863,675
9864,675
9865,625
9866,400
9867,675
9868,675
9869,673
9870,525
9871,575
9872,375
9873,625
9874,519
9875,571
9876,625
9877,473
9878,675
9879,625
9880,275
9881,625
9882,323
9883,623
9884,673
9885,573
9886,675
9887,275
9888,675
9889,-25
9890,673
9891,673
9892,425
9893,-125
9894,523
9895,625
9896,625
9897,-25
9898,675
9899,525
9900,625
9901,621
9902,675
9903,375
9904,625
9905,98
9906,675
9907,675
9908,-125
9909,-175
9910,100
9911,675
9912,625
9913,-27
9914,675
9915,623
9916,623
9917,675
9918,675
9919,-25
9920,623
9921,625
9922,573
9923,-125
9924,575
9925,169
9926,-75
9927,575
9928,400
9929,675
9930,675
9931,-27
9932,625
9933,523
9934,273
9935,625
9936,-25
9937,-127
9938,350
9939,575
9940,396
9941,396
9942,625
9943,-125
9944,625
9945,575
9946,475
9947,423
9948,375
9949,625
9950,675
9951,675
9952,275
9953,675
9954,-125
9955,523
9956,-127
9957,525
9958,-177
9959,673
9960,575
9961,673
9962,573
9963,675
9964,-25
9965,675
9966,-125
9967,675
9968,498
9969,675
9970,473
9971,-27
9972,275
9973,525
9974,550
9975,450
9976,-58
9977,400
9978,525
9979,573
9980,675
9981,673
9982,-54
9983,423
9984,623
9985,-75
9986,-177
9987,473
9988,625
9989,675
9990,-125
9991,-127
9992,625
9993,673
9994,675
9995,-125
9996,675
9997,250
9998,-25
9999,548
10000,625
[[(4, 4), 0, -25], [(3, 4), 2, 50], [(3, 3), 2, 50], [(3, 2), 2, 250], [(3, 1), 0, 250], [(2, 1), 2, -25], [(2, 0), 0, -25], [(1, 0), 0, 150]]