1,-125
2,-125
3,-331
4,-200
5,-844
6,-250
7,-183
8,-127
9,-291
10,-41
11,-520
12,-131
13,130
14,-206
15,-239
16,-200
17,-183
18,-210
19,-235
20,-204
21,73
22,-458
23,-782
24,-252
25,-256
26,-381
27,-279
28,-129
29,-326
30,-285
31,-383
32,-127
33,-247
34,-335
35,-102
36,-416
37,194
38,-437
39,-231
40,-250
41,-285
42,167
43,-202
44,-360
45,-653
46,-179
47,-187
48,-103
49,-4
50,-376
51,-218
52,-129
53,617
54,-177
55,-358
56,321
57,121
58,-441
59,-256
60,-177
61,-366
62,-711
63,-133
64,226
65,-235
66,-127
67,-243
68,-185
69,-585
70,-37
71,-986
72,-135
73,-37
74,-252
75,-235
76,-202
77,-6
78,-85
79,-77
80,-449
81,67
82,234
83,-437
84,-285
85,-233
86,-282
87,-320
88,-260
89,521
90,159
91,-16
92,-150
93,417
94,-133
95,-653
96,-183
97,61
98,115
99,-585
100,-462
101,-177
102,-374
103,-360
104,-564
105,230
106,-200
107,-310
108,-125
109,-127
110,371
111,-441
112,-362
113,-254
114,-200
115,-289
116,-283
117,-178
118,357
119,-589
120,-535
121,69
122,-125
123,-229
124,-231
125,-285
126,-179
127,417
128,-714
129,-310
130,42
131,-127
132,-125
133,-125
134,-204
135,-549
136,171
137,-150
138,-280
139,-35
140,261
141,-125
142,-331
143,-75
144,-304
145,-204
146,-127
147,-191
148,-179
149,23
150,96
151,423
152,-125
153,-306
154,-616
155,-484
156,-125
157,-81
158,-310
159,-252
160,-562
161,-77
162,-485
163,-279
164,-241
165,-125
166,325
167,-175
168,-208
169,-139
170,294
171,-864
172,-961
173,-333
174,-300
175,46
176,148
177,-1203
178,-127
179,221
180,101
181,-393
182,-141
183,-306
184,-666
185,269
186,-75
187,-283
188,-175
189,-339
190,-125
191,-127
192,-127
193,-18
194,-299
195,294
196,-535
197,-358
198,473
199,-127
200,453
201,-29
202,-227
203,109
204,-229
205,173
206,-375
207,-252
208,-281
209,373
210,-152
211,-125
212,-243
213,169
214,296
215,-175
216,-283
217,-208
218,-285
219,-125
220,-202
221,369
222,-175
223,246
224,671
225,621
226,-91
227,-202
228,-206
229,34
230,15
231,-125
232,346
233,-125
234,-539
235,-225
236,-129
237,144
238,-281
239,167
240,-127
241,221
242,-325
243,-204
244,-56
245,198
246,-252
247,-125
248,471
249,615
250,290
251,-8
252,221
253,373
254,-175
255,-143
256,321
257,-374
258,88
259,294
260,25
261,-379
262,-183
263,-327
264,-125
265,-275
266,121
267,-135
268,-129
269,-125
270,-175
271,-175
272,-75
273,475
274,-250
275,-75
276,-693
277,-104
278,-62
279,-100
280,-243
281,298
282,625
283,-206
284,98
285,-127
286,521
287,575
288,-250
289,-127
290,121
291,-229
292,473
293,-229
294,-125
295,-250
296,36
297,-200
298,419
299,40
300,373
301,265
302,463
303,323
304,-366
305,198
306,573
307,369
308,-152
309,186
310,517
311,-127
312,573
313,-262
314,144
315,-406
316,198
317,-133
318,-127
319,-166
320,-175
321,-81
322,300
323,-239
324,-306
325,521
326,398
327,-200
328,300
329,-50
330,-175
331,-125
332,423
333,-458
334,415
335,119
336,-202
337,-175
338,-77
339,-75
340,-252
341,-54
342,346
343,148
344,375
345,-25
346,373
347,-77
348,-75
349,-125
350,375
351,15
352,46
353,421
354,373
355,-127
356,569
357,-181
358,-77
359,625
360,-208
361,419
362,573
363,-387
364,167
365,-285
366,673
367,350
368,-200
369,-2
370,625
371,-175
372,225
373,423
374,-177
375,400
376,250
377,-127
378,223
379,-75
380,-477
381,-6
382,-179
383,-200
384,-135
385,-75
386,-131
387,-25
388,571
389,-31
390,-227
391,-350
392,373
393,-252
394,219
395,425
396,521
397,-131
398,148
399,573
400,-60
401,471
402,-239
403,-125
404,-379
405,-87
406,-127
407,169
408,421
409,-133
410,375
411,-125
412,-364
413,-333
414,225
415,273
416,448
417,-135
418,573
419,200
420,298
421,-79
422,617
423,-187
424,571
425,148
426,469
427,-54
428,573
429,194
430,-237
431,-125
432,367
433,346
434,-131
435,-179
436,419
437,471
438,-125
439,498
440,-133
441,-125
442,242
443,292
444,-125
445,423
446,169
447,-385
448,19
449,523
450,69
451,-129
452,-225
453,373
454,-35
455,575
456,471
457,400
458,671
459,-127
460,396
461,475
462,273
463,625
464,521
465,446
466,573
467,544
468,-127
469,623
470,369
471,-75
472,-29
473,573
474,-329
475,48
476,-81
477,-225
478,525
479,671
480,-89
481,-127
482,-204
483,-31
484,373
485,575
486,471
487,675
488,523
489,-454
490,-127
491,373
492,469
493,-154
494,675
495,423
496,125
497,348
498,-56
499,621
500,-35
501,-175
502,-129
503,98
504,-202
505,-150
506,-129
507,-352
508,475
509,71
510,473
511,-175
512,625
513,-127
514,-177
515,425
516,-177
517,271
518,-227
519,71
520,-102
521,300
522,423
523,-79
524,344
525,-204
526,-133
527,500
528,-4
529,273
530,523
531,-125
532,-27
533,348
534,46
535,-150
536,171
537,-133
538,-177
539,625
540,-125
541,-125
542,425
543,-27
544,-352
545,569
546,-75
547,621
548,471
549,575
550,500
551,-229
552,625
553,-202
554,523
555,269
556,-125
557,375
558,675
559,250
560,573
561,625
562,-129
563,-75
564,273
565,519
566,25
567,-125
568,625
569,-227
570,-175
571,-75
572,175
573,621
574,569
575,150
576,161
577,423
578,519
579,323
580,-127
581,521
582,-75
583,-125
584,523
585,-75
586,323
587,523
588,625
589,-152
590,-375
591,-127
592,-125
593,319
594,519
595,321
596,575
597,350
598,-283
599,-77
600,625
601,673
602,200
603,569
604,-127
605,619
606,571
607,623
608,525
609,523
610,-77
611,-381
612,448
613,-75
614,575
615,669
616,-129
617,250
618,275
619,521
620,621
621,-127
622,-179
623,-127
624,-75
625,323
626,621
627,473
628,369
629,571
630,-52
631,148
632,619
633,675
634,298
635,396
636,-125
637,675
638,621
639,-181
640,521
641,-75
642,498
643,573
644,621
645,198
646,625
647,167
648,675
649,625
650,575
651,569
652,167
653,-227
654,250
655,375
656,425
657,-125
658,244
659,675
660,-229
661,371
662,365
663,571
664,621
665,248
666,673
667,548
668,-275
669,546
670,673
671,475
672,-152
673,-125
674,-127
675,600
676,573
677,475
678,673
679,-75
680,-75
681,475
682,619
683,625
684,-79
685,623
686,492
687,275
688,550
689,250
690,367
691,344
692,-175
693,571
694,75
695,425
696,550
697,-129
698,-150
699,-175
700,69
701,623
702,421
703,223
704,-81
705,375
706,225
707,-227
708,675
709,550
710,471
711,625
712,419
713,-81
714,-75
715,123
716,194
717,671
718,525
719,673
720,550
721,625
722,423
723,519
724,-350
725,525
726,0
727,23
728,673
729,571
730,573
731,675
732,350
733,-200
734,473
735,675
736,-125
737,275
738,-125
739,-25
740,623
741,246
742,-33
743,-125
744,625
745,396
746,417
747,617
748,573
749,625
750,275
751,425
752,-75
753,673
754,-75
755,348
756,296
757,575
758,575
759,-25
760,523
761,575
762,-75
763,621
764,48
765,-75
766,471
767,-125
768,398
769,-127
770,294
771,569
772,400
773,-125
774,671
775,544
776,425
777,525
778,675
779,375
780,423
781,-125
782,575
783,525
784,-231
785,325
786,675
787,150
788,-104
789,-133
790,675
791,523
792,625
793,673
794,273
795,625
796,575
797,394
798,623
799,-177
800,-125
801,-100
802,121
803,671
804,425
805,525
806,475
807,-129
808,550
809,-127
810,-77
811,175
812,675
813,375
814,348
815,375
816,675
817,575
818,-127
819,521
820,250
821,625
822,569
823,423
824,236
825,625
826,400
827,350
828,675
829,-75
830,240
831,-79
832,275
833,523
834,150
835,623
836,-250
837,675
838,98
839,525
840,-75
841,625
842,573
843,-125
844,471
845,625
846,625
847,-27
848,494
849,475
850,-77
851,-79
852,400
853,400
854,621
855,625
856,550
857,673
858,575
859,623
860,675
861,-75
862,-75
863,-131
864,621
865,398
866,-125
867,625
868,367
869,-125
870,348
871,448
872,400
873,523
874,675
875,573
876,623
877,575
878,148
879,621
880,673
881,-75
882,625
883,625
884,-125
885,398
886,-75
887,571
888,550
889,-227
890,-150
891,623
892,500
893,550
894,350
895,623
896,675
897,625
898,521
899,675
900,-300
901,571
902,625
903,-125
904,425
905,-252
906,-27
907,675
908,673
909,673
910,-375
911,425
912,523
913,671
914,675
915,675
916,675
917,223
918,-77
919,521
920,673
921,675
922,248
923,-131
924,-79
925,675
926,-77
927,675
928,350
929,675
930,-125
931,425
932,625
933,-177
934,675
935,525
936,-125
937,575
938,-225
939,-125
940,575
941,-175
942,573
943,675
944,421
945,675
946,575
947,673
948,-75
949,623
950,425
951,-58
952,-125
953,396
954,425
955,623
956,675
957,673
958,625
959,-75
960,625
961,675
962,621
963,675
964,-125
965,421
966,625
967,673
968,-54
969,625
970,425
971,673
972,623
973,450
974,473
975,-227
976,-75
977,-77
978,675
979,-25
980,675
981,673
982,675
983,675
984,425
985,623
986,525
987,-129
988,-125
989,523
990,573
991,423
992,621
993,450
994,523
995,550
996,573
997,675
998,500
999,625
1000,-200
1001,675
1002,425
1003,625
1004,675
1005,575
1006,323
1007,-75
1008,575
1009,623
1010,573
1011,-102
1012,625
1013,450
1014,-125
1015,523
1016,575
1017,-127
1018,525
1019,475
1020,550
1021,625
1022,573
1023,575
1024,296
1025,675
1026,675
1027,-75
1028,425
1029,350
1030,-127
1031,673
1032,523
1033,425
1034,473
1035,-75
1036,-127
1037,623
1038,400
1039,223
1040,675
1041,548
1042,348
1043,675
1044,-125
1045,425
1046,525
1047,-125
1048,-279
1049,625
1050,625
1051,623
1052,525
1053,623
1054,675
1055,621
1056,675
1057,525
1058,500
1059,-125
1060,675
1061,625
1062,623
1063,575
1064,373
1065,673
1066,500
1067,-79
1068,575
1069,500
1070,400
1071,425
1072,625
1073,625
1074,675
1075,-100
1076,-75
1077,675
1078,675
1079,673
1080,675
1081,-127
1082,350
1083,675
1084,-25
1085,575
1086,425
1087,675
1088,-127
1089,525
1090,575
1091,675
1092,475
1093,75
1094,675
1095,-200
1096,575
1097,621
1098,-25
1099,625
1100,325
1101,675
1102,673
1103,675
1104,496
1105,675
1106,-75
1107,675
1108,300
1109,675
1110,-75
1111,473
1112,-125
1113,-75
1114,675
1115,673
1116,625
1117,675
1118,673
1119,675
1120,675
1121,673
1122,475
1123,523
1124,625
1125,573
1126,675
1127,675
1128,623
1129,-125
1130,-100
1131,625
1132,573
1133,675
1134,675
1135,675
1136,-25
1137,425
1138,675
1139,625
1140,-125
1141,-79
1142,625
1143,671
1144,623
1145,625
1146,550
1147,675
1148,675
1149,571
1150,-302
1151,623
1152,525
1153,-125
1154,675
1155,675
1156,-102
1157,-127
1158,-125
1159,673
1160,-125
1161,621
1162,625
1163,575
1164,275
1165,-25
1166,625
1167,400
1168,675
1169,248
1170,675
1171,619
1172,569
1173,623
1174,575
1175,675
1176,673
1177,675
1178,475
1179,523
1180,675
1181,625
1182,-75
1183,621
1184,675
1185,625
1186,675
1187,-200
1188,671
1189,525
1190,675
1191,-25
1192,575
1193,350
1194,-29
1195,623
1196,675
1197,575
1198,475
1199,621
1200,675
1201,625
1202,675
1203,625
1204,675
1205,675
1206,475
1207,623
1208,-75
1209,675
1210,675
1211,675
1212,625
1213,675
1214,-75
1215,675
1216,673
1217,675
1218,-75
1219,525
1220,625
1221,375
1222,375
1223,675
1224,625
1225,-52
1226,575
1227,-25
1228,300
1229,625
1230,521
1231,673
1232,350
1233,375
1234,-175
1235,623
1236,375
1237,675
1238,675
1239,675
1240,398
1241,575
1242,550
1243,-125
1244,398
1245,675
1246,625
1247,675
1248,-25
1249,625
1250,625
1251,623
1252,250
1253,273
1254,500
1255,675
1256,675
1257,625
1258,623
1259,-125
1260,575
1261,675
1262,150
1263,623
1264,625
1265,675
1266,571
1267,625
1268,675
1269,675
1270,673
1271,550
1272,-77
1273,-79
1274,623
1275,575
1276,625
1277,575
1278,625
1279,350
1280,573
1281,475
1282,-125
1283,625
1284,-100
1285,525
1286,523
1287,675
1288,675
1289,625
1290,-102
1291,-75
1292,675
1293,425
1294,575
1295,675
1296,350
1297,675
1298,573
1299,525
1300,675
1301,675
1302,-150
1303,-125
1304,400
1305,-125
1306,623
1307,675
1308,-25
1309,-27
1310,675
1311,-125
1312,625
1313,525
1314,575
1315,294
1316,625
1317,675
1318,425
1319,675
1320,-75
1321,425
1322,625
1323,625
1324,550
1325,675
1326,675
1327,473
1328,575
1329,148
1330,-75
1331,623
1332,625
1333,523
1334,675
1335,675
1336,675
1337,-77
1338,623
1339,-125
1340,471
1341,575
1342,675
1343,523
1344,673
1345,623
1346,625
1347,621
1348,623
1349,-129
1350,425
1351,575
1352,675
1353,675
1354,-100
1355,346
1356,521
1357,-75
1358,625
1359,-125
1360,675
1361,350
1362,673
1363,623
1364,525
1365,400
1366,-100
1367,-75
1368,669
1369,-302
1370,575
1371,675
1372,673
1373,625
1374,398
1375,625
1376,500
1377,425
1378,-125
1379,625
1380,623
1381,675
1382,675
1383,675
1384,375
1385,425
1386,575
1387,623
1388,675
1389,-200
1390,625
1391,25
1392,625
1393,675
1394,623
1395,675
1396,-75
1397,675
1398,675
1399,673
1400,675
1401,675
1402,673
1403,-29
1404,675
1405,-229
1406,-75
1407,275
1408,625
1409,569
1410,350
1411,375
1412,-125
1413,625
1414,525
1415,625
1416,571
1417,675
1418,475
1419,625
1420,625
1421,675
1422,348
1423,675
1424,673
1425,625
1426,-75
1427,675
1428,525
1429,675
1430,575
1431,673
1432,400
1433,675
1434,-125
1435,625
1436,-75
1437,625
1438,625
1439,475
1440,-25
1441,575
1442,423
1443,675
1444,621
1445,675
1446,675
1447,550
1448,671
1449,325
1450,-77
1451,625
1452,625
1453,675
1454,475
1455,-200
1456,521
1457,675
1458,-75
1459,-127
1460,-125
1461,675
1462,-177
1463,-25
1464,675
1465,675
1466,675
1467,675
1468,675
1469,673
1470,400
1471,448
1472,623
1473,500
1474,473
1475,673
1476,348
1477,425
1478,-75
1479,250
1480,671
1481,-129
1482,623
1483,625
1484,625
1485,-75
1486,525
1487,500
1488,423
1489,673
1490,673
1491,625
1492,525
1493,675
1494,-75
1495,550
1496,573
1497,423
1498,-79
1499,675
1500,523
1501,675
1502,675
1503,675
1504,-25
1505,673
1506,-125
1507,625
1508,525
1509,573
1510,475
1511,625
1512,475
1513,375
1514,473
1515,325
1516,-75
1517,-125
1518,550
1519,675
1520,675
1521,675
1522,-29
1523,675
1524,375
1525,398
1526,575
1527,521
1528,625
1529,675
1530,-27
1531,675
1532,350
1533,-125
1534,675
1535,571
1536,375
1537,675
1538,675
1539,675
1540,523
1541,525
1542,425
1543,673
1544,125
1545,-225
1546,675
1547,625
1548,525
1549,-125
1550,625
1551,675
1552,575
1553,625
1554,623
1555,546
1556,625
1557,623
1558,625
1559,521
1560,675
1561,421
1562,473
1563,-75
1564,275
1565,375
1566,675
1567,475
1568,525
1569,625
1570,-75
1571,575
1572,-75
1573,-125
1574,575
1575,625
1576,496
1577,669
1578,148
1579,673
1580,-75
1581,450
1582,348
1583,-25
1584,675
1585,375
1586,550
1587,675
1588,675
1589,500
1590,625
1591,673
1592,400
1593,348
1594,675
1595,-77
1596,573
1597,-75
1598,-100
1599,675
1600,-125
1601,-79
1602,575
1603,-125
1604,573
1605,625
1606,-25
1607,675
1608,675
1609,625
1610,575
1611,675
1612,573
1613,673
1614,675
1615,675
1616,525
1617,673
1618,525
1619,675
1620,525
1621,675
1622,400
1623,475
1624,575
1625,675
1626,625
1627,675
1628,425
1629,625
1630,673
1631,675
1632,-125
1633,625
1634,-31
1635,673
1636,675
1637,675
1638,525
1639,673
1640,521
1641,675
1642,671
1643,-79
1644,575
1645,473
1646,575
1647,525
1648,550
1649,-75
1650,-25
1651,675
1652,-127
1653,350
1654,-54
1655,571
1656,675
1657,-79
1658,675
1659,-75
1660,675
1661,398
1662,675
1663,625
1664,521
1665,625
1666,300
1667,550
1668,623
1669,473
1670,625
1671,525
1672,-25
1673,675
1674,-125
1675,-125
1676,675
1677,-77
1678,298
1679,575
1680,-79
1681,675
1682,375
1683,675
1684,-125
1685,625
1686,575
1687,625
1688,525
1689,550
1690,573
1691,396
1692,-125
1693,625
1694,673
1695,-25
1696,525
1697,625
1698,-125
1699,-200
1700,-125
1701,625
1702,625
1703,675
1704,675
1705,625
1706,675
1707,-125
1708,675
1709,400
1710,-75
1711,373
1712,525
1713,675
1714,675
1715,-200
1716,625
1717,375
1718,-31
1719,423
1720,425
1721,625
1722,671
1723,525
1724,525
1725,425
1726,-125
1727,-127
1728,-75
1729,523
1730,625
1731,296
1732,675
1733,675
1734,675
1735,-77
1736,-125
1737,625
1738,425
1739,673
1740,525
1741,-125
1742,675
1743,-125
1744,475
1745,-127
1746,675
1747,575
1748,-25
1749,623
1750,325
1751,675
1752,523
1753,575
1754,675
1755,475
1756,575
1757,675
1758,-27
1759,675
1760,673
1761,-125
1762,-75
1763,-52
1764,573
1765,673
1766,675
1767,398
1768,423
1769,675
1770,-27
1771,523
1772,625
1773,-125
1774,675
1775,623
1776,625
1777,-125
1778,-25
1779,525
1780,671
1781,398
1782,425
1783,-179
1784,673
1785,623
1786,675
1787,-75
1788,-125
1789,673
1790,150
1791,673
1792,573
1793,-75
1794,-200
1795,-127
1796,625
1797,675
1798,523
1799,625
1800,675
1801,575
1802,675
1803,675
1804,675
1805,-75
1806,-27
1807,-125
1808,-75
1809,623
1810,623
1811,-25
1812,573
1813,625
1814,-25
1815,398
1816,675
1817,675
1818,398
1819,675
1820,573
1821,673
1822,575
1823,625
1824,575
1825,675
1826,-25
1827,675
1828,673
1829,675
1830,673
1831,375
1832,400
1833,-125
1834,150
1835,-375
1836,673
1837,623
1838,675
1839,-125
1840,673
1841,675
1842,525
1843,550
1844,-125
1845,473
1846,575
1847,625
1848,519
1849,300
1850,525
1851,675
1852,575
1853,-125
1854,521
1855,675
1856,675
1857,673
1858,623
1859,223
1860,-29
1861,575
1862,448
1863,573
1864,225
1865,673
1866,-25
1867,-125
1868,573
1869,-75
1870,573
1871,575
1872,19
1873,-79
1874,-125
1875,675
1876,-127
1877,675
1878,675
1879,500
1880,-75
1881,398
1882,625
1883,-200
1884,573
1885,-27
1886,575
1887,575
1888,525
1889,-25
1890,675
1891,446
1892,675
1893,625
1894,675
1895,-81
1896,675
1897,573
1898,675
1899,575
1900,673
1901,625
1902,550
1903,625
1904,425
1905,375
1906,-125
1907,675
1908,623
1909,573
1910,623
1911,625
1912,575
1913,625
1914,275
1915,675
1916,473
1917,675
1918,625
1919,675
1920,675
1921,-25
1922,575
1923,525
1924,673
1925,400
1926,673
1927,373
1928,-125
1929,575
1930,675
1931,625
1932,475
1933,675
1934,675
1935,-125
1936,475
1937,625
1938,625
1939,625
1940,675
1941,673
1942,675
1943,675
1944,621
1945,673
1946,673
1947,675
1948,50
1949,675
1950,471
1951,673
1952,675
1953,675
1954,400
1955,375
1956,225
1957,-125
1958,575
1959,623
1960,-175
1961,-175
1962,575
1963,675
1964,571
1965,575
1966,425
1967,675
1968,675
1969,675
1970,-125
1971,673
1972,675
1973,500
1974,-154
1975,671
1976,425
1977,625
1978,575
1979,-125
1980,625
1981,673
1982,423
1983,673
1984,575
1985,625
1986,-127
1987,625
1988,350
1989,575
1990,675
1991,623
1992,-177
1993,525
1994,175
1995,625
1996,523
1997,575
1998,675
1999,625
2000,475
2001,-125
2002,575
2003,548
2004,625
2005,-56
2006,625
2007,675
2008,-150
2009,673
2010,-77
2011,523
2012,625
2013,623
2014,673
2015,0
2016,550
2017,625
2018,625
2019,623
2020,675
2021,575
2022,675
2023,-175
2024,548
2025,675
2026,475
2027,-79
2028,675
2029,544
2030,625
2031,673
2032,575
2033,675
2034,-125
2035,398
2036,-125
2037,475
2038,575
2039,571
2040,21
2041,625
2042,475
2043,625
2044,575
2045,625
2046,-125
2047,675
2048,673
2049,475
2050,-127
2051,523
2052,575
2053,675
2054,675
2055,575
2056,375
2057,475
2058,673
2059,73
2060,675
2061,-25
2062,625
2063,575
2064,-75
2065,-25
2066,673
2067,423
2068,550
2069,300
2070,675
2071,-229
2072,675
2073,375
2074,425
2075,525
2076,-27
2077,623
2078,675
2079,625
2080,623
2081,-175
2082,-25
2083,-125
2084,-25
2085,675
2086,675
2087,675
2088,-175
2089,473
2090,471
2091,-225
2092,525
2093,348
2094,623
2095,425
2096,625
2097,675
2098,525
2099,-131
2100,675
2101,98
2102,625
2103,571
2104,-100
2105,675
2106,-4
2107,623
2108,675
2109,625
2110,673
2111,675
2112,675
2113,-250
2114,675
2115,675
2116,625
2117,575
2118,675
2119,675
2120,675
2121,-25
2122,475
2123,623
2124,625
2125,475
2126,473
2127,-75
2128,-75
2129,675
2130,-175
2131,625
2132,675
2133,673
2134,675
2135,625
2136,525
2137,625
2138,375
2139,675
2140,571
2141,675
2142,623
2143,675
2144,425
2145,675
2146,-127
2147,-125
2148,675
2149,473
2150,525
2151,-75
2152,-75
2153,325
2154,675
2155,475
2156,571
2157,-125
2158,623
2159,425
2160,400
2161,623
2162,225
2163,473
2164,575
2165,623
2166,298
2167,675
2168,675
2169,-125
2170,623
2171,675
2172,525
2173,423
2174,675
2175,325
2176,-79
2177,623
2178,675
2179,625
2180,-75
2181,625
2182,675
2183,671
2184,400
2185,423
2186,673
2187,473
2188,625
2189,675
2190,625
2191,-125
2192,298
2193,-125
2194,625
2195,-75
2196,623
2197,400
2198,675
2199,-125
2200,250
2201,400
2202,398
2203,-102
2204,-75
2205,675
2206,-79
2207,625
2208,675
2209,625
2210,621
2211,573
2212,-75
2213,571
2214,673
2215,671
2216,525
2217,250
2218,525
2219,573
2220,625
2221,673
2222,-27
2223,525
2224,-75
2225,621
2226,-75
2227,673
2228,675
2229,571
2230,550
2231,625
2232,675
2233,573
2234,673
2235,625
2236,-79
2237,575
2238,419
2239,623
2240,623
2241,621
2242,375
2243,-175
2244,671
2245,498
2246,675
2247,623
2248,673
2249,625
2250,675
2251,575
2252,673
2253,-75
2254,673
2255,675
2256,400
2257,673
2258,575
2259,-29
2260,625
2261,625
2262,673
2263,673
2264,675
2265,525
2266,675
2267,575
2268,675
2269,-75
2270,573
2271,396
2272,548
2273,525
2274,675
2275,550
2276,-75
2277,575
2278,575
2279,-77
2280,-127
2281,625
2282,575
2283,-125
2284,675
2285,425
2286,523
2287,498
2288,625
2289,-77
2290,-75
2291,471
2292,623
2293,625
2294,673
2295,675
2296,675
2297,475
2298,675
2299,675
2300,548
2301,575
2302,525
2303,171
2304,675
2305,425
2306,-27
2307,521
2308,-125
2309,675
2310,525
2311,423
2312,675
2313,575
2314,623
2315,521
2316,575
2317,400
2318,625
2319,300
2320,675
2321,300
2322,525
2323,-125
2324,675
2325,-125
2326,400
2327,673
2328,675
2329,625
2330,519
2331,573
2332,621
2333,625
2334,575
2335,-125
2336,-27
2337,625
2338,300
2339,525
2340,-125
2341,525
2342,-25
2343,-75
2344,521
2345,325
2346,148
2347,575
2348,675
2349,673
2350,573
2351,-200
2352,475
2353,623
2354,675
2355,525
2356,575
2357,425
2358,473
2359,619
2360,675
2361,525
2362,675
2363,675
2364,421
2365,625
2366,623
2367,473
2368,-79
2369,450
2370,-125
2371,-27
2372,425
2373,-125
2374,675
2375,625
2376,675
2377,348
2378,623
2379,673
2380,425
2381,675
2382,625
2383,-127
2384,523
2385,525
2386,625
2387,675
2388,-75
2389,623
2390,623
2391,671
2392,525
2393,473
2394,350
2395,675
2396,525
2397,675
2398,623
2399,150
2400,300
2401,-29
2402,671
2403,100
2404,625
2405,475
2406,675
2407,675
2408,675
2409,-25
2410,623
2411,675
2412,525
2413,425
2414,-125
2415,673
2416,621
2417,623
2418,400
2419,-125
2420,-77
2421,350
2422,675
2423,673
2424,675
2425,-125
2426,525
2427,-27
2428,623
2429,0
2430,425
2431,575
2432,375
2433,675
2434,625
2435,675
2436,673
2437,400
2438,248
2439,-75
2440,675
2441,625
2442,675
2443,675
2444,625
2445,673
2446,475
2447,521
2448,525
2449,575
2450,-75
2451,400
2452,425
2453,575
2454,400
2455,675
2456,671
2457,675
2458,-27
2459,675
2460,-129
2461,550
2462,575
2463,671
2464,-125
2465,675
2466,675
2467,425
2468,675
2469,625
2470,673
2471,-125
2472,-125
2473,396
2474,425
2475,621
2476,550
2477,675
2478,625
2479,625
2480,673
2481,444
2482,523
2483,625
2484,573
2485,673
2486,-125
2487,575
2488,621
2489,625
2490,673
2491,675
2492,-75
2493,675
2494,625
2495,625
2496,400
2497,675
2498,675
2499,-27
2500,-25
2501,625
2502,625
2503,573
2504,673
2505,-125
2506,-75
2507,-75
2508,-129
2509,-25
2510,675
2511,625
2512,675
2513,473
2514,623
2515,621
2516,348
2517,625
2518,625
2519,675
2520,623
2521,675
2522,-50
2523,673
2524,-175
2525,-75
2526,625
2527,500
2528,671
2529,575
2530,675
2531,425
2532,673
2533,675
2534,623
2535,-200
2536,396
2537,-33
2538,525
2539,-100
2540,475
2541,375
2542,-177
2543,623
2544,523
2545,675
2546,525
2547,-75
2548,675
2549,625
2550,-125
2551,675
2552,525
2553,325
2554,571
2555,673
2556,673
2557,400
2558,675
2559,375
2560,625
2561,500
2562,675
2563,675
2564,498
2565,323
2566,625
2567,675
2568,-129
2569,675
2570,400
2571,625
2572,473
2573,-277
2574,575
2575,673
2576,-27
2577,-27
2578,575
2579,625
2580,625
2581,298
2582,675
2583,625
2584,623
2585,673
2586,-125
2587,423
2588,625
2589,525
2590,675
2591,-75
2592,250
2593,-125
2594,-125
2595,500
2596,-79
2597,571
2598,673
2599,673
2600,673
2601,625
2602,473
2603,625
2604,575
2605,623
2606,575
2607,350
2608,675
2609,675
2610,675
2611,625
2612,625
2613,675
2614,400
2615,671
2616,625
2617,625
2618,-125
2619,673
2620,425
2621,625
2622,400
2623,573
2624,673
2625,473
2626,675
2627,473
2628,296
2629,-29
2630,525
2631,675
2632,573
2633,-125
2634,675
2635,675
2636,675
2637,619
2638,675
2639,623
2640,525
2641,671
2642,-125
2643,675
2644,673
2645,675
2646,675
2647,-75
2648,350
2649,625
2650,-75
2651,375
2652,571
2653,-75
2654,350
2655,-75
2656,673
2657,-75
2658,-127
2659,675
2660,623
2661,675
2662,-75
2663,-225
2664,675
2665,521
2666,-125
2667,550
2668,248
2669,475
2670,625
2671,623
2672,350
2673,625
2674,621
2675,675
2676,625
2677,-25
2678,-75
2679,525
2680,223
2681,625
2682,675
2683,550
2684,575
2685,625
2686,675
2687,525
2688,425
2689,523
2690,625
2691,400
2692,-25
2693,75
2694,623
2695,-25
2696,673
2697,-402
2698,675
2699,375
2700,625
2701,625
2702,523
2703,-75
2704,675
2705,675
2706,671
2707,625
2708,675
2709,675
2710,675
2711,675
2712,625
2713,673
2714,675
2715,621
2716,675
2717,675
2718,-75
2719,573
2720,675
2721,675
2722,375
2723,675
2724,525
2725,-308
2726,350
2727,675
2728,623
2729,625
2730,300
2731,575
2732,575
2733,621
2734,675
2735,675
2736,-79
2737,675
2738,-100
2739,-125
2740,673
2741,-75
2742,-75
2743,623
2744,525
2745,625
2746,675
2747,621
2748,400
2749,-125
2750,625
2751,625
2752,-75
2753,573
2754,423
2755,625
2756,621
2757,500
2758,673
2759,623
2760,625
2761,623
2762,575
2763,-125
2764,575
2765,675
2766,675
2767,623
2768,575
2769,-129
2770,675
2771,-125
2772,-77
2773,673
2774,625
2775,673
2776,673
2777,275
2778,525
2779,525
2780,675
2781,673
2782,623
2783,623
2784,675
2785,-75
2786,350
2787,-27
2788,625
2789,398
2790,675
2791,625
2792,550
2793,325
2794,673
2795,521
2796,625
2797,-125
2798,673
2799,575
2800,573
2801,-77
2802,-125
2803,625
2804,575
2805,675
2806,675
2807,625
2808,623
2809,-81
2810,673
2811,498
2812,-125
2813,275
2814,625
2815,573
2816,425
2817,-277
2818,675
2819,625
2820,575
2821,675
2822,-125
2823,-227
2824,625
2825,675
2826,-227
2827,675
2828,500
2829,300
2830,625
2831,625
2832,546
2833,473
2834,-27
2835,675
2836,425
2837,675
2838,425
2839,675
2840,625
2841,398
2842,473
2843,675
2844,471
2845,625
2846,675
2847,625
2848,375
2849,248
2850,625
2851,-125
2852,623
2853,425
2854,671
2855,375
2856,625
2857,400
2858,625
2859,673
2860,200
2861,375
2862,573
2863,525
2864,575
2865,675
2866,675
2867,625
2868,625
2869,398
2870,675
2871,675
2872,673
2873,623
2874,525
2875,625
2876,625
2877,348
2878,94
2879,623
2880,675
2881,623
2882,625
2883,475
2884,623
2885,675
2886,675
2887,575
2888,-125
2889,623
2890,675
2891,675
2892,-125
2893,-125
2894,525
2895,669
2896,-127
2897,673
2898,675
2899,425
2900,675
2901,400
2902,575
2903,625
2904,-125
2905,-175
2906,571
2907,150
2908,675
2909,575
2910,673
2911,575
2912,623
2913,-75
2914,675
2915,550
2916,675
2917,473
2918,675
2919,425
2920,-175
2921,400
2922,523
2923,-125
2924,675
2925,623
2926,350
2927,-175
2928,675
2929,675
2930,-125
2931,425
2932,525
2933,475
2934,675
2935,675
2936,525
2937,673
2938,625
2939,-75
2940,-129
2941,573
2942,146
2943,623
2944,494
2945,675
2946,675
2947,625
2948,623
2949,675
2950,673
2951,373
2952,625
2953,625
2954,675
2955,475
2956,675
2957,400
2958,623
2959,400
2960,675
2961,625
2962,475
2963,673
2964,675
2965,525
2966,625
2967,673
2968,675
2969,623
2970,625
2971,675
2972,400
2973,-77
2974,525
2975,625
2976,625
2977,625
2978,623
2979,-27
2980,675
2981,675
2982,675
2983,625
2984,425
2985,623
2986,-125
2987,675
2988,525
2989,625
2990,400
2991,-125
2992,-77
2993,623
2994,575
2995,198
2996,675
2997,473
2998,673
2999,575
3000,675
3001,500
3002,-125
3003,275
3004,675
3005,121
3006,675
3007,625
3008,675
3009,425
3010,673
3011,523
3012,423
3013,675
3014,575
3015,675
3016,525
3017,675
3018,375
3019,673
3020,669
3021,-75
3022,625
3023,550
3024,625
3025,575
3026,525
3027,475
3028,625
3029,623
3030,425
3031,300
3032,523
3033,623
3034,425
3035,675
3036,675
3037,-127
3038,675
3039,623
3040,625
3041,-175
3042,673
3043,623
3044,-75
3045,473
3046,525
3047,675
3048,625
3049,675
3050,-325
3051,675
3052,625
3053,675
3054,575
3055,675
3056,550
3057,675
3058,675
3059,-227
3060,623
3061,398
3062,675
3063,623
3064,675
3065,673
3066,675
3067,250
3068,350
3069,625
3070,-125
3071,625
3072,621
3073,423
3074,575
3075,425
3076,525
3077,675
3078,625
3079,-29
3080,675
3081,-125
3082,623
3083,623
3084,573
3085,325
3086,-100
3087,675
3088,675
3089,625
3090,425
3091,671
3092,675
3093,425
3094,675
3095,675
3096,-125
3097,246
3098,573
3099,-129
3100,-77
3101,400
3102,673
3103,196
3104,675
3105,625
3106,525
3107,425
3108,625
3109,625
3110,-75
3111,621
3112,-75
3113,625
3114,675
3115,-29
3116,471
3117,675
3118,-25
3119,625
3120,498
3121,625
3122,98
3123,423
3124,498
3125,-131
3126,673
3127,575
3128,375
3129,350
3130,-129
3131,-100
3132,675
3133,350
3134,-25
3135,473
3136,675
3137,623
3138,398
3139,300
3140,673
3141,675
3142,-25
3143,625
3144,673
3145,673
3146,625
3147,425
3148,675
3149,-79
3150,525
3151,-25
3152,425
3153,525
3154,550
3155,-75
3156,673
3157,323
3158,625
3159,675
3160,-75
3161,675
3162,-125
3163,675
3164,398
3165,-127
3166,673
3167,-125
3168,548
3169,671
3170,-125
3171,425
3172,575
3173,-52
3174,-127
3175,-129
3176,573
3177,396
3178,548
3179,-25
3180,575
3181,-75
3182,-125
3183,673
3184,623
3185,671
3186,423
3187,-75
3188,348
3189,600
3190,625
3191,600
3192,398
3193,275
3194,-125
3195,573
3196,0
3197,675
3198,675
3199,-181
3200,-27
3201,575
3202,575
3203,673
3204,625
3205,550
3206,-25
3207,673
3208,675
3209,675
3210,550
3211,400
3212,-75
3213,625
3214,-75
3215,675
3216,500
3217,-27
3218,-77
3219,-125
3220,675
3221,675
3222,-25
3223,-2
3224,325
3225,550
3226,675
3227,525
3228,623
3229,625
3230,675
3231,0
3232,-125
3233,550
3234,575
3235,525
3236,423
3237,623
3238,-125
3239,575
3240,625
3241,625
3242,-75
3243,625
3244,-125
3245,675
3246,-25
3247,625
3248,675
3249,675
3250,675
3251,625
3252,-125
3253,571
3254,675
3255,623
3256,675
3257,-2
3258,625
3259,-125
3260,175
3261,525
3262,673
3263,623
3264,-77
3265,498
3266,575
3267,-27
3268,-79
3269,-75
3270,-129
3271,-125
3272,675
3273,675
3274,623
3275,-25
3276,523
3277,519
3278,125
3279,675
3280,625
3281,675
3282,571
3283,-75
3284,625
3285,675
3286,675
3287,-25
3288,675
3289,525
3290,500
3291,625
3292,675
3293,-75
3294,350
3295,675
3296,-25
3297,623
3298,523
3299,-129
3300,623
3301,300
3302,675
3303,323
3304,675
3305,673
3306,575
3307,-200
3308,623
3309,673
3310,419
3311,623
3312,-125
3313,625
3314,423
3315,675
3316,-75
3317,623
3318,-125
3319,546
3320,673
3321,-125
3322,-152
3323,475
3324,675
3325,-129
3326,-75
3327,675
3328,-125
3329,675
3330,575
3331,575
3332,575
3333,625
3334,475
3335,571
3336,575
3337,675
3338,625
3339,625
3340,325
3341,550
3342,-200
3343,625
3344,623
3345,675
3346,625
3347,400
3348,625
3349,625
3350,675
3351,398
3352,400
3353,625
3354,-27
3355,625
3356,675
3357,675
3358,675
3359,-75
3360,675
3361,-77
3362,675
3363,148
3364,575
3365,675
3366,575
3367,625
3368,525
3369,575
3370,196
3371,525
3372,275
3373,625
3374,675
3375,625
3376,675
3377,575
3378,675
3379,673
3380,-27
3381,675
3382,275
3383,625
3384,575
3385,298
3386,-75
3387,625
3388,625
3389,375
3390,675
3391,675
3392,625
3393,675
3394,625
3395,450
3396,571
3397,623
3398,423
3399,573
3400,673
3401,-25
3402,675
3403,-125
3404,248
3405,673
3406,675
3407,675
3408,625
3409,-300
3410,625
3411,675
3412,675
3413,673
3414,475
3415,523
3416,669
3417,-125
3418,675
3419,525
3420,675
3421,400
3422,675
3423,625
3424,625
3425,523
3426,344
3427,275
3428,675
3429,625
3430,675
3431,573
3432,575
3433,673
3434,475
3435,673
3436,675
3437,-125
3438,625
3439,623
3440,-200
3441,575
3442,675
3443,673
3444,673
3445,-125
3446,-125
3447,675
3448,425
3449,623
3450,673
3451,-25
3452,675
3453,675
3454,-127
3455,-27
3456,575
3457,350
3458,-125
3459,625
3460,623
3461,373
3462,675
3463,525
3464,675
3465,623
3466,675
3467,-125
3468,625
3469,675
3470,471
3471,-75
3472,673
3473,-127
3474,-27
3475,625
3476,625
3477,675
3478,673
3479,675
3480,621
3481,-125
3482,625
3483,400
3484,475
3485,575
3486,550
3487,-125
3488,623
3489,525
3490,296
3491,275
3492,673
3493,548
3494,623
3495,475
3496,-29
3497,248
3498,675
3499,575
3500,675
3501,623
3502,625
3503,625
3504,325
3505,-77
3506,525
3507,-75
3508,675
3509,675
3510,675
3511,300
3512,675
3513,348
3514,-127
3515,625
3516,-131
3517,673
3518,-25
3519,-29
3520,573
3521,675
3522,500
3523,675
3524,675
3525,523
3526,-175
3527,673
3528,625
3529,675
3530,523
3531,575
3532,625
3533,-75
3534,473
3535,525
3536,675
3537,575
3538,573
3539,-25
3540,675
3541,550
3542,623
3543,-75
3544,-127
3545,375
3546,625
3547,-200
3548,550
3549,425
3550,-125
3551,623
3552,575
3553,675
3554,625
3555,-25
3556,675
3557,548
3558,625
3559,675
3560,573
3561,-125
3562,621
3563,-29
3564,400
3565,675
3566,625
3567,671
3568,400
3569,675
3570,675
3571,550
3572,425
3573,621
3574,-175
3575,623
3576,569
3577,625
3578,625
3579,675
3580,523
3581,-29
3582,625
3583,673
3584,-77
3585,-77
3586,675
3587,575
3588,-75
3589,-177
3590,546
3591,671
3592,625
3593,675
3594,675
3595,300
3596,673
3597,675
3598,675
3599,675
3600,-75
3601,575
3602,625
3603,675
3604,525
3605,675
3606,625
3607,673
3608,550
3609,625
3610,348
3611,-125
3612,625
3613,673
3614,573
3615,623
3616,525
3617,475
3618,625
3619,675
3620,-175
3621,375
3622,525
3623,673
3624,525
3625,675
3626,571
3627,523
3628,575
3629,548
3630,-27
3631,625
3632,-179
3633,675
3634,675
3635,425
3636,625
3637,-75
3638,400
3639,623
3640,-250
3641,550
3642,675
3643,625
3644,425
3645,673
3646,625
3647,625
3648,575
3649,625
3650,500
3651,673
3652,675
3653,625
3654,571
3655,-81
3656,625
3657,-175
3658,523
3659,625
3660,-125
3661,625
3662,-125
3663,625
3664,423
3665,625
3666,525
3667,675
3668,-125
3669,-125
3670,625
3671,548
3672,625
3673,675
3674,673
3675,625
3676,673
3677,523
3678,525
3679,675
3680,473
3681,675
3682,525
3683,673
3684,-27
3685,623
3686,575
3687,625
3688,625
3689,623
3690,575
3691,675
3692,519
3693,-27
3694,373
3695,575
3696,675
3697,475
3698,675
3699,-79
3700,550
3701,-175
3702,350
3703,-75
3704,625
3705,625
3706,525
3707,675
3708,675
3709,425
3710,623
3711,473
3712,575
3713,-125
3714,623
3715,-127
3716,521
3717,673
3718,673
3719,-79
3720,625
3721,675
3722,325
3723,673
3724,475
3725,675
3726,623
3727,548
3728,425
3729,575
3730,425
3731,-75
3732,475
3733,471
3734,675
3735,525
3736,675
3737,-75
3738,623
3739,675
3740,675
3741,475
3742,625
3743,675
3744,625
3745,425
3746,675
3747,-79
3748,575
3749,525
3750,675
3751,625
3752,521
3753,550
3754,675
3755,600
3756,525
3757,523
3758,625
3759,525
3760,673
3761,675
3762,625
3763,375
3764,525
3765,673
3766,673
3767,575
3768,575
3769,-125
3770,673
3771,-75
3772,-127
3773,-25
3774,675
3775,525
3776,669
3777,623
3778,675
3779,623
3780,573
3781,575
3782,-125
3783,-127
3784,625
3785,675
3786,200
3787,575
3788,675
3789,-127
3790,625
3791,525
3792,625
3793,525
3794,623
3795,473
3796,625
3797,675
3798,-125
3799,623
3800,675
3801,623
3802,-125
3803,-127
3804,675
3805,625
3806,523
3807,673
3808,671
3809,-79
3810,525
3811,-125
3812,675
3813,-150
3814,471
3815,-125
3816,675
3817,425
3818,496
3819,396
3820,475
3821,575
3822,375
3823,575
3824,425
3825,-179
3826,-27
3827,575
3828,625
3829,-125
3830,573
3831,575
3832,373
3833,675
3834,675
3835,575
3836,475
3837,-27
3838,-75
3839,675
3840,675
3841,475
3842,675
3843,625
3844,425
3845,-127
3846,675
3847,675
3848,575
3849,675
3850,546
3851,623
3852,-125
3853,625
3854,573
3855,300
3856,675
3857,673
3858,575
3859,625
3860,673
3861,-77
3862,625
3863,625
3864,673
3865,625
3866,675
3867,673
3868,673
3869,623
3870,350
3871,-300
3872,-127
3873,-75
3874,375
3875,-75
3876,-75
3877,675
3878,-75
3879,625
3880,575
3881,-75
3882,400
3883,675
3884,100
3885,575
3886,625
3887,673
3888,625
3889,423
3890,573
3891,-125
3892,619
3893,675
3894,675
3895,425
3896,623
3897,671
3898,273
3899,625
3900,546
3901,675
3902,673
3903,625
3904,575
3905,250
3906,525
3907,523
3908,675
3909,525
3910,-125
3911,671
3912,675
3913,325
3914,350
3915,475
3916,521
3917,623
3918,675
3919,375
3920,675
3921,625
3922,-177
3923,525
3924,-27
3925,425
3926,575
3927,575
3928,673
3929,675
3930,625
3931,375
3932,621
3933,671
3934,675
3935,-81
3936,450
3937,625
3938,623
3939,675
3940,675
3941,525
3942,575
3943,575
3944,675
3945,600
3946,675
3947,550
3948,550
3949,425
3950,375
3951,575
3952,398
3953,675
3954,625
3955,569
3956,-27
3957,348
3958,298
3959,675
3960,625
3961,675
3962,-27
3963,-25
3964,473
3965,625
3966,396
3967,375
3968,625
3969,525
3970,625
3971,-125
3972,623
3973,-125
3974,-175
3975,625
3976,350
3977,250
3978,-300
3979,621
3980,675
3981,575
3982,675
3983,-31
3984,573
3985,-75
3986,575
3987,675
3988,625
3989,550
3990,500
3991,625
3992,675
3993,321
3994,425
3995,673
3996,675
3997,-75
3998,425
3999,675
4000,675
4001,-125
4002,0
4003,-25
4004,525
4005,623
4006,621
4007,623
4008,675
4009,673
4010,675
4011,525
4012,425
4013,671
4014,-25
4015,625
4016,-125
4017,675
4018,0
4019,625
4020,-125
4021,573
4022,375
4023,673
4024,625
4025,675
4026,675
4027,575
4028,675
4029,575
4030,400
4031,300
4032,675
4033,673
4034,675
4035,675
4036,671
4037,198
4038,673
4039,625
4040,-54
4041,-177
4042,450
4043,-25
4044,475
4045,673
4046,675
4047,500
4048,475
4049,425
4050,625
4051,675
4052,-125
4053,675
4054,373
4055,-75
4056,-256
4057,475
4058,673
4059,-25
4060,675
4061,675
4062,623
4063,625
4064,575
4065,625
4066,375
4067,523
4068,400
4069,675
4070,71
4071,423
4072,375
4073,575
4074,-25
4075,473
4076,623
4077,-77
4078,623
4079,-229
4080,675
4081,675
4082,-125
4083,625
4084,575
4085,625
4086,625
4087,675
4088,625
4089,621
4090,525
4091,625
4092,498
4093,500
4094,575
4095,673
4096,675
4097,-125
4098,675
4099,625
4100,346
4101,-77
4102,-75
4103,673
4104,369
4105,675
4106,625
4107,-125
4108,575
4109,523
4110,523
4111,425
4112,-77
4113,621
4114,621
4115,323
4116,575
4117,571
4118,-25
4119,550
4120,575
4121,425
4122,525
4123,425
4124,625
4125,625
4126,325
4127,675
4128,625
4129,675
4130,423
4131,-125
4132,625
4133,575
4134,625
4135,675
4136,-77
4137,623
4138,675
4139,673
4140,625
4141,625
4142,575
4143,623
4144,625
4145,-129
4146,-75
4147,675
4148,675
4149,625
4150,525
4151,-75
4152,675
4153,675
4154,575
4155,525
4156,675
4157,475
4158,575
4159,675
4160,525
4161,469
4162,-477
4163,671
4164,625
4165,225
4166,525
4167,675
4168,225
4169,423
4170,575
4171,521
4172,-83
4173,575
4174,-125
4175,-25
4176,-125
4177,323
4178,423
4179,675
4180,-77
4181,375
4182,675
4183,-100
4184,625
4185,625
4186,675
4187,625
4188,-125
4189,675
4190,198
4191,673
4192,400
4193,675
4194,-125
4195,575
4196,-77
4197,575
4198,625
4199,675
4200,625
4201,673
4202,-125
4203,575
4204,671
4205,675
4206,625
4207,523
4208,621
4209,525
4210,625
4211,448
4212,675
4213,675
4214,625
4215,675
4216,575
4217,-75
4218,675
4219,-75
4220,-131
4221,675
4222,400
4223,625
4224,425
4225,375
4226,-77
4227,-29
4228,-127
4229,673
4230,573
4231,575
4232,-129
4233,-125
4234,475
4235,-129
4236,623
4237,375
4238,673
4239,673
4240,573
4241,625
4242,375
4243,625
4244,448
4245,400
4246,623
4247,623
4248,425
4249,625
4250,625
4251,673
4252,-129
4253,569
4254,425
4255,-125
4256,675
4257,575
4258,-27
4259,675
4260,575
4261,521
4262,623
4263,675
4264,625
4265,523
4266,623
4267,625
4268,675
4269,523
4270,623
4271,625
4272,425
4273,625
4274,675
4275,425
4276,675
4277,675
4278,-127
4279,448
4280,525
4281,625
4282,625
4283,675
4284,623
4285,350
4286,675
4287,575
4288,348
4289,525
4290,425
4291,525
4292,675
4293,525
4294,625
4295,675
4296,675
4297,671
4298,625
4299,675
4300,-125
4301,675
4302,625
4303,40
4304,-75
4305,675
4306,625
4307,623
4308,625
4309,675
4310,525
4311,625
4312,575
4313,623
4314,675
4315,673
4316,423
4317,-75
4318,673
4319,675
4320,675
4321,-227
4322,-125
4323,673
4324,619
4325,623
4326,675
4327,673
4328,523
4329,673
4330,-75
4331,575
4332,375
4333,625
4334,675
4335,425
4336,375
4337,675
4338,675
4339,-125
4340,625
4341,625
4342,-77
4343,-127
4344,525
4345,675
4346,-29
4347,-77
4348,573
4349,623
4350,625
4351,425
4352,625
4353,-79
4354,-106
4355,675
4356,673
4357,-129
4358,623
4359,675
4360,575
4361,625
4362,673
4363,-125
4364,625
4365,275
4366,621
4367,423
4368,673
4369,625
4370,623
4371,675
4372,-177
4373,575
4374,673
4375,625
4376,625
4377,173
4378,350
4379,673
4380,398
4381,675
4382,-75
4383,571
4384,525
4385,675
4386,675
4387,623
4388,-27
4389,475
4390,625
4391,675
4392,575
4393,550
4394,575
4395,300
4396,548
4397,673
4398,-25
4399,573
4400,625
4401,248
4402,398
4403,675
4404,569
4405,300
4406,675
4407,500
4408,573
4409,625
4410,675
4411,675
4412,675
4413,673
4414,146
4415,-177
4416,625
4417,25
4418,625
4419,675
4420,400
4421,675
4422,625
4423,523
4424,-77
4425,575
4426,625
4427,673
4428,500
4429,-175
4430,-125
4431,-25
4432,498
4433,-50
4434,625
4435,525
4436,419
4437,-75
4438,-125
4439,675
4440,400
4441,675
4442,675
4443,425
4444,575
4445,671
4446,673
4447,675
4448,523
4449,-75
4450,175
4451,525
4452,300
4453,475
4454,625
4455,421
4456,625
4457,571
4458,675
4459,673
4460,-179
4461,-27
4462,675
4463,573
4464,675
4465,623
4466,373
4467,673
4468,625
4469,473
4470,575
4471,-125
4472,548
4473,575
4474,573
4475,675
4476,550
4477,-175
4478,625
4479,523
4480,625
4481,-175
4482,498
4483,175
4484,225
4485,523
4486,-125
4487,-75
4488,323
4489,675
4490,675
4491,475
4492,-25
4493,525
4494,-77
4495,-125
4496,498
4497,375
4498,-175
4499,619
4500,675
4501,623
4502,625
4503,675
4504,-125
4505,-75
4506,-77
4507,625
4508,525
4509,675
4510,675
4511,500
4512,400
4513,-77
4514,548
4515,625
4516,675
4517,323
4518,675
4519,625
4520,675
4521,423
4522,623
4523,475
4524,523
4525,625
4526,675
4527,-125
4528,573
4529,675
4530,625
4531,675
4532,550
4533,400
4534,625
4535,523
4536,675
4537,675
4538,523
4539,-75
4540,675
4541,575
4542,573
4543,675
4544,525
4545,625
4546,675
4547,423
4548,550
4549,625
4550,675
4551,671
4552,-125
4553,398
4554,569
4555,675
4556,-27
4557,-81
4558,625
4559,675
4560,400
4561,675
4562,573
4563,675
4564,421
4565,375
4566,423
4567,625
4568,673
4569,673
4570,675
4571,625
4572,-27
4573,575
4574,348
4575,675
4576,625
4577,675
4578,675
4579,-77
4580,625
4581,-79
4582,500
4583,-125
4584,675
4585,625
4586,575
4587,573
4588,625
4589,225
4590,625
4591,-179
4592,675
4593,625
4594,-127
4595,423
4596,-302
4597,675
4598,625
4599,675
4600,-75
4601,625
4602,-127
4603,575
4604,625
4605,623
4606,423
4607,675
4608,675
4609,523
4610,400
4611,450
4612,621
4613,623
4614,675
4615,675
4616,498
4617,396
4618,575
4619,-175
4620,675
4621,675
4622,-200
4623,525
4624,-77
4625,-275
4626,-75
4627,-125
4628,625
4629,348
4630,675
4631,675
4632,675
4633,523
4634,673
4635,425
4636,-125
4637,525
4638,350
4639,625
4640,-125
4641,-125
4642,575
4643,575
4644,350
4645,675
4646,619
4647,675
4648,400
4649,623
4650,673
4651,-129
4652,673
4653,625
4654,-77
4655,675
4656,675
4657,525
4658,448
4659,-125
4660,625
4661,325
4662,575
4663,550
4664,575
4665,623
4666,500
4667,400
4668,525
4669,675
4670,675
4671,675
4672,-325
4673,675
4674,548
4675,673
4676,675
4677,573
4678,675
4679,525
4680,669
4681,473
4682,400
4683,575
4684,425
4685,625
4686,673
4687,675
4688,375
4689,675
4690,625
4691,-127
4692,550
4693,475
4694,575
4695,675
4696,325
4697,325
4698,671
4699,-75
4700,573
4701,625
4702,423
4703,675
4704,-127
4705,325
4706,-125
4707,521
4708,675
4709,575
4710,625
4711,675
4712,625
4713,623
4714,625
4715,425
4716,675
4717,625
4718,325
4719,475
4720,-77
4721,673
4722,625
4723,675
4724,675
4725,348
4726,525
4727,-79
4728,675
4729,523
4730,625
4731,675
4732,675
4733,575
4734,675
4735,675
4736,350
4737,425
4738,673
4739,675
4740,398
4741,-175
4742,-75
4743,675
4744,523
4745,-75
4746,675
4747,675
4748,-129
4749,673
4750,673
4751,525
4752,-125
4753,625
4754,-125
4755,450
4756,673
4757,575
4758,625
4759,675
4760,-75
4761,-125
4762,623
4763,523
4764,525
4765,675
4766,675
4767,673
4768,625
4769,675
4770,-27
4771,423
4772,625
4773,625
4774,675
4775,575
4776,675
4777,675
4778,673
4779,525
4780,675
4781,675
4782,623
4783,573
4784,675
4785,625
4786,-77
4787,625
4788,575
4789,-200
4790,-235
4791,625
4792,375
4793,-75
4794,423
4795,571
4796,625
4797,673
4798,525
4799,673
4800,675
4801,623
4802,673
4803,675
4804,-156
4805,625
4806,675
4807,325
4808,619
4809,673
4810,575
4811,-4
4812,673
4813,575
4814,675
4815,-125
4816,519
4817,625
4818,600
4819,-75
4820,675
4821,623
4822,675
4823,625
4824,575
4825,548
4826,-202
4827,575
4828,675
4829,475
4830,625
4831,469
4832,525
4833,675
4834,271
4835,573
4836,573
4837,675
4838,296
4839,625
4840,375
4841,473
4842,675
4843,625
4844,-75
4845,673
4846,-200
4847,625
4848,-75
4849,625
4850,-200
4851,575
4852,675
4853,496
4854,373
4855,673
4856,625
4857,400
4858,625
4859,450
4860,-125
4861,-125
4862,498
4863,-125
4864,675
4865,471
4866,573
4867,-75
4868,250
4869,675
4870,625
4871,525
4872,-227
4873,-150
4874,675
4875,675
4876,575
4877,-27
4878,-175
4879,675
4880,675
4881,675
4882,675
4883,675
4884,-75
4885,675
4886,-127
4887,675
4888,625
4889,675
4890,423
4891,-77
4892,625
4893,675
4894,575
4895,675
4896,-125
4897,623
4898,-75
4899,221
4900,-75
4901,-175
4902,575
4903,-277
4904,625
4905,625
4906,623
4907,-125
4908,675
4909,625
4910,573
4911,675
4912,675
4913,75
4914,300
4915,673
4916,-125
4917,621
4918,375
4919,475
4920,-75
4921,-125
4922,-75
4923,550
4924,625
4925,473
4926,675
4927,673
4928,498
4929,-129
4930,675
4931,623
4932,298
4933,-25
4934,625
4935,400
4936,625
4937,675
4938,675
4939,525
4940,573
4941,675
4942,625
4943,-2
4944,548
4945,-27
4946,675
4947,573
4948,550
4949,350
4950,225
4951,200
4952,625
4953,600
4954,575
4955,625
4956,675
4957,625
4958,675
4959,-29
4960,25
4961,548
4962,-127
4963,623
4964,425
4965,625
4966,625
4967,400
4968,625
4969,675
4970,400
4971,500
4972,623
4973,550
4974,575
4975,-75
4976,575
4977,550
4978,625
4979,398
4980,675
4981,475
4982,675
4983,675
4984,625
4985,400
4986,625
4987,350
4988,-25
4989,250
4990,675
4991,525
4992,-125
4993,675
4994,473
4995,675
4996,250
4997,675
4998,571
4999,300
5000,575
5001,-79
5002,575
5003,673
5004,-125
5005,673
5006,675
5007,625
5008,525
5009,625
5010,675
5011,373
5012,348
5013,350
5014,425
5015,400
5016,675
5017,348
5018,625
5019,-27
5020,619
5021,-75
5022,675
5023,625
5024,625
5025,100
5026,-100
5027,675
5028,623
5029,623
5030,625
5031,-75
5032,673
5033,621
5034,623
5035,675
5036,625
5037,623
5038,-127
5039,500
5040,669
5041,575
5042,-125
5043,675
5044,625
5045,523
5046,-25
5047,525
5048,-75
5049,675
5050,625
5051,675
5052,675
5053,625
5054,-75
5055,571
5056,675
5057,671
5058,671
5059,425
5060,673
5061,-125
5062,575
5063,521
5064,575
5065,525
5066,675
5067,375
5068,673
5069,-27
5070,625
5071,-125
5072,625
5073,573
5074,675
5075,-127
5076,475
5077,-52
5078,148
5079,-127
5080,623
5081,625
5082,-204
5083,625
5084,673
5085,475
5086,675
5087,673
5088,-75
5089,675
5090,-125
5091,575
5092,625
5093,375
5094,623
5095,623
5096,625
5097,575
5098,525
5099,573
5100,-25
5101,623
5102,625
5103,675
5104,573
5105,-125
5106,575
5107,573
5108,675
5109,375
5110,621
5111,675
5112,675
5113,673
5114,623
5115,398
5116,450
5117,-75
5118,675
5119,575
5120,475
5121,623
5122,675
5123,675
5124,469
5125,621
5126,675
5127,625
5128,350
5129,625
5130,-25
5131,550
5132,-125
5133,625
5134,675
5135,548
5136,275
5137,325
5138,625
5139,325
5140,-81
5141,675
5142,-75
5143,-4
5144,-75
5145,621
5146,398
5147,675
5148,521
5149,173
5150,-125
5151,625
5152,623
5153,-127
5154,-125
5155,623
5156,673
5157,675
5158,375
5159,425
5160,375
5161,-200
5162,400
5163,-283
5164,425
5165,675
5166,575
5167,575
5168,423
5169,575
5170,-75
5171,-25
5172,525
5173,-25
5174,575
5175,673
5176,675
5177,623
5178,575
5179,671
5180,-25
5181,675
5182,675
5183,-75
5184,625
5185,-25
5186,225
5187,675
5188,325
5189,475
5190,675
5191,523
5192,675
5193,625
5194,673
5195,675
5196,575
5197,-75
5198,673
5199,623
5200,-25
5201,675
5202,423
5203,675
5204,675
5205,673
5206,623
5207,398
5208,675
5209,425
5210,375
5211,673
5212,575
5213,-229
5214,625
5215,625
5216,625
5217,575
5218,673
5219,675
5220,-75
5221,625
5222,625
5223,675
5224,675
5225,675
5226,398
5227,575
5228,673
5229,675
5230,625
5231,673
5232,550
5233,575
5234,675
5235,675
5236,550
5237,371
5238,625
5239,625
5240,675
5241,675
5242,-31
5243,375
5244,-27
5245,675
5246,625
5247,523
5248,671
5249,519
5250,675
5251,675
5252,623
5253,625
5254,-25
5255,575
5256,575
5257,-27
5258,623
5259,-125
5260,-75
5261,675
5262,-125
5263,523
5264,625
5265,623
5266,673
5267,675
5268,-25
5269,625
5270,298
5271,675
5272,623
5273,-175
5274,350
5275,525
5276,-75
5277,-79
5278,-77
5279,675
5280,623
5281,675
5282,675
5283,523
5284,621
5285,625
5286,525
5287,675
5288,675
5289,675
5290,-125
5291,675
5292,575
5293,325
5294,625
5295,673
5296,675
5297,425
5298,675
5299,625
5300,425
5301,523
5302,500
5303,673
5304,-125
5305,625
5306,275
5307,623
5308,675
5309,-25
5310,200
5311,-175
5312,523
5313,-125
5314,675
5315,675
5316,673
5317,400
5318,-77
5319,475
5320,675
5321,-25
5322,450
5323,625
5324,675
5325,675
5326,675
5327,-125
5328,625
5329,625
5330,571
5331,671
5332,625
5333,673
5334,425
5335,623
5336,625
5337,675
5338,675
5339,575
5340,575
5341,198
5342,675
5343,575
5344,573
5345,473
5346,675
5347,-75
5348,625
5349,675
5350,625
5351,673
5352,473
5353,425
5354,673
5355,425
5356,548
5357,-75
5358,675
5359,675
5360,675
5361,550
5362,623
5363,-127
5364,425
5365,625
5366,671
5367,573
5368,-175
5369,-127
5370,575
5371,575
5372,625
5373,-125
5374,-75
5375,625
5376,-75
5377,675
5378,625
5379,575
5380,71
5381,548
5382,675
5383,625
5384,675
5385,623
5386,675
5387,-25
5388,550
5389,625
5390,475
5391,675
5392,-77
5393,-200
5394,575
5395,623
5396,625
5397,673
5398,-200
5399,-75
5400,325
5401,400
5402,-27
5403,-125
5404,-200
5405,-75
5406,571
5407,673
5408,575
5409,498
5410,675
5411,675
5412,500
5413,673
5414,671
5415,350
5416,675
5417,669
5418,625
5419,675
5420,-125
5421,-183
5422,398
5423,625
5424,675
5425,573
5426,298
5427,523
5428,575
5429,575
5430,525
5431,675
5432,675
5433,673
5434,-75
5435,525
5436,575
5437,423
5438,575
5439,473
5440,473
5441,425
5442,-175
5443,573
5444,673
5445,625
5446,573
5447,675
5448,400
5449,73
5450,423
5451,675
5452,625
5453,475
5454,575
5455,117
5456,-125
5457,475
5458,625
5459,621
5460,675
5461,-27
5462,425
5463,673
5464,475
5465,675
5466,673
5467,-25
5468,-125
5469,523
5470,625
5471,625
5472,625
5473,673
5474,623
5475,475
5476,623
5477,625
5478,-127
5479,-127
5480,675
5481,575
5482,623
5483,575
5484,675
5485,671
5486,425
5487,-75
5488,-25
5489,625
5490,248
5491,-27
5492,671
5493,675
5494,498
5495,673
5496,675
5497,-77
5498,473
5499,-79
5500,523
5501,675
5502,675
5503,400
5504,625
5505,675
5506,525
5507,673
5508,575
5509,623
5510,400
5511,573
5512,625
5513,675
5514,623
5515,-150
5516,673
5517,625
5518,675
5519,573
5520,548
5521,525
5522,673
5523,575
5524,675
5525,348
5526,575
5527,675
5528,373
5529,669
5530,675
5531,623
5532,625
5533,673
5534,-27
5535,300
5536,-125
5537,675
5538,623
5539,675
5540,425
5541,525
5542,575
5543,475
5544,675
5545,523
5546,-27
5547,371
5548,623
5549,625
5550,675
5551,-127
5552,675
5553,673
5554,675
5555,473
5556,625
5557,673
5558,675
5559,-25
5560,-27
5561,625
5562,625
5563,71
5564,675
5565,-27
5566,525
5567,625
5568,673
5569,625
5570,425
5571,625
5572,621
5573,400
5574,-75
5575,625
5576,675
5577,675
5578,-77
5579,673
5580,-125
5581,625
5582,-127
5583,-27
5584,350
5585,625
5586,675
5587,675
5588,196
5589,575
5590,625
5591,325
5592,625
5593,669
5594,675
5595,525
5596,623
5597,-127
5598,625
5599,350
5600,523
5601,-75
5602,575
5603,300
5604,575
5605,675
5606,673
5607,425
5608,675
5609,523
5610,625
5611,475
5612,550
5613,623
5614,623
5615,621
5616,675
5617,625
5618,673
5619,-75
5620,525
5621,675
5622,375
5623,221
5624,-25
5625,-125
5626,673
5627,-25
5628,673
5629,675
5630,675
5631,-127
5632,400
5633,623
5634,421
5635,-2
5636,625
5637,625
5638,675
5639,623
5640,675
5641,625
5642,675
5643,621
5644,546
5645,625
5646,-125
5647,375
5648,673
5649,-125
5650,623
5651,575
5652,675
5653,675
5654,675
5655,675
5656,625
5657,-50
5658,573
5659,-25
5660,-25
5661,-125
5662,-75
5663,625
5664,325
5665,250
5666,675
5667,-25
5668,298
5669,475
5670,625
5671,475
5672,675
5673,-75
5674,575
5675,-77
5676,675
5677,625
5678,675
5679,623
5680,573
5681,425
5682,673
5683,625
5684,550
5685,625
5686,375
5687,325
5688,623
5689,675
5690,623
5691,623
5692,473
5693,-75
5694,525
5695,673
5696,675
5697,675
5698,675
5699,675
5700,525
5701,425
5702,-125
5703,575
5704,675
5705,398
5706,-25
5707,-79
5708,-25
5709,-125
5710,525
5711,523
5712,-75
5713,-125
5714,675
5715,675
5716,-75
5717,675
5718,471
5719,-75
5720,625
5721,425
5722,-25
5723,575
5724,-125
5725,471
5726,675
5727,-175
5728,675
5729,675
5730,221
5731,-200
5732,675
5733,625
5734,-125
5735,248
5736,-127
5737,525
5738,525
5739,675
5740,546
5741,425
5742,425
5743,625
5744,675
5745,400
5746,-125
5747,-77
5748,525
5749,625
5750,575
5751,625
5752,675
5753,625
5754,675
5755,673
5756,673
5757,275
5758,675
5759,550
5760,575
5761,625
5762,625
5763,523
5764,625
5765,675
5766,548
5767,523
5768,625
5769,-127
5770,525
5771,675
5772,623
5773,675
5774,673
5775,625
5776,625
5777,625
5778,400
5779,675
5780,-127
5781,398
5782,625
5783,625
5784,625
5785,548
5786,675
5787,625
5788,675
5789,550
5790,621
5791,675
5792,573
5793,625
5794,-125
5795,425
5796,-77
5797,-125
5798,675
5799,675
5800,675
5801,298
5802,525
5803,500
5804,625
5805,350
5806,675
5807,675
5808,523
5809,500
5810,623
5811,-75
5812,575
5813,421
5814,473
5815,375
5816,-202
5817,-29
5818,575
5819,150
5820,673
5821,623
5822,623
5823,625
5824,675
5825,425
5826,675
5827,448
5828,400
5829,619
5830,298
5831,573
5832,-75
5833,625
5834,-77
5835,625
5836,400
5837,-125
5838,-27
5839,-77
5840,425
5841,625
5842,675
5843,671
5844,625
5845,550
5846,-75
5847,-125
5848,575
5849,673
5850,675
5851,675
5852,-175
5853,325
5854,625
5855,-125
5856,673
5857,675
5858,675
5859,450
5860,675
5861,575
5862,-102
5863,675
5864,296
5865,671
5866,675
5867,-75
5868,675
5869,-125
5870,675
5871,523
5872,400
5873,675
5874,-75
5875,625
5876,675
5877,625
5878,-125
5879,575
5880,-125
5881,573
5882,-125
5883,-25
5884,575
5885,625
5886,673
5887,675
5888,675
5889,625
5890,525
5891,575
5892,-27
5893,623
5894,398
5895,625
5896,675
5897,525
5898,625
5899,675
5900,675
5901,250
5902,-125
5903,623
5904,673
5905,621
5906,425
5907,625
5908,675
5909,373
5910,425
5911,675
5912,-125
5913,273
5914,675
5915,521
5916,625
5917,573
5918,523
5919,625
5920,673
5921,675
5922,675
5923,675
5924,675
5925,675
5926,373
5927,350
5928,475
5929,675
5930,625
5931,673
5932,521
5933,-125
5934,425
5935,621
5936,423
5937,398
5938,375
5939,25
5940,100
5941,550
5942,675
5943,523
5944,623
5945,525
5946,575
5947,625
5948,625
5949,671
5950,625
5951,398
5952,523
5953,575
5954,-79
5955,625
5956,573
5957,675
5958,573
5959,675
5960,575
5961,669
5962,-75
5963,-108
5964,573
5965,-75
5966,675
5967,675
5968,675
5969,675
5970,675
5971,573
5972,423
5973,-75
5974,-75
5975,675
5976,573
5977,673
5978,-75
5979,675
5980,-77
5981,550
5982,675
5983,625
5984,675
5985,573
5986,425
5987,425
5988,623
5989,675
5990,625
5991,521
5992,-104
5993,473
5994,675
5995,625
5996,621
5997,575
5998,575
5999,-125
6000,-77
6001,-25
6002,675
6003,525
6004,675
6005,675
6006,-175
6007,625
6008,400
6009,571
6010,625
6011,675
6012,-175
6013,623
6014,425
6015,675
6016,525
6017,525
6018,298
6019,673
6020,675
6021,675
6022,625
6023,-79
6024,-77
6025,100
6026,675
6027,475
6028,-79
6029,573
6030,675
6031,400
6032,575
6033,275
6034,375
6035,625
6036,621
6037,425
6038,-175
6039,673
6040,625
6041,623
6042,625
6043,-25
6044,625
6045,325
6046,-125
6047,-252
6048,-79
6049,625
6050,575
6051,573
6052,675
6053,625
6054,675
6055,-75
6056,0
6057,473
6058,273
6059,550
6060,675
6061,625
6062,519
6063,675
6064,325
6065,525
6066,-125
6067,550
6068,-125
6069,675
6070,-77
6071,623
6072,625
6073,675
6074,575
6075,675
6076,-27
6077,575
6078,675
6079,525
6080,675
6081,348
6082,675
6083,673
6084,625
6085,-125
6086,523
6087,525
6088,-125
6089,675
6090,625
6091,-25
6092,425
6093,400
6094,625
6095,-125
6096,523
6097,-77
6098,625
6099,573
6100,323
6101,-25
6102,673
6103,675
6104,625
6105,425
6106,525
6107,675
6108,675
6109,625
6110,675
6111,675
6112,673
6113,625
6114,525
6115,548
6116,675
6117,-125
6118,675
6119,-125
6120,248
6121,675
6122,623
6123,675
6124,150
6125,675
6126,623
6127,673
6128,675
6129,623
6130,625
6131,150
6132,475
6133,675
6134,444
6135,675
6136,-125
6137,-175
6138,675
6139,675
6140,-125
6141,521
6142,673
6143,575
6144,-75
6145,675
6146,-125
6147,523
6148,573
6149,473
6150,-175
6151,575
6152,373
6153,-125
6154,625
6155,525
6156,-125
6157,525
6158,575
6159,521
6160,673
6161,623
6162,525
6163,619
6164,625
6165,675
6166,625
6167,521
6168,523
6169,519
6170,573
6171,625
6172,575
6173,550
6174,675
6175,550
6176,-129
6177,575
6178,523
6179,675
6180,575
6181,625
6182,550
6183,525
6184,475
6185,675
6186,675
6187,675
6188,675
6189,-75
6190,625
6191,675
6192,548
6193,-25
6194,473
6195,525
6196,523
6197,525
6198,575
6199,675
6200,400
6201,525
6202,425
6203,675
6204,673
6205,-29
6206,423
6207,625
6208,425
6209,625
6210,675
6211,675
6212,675
6213,425
6214,675
6215,548
6216,350
6217,675
6218,573
6219,673
6220,675
6221,675
6222,673
6223,625
6224,-79
6225,675
6226,525
6227,496
6228,575
6229,675
6230,-125
6231,-127
6232,-125
6233,675
6234,567
6235,525
6236,623
6237,423
6238,675
6239,-127
6240,548
6241,675
6242,419
6243,475
6244,300
6245,473
6246,-127
6247,625
6248,675
6249,525
6250,671
6251,250
6252,625
6253,625
6254,425
6255,-125
6256,671
6257,673
6258,-200
6259,-75
6260,675
6261,675
6262,675
6263,675
6264,450
6265,525
6266,675
6267,623
6268,675
6269,523
6270,-125
6271,625
6272,623
6273,625
6274,675
6275,-77
6276,-25
6277,625
6278,673
6279,519
6280,675
6281,675
6282,673
6283,673
6284,675
6285,-202
6286,675
6287,625
6288,-33
6289,575
6290,673
6291,621
6292,-125
6293,625
6294,-25
6295,550
6296,-175
6297,450
6298,425
6299,623
6300,571
6301,625
6302,-75
6303,575
6304,625
6305,398
6306,575
6307,675
6308,400
6309,675
6310,500
6311,-125
6312,625
6313,675
6314,625
6315,625
6316,-25
6317,625
6318,425
6319,475
6320,-125
6321,623
6322,675
6323,675
6324,-127
6325,675
6326,550
6327,675
6328,400
6329,400
6330,-75
6331,423
6332,523
6333,625
6334,-77
6335,675
6336,675
6337,625
6338,544
6339,675
6340,-75
6341,675
6342,-125
6343,575
6344,675
6345,625
6346,-125
6347,473
6348,623
6349,675
6350,625
6351,623
6352,523
6353,-25
6354,525
6355,675
6356,675
6357,623
6358,573
6359,575
6360,-125
6361,425
6362,575
6363,575
6364,421
6365,675
6366,625
6367,673
6368,675
6369,521
6370,523
6371,573
6372,425
6373,323
6374,525
6375,-27
6376,575
6377,550
6378,675
6379,625
6380,625
6381,-77
6382,573
6383,675
6384,625
6385,673
6386,623
6387,675
6388,623
6389,100
6390,675
6391,675
6392,473
6393,675
6394,-77
6395,225
6396,675
6397,525
6398,675
6399,475
6400,675
6401,675
6402,575
6403,-75
6404,-25
6405,673
6406,623
6407,425
6408,348
6409,-125
6410,573
6411,623
6412,675
6413,550
6414,675
6415,275
6416,-202
6417,300
6418,475
6419,398
6420,425
6421,675
6422,623
6423,625
6424,-27
6425,475
6426,673
6427,-125
6428,273
6429,423
6430,523
6431,423
6432,621
6433,623
6434,625
6435,-75
6436,-75
6437,325
6438,625
6439,321
6440,673
6441,348
6442,300
6443,525
6444,-27
6445,-127
6446,300
6447,-77
6448,-127
6449,671
6450,625
6451,675
6452,623
6453,675
6454,248
6455,525
6456,550
6457,673
6458,675
6459,398
6460,575
6461,675
6462,523
6463,100
6464,350
6465,298
6466,-77
6467,673
6468,-27
6469,673
6470,-125
6471,623
6472,-75
6473,-100
6474,673
6475,400
6476,-125
6477,300
6478,675
6479,625
6480,523
6481,-75
6482,625
6483,671
6484,625
6485,523
6486,423
6487,675
6488,673
6489,625
6490,675
6491,325
6492,625
6493,-125
6494,475
6495,625
6496,525
6497,-25
6498,675
6499,675
6500,675
6501,-75
6502,573
6503,-25
6504,-127
6505,675
6506,675
6507,625
6508,425
6509,625
6510,400
6511,675
6512,223
6513,575
6514,-100
6515,-75
6516,625
6517,625
6518,423
6519,675
6520,671
6521,675
6522,675
6523,673
6524,523
6525,575
6526,-75
6527,-200
6528,75
6529,625
6530,-225
6531,-125
6532,473
6533,575
6534,625
6535,675
6536,675
6537,675
6538,-77
6539,-75
6540,525
6541,625
6542,523
6543,675
6544,625
6545,-125
6546,398
6547,525
6548,273
6549,625
6550,-77
6551,675
6552,423
6553,675
6554,425
6555,625
6556,573
6557,473
6558,675
6559,625
6560,673
6561,525
6562,600
6563,575
6564,525
6565,575
6566,625
6567,673
6568,673
6569,-125
6570,623
6571,300
6572,673
6573,425
6574,475
6575,-125
6576,673
6577,673
6578,675
6579,675
6580,621
6581,623
6582,675
6583,675
6584,-25
6585,525
6586,625
6587,673
6588,625
6589,673
6590,673
6591,-125
6592,625
6593,673
6594,625
6595,569
6596,323
6597,673
6598,673
6599,673
6600,525
6601,425
6602,625
6603,575
6604,675
6605,-177
6606,-125
6607,425
6608,675
6609,548
6610,425
6611,-25
6612,-127
6613,675
6614,675
6615,521
6616,325
6617,625
6618,623
6619,671
6620,-79
6621,625
6622,-27
6623,625
6624,675
6625,575
6626,675
6627,425
6628,525
6629,-125
6630,548
6631,673
6632,675
6633,450
6634,-75
6635,625
6636,525
6637,-75
6638,500
6639,-127
6640,525
6641,-29
6642,675
6643,675
6644,673
6645,625
6646,375
6647,625
6648,623
6649,625
6650,473
6651,400
6652,-75
6653,625
6654,350
6655,-125
6656,400
6657,-125
6658,473
6659,675
6660,400
6661,625
6662,273
6663,675
6664,425
6665,625
6666,673
6667,348
6668,-25
6669,-125
6670,-29
6671,475
6672,-27
6673,625
6674,573
6675,673
6676,675
6677,625
6678,548
6679,-77
6680,100
6681,473
6682,348
6683,575
6684,573
6685,625
6686,675
6687,525
6688,675
6689,625
6690,-77
6691,675
6692,675
6693,575
6694,625
6695,675
6696,-129
6697,623
6698,550
6699,673
6700,675
6701,673
6702,-75
6703,-129
6704,375
6705,625
6706,675
6707,398
6708,-125
6709,375
6710,673
6711,500
6712,625
6713,625
6714,-75
6715,400
6716,675
6717,-77
6718,625
6719,673
6720,675
6721,-77
6722,-75
6723,575
6724,-25
6725,623
6726,675
6727,575
6728,673
6729,625
6730,675
6731,673
6732,423
6733,-25
6734,375
6735,-27
6736,675
6737,250
6738,573
6739,625
6740,573
6741,-277
6742,625
6743,673
6744,625
6745,675
6746,625
6747,425
6748,550
6749,523
6750,448
6751,-125
6752,675
6753,625
6754,525
6755,675
6756,625
6757,675
6758,675
6759,-75
6760,625
6761,675
6762,673
6763,673
6764,-75
6765,500
6766,675
6767,575
6768,573
6769,525
6770,617
6771,498
6772,-175
6773,-29
6774,675
6775,675
6776,300
6777,675
6778,675
6779,425
6780,-125
6781,525
6782,-127
6783,-75
6784,675
6785,475
6786,623
6787,623
6788,675
6789,675
6790,-75
6791,625
6792,625
6793,-125
6794,673
6795,550
6796,475
6797,273
6798,675
6799,675
6800,623
6801,-177
6802,-179
6803,-175
6804,675
6805,623
6806,623
6807,625
6808,525
6809,575
6810,373
6811,571
6812,425
6813,575
6814,675
6815,675
6816,625
6817,473
6818,623
6819,625
6820,575
6821,-125
6822,-125
6823,571
6824,575
6825,-77
6826,375
6827,625
6828,550
6829,625
6830,573
6831,500
6832,300
6833,625
6834,525
6835,625
6836,475
6837,521
6838,625
6839,-75
6840,675
6841,421
6842,-75
6843,625
6844,675
6845,625
6846,673
6847,673
6848,625
6849,675
6850,675
6851,675
6852,398
6853,-127
6854,675
6855,-75
6856,621
6857,625
6858,625
6859,625
6860,619
6861,625
6862,625
6863,348
6864,575
6865,-125
6866,675
6867,575
6868,400
6869,673
6870,675
6871,673
6872,625
6873,675
6874,625
6875,575
6876,-125
6877,475
6878,-125
6879,675
6880,575
6881,575
6882,573
6883,575
6884,525
6885,523
6886,-177
6887,-125
6888,673
6889,671
6890,500
6891,573
6892,675
6893,675
6894,575
6895,-125
6896,675
6897,675
6898,-127
6899,625
6900,675
6901,-125
6902,425
6903,675
6904,621
6905,-27
6906,675
6907,675
6908,673
6909,475
6910,-75
6911,673
6912,-125
6913,500
6914,525
6915,675
6916,675
6917,550
6918,575
6919,621
6920,675
6921,625
6922,-127
6923,671
6924,671
6925,400
6926,98
6927,673
6928,569
6929,550
6930,523
6931,-125
6932,523
6933,-125
6934,525
6935,625
6936,523
6937,350
6938,675
6939,425
6940,675
6941,625
6942,348
6943,675
6944,675
6945,625
6946,569
6947,525
6948,575
6949,675
6950,675
6951,675
6952,625
6953,550
6954,673
6955,675
6956,550
6957,425
6958,673
6959,625
6960,675
6961,623
6962,675
6963,475
6964,425
6965,-75
6966,-27
6967,625
6968,500
6969,-125
6970,675
6971,675
6972,573
6973,425
6974,673
6975,-81
6976,675
6977,673
6978,675
6979,675
6980,623
6981,675
6982,-125
6983,425
6984,-125
6985,623
6986,625
6987,675
6988,673
6989,675
6990,675
6991,350
6992,575
6993,350
6994,-77
6995,625
6996,673
6997,675
6998,675
6999,623
7000,-25
7001,525
7002,-79
7003,-75
7004,675
7005,400
7006,-29
7007,573
7008,675
7009,575
7010,675
7011,400
7012,300
7013,-127
7014,375
7015,623
7016,575
7017,375
7018,675
7019,675
7020,150
7021,675
7022,623
7023,623
7024,675
7025,625
7026,400
7027,673
7028,675
7029,-125
7030,475
7031,550
7032,350
7033,423
7034,525
7035,575
7036,575
7037,675
7038,673
7039,621
7040,625
7041,-125
7042,523
7043,-75
7044,-125
7045,-125
7046,675
7047,525
7048,-127
7049,675
7050,675
7051,425
7052,623
7053,573
7054,675
7055,423
7056,625
7057,675
7058,398
7059,675
7060,-175
7061,675
7062,675
7063,673
7064,675
7065,-175
7066,-75
7067,346
7068,575
7069,675
7070,673
7071,675
7072,425
7073,525
7074,625
7075,573
7076,625
7077,-25
7078,675
7079,675
7080,623
7081,625
7082,-125
7083,-175
7084,675
7085,523
7086,675
7087,673
7088,-233
7089,625
7090,625
7091,623
7092,675
7093,673
7094,-27
7095,-175
7096,625
7097,250
7098,-75
7099,673
7100,623
7101,675
7102,675
7103,675
7104,675
7105,350
7106,673
7107,150
7108,675
7109,673
7110,-75
7111,525
7112,425
7113,675
7114,675
7115,375
7116,673
7117,675
7118,398
7119,-125
7120,625
7121,-125
7122,-75
7123,375
7124,298
7125,523
7126,625
7127,-125
7128,625
7129,-25
7130,675
7131,625
7132,569
7133,400
7134,675
7135,675
7136,675
7137,625
7138,623
7139,621
7140,675
7141,275
7142,525
7143,675
7144,225
7145,500
7146,675
7147,623
7148,548
7149,675
7150,625
7151,575
7152,673
7153,675
7154,625
7155,575
7156,623
7157,675
7158,500
7159,-25
7160,-125
7161,623
7162,621
7163,621
7164,423
7165,625
7166,575
7167,571
7168,673
7169,-75
7170,475
7171,673
7172,350
7173,675
7174,675
7175,-77
7176,675
7177,546
7178,625
7179,573
7180,675
7181,525
7182,675
7183,575
7184,575
7185,525
7186,575
7187,675
7188,525
7189,675
7190,675
7191,475
7192,525
7193,625
7194,325
7195,625
7196,-175
7197,573
7198,675
7199,475
7200,400
7201,523
7202,-125
7203,623
7204,425
7205,525
7206,575
7207,673
7208,573
7209,675
7210,525
7211,675
7212,523
7213,673
7214,675
7215,471
7216,673
7217,675
7218,673
7219,523
7220,625
7221,550
7222,675
7223,673
7224,671
7225,625
7226,275
7227,400
7228,675
7229,623
7230,473
7231,-75
7232,625
7233,400
7234,675
7235,675
7236,-75
7237,675
7238,-75
7239,475
7240,673
7241,373
7242,498
7243,-25
7244,75
7245,673
7246,671
7247,625
7248,675
7249,675
7250,673
7251,619
7252,248
7253,-100
7254,623
7255,625
7256,350
7257,325
7258,-75
7259,425
7260,298
7261,675
7262,625
7263,575
7264,-75
7265,-125
7266,-177
7267,525
7268,575
7269,550
7270,271
7271,675
7272,573
7273,675
7274,675
7275,675
7276,673
7277,625
7278,-75
7279,-125
7280,-75
7281,423
7282,675
7283,425
7284,673
7285,-75
7286,675
7287,675
7288,-125
7289,525
7290,675
7291,421
7292,675
7293,-125
7294,671
7295,-27
7296,-75
7297,471
7298,471
7299,-125
7300,625
7301,625
7302,675
7303,400
7304,673
7305,625
7306,675
7307,575
7308,375
7309,625
7310,571
7311,-27
7312,500
7313,-125
7314,525
7315,-75
7316,675
7317,675
7318,675
7319,625
7320,625
7321,-175
7322,246
7323,675
7324,673
7325,400
7326,325
7327,675
7328,675
7329,548
7330,675
7331,623
7332,-77
7333,625
7334,400
7335,521
7336,673
7337,675
7338,-200
7339,-31
7340,-77
7341,-27
7342,300
7343,675
7344,625
7345,675
7346,675
7347,623
7348,625
7349,625
7350,575
7351,350
7352,375
7353,550
7354,-352
7355,523
7356,521
7357,673
7358,-150
7359,150
7360,625
7361,623
7362,623
7363,673
7364,450
7365,525
7366,625
7367,525
7368,300
7369,-29
7370,-177
7371,675
7372,675
7373,675
7374,0
7375,673
7376,473
7377,573
7378,673
7379,-25
7380,625
7381,575
7382,675
7383,675
7384,675
7385,375
7386,625
7387,246
7388,473
7389,421
7390,-125
7391,400
7392,675
7393,-75
7394,523
7395,550
7396,425
7397,625
7398,-75
7399,673
7400,669
7401,625
7402,475
7403,-102
7404,675
7405,575
7406,675
7407,400
7408,625
7409,525
7410,575
7411,675
7412,625
7413,400
7414,675
7415,673
7416,-125
7417,573
7418,-125
7419,671
7420,675
7421,550
7422,-127
7423,625
7424,625
7425,673
7426,-200
7427,625
7428,573
7429,675
7430,675
7431,-127
7432,-75
7433,523
7434,300
7435,400
7436,673
7437,575
7438,-27
7439,373
7440,575
7441,573
7442,-25
7443,-127
7444,623
7445,675
7446,571
7447,675
7448,675
7449,675
7450,475
7451,675
7452,-125
7453,375
7454,150
7455,-75
7456,625
7457,475
7458,-125
7459,-177
7460,675
7461,625
7462,575
7463,675
7464,675
7465,375
7466,425
7467,-75
7468,673
7469,675
7470,625
7471,675
7472,675
7473,-125
7474,23
7475,425
7476,-75
7477,425
7478,675
7479,673
7480,350
7481,-200
7482,675
7483,625
7484,-125
7485,-125
7486,573
7487,625
7488,573
7489,675
7490,550
7491,675
7492,575
7493,571
7494,-75
7495,325
7496,675
7497,-25
7498,573
7499,675
7500,423
7501,623
7502,525
7503,575
7504,400
7505,425
7506,398
7507,675
7508,675
7509,-150
7510,625
7511,673
7512,673
7513,473
7514,-125
7515,-31
7516,675
7517,475
7518,525
7519,-125
7520,-75
7521,-125
7522,675
7523,400
7524,525
7525,673
7526,400
7527,625
7528,523
7529,525
7530,621
7531,675
7532,-125
7533,675
7534,675
7535,675
7536,-75
7537,671
7538,523
7539,673
7540,625
7541,673
7542,573
7543,675
7544,675
7545,-225
7546,-125
7547,623
7548,573
7549,625
7550,673
7551,425
7552,-75
7553,625
7554,675
7555,625
7556,623
7557,575
7558,625
7559,675
7560,-127
7561,675
7562,-125
7563,373
7564,625
7565,675
7566,675
7567,623
7568,425
7569,425
7570,675
7571,673
7572,625
7573,425
7574,625
7575,675
7576,-25
7577,675
7578,-25
7579,571
7580,625
7581,625
7582,675
7583,571
7584,675
7585,675
7586,623
7587,573
7588,675
7589,500
7590,625
7591,-127
7592,-200
7593,525
7594,675
7595,575
7596,-125
7597,398
7598,575
7599,673
7600,673
7601,425
7602,625
7603,623
7604,623
7605,673
7606,675
7607,-127
7608,350
7609,675
7610,-125
7611,498
7612,575
7613,675
7614,-75
7615,-81
7616,375
7617,625
7618,675
7619,400
7620,-25
7621,-75
7622,575
7623,675
7624,275
7625,673
7626,-75
7627,575
7628,473
7629,500
7630,625
7631,625
7632,419
7633,521
7634,625
7635,375
7636,600
7637,675
7638,625
7639,523
7640,525
7641,275
7642,675
7643,475
7644,498
7645,625
7646,525
7647,-79
7648,475
7649,675
7650,-125
7651,-75
7652,625
7653,675
7654,625
7655,673
7656,623
7657,625
7658,675
7659,-75
7660,625
7661,625
7662,525
7663,575
7664,675
7665,675
7666,-177
7667,-77
7668,573
7669,-27
7670,675
7671,625
7672,-175
7673,625
7674,573
7675,625
7676,675
7677,475
7678,625
7679,498
7680,575
7681,623
7682,471
7683,675
7684,375
7685,325
7686,625
7687,675
7688,-200
7689,573
7690,473
7691,675
7692,673
7693,675
7694,621
7695,625
7696,675
7697,575
7698,425
7699,-125
7700,675
7701,625
7702,671
7703,525
7704,-125
7705,673
7706,673
7707,423
7708,525
7709,675
7710,671
7711,675
7712,675
7713,573
7714,-29
7715,448
7716,-127
7717,523
7718,623
7719,623
7720,573
7721,625
7722,-127
7723,675
7724,625
7725,623
7726,675
7727,571
7728,675
7729,498
7730,625
7731,375
7732,675
7733,675
7734,673
7735,673
7736,625
7737,623
7738,0
7739,575
7740,675
7741,275
7742,625
7743,673
7744,575
7745,-127
7746,448
7747,-27
7748,675
7749,525
7750,-75
7751,400
7752,675
7753,400
7754,675
7755,-75
7756,-27
7757,525
7758,-125
7759,675
7760,673
7761,675
7762,348
7763,175
7764,525
7765,575
7766,623
7767,675
7768,525
7769,675
7770,525
7771,425
7772,400
7773,675
7774,675
7775,425
7776,675
7777,-127
7778,223
7779,625
7780,625
7781,625
7782,575
7783,675
7784,675
7785,350
7786,-125
7787,675
7788,-100
7789,675
7790,525
7791,375
7792,-4
7793,523
7794,-125
7795,-25
7796,675
7797,-200
7798,525
7799,398
7800,573
7801,669
7802,675
7803,573
7804,675
7805,375
7806,-125
7807,673
7808,673
7809,575
7810,625
7811,625
7812,525
7813,475
7814,573
7815,625
7816,523
7817,675
7818,675
7819,675
7820,573
7821,625
7822,575
7823,671
7824,575
7825,525
7826,625
7827,625
7828,-75
7829,523
7830,-127
7831,573
7832,673
7833,-125
7834,625
7835,573
7836,625
7837,675
7838,-27
7839,625
7840,525
7841,-125
7842,396
7843,498
7844,375
7845,573
7846,625
7847,675
7848,673
7849,550
7850,-125
7851,675
7852,575
7853,273
7854,-125
7855,-25
7856,500
7857,675
7858,675
7859,550
7860,623
7861,423
7862,525
7863,425
7864,525
7865,675
7866,-77
7867,675
7868,419
7869,625
7870,625
7871,625
7872,673
7873,623
7874,625
7875,548
7876,673
7877,400
7878,621
7879,673
7880,425
7881,-77
7882,675
7883,623
7884,673
7885,625
7886,-127
7887,673
7888,525
7889,671
7890,375
7891,673
7892,394
7893,575
7894,675
7895,521
7896,623
7897,271
7898,-125
7899,450
7900,425
7901,623
7902,425
7903,675
7904,625
7905,625
7906,675
7907,425
7908,475
7909,421
7910,675
7911,675
7912,623
7913,50
7914,-125
7915,675
7916,400
7917,275
7918,675
7919,625
7920,523
7921,200
7922,575
7923,675
7924,575
7925,525
7926,-127
7927,675
7928,625
7929,675
7930,425
7931,623
7932,-225
7933,675
7934,625
7935,573
7936,-75
7937,571
7938,575
7939,600
7940,-75
7941,575
7942,675
7943,673
7944,-75
7945,500
7946,-75
7947,675
7948,348
7949,675
7950,625
7951,-127
7952,-77
7953,621
7954,425
7955,525
7956,625
7957,673
7958,575
7959,-75
7960,673
7961,625
7962,675
7963,675
7964,625
7965,-125
7966,671
7967,-27
7968,548
7969,675
7970,-29
7971,673
7972,675
7973,-202
7974,625
7975,573
7976,625
7977,575
7978,523
7979,675
7980,625
7981,350
7982,400
7983,575
7984,-25
7985,625
7986,675
7987,550
7988,675
7989,475
7990,675
7991,548
7992,475
7993,475
7994,673
7995,675
7996,675
7997,375
7998,675
7999,-125
8000,575
8001,294
8002,-125
8003,325
8004,273
8005,623
8006,625
8007,575
8008,575
8009,475
8010,625
8011,673
8012,-125
8013,-125
8014,625
8015,525
8016,-75
8017,675
8018,-25
8019,300
8020,-227
8021,675
8022,-125
8023,-75
8024,-125
8025,-75
8026,100
8027,-27
8028,675
8029,450
8030,-125
8031,-75
8032,196
8033,675
8034,671
8035,675
8036,350
8037,673
8038,-127
8039,623
8040,675
8041,400
8042,525
8043,625
8044,398
8045,525
8046,521
8047,675
8048,475
8049,675
8050,675
8051,548
8052,675
8053,-125
8054,675
8055,298
8056,521
8057,-75
8058,575
8059,575
8060,673
8061,-75
8062,571
8063,675
8064,575
8065,525
8066,675
8067,-129
8068,375
8069,625
8070,675
8071,675
8072,425
8073,575
8074,-27
8075,575
8076,-100
8077,673
8078,550
8079,525
8080,-29
8081,623
8082,673
8083,675
8084,-125
8085,625
8086,-250
8087,625
8088,675
8089,425
8090,625
8091,571
8092,550
8093,-125
8094,473
8095,475
8096,623
8097,575
8098,675
8099,475
8100,675
8101,375
8102,525
8103,675
8104,325
8105,625
8106,348
8107,475
8108,-75
8109,625
8110,623
8111,575
8112,448
8113,550
8114,-75
8115,675
8116,621
8117,275
8118,673
8119,675
8120,500
8121,675
8122,671
8123,675
8124,300
8125,525
8126,-75
8127,523
8128,675
8129,625
8130,375
8131,-25
8132,675
8133,-77
8134,623
8135,475
8136,-29
8137,-75
8138,675
8139,675
8140,625
8141,673
8142,675
8143,475
8144,671
8145,673
8146,475
8147,621
8148,621
8149,673
8150,400
8151,-25
8152,625
8153,625
8154,675
8155,325
8156,523
8157,521
8158,575
8159,473
8160,400
8161,-75
8162,525
8163,623
8164,623
8165,73
8166,573
8167,675
8168,625
8169,523
8170,625
8171,675
8172,521
8173,675
8174,625
8175,-25
8176,523
8177,675
8178,625
8179,-75
8180,625
8181,-125
8182,623
8183,525
8184,525
8185,525
8186,625
8187,675
8188,573
8189,550
8190,625
8191,-77
8192,673
8193,625
8194,425
8195,150
8196,575
8197,425
8198,323
8199,-202
8200,473
8201,473
8202,425
8203,400
8204,623
8205,675
8206,575
8207,673
8208,673
8209,675
8210,625
8211,396
8212,675
8213,625
8214,675
8215,-50
8216,-75
8217,675
8218,425
8219,-75
8220,625
8221,350
8222,-25
8223,525
8224,-125
8225,423
8226,675
8227,625
8228,675
8229,-75
8230,625
8231,625
8232,-79
8233,675
8234,400
8235,398
8236,523
8237,573
8238,-75
8239,675
8240,-131
8241,-52
8242,248
8243,-31
8244,675
8245,675
8246,675
8247,625
8248,-125
8249,675
8250,623
8251,400
8252,475
8253,625
8254,675
8255,675
8256,675
8257,623
8258,623
8259,400
8260,623
8261,575
8262,425
8263,675
8264,623
8265,-75
8266,-75
8267,625
8268,625
8269,573
8270,573
8271,400
8272,575
8273,675
8274,-77
8275,673
8276,400
8277,575
8278,675
8279,-125
8280,423
8281,625
8282,425
8283,-75
8284,-75
8285,573
8286,375
8287,625
8288,675
8289,625
8290,-75
8291,675
8292,400
8293,-127
8294,525
8295,673
8296,675
8297,673
8298,675
8299,675
8300,519
8301,350
8302,550
8303,625
8304,625
8305,625
8306,-25
8307,573
8308,-75
8309,625
8310,625
8311,525
8312,425
8313,673
8314,675
8315,550
8316,675
8317,575
8318,-25
8319,625
8320,675
8321,625
8322,525
8323,-75
8324,675
8325,375
8326,621
8327,623
8328,375
8329,675
8330,473
8331,675
8332,523
8333,675
8334,575
8335,-125
8336,-127
8337,473
8338,473
8339,675
8340,675
8341,673
8342,675
8343,525
8344,-77
8345,625
8346,546
8347,673
8348,-75
8349,473
8350,671
8351,-75
8352,625
8353,675
8354,623
8355,-75
8356,673
8357,675
8358,623
8359,625
8360,-175
8361,425
8362,623
8363,671
8364,550
8365,625
8366,625
8367,625
8368,673
8369,625
8370,-75
8371,625
8372,675
8373,673
8374,623
8375,575
8376,675
8377,675
8378,425
8379,675
8380,575
8381,525
8382,623
8383,523
8384,675
8385,675
8386,675
8387,675
8388,421
8389,573
8390,500
8391,675
8392,475
8393,398
8394,525
8395,623
8396,673
8397,425
8398,625
8399,625
8400,525
8401,673
8402,575
8403,623
8404,-175
8405,325
8406,575
8407,-127
8408,625
8409,675
8410,425
8411,400
8412,575
8413,-77
8414,-77
8415,625
8416,548
8417,625
8418,675
8419,625
8420,625
8421,-27
8422,550
8423,525
8424,625
8425,625
8426,525
8427,675
8428,675
8429,675
8430,625
8431,575
8432,548
8433,625
8434,625
8435,675
8436,675
8437,575
8438,675
8439,573
8440,623
8441,625
8442,471
8443,350
8444,625
8445,-127
8446,-250
8447,400
8448,675
8449,625
8450,675
8451,675
8452,575
8453,675
8454,623
8455,-75
8456,625
8457,475
8458,575
8459,623
8460,523
8461,625
8462,675
8463,396
8464,673
8465,673
8466,675
8467,675
8468,369
8469,675
8470,573
8471,244
8472,621
8473,675
8474,575
8475,673
8476,675
8477,-125
8478,-175
8479,-125
8480,-125
8481,523
8482,675
8483,475
8484,675
8485,675
8486,675
8487,675
8488,325
8489,323
8490,625
8491,625
8492,-27
8493,675
8494,623
8495,673
8496,-125
8497,-75
8498,350
8499,675
8500,675
8501,573
8502,575
8503,400
8504,625
8505,673
8506,675
8507,573
8508,625
8509,-177
8510,525
8511,673
8512,421
8513,-75
8514,575
8515,625
8516,625
8517,573
8518,525
8519,-25
8520,348
8521,575
8522,621
8523,-27
8524,-125
8525,675
8526,575
8527,-75
8528,423
8529,675
8530,673
8531,-75
8532,425
8533,-75
8534,623
8535,-204
8536,-125
8537,223
8538,575
8539,571
8540,675
8541,-25
8542,675
8543,-125
8544,-125
8545,271
8546,675
8547,575
8548,-125
8549,523
8550,-125
8551,675
8552,623
8553,-75
8554,400
8555,675
8556,400
8557,623
8558,523
8559,673
8560,425
8561,625
8562,625
8563,-77
8564,-75
8565,625
8566,575
8567,475
8568,673
8569,575
8570,625
8571,675
8572,673
8573,573
8574,673
8575,-75
8576,623
8577,675
8578,523
8579,625
8580,275
8581,400
8582,525
8583,675
8584,675
8585,623
8586,625
8587,675
8588,623
8589,675
8590,673
8591,575
8592,575
8593,625
8594,625
8595,673
8596,-77
8597,675
8598,573
8599,675
8600,425
8601,421
8602,425
8603,675
8604,525
8605,619
8606,-125
8607,575
8608,325
8609,-25
8610,471
8611,225
8612,575
8613,675
8614,625
8615,675
8616,400
8617,575
8618,623
8619,575
8620,673
8621,625
8622,675
8623,575
8624,675
8625,348
8626,675
8627,523
8628,392
8629,675
8630,-25
8631,625
8632,675
8633,-125
8634,-225
8635,625
8636,673
8637,475
8638,625
8639,525
8640,-79
8641,673
8642,675
8643,623
8644,248
8645,525
8646,669
8647,623
8648,673
8649,675
8650,673
8651,525
8652,375
8653,675
8654,-125
8655,625
8656,-75
8657,525
8658,425
8659,573
8660,675
8661,521
8662,575
8663,675
8664,-75
8665,-77
8666,625
8667,675
8668,675
8669,325
8670,375
8671,498
8672,625
8673,675
8674,473
8675,-125
8676,675
8677,575
8678,269
8679,350
8680,675
8681,-125
8682,675
8683,623
8684,350
8685,-27
8686,-127
8687,675
8688,525
8689,625
8690,625
8691,675
8692,675
8693,-77
8694,548
8695,496
8696,673
8697,-125
8698,-75
8699,425
8700,673
8701,-27
8702,375
8703,675
8704,675
8705,-77
8706,675
8707,625
8708,623
8709,550
8710,625
8711,575
8712,550
8713,625
8714,675
8715,675
8716,-125
8717,0
8718,671
8719,675
8720,0
8721,-125
8722,-125
8723,573
8724,623
8725,573
8726,-25
8727,498
8728,-127
8729,675
8730,-175
8731,550
8732,425
8733,625
8734,398
8735,525
8736,625
8737,350
8738,623
8739,525
8740,-125
8741,325
8742,575
8743,-100
8744,625
8745,675
8746,425
8747,625
8748,673
8749,525
8750,625
8751,375
8752,675
8753,675
8754,623
8755,675
8756,675
8757,-77
8758,548
8759,-75
8760,375
8761,-127
8762,398
8763,675
8764,575
8765,625
8766,573
8767,525
8768,675
8769,621
8770,621
8771,671
8772,671
8773,675
8774,575
8775,400
8776,675
8777,675
8778,525
8779,621
8780,-125
8781,-27
8782,525
8783,625
8784,-77
8785,625
8786,675
8787,-125
8788,275
8789,675
8790,200
8791,-75
8792,521
8793,400
8794,575
8795,623
8796,-200
8797,375
8798,675
8799,575
8800,275
8801,573
8802,525
8803,675
8804,-25
8805,675
8806,348
8807,675
8808,625
8809,400
8810,625
8811,521
8812,625
8813,348
8814,675
8815,623
8816,623
8817,673
8818,-125
8819,675
8820,625
8821,673
8822,-75
8823,375
8824,-125
8825,-75
8826,675
8827,-75
8828,673
8829,675
8830,575
8831,575
8832,625
8833,523
8834,-127
8835,673
8836,675
8837,523
8838,398
8839,623
8840,525
8841,-25
8842,623
8843,-27
8844,-200
8845,-77
8846,550
8847,-29
8848,-125
8849,673
8850,675
8851,675
8852,625
8853,394
8854,-27
8855,-125
8856,425
8857,621
8858,400
8859,623
8860,-352
8861,-75
8862,-175
8863,-125
8864,625
8865,671
8866,675
8867,623
8868,625
8869,-31
8870,-25
8871,325
8872,675
8873,675
8874,675
8875,625
8876,-25
8877,-75
8878,675
8879,623
8880,271
8881,625
8882,-125
8883,673
8884,575
8885,621
8886,675
8887,573
8888,675
8889,-125
8890,-75
8891,673
8892,-75
8893,623
8894,675
8895,321
8896,673
8897,623
8898,-125
8899,675
8900,521
8901,-125
8902,625
8903,675
8904,598
8905,675
8906,675
8907,675
8908,625
8909,575
8910,675
8911,523
8912,400
8913,-77
8914,675
8915,-125
8916,675
8917,573
8918,625
8919,573
8920,623
8921,-125
8922,675
8923,550
8924,546
8925,546
8926,225
8927,-125
8928,573
8929,-75
8930,575
8931,675
8932,425
8933,625
8934,673
8935,675
8936,675
8937,475
8938,675
8939,621
8940,673
8941,575
8942,-250
8943,673
8944,675
8945,625
8946,675
8947,675
8948,675
8949,-75
8950,475
8951,573
8952,675
8953,623
8954,625
8955,525
8956,625
8957,-25
8958,575
8959,423
8960,675
8961,675
8962,675
8963,-125
8964,521
8965,625
8966,473
8967,344
8968,73
8969,675
8970,573
8971,675
8972,623
8973,675
8974,525
8975,675
8976,675
8977,523
8978,623
8979,675
8980,-25
8981,525
8982,-25
8983,-75
8984,-125
8985,625
8986,425
8987,398
8988,625
8989,675
8990,-75
8991,-125
8992,575
8993,-175
8994,625
8995,425
8996,575
8997,-29
8998,625
8999,675
9000,675
9001,675
9002,675
9003,625
9004,675
9005,148
9006,623
9007,-79
9008,-125
9009,-79
9010,675
9011,425
9012,-200
9013,548
9014,525
9015,675
9016,-127
9017,421
9018,675
9019,300
9020,625
9021,-175
9022,673
9023,-125
9024,623
9025,675
9026,675
9027,-125
9028,-75
9029,521
9030,-75
9031,-125
9032,346
9033,673
9034,625
9035,623
9036,673
9037,-131
9038,625
9039,673
9040,571
9041,675
9042,400
9043,675
9044,-79
9045,625
9046,425
9047,675
9048,675
9049,623
9050,-75
9051,575
9052,-227
9053,-6
9054,675
9055,625
9056,623
9057,398
9058,675
9059,300
9060,675
9061,573
9062,625
9063,446
9064,625
9065,550
9066,675
9067,521
9068,-250
9069,621
9070,625
9071,675
9072,625
9073,575
9074,625
9075,625
9076,625
9077,-75
9078,148
9079,675
9080,673
9081,675
9082,-150
9083,425
9084,625
9085,375
9086,675
9087,625
9088,671
9089,425
9090,525
9091,623
9092,100
9093,675
9094,573
9095,675
9096,575
9097,625
9098,675
9099,625
9100,-25
9101,623
9102,625
9103,471
9104,275
9105,600
9106,675
9107,473
9108,675
9109,675
9110,473
9111,673
9112,398
9113,-125
9114,625
9115,373
9116,675
9117,-25
9118,525
9119,619
9120,525
9121,471
9122,675
9123,573
9124,396
9125,-208
9126,73
9127,673
9128,-125
9129,675
9130,675
9131,575
9132,675
9133,-125
9134,575
9135,348
9136,-25
9137,-125
9138,523
9139,621
9140,525
9141,675
9142,400
9143,575
9144,625
9145,-77
9146,675
9147,675
9148,673
9149,625
9150,-25
9151,575
9152,425
9153,150
9154,575
9155,625
9156,298
9157,525
9158,523
9159,473
9160,323
9161,350
9162,-125
9163,675
9164,575
9165,375
9166,625
9167,625
9168,471
9169,673
9170,-75
9171,500
9172,625
9173,575
9174,675
9175,573
9176,675
9177,573
9178,673
9179,675
9180,550
9181,-125
9182,-125
9183,-25
9184,673
9185,625
9186,425
9187,675
9188,625
9189,-4
9190,673
9191,623
9192,625
9193,519
9194,675
9195,625
9196,-29
9197,-27
9198,675
9199,-125
9200,573
9201,-125
9202,-127
9203,-75
9204,675
9205,675
9206,-77
9207,675
9208,-125
9209,325
9210,398
9211,-29
9212,550
9213,-125
9214,450
9215,575
9216,673
9217,-75
9218,675
9219,675
9220,675
9221,-75
9222,425
9223,673
9224,625
9225,675
9226,525
9227,625
9228,625
9229,150
9230,625
9231,575
9232,625
9233,525
9234,-27
9235,625
9236,-175
9237,-127
9238,-125
9239,625
9240,621
9241,675
9242,671
9243,-125
9244,623
9245,625
9246,575
9247,675
9248,673
9249,573
9250,625
9251,675
9252,469
9253,625
9254,398
9255,625
9256,669
9257,673
9258,673
9259,575
9260,575
9261,525
9262,675
9263,-75
9264,625
9265,-100
9266,398
9267,475
9268,525
9269,621
9270,623
9271,275
9272,-75
9273,675
9274,500
9275,671
9276,675
9277,675
9278,-75
9279,-100
9280,423
9281,625
9282,675
9283,667
9284,471
9285,500
9286,625
9287,471
9288,675
9289,625
9290,675
9291,421
9292,475
9293,675
9294,375
9295,675
9296,400
9297,250
9298,-125
9299,673
9300,675
9301,348
9302,-25
9303,423
9304,525
9305,-77
9306,625
9307,625
9308,675
9309,575
9310,671
9311,523
9312,625
9313,425
9314,573
9315,523
9316,248
9317,550
9318,575
9319,400
9320,625
9321,-75
9322,625
9323,-77
9324,623
9325,-102
9326,-200
9327,673
9328,525
9329,625
9330,500
9331,-27
9332,344
9333,400
9334,675
9335,575
9336,-177
9337,-127
9338,675
9339,675
9340,625
9341,575
9342,625
9343,573
9344,673
9345,675
9346,519
9347,-27
9348,625
9349,673
9350,673
9351,625
9352,673
9353,675
9354,396
9355,675
9356,398
9357,-75
9358,-25
9359,-75
9360,400
9361,400
9362,623
9363,625
9364,-79
9365,573
9366,523
9367,523
9368,-25
9369,675
9370,525
9371,-77
9372,625
9373,625
9374,-29
9375,325
9376,523
9377,675
9378,425
9379,625
9380,-25
9381,675
9382,625
9383,675
9384,673
9385,623
9386,675
9387,673
9388,625
9389,675
9390,425
9391,675
9392,-75
9393,675
9394,675
9395,-179
9396,625
9397,150
9398,625
9399,-127
9400,-75
9401,425
9402,625
9403,625
9404,-75
9405,450
9406,625
9407,675
9408,350
9409,675
9410,396
9411,525
9412,-81
9413,321
9414,675
9415,423
9416,-125
9417,671
9418,675
9419,675
9420,673
9421,675
9422,350
9423,248
9424,-75
9425,400
9426,-75
9427,-75
9428,-25
9429,675
9430,-125
9431,625
9432,475
9433,625
9434,675
9435,525
9436,675
9437,675
9438,675
9439,-75
9440,625
9441,673
9442,573
9443,625
9444,673
9445,675
9446,500
9447,475
9448,-25
9449,-175
9450,675
9451,625
9452,425
9453,673
9454,673
9455,625
9456,625
9457,675
9458,323
9459,-125
9460,675
9461,348
9462,-125
9463,673
9464,575
9465,675
9466,675
9467,571
9468,621
9469,-31
9470,625
9471,475
9472,425
9473,-25
9474,548
9475,675
9476,450
9477,625
9478,400
9479,673
9480,673
9481,575
9482,573
9483,521
9484,675
9485,398
9486,-125
9487,-125
9488,475
9489,675
9490,675
9491,150
9492,-202
9493,-300
9494,675
9495,675
9496,673
9497,473
9498,275
9499,625
9500,675
9501,625
9502,675
9503,675
9504,350
9505,-75
9506,475
9507,425
9508,675
9509,625
9510,421
9511,675
9512,571
9513,675
9514,525
9515,425
9516,-29
9517,-150
9518,675
9519,-102
9520,673
9521,625
9522,623
9523,475
9524,675
9525,571
9526,675
9527,375
9528,425
9529,675
9530,625
9531,573
9532,525
9533,400
9534,675
9535,675
9536,375
9537,675
9538,-27
9539,573
9540,-202
9541,675
9542,623
9543,675
9544,-127
9545,573
9546,475
9547,573
9548,71
9549,-75
9550,573
9551,673
9552,73
9553,-75
9554,425
9555,675
9556,425
9557,675
9558,-129
9559,675
9560,675
9561,673
9562,623
9563,525
9564,400
9565,623
9566,625
9567,-77
9568,-77
9569,575
9570,623
9571,300
9572,675
9573,100
9574,621
9575,-125
9576,623
9577,-75
9578,573
9579,375
9580,675
9581,675
9582,575
9583,525
9584,400
9585,-125
9586,423
9587,-125
9588,673
9589,575
9590,671
9591,500
9592,625
9593,219
9594,475
9595,675
9596,-6
9597,575
9598,473
9599,350
9600,523
9601,675
9602,675
9603,-27
9604,675
9605,675
9606,525
9607,373
9608,523
9609,675
9610,675
9611,575
9612,675
9613,573
9614,625
9615,673
9616,350
9617,623
9618,-175
9619,673
9620,425
9621,-25
9622,625
9623,623
9624,675
9625,673
9626,673
9627,-75
9628,675
9629,625
9630,446
9631,475
9632,625
9633,671
9634,-25
9635,623
9636,548
9637,625
9638,625
9639,675
9640,675
9641,623
9642,673
9643,675
9644,300
9645,573
9646,525
9647,550
9648,-127
9649,523
9650,675
9651,625
9652,425
9653,675
9654,-127
9655,625
9656,375
9657,-75
9658,625
9659,673
9660,148
9661,575
9662,625
9663,675
9664,625
9665,-125
9666,675
9667,446
9668,675
9669,475
9670,673
9671,575
9672,-27
9673,625
9674,673
9675,625
9676,675
9677,400
9678,-177
9679,375
9680,475
9681,625
9682,673
9683,425
9684,425
9685,675
9686,400
9687,675
9688,-75
9689,575
9690,-127
9691,575
9692,675
9693,623
9694,323
9695,621
9696,250
9697,625
9698,673
9699,625
9700,496
9701,525
9702,-200
9703,275
9704,625
9705,575
9706,673
9707,-27
9708,-177
9709,625
9710,500
9711,625
9712,675
9713,675
9714,498
9715,525
9716,673
9717,-127
9718,675
9719,-177
9720,-125
9721,523
9722,671
9723,400
9724,675
9725,675
9726,-75
9727,575
9728,675
9729,625
9730,673
9731,444
9732,-175
9733,623
9734,525
9735,673
9736,623
9737,625
9738,298
9739,-77
9740,-75
9741,-152
9742,623
9743,671
9744,675
9745,625
9746,525
9747,-75
9748,-79
9749,625
9750,625
9751,425
9752,523
9753,675
9754,625
9755,675
9756,675
9757,625
9758,-27
9759,623
9760,-125
9761,623
9762,625
9763,625
9764,475
9765,623
9766,400
9767,623
9768,-75
9769,567
9770,-125
9771,523
9772,625
9773,575
9774,573
9775,623
9776,71
9777,473
9778,348
9779,575
9780,-79
9781,-77
9782,550
9783,523
9784,-125
9785,623
9786,573
9787,623
9788,425
9789,623
9790,475
9791,-79
9792,573
9793,523
9794,575
9795,375
9796,625
9797,623
9798,500
9799,550
9800,625
9801,-125
9802,573
9803,475
9804,675
9805,421
9806,575
9807,675
9808,625
9809,673
9810,625
9811,575
9812,625
9813,450
9814,473
9815,675
9816,673
9817,675
9818,675
9819,421
9820,525
9821,625
9822,625
9823,625
9824,-200
9825,675
9826,625
9827,675
9828,675
9829,448
9830,425
9831,623
9832,575
9833,675
9834,673
9835,300
9836,325
9837,675
9838,-77
9839,623
9840,298
9841,573
9842,675
9843,673
9844,-150
9845,-75
9846,675
9847,675
9848,369
9849,623
9850,623
9851,675
9852,675
9853,350
9854,-75
9855,575
9856,623
9857,-125
9858,625
9859,625
9860,625
9861,421
9862,-125
9863,525
9864,625
9865,675
9866,525
9867,475
9868,523
9869,623
9870,625
9871,675
9872,675
9873,525
9874,-75
9875,623
9876,523
9877,673
9878,373
9879,400
9880,196
9881,471
9882,-77
9883,475
9884,625
9885,471
9886,675
9887,-125
9888,-175
9889,475
9890,675
9891,675
9892,675
9893,275
9894,-75
9895,425
9896,673
9897,671
9898,423
9899,675
9900,575
9901,675
9902,-25
9903,-125
9904,348
9905,148
9906,198
9907,675
9908,623
9909,625
9910,300
9911,673
9912,573
9913,625
9914,-77
9915,625
9916,575
9917,675
9918,573
9919,625
9920,425
9921,475
9922,625
9923,573
9924,675
9925,525
9926,625
9927,523
9928,675
9929,623
9930,675
9931,621
9932,673
9933,571
9934,623
9935,-177
9936,575
9937,-125
9938,625
9939,675
9940,675
9941,323
9942,-75
9943,425
9944,625
9945,675
9946,-250
9947,-127
9948,575
9949,-75
9950,673
9951,540
9952,-125
9953,673
9954,-175
9955,673
9956,471
9957,623
9958,475
9959,671
9960,675
9961,675
9962,375
9963,675
9964,375
9965,625
9966,625
9967,625
9968,675
9969,675
9970,575
9971,625
9972,423
9973,675
9974,425
9975,621
9976,675
9977,523
9978,519
9979,625
9980,675
9981,625
9982,425
9983,675
9984,573
9985,-79
9986,523
9987,573
9988,575
9989,675
9990,675
9991,425
9992,-75
9993,350
9994,575
9995,425
9996,575
9997,400
9998,675
9999,675
10000,675
[[(4, 4), 0, -25], [(3, 4), 2, 50], [(3, 3), 2, 50], [(3, 2), 2, 250], [(3, 1), 0, 250], [(2, 1), 0, -25], [(1, 1), 0, -25], [(0, 1), 2, 150]]