1,-335
2,-79
3,369
4,-85
5,-158
6,-258
7,-131
8,-125
9,-104
10,-277
11,-83
12,-262
13,-741
14,-133
15,-377
16,-120
17,-304
18,-595
19,-77
20,-131
21,65
22,17
23,-185
24,-204
25,-176
26,-381
27,-212
28,-127
29,-160
30,-254
31,-60
32,-335
33,-181
34,-229
35,-208
36,86
37,-533
38,515
39,99
40,-93
41,-308
42,-222
43,-212
44,-204
45,-177
46,-83
47,-79
48,-210
49,-202
50,-150
51,-118
52,-200
53,-231
54,-137
55,236
56,-591
57,-599
58,-179
59,-202
60,-177
61,-634
62,-139
63,-214
64,-405
65,119
66,-239
67,-158
68,-256
69,-301
70,-297
71,-447
72,-439
73,-35
74,161
75,-306
76,-202
77,-387
78,-202
79,-195
80,-127
81,-237
82,-229
83,213
84,-468
85,444
86,-430
87,-206
88,69
89,-264
90,-237
91,-179
92,41
93,-83
94,73
95,-459
96,-464
97,-252
98,-12
99,-179
100,-470
101,-81
102,-20
103,75
104,-179
105,-181
106,469
107,238
108,-233
109,-202
110,-664
111,-281
112,184
113,-252
114,-125
115,-439
116,-127
117,-418
118,-216
119,-152
120,-202
121,-139
122,548
123,-761
124,67
125,36
126,-231
127,-277
128,-150
129,223
130,-227
131,136
132,-104
133,309
134,-51
135,-262
136,-894
137,-189
138,-197
139,123
140,-606
141,-131
142,-127
143,-233
144,-545
145,-150
146,-335
147,-810
148,-185
149,415
150,-260
151,521
152,244
153,171
154,296
155,-129
156,-558
157,269
158,-254
159,192
160,142
161,-177
162,-133
163,-125
164,-304
165,-125
166,-206
167,-308
168,-441
169,-233
170,-200
171,169
172,-281
173,192
174,-75
175,392
176,311
177,21
178,121
179,19
180,-25
181,-206
182,-181
183,-281
184,-502
185,-362
186,-179
187,-454
188,-308
189,-33
190,-254
191,-302
192,536
193,225
194,-200
195,-210
196,521
197,-125
198,-152
199,-179
200,11
201,-277
202,-141
203,-512
204,-133
205,-254
206,-102
207,600
208,-29
209,-75
210,-254
211,213
212,-75
213,-325
214,192
215,-127
216,319
217,246
218,-137
219,244
220,621
221,375
222,573
223,-104
224,-531
225,-181
226,-127
227,-81
228,117
229,-450
230,675
231,46
232,-79
233,-302
234,-237
235,273
236,-75
237,-227
238,-127
239,-177
240,296
241,-104
242,-264
243,113
244,-218
245,-191
246,-125
247,-277
248,423
249,-133
250,-202
251,173
252,323
253,19
254,-429
255,-231
256,34
257,-354
258,-179
259,192
260,-747
261,-208
262,-75
263,569
264,-254
265,-62
266,523
267,-179
268,71
269,517
270,-125
271,623
272,-124
273,-229
274,-454
275,-347
276,-127
277,-204
278,-437
279,-227
280,17
281,-252
282,196
283,-154
284,-237
285,238
286,250
287,-127
288,369
289,-133
290,419
291,375
292,100
293,-229
294,-283
295,-81
296,246
297,625
298,373
299,-254
300,-175
301,98
302,-129
303,86
304,173
305,-335
306,494
307,-229
308,-204
309,-624
310,340
311,217
312,-508
313,473
314,-83
315,-177
316,-435
317,294
318,523
319,-75
320,294
321,-77
322,23
323,-229
324,515
325,-362
326,217
327,-237
328,471
329,144
330,-572
331,-127
332,417
333,-175
334,248
335,-285
336,-300
337,173
338,-100
339,246
340,94
341,394
342,-125
343,59
344,-77
345,311
346,-127
347,623
348,-129
349,-379
350,-125
351,375
352,-339
353,-175
354,34
355,-177
356,-125
357,194
358,398
359,671
360,-362
361,-210
362,523
363,-83
364,398
365,-252
366,-254
367,-204
368,-129
369,-100
370,138
371,675
372,-77
373,623
374,494
375,425
376,84
377,219
378,413
379,346
380,269
381,396
382,625
383,375
384,-125
385,75
386,-129
387,623
388,-256
389,-154
390,-202
391,371
392,-152
393,-75
394,348
395,623
396,-177
397,675
398,573
399,-233
400,-50
401,-127
402,273
403,-252
404,-177
405,-125
406,-152
407,223
408,-125
409,-127
410,419
411,275
412,-200
413,675
414,-127
415,248
416,-125
417,-125
418,-125
419,-237
420,-125
421,221
422,275
423,573
424,-185
425,273
426,392
427,571
428,396
429,246
430,423
431,675
432,92
433,217
434,346
435,298
436,375
437,619
438,421
439,-29
440,-75
441,325
442,-125
443,-75
444,148
445,419
446,473
447,521
448,-127
449,-125
450,525
451,-127
452,546
453,625
454,575
455,623
456,-200
457,517
458,625
459,423
460,-179
461,-75
462,521
463,673
464,475
465,-177
466,419
467,-25
468,100
469,-175
470,394
471,-454
472,-56
473,-127
474,575
475,-25
476,244
477,575
478,571
479,398
480,475
481,-127
482,-277
483,523
484,550
485,421
486,-177
487,373
488,-8
489,317
490,-179
491,-254
492,-75
493,623
494,471
495,400
496,625
497,575
498,-231
499,-127
500,469
501,17
502,319
503,546
504,-79
505,-137
506,575
507,221
508,248
509,-325
510,625
511,-175
512,146
513,-202
514,-125
515,421
516,623
517,144
518,-125
519,623
520,313
521,250
522,569
523,598
524,-81
525,625
526,-175
527,246
528,523
529,325
530,425
531,196
532,298
533,623
534,194
535,521
536,-233
537,-125
538,346
539,623
540,675
541,198
542,625
543,325
544,500
545,-127
546,475
547,-29
548,523
549,-175
550,96
551,325
552,175
553,350
554,575
555,-25
556,-125
557,546
558,148
559,-131
560,300
561,573
562,319
563,-737
564,571
565,-125
566,548
567,-231
568,-27
569,621
570,473
571,-75
572,196
573,290
574,-29
575,-79
576,523
577,365
578,396
579,-231
580,675
581,-177
582,-127
583,-77
584,-125
585,371
586,671
587,475
588,-200
589,473
590,-225
591,194
592,-100
593,-175
594,-81
595,-29
596,346
597,-227
598,423
599,673
600,250
601,525
602,-125
603,-125
604,425
605,325
606,100
607,471
608,423
609,225
610,-125
611,623
612,-75
613,575
614,575
615,-75
616,-77
617,-127
618,473
619,196
620,-77
621,675
622,-127
623,-127
624,350
625,573
626,-252
627,-229
628,521
629,219
630,325
631,-52
632,473
633,573
634,-183
635,248
636,-54
637,-27
638,571
639,-125
640,294
641,-25
642,673
643,675
644,375
645,671
646,521
647,673
648,-77
649,573
650,-179
651,367
652,348
653,-77
654,-127
655,673
656,-202
657,675
658,-177
659,673
660,623
661,675
662,-179
663,525
664,-277
665,471
666,-154
667,525
668,-125
669,525
670,417
671,473
672,523
673,471
674,625
675,-75
676,623
677,-125
678,423
679,425
680,-150
681,-127
682,-125
683,675
684,296
685,621
686,623
687,-75
688,-477
689,521
690,196
691,442
692,621
693,350
694,475
695,348
696,69
697,-250
698,625
699,623
700,617
701,450
702,298
703,-75
704,-75
705,425
706,525
707,475
708,525
709,625
710,673
711,675
712,-127
713,525
714,-183
715,-125
716,575
717,-177
718,419
719,-237
720,-125
721,-179
722,473
723,-177
724,375
725,623
726,623
727,-125
728,525
729,673
730,250
731,623
732,475
733,673
734,675
735,373
736,398
737,673
738,525
739,-179
740,-125
741,625
742,425
743,525
744,673
745,573
746,521
747,398
748,-200
749,-125
750,575
751,675
752,296
753,619
754,-75
755,298
756,523
757,475
758,550
759,523
760,373
761,-127
762,225
763,571
764,575
765,523
766,623
767,273
768,-127
769,-75
770,473
771,425
772,469
773,623
774,425
775,350
776,669
777,-125
778,-127
779,575
780,675
781,575
782,675
783,675
784,400
785,671
786,-29
787,300
788,473
789,625
790,-125
791,575
792,-75
793,425
794,423
795,525
796,523
797,-77
798,573
799,475
800,573
801,623
802,571
803,575
804,625
805,675
806,625
807,-75
808,298
809,-300
810,623
811,673
812,623
813,575
814,-175
815,623
816,-77
817,675
818,675
819,496
820,675
821,571
822,675
823,623
824,521
825,623
826,-175
827,525
828,-77
829,325
830,671
831,375
832,675
833,625
834,-175
835,625
836,625
837,-79
838,623
839,-81
840,298
841,625
842,-79
843,475
844,573
845,625
846,675
847,-202
848,575
849,-77
850,523
851,625
852,-250
853,675
854,573
855,623
856,623
857,675
858,275
859,573
860,-125
861,500
862,575
863,450
864,673
865,-127
866,523
867,400
868,350
869,425
870,-125
871,625
872,521
873,350
874,573
875,623
876,623
877,148
878,573
879,425
880,525
881,623
882,275
883,298
884,-125
885,373
886,448
887,625
888,675
889,575
890,675
891,675
892,675
893,625
894,-127
895,-79
896,-75
897,623
898,673
899,623
900,621
901,675
902,-125
903,398
904,573
905,200
906,623
907,671
908,625
909,425
910,675
911,519
912,-77
913,425
914,625
915,623
916,523
917,400
918,423
919,625
920,-227
921,575
922,-75
923,623
924,575
925,-200
926,398
927,-75
928,475
929,521
930,673
931,575
932,425
933,673
934,623
935,573
936,475
937,275
938,-125
939,675
940,575
941,300
942,675
943,525
944,675
945,-125
946,673
947,475
948,-25
949,375
950,150
951,525
952,571
953,575
954,-25
955,548
956,625
957,625
958,675
959,675
960,623
961,575
962,523
963,350
964,575
965,675
966,-75
967,675
968,-27
969,419
970,548
971,675
972,342
973,573
974,323
975,246
976,673
977,425
978,625
979,623
980,525
981,525
982,675
983,300
984,475
985,625
986,675
987,-100
988,675
989,350
990,423
991,575
992,-25
993,425
994,-75
995,671
996,575
997,-125
998,-131
999,673
1000,621
1001,575
1002,575
1003,575
1004,-75
1005,-125
1006,673
1007,-125
1008,675
1009,525
1010,-25
1011,623
1012,675
1013,-127
1014,623
1015,623
1016,-100
1017,-25
1018,400
1019,396
1020,-31
1021,-200
1022,675
1023,675
1024,675
1025,625
1026,625
1027,623
1028,523
1029,375
1030,621
1031,671
1032,673
1033,-77
1034,-129
1035,-75
1036,625
1037,-77
1038,548
1039,400
1040,525
1041,623
1042,623
1043,625
1044,625
1045,625
1046,575
1047,623
1048,-125
1049,625
1050,675
1051,-75
1052,525
1053,575
1054,625
1055,-125
1056,-275
1057,621
1058,675
1059,675
1060,423
1061,675
1062,298
1063,350
1064,398
1065,621
1066,550
1067,673
1068,373
1069,625
1070,625
1071,625
1072,575
1073,-75
1074,623
1075,398
1076,675
1077,675
1078,150
1079,348
1080,575
1081,-75
1082,525
1083,575
1084,673
1085,373
1086,675
1087,-75
1088,323
1089,450
1090,400
1091,673
1092,575
1093,625
1094,625
1095,-125
1096,-127
1097,550
1098,496
1099,575
1100,21
1101,-75
1102,200
1103,625
1104,471
1105,-75
1106,425
1107,673
1108,675
1109,500
1110,675
1111,675
1112,-125
1113,675
1114,475
1115,625
1116,348
1117,675
1118,325
1119,425
1120,675
1121,625
1122,675
1123,575
1124,625
1125,396
1126,625
1127,425
1128,675
1129,473
1130,575
1131,350
1132,623
1133,398
1134,673
1135,575
1136,675
1137,625
1138,-77
1139,575
1140,625
1141,673
1142,625
1143,675
1144,575
1145,400
1146,-125
1147,625
1148,623
1149,675
1150,575
1151,675
1152,673
1153,548
1154,675
1155,673
1156,500
1157,625
1158,-25
1159,-125
1160,625
1161,675
1162,-75
1163,675
1164,675
1165,673
1166,150
1167,625
1168,623
1169,675
1170,675
1171,275
1172,-75
1173,673
1174,550
1175,-25
1176,373
1177,675
1178,625
1179,675
1180,625
1181,675
1182,425
1183,625
1184,523
1185,525
1186,625
1187,619
1188,-125
1189,673
1190,625
1191,550
1192,625
1193,-75
1194,675
1195,675
1196,625
1197,525
1198,575
1199,623
1200,675
1201,573
1202,523
1203,-77
1204,-127
1205,350
1206,-75
1207,523
1208,550
1209,673
1210,675
1211,-125
1212,521
1213,-125
1214,525
1215,-479
1216,625
1217,525
1218,675
1219,475
1220,675
1221,325
1222,675
1223,325
1224,425
1225,673
1226,-75
1227,625
1228,675
1229,625
1230,673
1231,575
1232,675
1233,625
1234,675
1235,525
1236,675
1237,525
1238,675
1239,675
1240,-75
1241,675
1242,675
1243,671
1244,423
1245,673
1246,550
1247,-177
1248,673
1249,-125
1250,675
1251,673
1252,569
1253,675
1254,625
1255,675
1256,400
1257,575
1258,-125
1259,546
1260,550
1261,675
1262,575
1263,400
1264,525
1265,525
1266,675
1267,575
1268,400
1269,475
1270,375
1271,575
1272,625
1273,675
1274,675
1275,673
1276,425
1277,-75
1278,625
1279,600
1280,675
1281,573
1282,625
1283,348
1284,148
1285,675
1286,-125
1287,346
1288,300
1289,625
1290,-77
1291,523
1292,625
1293,-75
1294,-125
1295,673
1296,625
1297,475
1298,675
1299,673
1300,548
1301,625
1302,-77
1303,625
1304,675
1305,675
1306,673
1307,525
1308,573
1309,675
1310,-31
1311,675
1312,673
1313,-81
1314,348
1315,673
1316,625
1317,523
1318,575
1319,675
1320,525
1321,550
1322,375
1323,-250
1324,473
1325,675
1326,675
1327,-133
1328,-75
1329,623
1330,-75
1331,625
1332,625
1333,-81
1334,-77
1335,-125
1336,625
1337,675
1338,675
1339,623
1340,623
1341,-75
1342,421
1343,675
1344,673
1345,-75
1346,673
1347,673
1348,675
1349,573
1350,523
1351,425
1352,625
1353,-200
1354,-75
1355,625
1356,575
1357,625
1358,519
1359,623
1360,-175
1361,673
1362,-102
1363,575
1364,673
1365,-125
1366,-131
1367,625
1368,-75
1369,425
1370,475
1371,-202
1372,475
1373,675
1374,675
1375,673
1376,625
1377,298
1378,98
1379,575
1380,-79
1381,675
1382,675
1383,-27
1384,475
1385,-27
1386,475
1387,675
1388,471
1389,346
1390,673
1391,525
1392,621
1393,575
1394,425
1395,523
1396,-75
1397,575
1398,550
1399,-127
1400,575
1401,-200
1402,675
1403,-75
1404,425
1405,675
1406,348
1407,-31
1408,-100
1409,273
1410,350
1411,-77
1412,-79
1413,425
1414,675
1415,-75
1416,425
1417,623
1418,675
1419,300
1420,575
1421,525
1422,575
1423,673
1424,675
1425,-75
1426,100
1427,621
1428,673
1429,623
1430,625
1431,673
1432,675
1433,575
1434,473
1435,525
1436,550
1437,675
1438,675
1439,-302
1440,673
1441,-125
1442,-125
1443,575
1444,673
1445,525
1446,625
1447,425
1448,550
1449,575
1450,150
1451,498
1452,575
1453,675
1454,673
1455,675
1456,575
1457,448
1458,400
1459,625
1460,400
1461,300
1462,673
1463,625
1464,575
1465,675
1466,-25
1467,625
1468,575
1469,625
1470,625
1471,-125
1472,625
1473,550
1474,-125
1475,675
1476,400
1477,-125
1478,671
1479,575
1480,625
1481,623
1482,675
1483,675
1484,-54
1485,625
1486,575
1487,575
1488,419
1489,675
1490,675
1491,-75
1492,675
1493,675
1494,-127
1495,300
1496,296
1497,423
1498,223
1499,475
1500,675
1501,625
1502,623
1503,525
1504,400
1505,569
1506,673
1507,-77
1508,625
1509,675
1510,548
1511,-175
1512,625
1513,200
1514,348
1515,-75
1516,675
1517,350
1518,675
1519,675
1520,675
1521,625
1522,-79
1523,273
1524,-125
1525,242
1526,625
1527,373
1528,523
1529,400
1530,475
1531,-29
1532,575
1533,-125
1534,623
1535,625
1536,625
1537,675
1538,625
1539,398
1540,623
1541,-179
1542,675
1543,571
1544,-125
1545,373
1546,673
1547,-125
1548,675
1549,675
1550,625
1551,-125
1552,-79
1553,675
1554,473
1555,375
1556,-229
1557,-31
1558,673
1559,575
1560,625
1561,473
1562,371
1563,-77
1564,-125
1565,-100
1566,575
1567,675
1568,550
1569,625
1570,525
1571,575
1572,246
1573,625
1574,675
1575,-200
1576,571
1577,375
1578,675
1579,673
1580,400
1581,475
1582,323
1583,625
1584,346
1585,575
1586,-75
1587,675
1588,625
1589,623
1590,-25
1591,675
1592,673
1593,523
1594,-125
1595,625
1596,-200
1597,575
1598,625
1599,675
1600,675
1601,675
1602,-125
1603,675
1604,575
1605,350
1606,525
1607,423
1608,673
1609,350
1610,675
1611,675
1612,673
1613,-125
1614,573
1615,-79
1616,675
1617,675
1618,675
1619,625
1620,346
1621,623
1622,675
1623,625
1624,625
1625,525
1626,400
1627,298
1628,575
1629,425
1630,575
1631,525
1632,-104
1633,471
1634,617
1635,-125
1636,673
1637,625
1638,-125
1639,573
1640,350
1641,673
1642,398
1643,673
1644,675
1645,673
1646,350
1647,675
1648,673
1649,525
1650,425
1651,425
1652,-125
1653,-125
1654,-127
1655,675
1656,275
1657,400
1658,475
1659,625
1660,-127
1661,625
1662,673
1663,675
1664,675
1665,-29
1666,625
1667,500
1668,625
1669,625
1670,675
1671,400
1672,625
1673,548
1674,675
1675,-29
1676,625
1677,623
1678,373
1679,525
1680,621
1681,673
1682,625
1683,675
1684,573
1685,-125
1686,575
1687,-125
1688,625
1689,625
1690,675
1691,500
1692,675
1693,-77
1694,673
1695,673
1696,623
1697,350
1698,-75
1699,150
1700,-127
1701,250
1702,673
1703,525
1704,-125
1705,398
1706,675
1707,575
1708,400
1709,-33
1710,675
1711,573
1712,673
1713,523
1714,673
1715,-125
1716,573
1717,675
1718,623
1719,675
1720,675
1721,550
1722,-125
1723,425
1724,623
1725,-125
1726,671
1727,675
1728,625
1729,-29
1730,623
1731,375
1732,675
1733,675
1734,675
1735,625
1736,275
1737,675
1738,623
1739,675
1740,623
1741,675
1742,-125
1743,-75
1744,675
1745,425
1746,0
1747,575
1748,-177
1749,148
1750,675
1751,625
1752,673
1753,623
1754,525
1755,198
1756,575
1757,621
1758,625
1759,525
1760,671
1761,669
1762,-125
1763,-125
1764,525
1765,675
1766,475
1767,625
1768,569
1769,-175
1770,596
1771,675
1772,-75
1773,673
1774,-75
1775,675
1776,625
1777,-79
1778,623
1779,675
1780,625
1781,225
1782,475
1783,625
1784,675
1785,500
1786,298
1787,-50
1788,675
1789,-125
1790,-175
1791,625
1792,675
1793,621
1794,523
1795,625
1796,623
1797,623
1798,550
1799,475
1800,425
1801,675
1802,500
1803,673
1804,675
1805,467
1806,623
1807,675
1808,675
1809,675
1810,625
1811,571
1812,-81
1813,-129
1814,400
1815,-75
1816,475
1817,-29
1818,623
1819,-25
1820,675
1821,475
1822,573
1823,623
1824,-129
1825,673
1826,475
1827,-125
1828,675
1829,-175
1830,-102
1831,423
1832,525
1833,675
1834,625
1835,675
1836,250
1837,625
1838,675
1839,575
1840,675
1841,475
1842,625
1843,-27
1844,675
1845,575
1846,573
1847,625
1848,675
1849,675
1850,625
1851,-127
1852,625
1853,375
1854,-125
1855,675
1856,625
1857,396
1858,625
1859,-77
1860,675
1861,675
1862,475
1863,573
1864,675
1865,625
1866,573
1867,425
1868,548
1869,350
1870,350
1871,625
1872,498
1873,575
1874,198
1875,675
1876,-125
1877,473
1878,575
1879,300
1880,523
1881,-77
1882,673
1883,400
1884,673
1885,473
1886,673
1887,550
1888,675
1889,623
1890,625
1891,625
1892,625
1893,-127
1894,-75
1895,419
1896,675
1897,673
1898,-200
1899,675
1900,675
1901,625
1902,425
1903,675
1904,-127
1905,475
1906,473
1907,575
1908,675
1909,575
1910,-181
1911,575
1912,675
1913,425
1914,625
1915,675
1916,573
1917,675
1918,525
1919,625
1920,-127
1921,675
1922,-125
1923,-125
1924,575
1925,425
1926,-156
1927,-125
1928,675
1929,675
1930,625
1931,673
1932,525
1933,625
1934,400
1935,673
1936,675
1937,575
1938,625
1939,625
1940,525
1941,373
1942,298
1943,-27
1944,675
1945,621
1946,325
1947,-125
1948,673
1949,-77
1950,675
1951,625
1952,-79
1953,-77
1954,-250
1955,675
1956,-75
1957,-25
1958,-75
1959,400
1960,625
1961,-29
1962,423
1963,675
1964,375
1965,375
1966,348
1967,523
1968,625
1969,550
1970,525
1971,675
1972,675
1973,675
1974,575
1975,673
1976,623
1977,425
1978,617
1979,525
1980,-75
1981,623
1982,-75
1983,400
1984,575
1985,-125
1986,-125
1987,550
1988,573
1989,400
1990,673
1991,625
1992,-75
1993,625
1994,-125
1995,144
1996,525
1997,525
1998,-125
1999,675
2000,675
2001,573
2002,625
2003,675
2004,-125
2005,623
2006,625
2007,675
2008,669
2009,675
2010,523
2011,375
2012,625
2013,675
2014,-129
2015,675
2016,673
2017,-75
2018,375
2019,625
2020,675
2021,625
2022,-25
2023,-27
2024,675
2025,575
2026,625
2027,621
2028,675
2029,675
2030,675
2031,675
2032,621
2033,673
2034,500
2035,573
2036,625
2037,575
2038,-75
2039,525
2040,675
2041,675
2042,25
2043,623
2044,600
2045,225
2046,423
2047,625
2048,-125
2049,671
2050,673
2051,-125
2052,223
2053,675
2054,-127
2055,425
2056,625
2057,423
2058,675
2059,621
2060,623
2061,625
2062,300
2063,-125
2064,675
2065,-29
2066,623
2067,575
2068,-125
2069,673
2070,675
2071,150
2072,675
2073,525
2074,-127
2075,-125
2076,675
2077,575
2078,675
2079,625
2080,325
2081,625
2082,575
2083,625
2084,675
2085,-404
2086,-125
2087,-100
2088,475
2089,625
2090,175
2091,675
2092,400
2093,575
2094,-25
2095,625
2096,673
2097,-127
2098,323
2099,675
2100,525
2101,575
2102,675
2103,673
2104,-125
2105,675
2106,573
2107,675
2108,-125
2109,675
2110,675
2111,675
2112,-27
2113,625
2114,625
2115,-75
2116,673
2117,425
2118,-50
2119,625
2120,523
2121,675
2122,575
2123,675
2124,575
2125,-31
2126,623
2127,625
2128,623
2129,425
2130,623
2131,475
2132,671
2133,523
2134,673
2135,550
2136,675
2137,671
2138,673
2139,500
2140,521
2141,625
2142,573
2143,-175
2144,498
2145,625
2146,625
2147,625
2148,625
2149,-129
2150,671
2151,575
2152,625
2153,623
2154,671
2155,625
2156,400
2157,73
2158,-79
2159,423
2160,-125
2161,550
2162,-125
2163,-31
2164,673
2165,-75
2166,548
2167,548
2168,-175
2169,-125
2170,-77
2171,498
2172,525
2173,675
2174,675
2175,550
2176,675
2177,675
2178,-75
2179,-79
2180,-75
2181,675
2182,575
2183,-125
2184,73
2185,675
2186,675
2187,675
2188,469
2189,625
2190,-77
2191,625
2192,673
2193,-25
2194,675
2195,573
2196,675
2197,575
2198,544
2199,625
2200,575
2201,673
2202,573
2203,623
2204,400
2205,-200
2206,675
2207,625
2208,675
2209,625
2210,623
2211,673
2212,523
2213,625
2214,-100
2215,671
2216,675
2217,375
2218,425
2219,573
2220,673
2221,-106
2222,92
2223,625
2224,525
2225,671
2226,-75
2227,-25
2228,675
2229,673
2230,523
2231,398
2232,373
2233,675
2234,273
2235,523
2236,573
2237,-27
2238,673
2239,-125
2240,675
2241,425
2242,523
2243,-75
2244,-125
2245,-127
2246,675
2247,-77
2248,-27
2249,675
2250,-129
2251,623
2252,150
2253,675
2254,675
2255,-33
2256,425
2257,625
2258,398
2259,-77
2260,123
2261,-75
2262,625
2263,571
2264,575
2265,550
2266,350
2267,673
2268,675
2269,675
2270,573
2271,525
2272,525
2273,325
2274,525
2275,675
2276,625
2277,675
2278,348
2279,-227
2280,675
2281,673
2282,673
2283,675
2284,-27
2285,675
2286,573
2287,375
2288,625
2289,675
2290,673
2291,625
2292,621
2293,675
2294,-175
2295,675
2296,375
2297,675
2298,675
2299,669
2300,0
2301,250
2302,575
2303,671
2304,523
2305,623
2306,575
2307,625
2308,675
2309,296
2310,619
2311,675
2312,675
2313,673
2314,675
2315,625
2316,373
2317,-127
2318,625
2319,275
2320,675
2321,673
2322,525
2323,550
2324,675
2325,675
2326,673
2327,525
2328,-27
2329,625
2330,294
2331,450
2332,623
2333,675
2334,675
2335,-206
2336,623
2337,-25
2338,350
2339,573
2340,-125
2341,-79
2342,425
2343,625
2344,675
2345,525
2346,400
2347,-125
2348,473
2349,675
2350,625
2351,-127
2352,675
2353,575
2354,325
2355,-27
2356,673
2357,400
2358,573
2359,375
2360,575
2361,625
2362,623
2363,675
2364,675
2365,623
2366,573
2367,-27
2368,625
2369,550
2370,675
2371,675
2372,100
2373,575
2374,-100
2375,673
2376,675
2377,525
2378,500
2379,625
2380,625
2381,675
2382,-125
2383,673
2384,675
2385,675
2386,498
2387,673
2388,675
2389,575
2390,473
2391,673
2392,525
2393,675
2394,675
2395,675
2396,675
2397,673
2398,675
2399,-75
2400,550
2401,621
2402,525
2403,673
2404,548
2405,675
2406,-125
2407,675
2408,625
2409,-127
2410,600
2411,675
2412,521
2413,625
2414,625
2415,675
2416,-125
2417,575
2418,675
2419,525
2420,673
2421,-125
2422,625
2423,-125
2424,525
2425,675
2426,425
2427,675
2428,623
2429,475
2430,675
2431,-75
2432,625
2433,498
2434,675
2435,-225
2436,625
2437,675
2438,-25
2439,675
2440,675
2441,273
2442,525
2443,675
2444,575
2445,398
2446,-125
2447,-25
2448,673
2449,675
2450,-125
2451,675
2452,675
2453,-325
2454,625
2455,-27
2456,625
2457,675
2458,323
2459,625
2460,200
2461,425
2462,298
2463,425
2464,673
2465,675
2466,673
2467,625
2468,675
2469,425
2470,675
2471,623
2472,325
2473,-125
2474,375
2475,473
2476,525
2477,675
2478,198
2479,573
2480,675
2481,521
2482,-27
2483,675
2484,-75
2485,-27
2486,623
2487,325
2488,-79
2489,675
2490,673
2491,625
2492,625
2493,675
2494,425
2495,519
2496,625
2497,675
2498,675
2499,625
2500,150
2501,550
2502,475
2503,675
2504,625
2505,-125
2506,-125
2507,521
2508,-125
2509,200
2510,675
2511,625
2512,523
2513,523
2514,675
2515,400
2516,-127
2517,400
2518,-77
2519,675
2520,623
2521,523
2522,625
2523,-29
2524,625
2525,521
2526,-75
2527,425
2528,271
2529,625
2530,625
2531,675
2532,675
2533,625
2534,500
2535,623
2536,675
2537,673
2538,-227
2539,425
2540,550
2541,621
2542,-125
2543,-27
2544,-81
2545,625
2546,600
2547,575
2548,525
2549,-125
2550,625
2551,675
2552,448
2553,675
2554,675
2555,675
2556,675
2557,675
2558,525
2559,400
2560,623
2561,625
2562,625
2563,675
2564,623
2565,675
2566,575
2567,525
2568,-75
2569,-125
2570,675
2571,675
2572,675
2573,675
2574,573
2575,-77
2576,675
2577,400
2578,623
2579,675
2580,-125
2581,400
2582,425
2583,-27
2584,-75
2585,494
2586,-129
2587,-31
2588,-31
2589,625
2590,625
2591,-25
2592,575
2593,625
2594,675
2595,-75
2596,675
2597,675
2598,575
2599,675
2600,350
2601,625
2602,575
2603,625
2604,-75
2605,675
2606,675
2607,675
2608,400
2609,-125
2610,673
2611,571
2612,623
2613,625
2614,673
2615,-125
2616,-75
2617,625
2618,348
2619,-27
2620,675
2621,625
2622,525
2623,625
2624,625
2625,525
2626,-25
2627,675
2628,-125
2629,548
2630,675
2631,575
2632,675
2633,500
2634,675
2635,623
2636,550
2637,575
2638,471
2639,675
2640,575
2641,675
2642,671
2643,-27
2644,625
2645,425
2646,675
2647,675
2648,500
2649,-227
2650,673
2651,525
2652,-25
2653,500
2654,675
2655,350
2656,675
2657,625
2658,575
2659,375
2660,673
2661,-4
2662,-125
2663,425
2664,425
2665,573
2666,571
2667,675
2668,625
2669,-125
2670,525
2671,675
2672,300
2673,675
2674,-200
2675,-25
2676,-77
2677,525
2678,523
2679,675
2680,-125
2681,525
2682,625
2683,571
2684,675
2685,-25
2686,675
2687,575
2688,525
2689,625
2690,-52
2691,523
2692,575
2693,525
2694,348
2695,621
2696,625
2697,675
2698,675
2699,475
2700,673
2701,400
2702,-125
2703,673
2704,675
2705,625
2706,-125
2707,675
2708,-77
2709,675
2710,675
2711,675
2712,350
2713,-77
2714,675
2715,-125
2716,673
2717,525
2718,623
2719,625
2720,669
2721,-352
2722,548
2723,675
2724,473
2725,673
2726,675
2727,523
2728,675
2729,625
2730,675
2731,675
2732,271
2733,525
2734,-75
2735,475
2736,298
2737,348
2738,-125
2739,-27
2740,625
2741,623
2742,-27
2743,575
2744,525
2745,523
2746,625
2747,621
2748,675
2749,675
2750,675
2751,625
2752,625
2753,-75
2754,425
2755,675
2756,675
2757,325
2758,-25
2759,675
2760,-75
2761,675
2762,425
2763,675
2764,-27
2765,675
2766,523
2767,425
2768,575
2769,625
2770,625
2771,471
2772,425
2773,273
2774,675
2775,675
2776,-125
2777,-125
2778,625
2779,575
2780,400
2781,523
2782,-77
2783,623
2784,625
2785,-27
2786,675
2787,548
2788,625
2789,346
2790,-75
2791,625
2792,673
2793,-75
2794,673
2795,575
2796,523
2797,625
2798,-75
2799,621
2800,-75
2801,623
2802,625
2803,673
2804,625
2805,673
2806,675
2807,-25
2808,621
2809,575
2810,575
2811,625
2812,675
2813,525
2814,673
2815,446
2816,625
2817,-125
2818,625
2819,325
2820,575
2821,-177
2822,425
2823,675
2824,571
2825,573
2826,-127
2827,623
2828,525
2829,-25
2830,625
2831,348
2832,275
2833,-75
2834,575
2835,625
2836,673
2837,-127
2838,-75
2839,398
2840,600
2841,675
2842,425
2843,673
2844,-125
2845,675
2846,496
2847,575
2848,623
2849,675
2850,625
2851,675
2852,500
2853,525
2854,625
2855,-77
2856,-125
2857,-75
2858,525
2859,623
2860,-225
2861,398
2862,623
2863,-100
2864,625
2865,398
2866,675
2867,625
2868,-125
2869,675
2870,-77
2871,573
2872,673
2873,-25
2874,523
2875,675
2876,671
2877,625
2878,675
2879,23
2880,-75
2881,675
2882,-200
2883,-25
2884,-75
2885,625
2886,423
2887,225
2888,621
2889,675
2890,571
2891,675
2892,675
2893,550
2894,425
2895,525
2896,675
2897,425
2898,623
2899,-27
2900,-125
2901,523
2902,225
2903,523
2904,673
2905,675
2906,675
2907,-125
2908,675
2909,675
2910,675
2911,-125
2912,-27
2913,575
2914,-125
2915,575
2916,673
2917,-77
2918,625
2919,675
2920,625
2921,625
2922,425
2923,-79
2924,625
2925,675
2926,675
2927,675
2928,675
2929,675
2930,323
2931,-125
2932,-75
2933,573
2934,623
2935,525
2936,675
2937,373
2938,673
2939,-25
2940,675
2941,625
2942,550
2943,-125
2944,550
2945,-27
2946,575
2947,425
2948,-77
2949,625
2950,675
2951,-229
2952,675
2953,450
2954,673
2955,675
2956,198
2957,675
2958,625
2959,-25
2960,623
2961,465
2962,571
2963,573
2964,-25
2965,673
2966,575
2967,673
2968,-100
2969,623
2970,675
2971,-75
2972,448
2973,625
2974,525
2975,675
2976,675
2977,-125
2978,350
2979,-75
2980,425
2981,623
2982,-25
2983,675
2984,671
2985,0
2986,625
2987,675
2988,625
2989,675
2990,675
2991,625
2992,675
2993,675
2994,625
2995,675
2996,675
2997,669
2998,623
2999,675
3000,675
3001,-225
3002,621
3003,525
3004,-81
3005,-125
3006,-250
3007,673
3008,573
3009,-75
3010,575
3011,246
3012,675
3013,-127
3014,625
3015,675
3016,675
3017,-75
3018,-125
3019,-200
3020,519
3021,400
3022,675
3023,675
3024,675
3025,-27
3026,625
3027,625
3028,550
3029,-75
3030,-75
3031,523
3032,675
3033,625
3034,-75
3035,571
3036,673
3037,675
3038,623
3039,450
3040,675
3041,675
3042,-125
3043,471
3044,675
3045,400
3046,625
3047,625
3048,675
3049,467
3050,623
3051,475
3052,425
3053,375
3054,625
3055,625
3056,675
3057,475
3058,-27
3059,-125
3060,575
3061,623
3062,-75
3063,321
3064,494
3065,400
3066,575
3067,675
3068,-127
3069,673
3070,475
3071,675
3072,625
3073,571
3074,-125
3075,-125
3076,525
3077,625
3078,573
3079,675
3080,625
3081,625
3082,675
3083,625
3084,519
3085,-125
3086,150
3087,425
3088,675
3089,-125
3090,400
3091,575
3092,-25
3093,575
3094,675
3095,625
3096,673
3097,623
3098,675
3099,373
3100,673
3101,525
3102,625
3103,548
3104,673
3105,675
3106,673
3107,100
3108,548
3109,625
3110,675
3111,671
3112,675
3113,673
3114,625
3115,521
3116,575
3117,-75
3118,-75
3119,273
3120,623
3121,675
3122,-2
3123,575
3124,625
3125,625
3126,-50
3127,625
3128,623
3129,425
3130,671
3131,573
3132,298
3133,-127
3134,673
3135,275
3136,575
3137,675
3138,673
3139,250
3140,425
3141,625
3142,425
3143,373
3144,-125
3145,623
3146,375
3147,625
3148,523
3149,625
3150,623
3151,-125
3152,675
3153,375
3154,473
3155,400
3156,346
3157,621
3158,269
3159,-175
3160,575
3161,550
3162,-125
3163,673
3164,573
3165,573
3166,348
3167,523
3168,625
3169,625
3170,523
3171,473
3172,625
3173,673
3174,625
3175,575
3176,623
3177,675
3178,575
3179,523
3180,475
3181,475
3182,525
3183,575
3184,675
3185,625
3186,673
3187,575
3188,675
3189,-127
3190,-25
3191,398
3192,625
3193,-125
3194,625
3195,675
3196,625
3197,-75
3198,625
3199,-25
3200,198
3201,623
3202,500
3203,575
3204,-125
3205,673
3206,425
3207,625
3208,625
3209,675
3210,-35
3211,675
3212,-27
3213,673
3214,675
3215,325
3216,575
3217,625
3218,625
3219,625
3220,673
3221,675
3222,575
3223,450
3224,573
3225,575
3226,623
3227,675
3228,625
3229,675
3230,573
3231,-77
3232,423
3233,675
3234,-127
3235,675
3236,675
3237,-152
3238,675
3239,675
3240,673
3241,625
3242,-125
3243,625
3244,625
3245,675
3246,-27
3247,675
3248,350
3249,-50
3250,200
3251,625
3252,-125
3253,400
3254,621
3255,-125
3256,-75
3257,675
3258,621
3259,475
3260,-127
3261,-75
3262,625
3263,350
3264,425
3265,673
3266,625
3267,475
3268,625
3269,623
3270,346
3271,675
3272,-25
3273,523
3274,675
3275,519
3276,675
3277,-102
3278,-75
3279,523
3280,-125
3281,442
3282,575
3283,-77
3284,675
3285,75
3286,623
3287,625
3288,625
3289,525
3290,675
3291,298
3292,625
3293,675
3294,273
3295,300
3296,625
3297,573
3298,-27
3299,625
3300,575
3301,625
3302,673
3303,671
3304,500
3305,-31
3306,-302
3307,575
3308,675
3309,-27
3310,525
3311,675
3312,675
3313,621
3314,-77
3315,575
3316,625
3317,675
3318,525
3319,-27
3320,625
3321,625
3322,-77
3323,575
3324,625
3325,521
3326,675
3327,673
3328,525
3329,450
3330,-127
3331,675
3332,-125
3333,75
3334,350
3335,675
3336,-125
3337,275
3338,675
3339,625
3340,467
3341,625
3342,675
3343,675
3344,-25
3345,573
3346,394
3347,575
3348,675
3349,-25
3350,625
3351,625
3352,621
3353,575
3354,-125
3355,-202
3356,675
3357,675
3358,669
3359,675
3360,425
3361,475
3362,225
3363,396
3364,523
3365,675
3366,675
3367,-125
3368,375
3369,623
3370,675
3371,623
3372,-125
3373,-129
3374,425
3375,675
3376,-254
3377,425
3378,675
3379,473
3380,571
3381,423
3382,623
3383,-127
3384,575
3385,573
3386,625
3387,575
3388,-75
3389,675
3390,573
3391,675
3392,548
3393,350
3394,-125
3395,623
3396,523
3397,-75
3398,425
3399,575
3400,671
3401,675
3402,548
3403,-27
3404,575
3405,523
3406,575
3407,623
3408,523
3409,-125
3410,671
3411,623
3412,625
3413,521
3414,525
3415,625
3416,675
3417,-227
3418,500
3419,523
3420,675
3421,575
3422,-27
3423,675
3424,271
3425,625
3426,-125
3427,675
3428,675
3429,623
3430,523
3431,625
3432,625
3433,621
3434,623
3435,625
3436,675
3437,625
3438,623
3439,523
3440,-175
3441,675
3442,675
3443,575
3444,575
3445,571
3446,198
3447,675
3448,675
3449,625
3450,471
3451,625
3452,-125
3453,-75
3454,575
3455,-25
3456,625
3457,575
3458,425
3459,575
3460,375
3461,675
3462,675
3463,-125
3464,623
3465,675
3466,673
3467,-75
3468,625
3469,675
3470,-177
3471,-125
3472,523
3473,573
3474,675
3475,675
3476,625
3477,675
3478,675
3479,-175
3480,525
3481,-27
3482,300
3483,546
3484,525
3485,675
3486,625
3487,625
3488,346
3489,673
3490,523
3491,625
3492,471
3493,625
3494,375
3495,675
3496,575
3497,573
3498,675
3499,675
3500,-250
3501,-75
3502,275
3503,550
3504,625
3505,-27
3506,300
3507,625
3508,625
3509,625
3510,669
3511,350
3512,-125
3513,473
3514,-25
3515,-77
3516,625
3517,675
3518,525
3519,675
3520,525
3521,575
3522,623
3523,573
3524,675
3525,625
3526,375
3527,-127
3528,673
3529,625
3530,-75
3531,-25
3532,-177
3533,673
3534,-27
3535,475
3536,675
3537,675
3538,675
3539,75
3540,525
3541,271
3542,675
3543,600
3544,625
3545,525
3546,675
3547,625
3548,-75
3549,625
3550,675
3551,625
3552,-75
3553,350
3554,475
3555,573
3556,-127
3557,675
3558,575
3559,675
3560,475
3561,425
3562,675
3563,675
3564,350
3565,573
3566,675
3567,573
3568,625
3569,675
3570,550
3571,-125
3572,675
3573,675
3574,-77
3575,473
3576,673
3577,675
3578,525
3579,-52
3580,675
3581,619
3582,625
3583,473
3584,625
3585,575
3586,675
3587,550
3588,325
3589,348
3590,675
3591,675
3592,675
3593,425
3594,625
3595,275
3596,673
3597,-75
3598,621
3599,419
3600,575
3601,525
3602,623
3603,498
3604,375
3605,675
3606,625
3607,673
3608,675
3609,675
3610,575
3611,-27
3612,523
3613,623
3614,375
3615,625
3616,-175
3617,523
3618,673
3619,673
3620,625
3621,625
3622,146
3623,475
3624,-75
3625,-75
3626,625
3627,625
3628,675
3629,675
3630,675
3631,623
3632,675
3633,575
3634,523
3635,373
3636,-125
3637,548
3638,575
3639,675
3640,625
3641,575
3642,625
3643,300
3644,573
3645,575
3646,675
3647,523
3648,625
3649,573
3650,-225
3651,625
3652,675
3653,423
3654,675
3655,498
3656,671
3657,623
3658,675
3659,673
3660,675
3661,675
3662,671
3663,625
3664,575
3665,623
3666,525
3667,675
3668,400
3669,350
3670,375
3671,571
3672,573
3673,550
3674,625
3675,625
3676,250
3677,473
3678,573
3679,-129
3680,250
3681,450
3682,675
3683,625
3684,625
3685,675
3686,-77
3687,-125
3688,-25
3689,625
3690,450
3691,-50
3692,573
3693,525
3694,625
3695,675
3696,675
3697,-177
3698,575
3699,675
3700,675
3701,375
3702,350
3703,375
3704,625
3705,-31
3706,-125
3707,-25
3708,675
3709,575
3710,675
3711,373
3712,150
3713,675
3714,-177
3715,623
3716,625
3717,575
3718,-50
3719,573
3720,675
3721,-75
3722,625
3723,623
3724,625
3725,375
3726,300
3727,350
3728,673
3729,-27
3730,675
3731,625
3732,525
3733,473
3734,-25
3735,-75
3736,623
3737,548
3738,675
3739,-29
3740,675
3741,525
3742,675
3743,675
3744,675
3745,575
3746,325
3747,350
3748,-75
3749,500
3750,-75
3751,625
3752,221
3753,548
3754,-75
3755,350
3756,275
3757,375
3758,675
3759,675
3760,348
3761,675
3762,625
3763,573
3764,571
3765,473
3766,473
3767,548
3768,675
3769,-125
3770,625
3771,675
3772,475
3773,523
3774,-129
3775,-175
3776,-125
3777,623
3778,-125
3779,475
3780,-77
3781,673
3782,675
3783,521
3784,573
3785,-79
3786,525
3787,-125
3788,573
3789,575
3790,625
3791,673
3792,675
3793,675
3794,625
3795,619
3796,-75
3797,498
3798,625
3799,450
3800,-125
3801,-79
3802,675
3803,498
3804,625
3805,171
3806,-27
3807,-125
3808,675
3809,675
3810,675
3811,300
3812,-75
3813,625
3814,275
3815,673
3816,575
3817,-125
3818,523
3819,-125
3820,-125
3821,-25
3822,500
3823,398
3824,-100
3825,525
3826,675
3827,-125
3828,623
3829,625
3830,675
3831,625
3832,-27
3833,246
3834,571
3835,623
3836,675
3837,498
3838,-125
3839,575
3840,675
3841,675
3842,-150
3843,673
3844,-75
3845,-125
3846,571
3847,675
3848,525
3849,548
3850,398
3851,-75
3852,-327
3853,675
3854,625
3855,-125
3856,575
3857,625
3858,-79
3859,-175
3860,225
3861,525
3862,-125
3863,375
3864,625
3865,675
3866,523
3867,673
3868,473
3869,623
3870,623
3871,625
3872,548
3873,-129
3874,625
3875,625
3876,-125
3877,-75
3878,573
3879,675
3880,625
3881,525
3882,575
3883,-75
3884,675
3885,671
3886,573
3887,625
3888,525
3889,625
3890,525
3891,-125
3892,-75
3893,-77
3894,-125
3895,623
3896,673
3897,525
3898,675
3899,375
3900,475
3901,675
3902,673
3903,223
3904,625
3905,398
3906,373
3907,525
3908,571
3909,475
3910,575
3911,575
3912,-77
3913,-125
3914,-125
3915,675
3916,675
3917,625
3918,575
3919,-125
3920,675
3921,675
3922,675
3923,623
3924,675
3925,500
3926,400
3927,673
3928,473
3929,675
3930,675
3931,425
3932,675
3933,300
3934,523
3935,673
3936,625
3937,625
3938,-77
3939,625
3940,575
3941,625
3942,-200
3943,675
3944,675
3945,550
3946,-125
3947,675
3948,425
3949,675
3950,675
3951,-125
3952,673
3953,625
3954,621
3955,625
3956,425
3957,523
3958,-127
3959,625
3960,-125
3961,675
3962,371
3963,-125
3964,675
3965,623
3966,-125
3967,-125
3968,573
3969,525
3970,548
3971,350
3972,-279
3973,673
3974,625
3975,675
3976,500
3977,675
3978,623
3979,675
3980,-27
3981,675
3982,550
3983,621
3984,623
3985,675
3986,525
3987,423
3988,525
3989,550
3990,625
3991,675
3992,673
3993,398
3994,475
3995,-125
3996,550
3997,-77
3998,425
3999,400
4000,671
4001,675
4002,525
4003,625
4004,575
4005,-75
4006,671
4007,625
4008,675
4009,623
4010,675
4011,621
4012,625
4013,523
4014,375
4015,573
4016,673
4017,575
4018,673
4019,550
4020,225
4021,675
4022,675
4023,625
4024,-79
4025,625
4026,575
4027,425
4028,425
4029,675
4030,675
4031,575
4032,525
4033,625
4034,575
4035,673
4036,-127
4037,-77
4038,496
4039,548
4040,623
4041,623
4042,673
4043,675
4044,673
4045,625
4046,671
4047,625
4048,-29
4049,675
4050,575
4051,-75
4052,625
4053,525
4054,-125
4055,-75
4056,675
4057,-25
4058,675
4059,-125
4060,275
4061,625
4062,675
4063,498
4064,548
4065,675
4066,675
4067,-100
4068,623
4069,625
4070,625
4071,-127
4072,673
4073,-77
4074,673
4075,625
4076,-75
4077,623
4078,-31
4079,400
4080,473
4081,625
4082,425
4083,-125
4084,448
4085,525
4086,625
4087,475
4088,673
4089,675
4090,350
4091,675
4092,-125
4093,673
4094,625
4095,667
4096,498
4097,675
4098,625
4099,675
4100,348
4101,298
4102,673
4103,675
4104,425
4105,625
4106,375
4107,575
4108,398
4109,-31
4110,300
4111,675
4112,525
4113,-125
4114,98
4115,569
4116,475
4117,675
4118,625
4119,425
4120,325
4121,675
4122,275
4123,523
4124,573
4125,675
4126,-77
4127,625
4128,473
4129,625
4130,425
4131,400
4132,675
4133,575
4134,675
4135,350
4136,-127
4137,-77
4138,550
4139,675
4140,675
4141,623
4142,400
4143,675
4144,-125
4145,-81
4146,-125
4147,525
4148,673
4149,669
4150,625
4151,471
4152,675
4153,675
4154,625
4155,423
4156,675
4157,673
4158,-127
4159,675
4160,675
4161,675
4162,-79
4163,475
4164,673
4165,400
4166,625
4167,-100
4168,675
4169,525
4170,623
4171,675
4172,525
4173,675
4174,625
4175,500
4176,675
4177,675
4178,675
4179,673
4180,675
4181,448
4182,425
4183,-125
4184,675
4185,-175
4186,-125
4187,-225
4188,423
4189,-152
4190,675
4191,673
4192,450
4193,-125
4194,673
4195,-125
4196,-27
4197,625
4198,675
4199,-25
4200,621
4201,425
4202,400
4203,673
4204,675
4205,621
4206,625
4207,675
4208,675
4209,573
4210,625
4211,-81
4212,623
4213,675
4214,-125
4215,575
4216,546
4217,-125
4218,525
4219,673
4220,-125
4221,-75
4222,625
4223,-175
4224,525
4225,473
4226,625
4227,550
4228,625
4229,675
4230,673
4231,300
4232,673
4233,-125
4234,-125
4235,675
4236,623
4237,675
4238,100
4239,675
4240,675
4241,25
4242,-77
4243,625
4244,498
4245,550
4246,-127
4247,350
4248,-75
4249,-125
4250,475
4251,625
4252,575
4253,621
4254,625
4255,-27
4256,675
4257,625
4258,625
4259,573
4260,150
4261,575
4262,625
4263,-179
4264,-179
4265,-77
4266,525
4267,623
4268,496
4269,675
4270,625
4271,573
4272,398
4273,675
4274,675
4275,523
4276,673
4277,548
4278,675
4279,525
4280,675
4281,425
4282,673
4283,323
4284,675
4285,675
4286,623
4287,396
4288,525
4289,-125
4290,625
4291,675
4292,675
4293,625
4294,200
4295,673
4296,348
4297,225
4298,575
4299,348
4300,375
4301,375
4302,-25
4303,-125
4304,375
4305,371
4306,675
4307,-250
4308,575
4309,625
4310,675
4311,673
4312,675
4313,-100
4314,525
4315,675
4316,625
4317,625
4318,675
4319,621
4320,-27
4321,675
4322,-29
4323,525
4324,673
4325,573
4326,625
4327,450
4328,625
4329,-75
4330,675
4331,475
4332,625
4333,-208
4334,673
4335,675
4336,575
4337,573
4338,575
4339,575
4340,673
4341,675
4342,675
4343,675
4344,673
4345,519
4346,675
4347,625
4348,673
4349,675
4350,375
4351,-75
4352,425
4353,625
4354,675
4355,250
4356,-75
4357,625
4358,673
4359,373
4360,675
4361,0
4362,575
4363,350
4364,371
4365,525
4366,-125
4367,623
4368,-127
4369,-77
4370,475
4371,673
4372,473
4373,675
4374,325
4375,525
4376,675
4377,325
4378,625
4379,675
4380,-129
4381,-181
4382,-27
4383,625
4384,625
4385,625
4386,675
4387,500
4388,471
4389,100
4390,675
4391,500
4392,625
4393,625
4394,623
4395,675
4396,573
4397,-125
4398,673
4399,398
4400,621
4401,-29
4402,-125
4403,523
4404,325
4405,150
4406,550
4407,625
4408,625
4409,525
4410,-75
4411,575
4412,575
4413,-125
4414,250
4415,675
4416,375
4417,575
4418,675
4419,675
4420,325
4421,-77
4422,550
4423,573
4424,-79
4425,675
4426,625
4427,-127
4428,675
4429,675
4430,-125
4431,-75
4432,350
4433,-75
4434,-175
4435,575
4436,525
4437,575
4438,575
4439,673
4440,673
4441,423
4442,525
4443,444
4444,625
4445,-75
4446,625
4447,675
4448,550
4449,573
4450,571
4451,421
4452,675
4453,573
4454,623
4455,325
4456,675
4457,-75
4458,575
4459,575
4460,675
4461,573
4462,550
4463,-75
4464,673
4465,-125
4466,-129
4467,-179
4468,-125
4469,498
4470,675
4471,673
4472,350
4473,525
4474,575
4475,623
4476,625
4477,525
4478,623
4479,625
4480,625
4481,-125
4482,575
4483,298
4484,673
4485,400
4486,-27
4487,625
4488,575
4489,625
4490,425
4491,575
4492,-125
4493,575
4494,-75
4495,275
4496,-75
4497,675
4498,625
4499,-202
4500,-25
4501,675
4502,673
4503,623
4504,625
4505,625
4506,675
4507,625
4508,-125
4509,625
4510,675
4511,675
4512,623
4513,350
4514,400
4515,675
4516,525
4517,-75
4518,571
4519,623
4520,673
4521,525
4522,423
4523,671
4524,675
4525,675
4526,673
4527,625
4528,500
4529,673
4530,625
4531,-25
4532,-27
4533,350
4534,273
4535,625
4536,273
4537,625
4538,275
4539,623
4540,525
4541,625
4542,575
4543,625
4544,625
4545,-179
4546,-127
4547,623
4548,75
4549,-75
4550,675
4551,675
4552,-125
4553,523
4554,625
4555,675
4556,625
4557,-125
4558,-25
4559,623
4560,671
4561,550
4562,625
4563,-175
4564,673
4565,-125
4566,675
4567,675
4568,-79
4569,573
4570,623
4571,348
4572,625
4573,573
4574,371
4575,-127
4576,675
4577,300
4578,625
4579,625
4580,675
4581,-179
4582,675
4583,525
4584,675
4585,675
4586,673
4587,471
4588,575
4589,-77
4590,673
4591,-127
4592,298
4593,575
4594,525
4595,625
4596,625
4597,298
4598,-104
4599,550
4600,621
4601,623
4602,-79
4603,625
4604,198
4605,675
4606,500
4607,-75
4608,675
4609,675
4610,398
4611,573
4612,625
4613,350
4614,675
4615,675
4616,675
4617,673
4618,-27
4619,673
4620,546
4621,575
4622,625
4623,675
4624,675
4625,575
4626,625
4627,571
4628,675
4629,675
4630,675
4631,573
4632,675
4633,675
4634,575
4635,575
4636,675
4637,323
4638,350
4639,-100
4640,550
4641,194
4642,375
4643,673
4644,-129
4645,150
4646,675
4647,-25
4648,573
4649,675
4650,625
4651,673
4652,371
4653,-125
4654,675
4655,575
4656,623
4657,573
4658,-125
4659,675
4660,625
4661,-125
4662,-75
4663,-75
4664,425
4665,525
4666,625
4667,675
4668,-125
4669,500
4670,-175
4671,675
4672,673
4673,500
4674,496
4675,-25
4676,575
4677,546
4678,623
4679,575
4680,575
4681,623
4682,-125
4683,-75
4684,350
4685,675
4686,-27
4687,675
4688,350
4689,675
4690,-125
4691,-75
4692,675
4693,400
4694,575
4695,675
4696,625
4697,50
4698,675
4699,521
4700,625
4701,-125
4702,-29
4703,525
4704,525
4705,571
4706,-75
4707,375
4708,321
4709,375
4710,425
4711,675
4712,625
4713,-25
4714,-75
4715,-75
4716,621
4717,673
4718,300
4719,-125
4720,625
4721,675
4722,573
4723,623
4724,400
4725,323
4726,-77
4727,575
4728,523
4729,575
4730,675
4731,571
4732,-177
4733,525
4734,623
4735,75
4736,675
4737,623
4738,525
4739,675
4740,675
4741,0
4742,-127
4743,675
4744,625
4745,-75
4746,498
4747,675
4748,473
4749,675
4750,548
4751,619
4752,675
4753,625
4754,475
4755,275
4756,575
4757,375
4758,423
4759,625
4760,223
4761,423
4762,525
4763,425
4764,675
4765,675
4766,675
4767,575
4768,-227
4769,392
4770,675
4771,573
4772,-77
4773,275
4774,675
4775,673
4776,623
4777,675
4778,575
4779,248
4780,400
4781,-25
4782,675
4783,625
4784,525
4785,-127
4786,575
4787,-125
4788,673
4789,-29
4790,400
4791,673
4792,223
4793,675
4794,423
4795,625
4796,425
4797,548
4798,673
4799,675
4800,625
4801,-75
4802,-100
4803,-131
4804,400
4805,-125
4806,525
4807,-75
4808,550
4809,-75
4810,-127
4811,-125
4812,675
4813,-77
4814,623
4815,673
4816,675
4817,350
4818,525
4819,675
4820,675
4821,675
4822,675
4823,521
4824,-27
4825,675
4826,623
4827,621
4828,625
4829,575
4830,575
4831,675
4832,675
4833,425
4834,575
4835,625
4836,623
4837,675
4838,500
4839,550
4840,475
4841,625
4842,350
4843,623
4844,350
4845,-125
4846,463
4847,271
4848,625
4849,675
4850,-25
4851,623
4852,675
4853,-125
4854,675
4855,675
4856,675
4857,675
4858,675
4859,675
4860,675
4861,673
4862,425
4863,675
4864,675
4865,623
4866,275
4867,675
4868,446
4869,673
4870,675
4871,675
4872,-152
4873,673
4874,550
4875,675
4876,675
4877,623
4878,675
4879,673
4880,675
4881,525
4882,-125
4883,625
4884,625
4885,550
4886,675
4887,500
4888,623
4889,-204
4890,625
4891,625
4892,525
4893,523
4894,423
4895,623
4896,573
4897,675
4898,625
4899,625
4900,623
4901,325
4902,573
4903,-75
4904,548
4905,675
4906,496
4907,-254
4908,425
4909,675
4910,575
4911,575
4912,575
4913,423
4914,575
4915,-100
4916,600
4917,-225
4918,348
4919,675
4920,-77
4921,425
4922,575
4923,625
4924,425
4925,675
4926,298
4927,298
4928,675
4929,625
4930,623
4931,625
4932,623
4933,625
4934,675
4935,673
4936,673
4937,525
4938,498
4939,575
4940,675
4941,425
4942,-75
4943,675
4944,625
4945,-127
4946,548
4947,671
4948,623
4949,398
4950,373
4951,525
4952,-75
4953,350
4954,675
4955,525
4956,625
4957,625
4958,625
4959,619
4960,-125
4961,-75
4962,-125
4963,-25
4964,675
4965,400
4966,-75
4967,-75
4968,525
4969,671
4970,-125
4971,550
4972,471
4973,625
4974,365
4975,525
4976,625
4977,425
4978,-77
4979,673
4980,398
4981,675
4982,571
4983,-131
4984,425
4985,623
4986,575
4987,450
4988,675
4989,625
4990,675
4991,675
4992,-125
4993,675
4994,625
4995,-127
4996,625
4997,625
4998,673
4999,-27
5000,675
5001,625
5002,675
5003,-75
5004,-125
5005,675
5006,675
5007,675
5008,-75
5009,673
5010,-125
5011,623
5012,625
5013,-127
5014,625
5015,346
5016,-75
5017,673
5018,-75
5019,575
5020,575
5021,671
5022,675
5023,-125
5024,673
5025,-75
5026,-77
5027,100
5028,-79
5029,471
5030,525
5031,675
5032,625
5033,675
5034,-79
5035,675
5036,675
5037,623
5038,675
5039,400
5040,675
5041,625
5042,-125
5043,425
5044,573
5045,-25
5046,350
5047,675
5048,673
5049,525
5050,675
5051,675
5052,625
5053,423
5054,675
5055,673
5056,675
5057,571
5058,521
5059,573
5060,673
5061,500
5062,675
5063,621
5064,-79
5065,523
5066,675
5067,-75
5068,475
5069,-125
5070,398
5071,375
5072,475
5073,400
5074,621
5075,523
5076,-75
5077,575
5078,673
5079,-75
5080,675
5081,473
5082,675
5083,-100
5084,148
5085,-27
5086,675
5087,450
5088,625
5089,625
5090,675
5091,625
5092,-75
5093,623
5094,623
5095,-125
5096,271
5097,675
5098,-75
5099,573
5100,-27
5101,-125
5102,673
5103,298
5104,675
5105,675
5106,-125
5107,573
5108,-125
5109,550
5110,625
5111,398
5112,675
5113,675
5114,675
5115,571
5116,-127
5117,573
5118,675
5119,521
5120,-125
5121,623
5122,396
5123,623
5124,675
5125,375
5126,675
5127,575
5128,-125
5129,-29
5130,596
5131,675
5132,675
5133,625
5134,-125
5135,198
5136,473
5137,348
5138,625
5139,573
5140,623
5141,-25
5142,675
5143,625
5144,675
5145,525
5146,625
5147,-75
5148,-127
5149,675
5150,-79
5151,548
5152,623
5153,625
5154,625
5155,-75
5156,448
5157,425
5158,523
5159,-125
5160,669
5161,523
5162,675
5163,-102
5164,350
5165,675
5166,623
5167,625
5168,675
5169,-125
5170,-75
5171,625
5172,575
5173,675
5174,673
5175,625
5176,348
5177,-79
5178,675
5179,675
5180,-125
5181,625
5182,-79
5183,523
5184,525
5185,575
5186,-25
5187,-25
5188,-125
5189,675
5190,623
5191,475
5192,571
5193,625
5194,625
5195,625
5196,673
5197,625
5198,675
5199,-29
5200,350
5201,575
5202,675
5203,625
5204,575
5205,625
5206,525
5207,625
5208,675
5209,573
5210,521
5211,575
5212,675
5213,-27
5214,425
5215,525
5216,675
5217,575
5218,373
5219,575
5220,625
5221,675
5222,675
5223,625
5224,400
5225,-75
5226,575
5227,-125
5228,621
5229,673
5230,346
5231,425
5232,675
5233,523
5234,-75
5235,525
5236,523
5237,675
5238,398
5239,625
5240,675
5241,-75
5242,-125
5243,523
5244,675
5245,625
5246,675
5247,675
5248,146
5249,675
5250,498
5251,625
5252,675
5253,523
5254,-75
5255,671
5256,0
5257,423
5258,675
5259,675
5260,575
5261,675
5262,675
5263,469
5264,671
5265,675
5266,675
5267,625
5268,671
5269,-75
5270,350
5271,675
5272,575
5273,-125
5274,671
5275,-25
5276,-125
5277,573
5278,-75
5279,625
5280,621
5281,475
5282,475
5283,573
5284,575
5285,-75
5286,575
5287,-77
5288,-175
5289,675
5290,375
5291,496
5292,450
5293,-125
5294,675
5295,675
5296,675
5297,675
5298,675
5299,-25
5300,575
5301,625
5302,675
5303,225
5304,625
5305,575
5306,471
5307,523
5308,625
5309,675
5310,575
5311,675
5312,548
5313,550
5314,625
5315,421
5316,667
5317,-127
5318,-125
5319,675
5320,398
5321,-25
5322,523
5323,400
5324,-125
5325,-52
5326,-27
5327,-125
5328,675
5329,423
5330,675
5331,325
5332,623
5333,675
5334,-75
5335,-75
5336,-125
5337,300
5338,673
5339,-125
5340,575
5341,673
5342,244
5343,625
5344,-75
5345,521
5346,675
5347,675
5348,-75
5349,625
5350,675
5351,475
5352,575
5353,-300
5354,625
5355,375
5356,-25
5357,675
5358,675
5359,-125
5360,225
5361,475
5362,-79
5363,398
5364,623
5365,625
5366,675
5367,-81
5368,675
5369,625
5370,-77
5371,673
5372,623
5373,675
5374,473
5375,523
5376,548
5377,-75
5378,625
5379,675
5380,675
5381,473
5382,398
5383,671
5384,-125
5385,-127
5386,673
5387,400
5388,625
5389,-127
5390,575
5391,-200
5392,675
5393,675
5394,675
5395,623
5396,-125
5397,623
5398,523
5399,-125
5400,675
5401,569
5402,675
5403,-27
5404,675
5405,-125
5406,523
5407,675
5408,625
5409,-125
5410,375
5411,623
5412,300
5413,125
5414,625
5415,673
5416,-127
5417,623
5418,573
5419,671
5420,675
5421,675
5422,675
5423,425
5424,675
5425,675
5426,675
5427,-125
5428,625
5429,-127
5430,625
5431,573
5432,-75
5433,525
5434,575
5435,273
5436,673
5437,525
5438,575
5439,523
5440,-202
5441,625
5442,675
5443,571
5444,625
5445,675
5446,675
5447,575
5448,625
5449,-29
5450,625
5451,498
5452,-75
5453,-175
5454,-125
5455,673
5456,673
5457,-75
5458,573
5459,675
5460,571
5461,675
5462,673
5463,-179
5464,673
5465,575
5466,350
5467,625
5468,521
5469,425
5470,348
5471,-125
5472,-175
5473,671
5474,-125
5475,673
5476,548
5477,625
5478,623
5479,550
5480,-75
5481,600
5482,421
5483,344
5484,-125
5485,398
5486,675
5487,625
5488,675
5489,623
5490,673
5491,71
5492,575
5493,673
5494,-175
5495,-125
5496,675
5497,-125
5498,675
5499,671
5500,625
5501,675
5502,673
5503,-125
5504,675
5505,-77
5506,375
5507,625
5508,475
5509,421
5510,250
5511,675
5512,675
5513,675
5514,573
5515,625
5516,623
5517,-75
5518,625
5519,400
5520,675
5521,625
5522,675
5523,625
5524,621
5525,325
5526,575
5527,625
5528,621
5529,675
5530,575
5531,348
5532,-75
5533,-150
5534,623
5535,-125
5536,-77
5537,575
5538,673
5539,625
5540,625
5541,625
5542,575
5543,425
5544,621
5545,675
5546,673
5547,625
5548,625
5549,250
5550,425
5551,-75
5552,398
5553,-125
5554,575
5555,675
5556,625
5557,398
5558,625
5559,-302
5560,525
5561,675
5562,-77
5563,675
5564,-200
5565,575
5566,623
5567,675
5568,675
5569,-125
5570,-227
5571,625
5572,400
5573,625
5574,675
5575,-75
5576,621
5577,-77
5578,625
5579,673
5580,525
5581,625
5582,673
5583,300
5584,675
5585,675
5586,-125
5587,575
5588,675
5589,525
5590,-27
5591,675
5592,625
5593,671
5594,675
5595,450
5596,675
5597,-125
5598,425
5599,675
5600,425
5601,675
5602,-75
5603,675
5604,398
5605,673
5606,675
5607,-125
5608,573
5609,471
5610,-125
5611,423
5612,675
5613,575
5614,621
5615,-125
5616,675
5617,500
5618,621
5619,573
5620,571
5621,498
5622,675
5623,475
5624,675
5625,-179
5626,-100
5627,623
5628,373
5629,625
5630,-81
5631,625
5632,475
5633,550
5634,625
5635,425
5636,575
5637,675
5638,450
5639,-127
5640,525
5641,675
5642,623
5643,475
5644,-79
5645,575
5646,675
5647,573
5648,550
5649,-125
5650,298
5651,-125
5652,673
5653,675
5654,575
5655,-250
5656,625
5657,673
5658,-31
5659,625
5660,673
5661,550
5662,675
5663,498
5664,623
5665,-125
5666,-125
5667,-125
5668,475
5669,-125
5670,625
5671,-250
5672,675
5673,623
5674,425
5675,575
5676,623
5677,575
5678,-77
5679,-79
5680,675
5681,675
5682,-79
5683,675
5684,623
5685,323
5686,523
5687,250
5688,400
5689,398
5690,-27
5691,625
5692,673
5693,521
5694,625
5695,673
5696,550
5697,621
5698,675
5699,573
5700,625
5701,300
5702,-27
5703,-75
5704,675
5705,525
5706,550
5707,-100
5708,-75
5709,-75
5710,575
5711,675
5712,-75
5713,573
5714,625
5715,575
5716,575
5717,573
5718,675
5719,398
5720,625
5721,675
5722,621
5723,675
5724,625
5725,675
5726,575
5727,450
5728,-75
5729,675
5730,575
5731,348
5732,671
5733,675
5734,-27
5735,675
5736,673
5737,525
5738,573
5739,675
5740,-127
5741,-25
5742,575
5743,625
5744,625
5745,675
5746,625
5747,623
5748,675
5749,348
5750,-125
5751,525
5752,675
5753,348
5754,-129
5755,673
5756,398
5757,-125
5758,575
5759,350
5760,521
5761,625
5762,-329
5763,550
5764,-77
5765,-125
5766,-75
5767,625
5768,675
5769,-75
5770,621
5771,625
5772,421
5773,-75
5774,575
5775,398
5776,673
5777,621
5778,-125
5779,671
5780,675
5781,523
5782,675
5783,400
5784,-75
5785,625
5786,-125
5787,523
5788,-77
5789,673
5790,573
5791,375
5792,-125
5793,-29
5794,625
5795,-77
5796,-75
5797,675
5798,-200
5799,673
5800,623
5801,675
5802,625
5803,625
5804,623
5805,573
5806,475
5807,575
5808,673
5809,625
5810,-150
5811,625
5812,-25
5813,673
5814,575
5815,-25
5816,223
5817,348
5818,423
5819,625
5820,-77
5821,-75
5822,675
5823,-75
5824,496
5825,573
5826,675
5827,-77
5828,573
5829,573
5830,675
5831,675
5832,-175
5833,673
5834,673
5835,248
5836,173
5837,623
5838,-125
5839,475
5840,-25
5841,-25
5842,475
5843,675
5844,-75
5845,625
5846,573
5847,675
5848,623
5849,573
5850,675
5851,625
5852,675
5853,250
5854,625
5855,-127
5856,-77
5857,575
5858,-125
5859,475
5860,-125
5861,623
5862,-125
5863,675
5864,625
5865,675
5866,625
5867,671
5868,-75
5869,673
5870,675
5871,-75
5872,675
5873,675
5874,298
5875,675
5876,675
5877,523
5878,-25
5879,521
5880,-129
5881,675
5882,675
5883,575
5884,675
5885,523
5886,400
5887,625
5888,200
5889,673
5890,525
5891,675
5892,421
5893,575
5894,675
5895,575
5896,350
5897,625
5898,625
5899,-75
5900,-100
5901,625
5902,675
5903,675
5904,675
5905,625
5906,675
5907,625
5908,-127
5909,425
5910,-177
5911,-27
5912,400
5913,575
5914,-77
5915,575
5916,623
5917,675
5918,675
5919,525
5920,-125
5921,0
5922,675
5923,575
5924,675
5925,625
5926,675
5927,673
5928,-127
5929,673
5930,-127
5931,675
5932,-125
5933,571
5934,500
5935,-75
5936,675
5937,625
5938,675
5939,423
5940,398
5941,625
5942,621
5943,673
5944,575
5945,-25
5946,400
5947,-127
5948,573
5949,575
5950,675
5951,400
5952,673
5953,-125
5954,625
5955,548
5956,425
5957,375
5958,425
5959,675
5960,494
5961,525
5962,575
5963,669
5964,-77
5965,573
5966,-25
5967,623
5968,-200
5969,500
5970,675
5971,469
5972,373
5973,675
5974,400
5975,675
5976,-75
5977,-125
5978,598
5979,625
5980,473
5981,525
5982,675
5983,675
5984,-175
5985,675
5986,625
5987,425
5988,625
5989,673
5990,-129
5991,525
5992,-127
5993,-27
5994,625
5995,675
5996,575
5997,-77
5998,675
5999,548
6000,675
6001,475
6002,675
6003,625
6004,673
6005,673
6006,-75
6007,675
6008,675
6009,675
6010,348
6011,675
6012,421
6013,246
6014,525
6015,675
6016,675
6017,673
6018,675
6019,-125
6020,500
6021,675
6022,-75
6023,525
6024,673
6025,675
6026,-27
6027,625
6028,-200
6029,400
6030,675
6031,675
6032,375
6033,573
6034,675
6035,675
6036,425
6037,371
6038,-75
6039,-125
6040,575
6041,675
6042,673
6043,675
6044,-75
6045,675
6046,675
6047,675
6048,573
6049,625
6050,573
6051,625
6052,675
6053,525
6054,398
6055,675
6056,-125
6057,423
6058,625
6059,575
6060,675
6061,675
6062,275
6063,-75
6064,525
6065,625
6066,675
6067,673
6068,675
6069,523
6070,675
6071,375
6072,625
6073,625
6074,625
6075,621
6076,625
6077,475
6078,-77
6079,623
6080,623
6081,675
6082,625
6083,675
6084,675
6085,675
6086,675
6087,321
6088,625
6089,675
6090,325
6091,673
6092,675
6093,373
6094,573
6095,-4
6096,675
6097,623
6098,673
6099,625
6100,623
6101,673
6102,675
6103,625
6104,525
6105,673
6106,675
6107,423
6108,-75
6109,675
6110,575
6111,673
6112,673
6113,675
6114,521
6115,-75
6116,-125
6117,521
6118,673
6119,-125
6120,625
6121,675
6122,198
6123,625
6124,675
6125,425
6126,575
6127,625
6128,500
6129,675
6130,573
6131,525
6132,625
6133,675
6134,673
6135,621
6136,525
6137,675
6138,-200
6139,523
6140,625
6141,375
6142,673
6143,250
6144,425
6145,625
6146,-75
6147,625
6148,675
6149,573
6150,-75
6151,623
6152,673
6153,573
6154,400
6155,398
6156,475
6157,675
6158,448
6159,675
6160,673
6161,625
6162,450
6163,623
6164,675
6165,625
6166,675
6167,-127
6168,-77
6169,-75
6170,625
6171,-25
6172,348
6173,-25
6174,-125
6175,300
6176,675
6177,573
6178,523
6179,675
6180,675
6181,546
6182,625
6183,525
6184,575
6185,-25
6186,398
6187,573
6188,573
6189,-150
6190,525
6191,448
6192,675
6193,573
6194,575
6195,448
6196,623
6197,625
6198,-150
6199,621
6200,546
6201,500
6202,625
6203,675
6204,521
6205,-27
6206,625
6207,573
6208,571
6209,400
6210,625
6211,671
6212,-75
6213,675
6214,625
6215,675
6216,523
6217,-31
6218,323
6219,375
6220,496
6221,398
6222,625
6223,575
6224,625
6225,-227
6226,675
6227,673
6228,575
6229,675
6230,150
6231,673
6232,675
6233,675
6234,523
6235,575
6236,423
6237,325
6238,625
6239,325
6240,673
6241,675
6242,675
6243,675
6244,625
6245,550
6246,-75
6247,625
6248,625
6249,575
6250,-125
6251,523
6252,-125
6253,573
6254,-127
6255,675
6256,625
6257,625
6258,625
6259,573
6260,625
6261,-125
6262,671
6263,298
6264,675
6265,525
6266,-2
6267,319
6268,423
6269,619
6270,675
6271,623
6272,673
6273,-125
6274,-75
6275,-75
6276,525
6277,625
6278,673
6279,625
6280,-129
6281,675
6282,475
6283,571
6284,671
6285,675
6286,575
6287,675
6288,623
6289,625
6290,673
6291,525
6292,675
6293,675
6294,675
6295,623
6296,421
6297,675
6298,350
6299,-75
6300,375
6301,673
6302,673
6303,423
6304,575
6305,498
6306,675
6307,625
6308,425
6309,675
6310,675
6311,675
6312,673
6313,623
6314,300
6315,675
6316,575
6317,-129
6318,623
6319,571
6320,-175
6321,475
6322,398
6323,325
6324,675
6325,625
6326,675
6327,675
6328,-125
6329,675
6330,675
6331,-77
6332,625
6333,475
6334,675
6335,575
6336,625
6337,675
6338,575
6339,525
6340,525
6341,525
6342,-25
6343,675
6344,575
6345,-25
6346,675
6347,-27
6348,673
6349,-29
6350,675
6351,525
6352,625
6353,621
6354,673
6355,-25
6356,675
6357,275
6358,673
6359,575
6360,-127
6361,625
6362,423
6363,671
6364,-27
6365,-125
6366,675
6367,625
6368,675
6369,675
6370,625
6371,-75
6372,500
6373,675
6374,-152
6375,625
6376,-125
6377,623
6378,675
6379,525
6380,623
6381,-200
6382,-150
6383,-77
6384,-125
6385,-125
6386,71
6387,373
6388,621
6389,-75
6390,-4
6391,573
6392,525
6393,496
6394,-127
6395,673
6396,575
6397,625
6398,673
6399,575
6400,673
6401,-79
6402,625
6403,625
6404,673
6405,675
6406,-125
6407,625
6408,425
6409,625
6410,275
6411,-125
6412,-125
6413,-75
6414,523
6415,448
6416,475
6417,275
6418,525
6419,675
6420,-177
6421,425
6422,348
6423,575
6424,573
6425,523
6426,675
6427,-27
6428,623
6429,625
6430,673
6431,398
6432,523
6433,675
6434,525
6435,575
6436,473
6437,675
6438,625
6439,-75
6440,550
6441,-2
6442,-75
6443,675
6444,425
6445,100
6446,425
6447,473
6448,625
6449,350
6450,673
6451,625
6452,398
6453,575
6454,625
6455,-25
6456,-75
6457,-127
6458,625
6459,573
6460,675
6461,425
6462,575
6463,550
6464,675
6465,675
6466,675
6467,625
6468,425
6469,421
6470,425
6471,475
6472,-27
6473,623
6474,625
6475,569
6476,421
6477,575
6478,625
6479,-75
6480,625
6481,-125
6482,675
6483,-4
6484,-77
6485,-175
6486,625
6487,525
6488,473
6489,573
6490,-154
6491,675
6492,625
6493,-125
6494,-75
6495,673
6496,-52
6497,673
6498,625
6499,675
6500,-75
6501,623
6502,350
6503,625
6504,673
6505,575
6506,425
6507,525
6508,673
6509,625
6510,673
6511,-25
6512,548
6513,673
6514,675
6515,250
6516,625
6517,-75
6518,625
6519,-75
6520,-202
6521,675
6522,675
6523,-75
6524,625
6525,-150
6526,675
6527,-75
6528,675
6529,675
6530,525
6531,375
6532,-125
6533,625
6534,675
6535,525
6536,425
6537,675
6538,423
6539,675
6540,675
6541,400
6542,675
6543,675
6544,675
6545,675
6546,423
6547,675
6548,675
6549,675
6550,-175
6551,-200
6552,621
6553,575
6554,625
6555,571
6556,625
6557,623
6558,675
6559,675
6560,675
6561,550
6562,675
6563,675
6564,673
6565,675
6566,-125
6567,323
6568,525
6569,-125
6570,675
6571,625
6572,425
6573,675
6574,-75
6575,100
6576,625
6577,673
6578,675
6579,-75
6580,425
6581,675
6582,275
6583,473
6584,469
6585,625
6586,425
6587,625
6588,375
6589,625
6590,525
6591,275
6592,-125
6593,673
6594,200
6595,525
6596,673
6597,573
6598,575
6599,573
6600,325
6601,571
6602,625
6603,523
6604,-125
6605,525
6606,675
6607,-27
6608,575
6609,675
6610,623
6611,675
6612,-125
6613,373
6614,-325
6615,425
6616,575
6617,-79
6618,573
6619,623
6620,675
6621,675
6622,-225
6623,-75
6624,623
6625,573
6626,-127
6627,625
6628,625
6629,675
6630,-127
6631,619
6632,675
6633,600
6634,675
6635,369
6636,-27
6637,498
6638,673
6639,675
6640,-75
6641,-125
6642,-75
6643,673
6644,625
6645,623
6646,625
6647,625
6648,673
6649,475
6650,-127
6651,675
6652,-75
6653,-27
6654,-75
6655,625
6656,673
6657,673
6658,675
6659,-125
6660,575
6661,625
6662,573
6663,600
6664,150
6665,571
6666,671
6667,673
6668,575
6669,671
6670,675
6671,-81
6672,-200
6673,148
6674,-125
6675,675
6676,675
6677,-125
6678,673
6679,673
6680,473
6681,675
6682,525
6683,675
6684,625
6685,675
6686,675
6687,375
6688,673
6689,-127
6690,675
6691,623
6692,-125
6693,675
6694,-125
6695,350
6696,625
6697,-75
6698,625
6699,625
6700,475
6701,625
6702,675
6703,575
6704,475
6705,625
6706,575
6707,675
6708,423
6709,-125
6710,-52
6711,675
6712,598
6713,450
6714,523
6715,-75
6716,-75
6717,625
6718,621
6719,350
6720,675
6721,125
6722,421
6723,625
6724,475
6725,573
6726,575
6727,350
6728,675
6729,625
6730,523
6731,675
6732,525
6733,-125
6734,675
6735,675
6736,296
6737,625
6738,500
6739,675
6740,673
6741,675
6742,-125
6743,575
6744,625
6745,-125
6746,623
6747,623
6748,625
6749,675
6750,625
6751,619
6752,573
6753,673
6754,346
6755,425
6756,425
6757,-75
6758,675
6759,225
6760,675
6761,675
6762,675
6763,575
6764,325
6765,-75
6766,625
6767,350
6768,400
6769,575
6770,323
6771,400
6772,623
6773,-75
6774,625
6775,548
6776,675
6777,525
6778,323
6779,575
6780,375
6781,673
6782,325
6783,525
6784,673
6785,425
6786,-79
6787,-129
6788,675
6789,373
6790,675
6791,575
6792,400
6793,571
6794,623
6795,675
6796,623
6797,-152
6798,-75
6799,625
6800,-100
6801,-125
6802,-75
6803,546
6804,400
6805,625
6806,575
6807,625
6808,675
6809,-175
6810,675
6811,-25
6812,675
6813,675
6814,573
6815,-29
6816,573
6817,675
6818,623
6819,575
6820,-77
6821,525
6822,550
6823,150
6824,673
6825,425
6826,-125
6827,375
6828,475
6829,575
6830,575
6831,-75
6832,673
6833,625
6834,425
6835,523
6836,625
6837,625
6838,573
6839,675
6840,-27
6841,673
6842,-127
6843,625
6844,-25
6845,-31
6846,675
6847,-75
6848,-75
6849,623
6850,573
6851,525
6852,673
6853,675
6854,575
6855,400
6856,321
6857,621
6858,575
6859,550
6860,675
6861,525
6862,-127
6863,625
6864,525
6865,675
6866,673
6867,600
6868,-79
6869,148
6870,675
6871,-25
6872,571
6873,675
6874,-125
6875,-125
6876,575
6877,671
6878,675
6879,675
6880,625
6881,625
6882,323
6883,623
6884,625
6885,575
6886,475
6887,675
6888,-125
6889,675
6890,625
6891,673
6892,625
6893,625
6894,675
6895,-127
6896,675
6897,575
6898,675
6899,-150
6900,675
6901,-202
6902,625
6903,675
6904,423
6905,171
6906,573
6907,675
6908,523
6909,550
6910,425
6911,625
6912,-25
6913,-125
6914,-354
6915,675
6916,625
6917,575
6918,675
6919,-179
6920,675
6921,675
6922,-77
6923,625
6924,625
6925,625
6926,675
6927,675
6928,675
6929,525
6930,625
6931,575
6932,673
6933,223
6934,525
6935,423
6936,675
6937,-175
6938,-125
6939,425
6940,625
6941,-75
6942,625
6943,673
6944,675
6945,-25
6946,621
6947,575
6948,675
6949,675
6950,225
6951,625
6952,-77
6953,525
6954,625
6955,-125
6956,675
6957,-75
6958,625
6959,471
6960,325
6961,675
6962,423
6963,373
6964,-75
6965,475
6966,625
6967,-127
6968,475
6969,675
6970,325
6971,673
6972,675
6973,673
6974,675
6975,575
6976,675
6977,675
6978,-127
6979,675
6980,675
6981,625
6982,575
6983,400
6984,573
6985,675
6986,625
6987,673
6988,675
6989,675
6990,623
6991,575
6992,623
6993,625
6994,-27
6995,398
6996,425
6997,548
6998,621
6999,-125
7000,-77
7001,625
7002,-25
7003,350
7004,523
7005,675
7006,621
7007,550
7008,250
7009,675
7010,673
7011,0
7012,673
7013,673
7014,673
7015,575
7016,400
7017,575
7018,-75
7019,675
7020,573
7021,675
7022,575
7023,675
7024,-77
7025,-125
7026,300
7027,-77
7028,625
7029,669
7030,575
7031,675
7032,0
7033,675
7034,423
7035,675
7036,673
7037,625
7038,0
7039,675
7040,150
7041,623
7042,625
7043,625
7044,-125
7045,425
7046,623
7047,-125
7048,675
7049,-335
7050,625
7051,675
7052,675
7053,421
7054,550
7055,571
7056,671
7057,673
7058,548
7059,348
7060,625
7061,625
7062,623
7063,623
7064,475
7065,-127
7066,675
7067,-75
7068,675
7069,575
7070,-125
7071,625
7072,423
7073,-175
7074,550
7075,625
7076,673
7077,523
7078,675
7079,575
7080,625
7081,-125
7082,-77
7083,575
7084,-75
7085,-77
7086,575
7087,625
7088,675
7089,525
7090,625
7091,575
7092,425
7093,-129
7094,398
7095,625
7096,-77
7097,-27
7098,525
7099,673
7100,673
7101,675
7102,-125
7103,-127
7104,425
7105,421
7106,675
7107,675
7108,-27
7109,523
7110,675
7111,350
7112,675
7113,475
7114,275
7115,625
7116,525
7117,675
7118,623
7119,498
7120,573
7121,-125
7122,523
7123,521
7124,400
7125,673
7126,375
7127,625
7128,425
7129,475
7130,-127
7131,-302
7132,669
7133,575
7134,-129
7135,623
7136,523
7137,625
7138,573
7139,-75
7140,673
7141,625
7142,525
7143,673
7144,521
7145,623
7146,625
7147,298
7148,-77
7149,675
7150,-25
7151,425
7152,525
7153,675
7154,675
7155,-127
7156,675
7157,550
7158,548
7159,675
7160,-125
7161,623
7162,573
7163,675
7164,675
7165,625
7166,673
7167,675
7168,-75
7169,-77
7170,625
7171,575
7172,425
7173,675
7174,675
7175,675
7176,-125
7177,400
7178,625
7179,625
7180,625
7181,550
7182,-25
7183,398
7184,675
7185,-200
7186,498
7187,-27
7188,675
7189,675
7190,675
7191,675
7192,575
7193,675
7194,523
7195,625
7196,675
7197,-125
7198,550
7199,398
7200,675
7201,673
7202,350
7203,-125
7204,-77
7205,350
7206,625
7207,-127
7208,525
7209,623
7210,525
7211,523
7212,675
7213,623
7214,625
7215,575
7216,673
7217,621
7218,-75
7219,625
7220,200
7221,625
7222,623
7223,575
7224,-125
7225,675
7226,625
7227,425
7228,625
7229,525
7230,350
7231,-75
7232,625
7233,625
7234,675
7235,625
7236,523
7237,675
7238,-2
7239,500
7240,-125
7241,675
7242,675
7243,675
7244,675
7245,-75
7246,-175
7247,673
7248,623
7249,675
7250,673
7251,525
7252,673
7253,325
7254,675
7255,571
7256,625
7257,-75
7258,675
7259,575
7260,523
7261,671
7262,-75
7263,573
7264,573
7265,675
7266,625
7267,-27
7268,-29
7269,-77
7270,675
7271,-125
7272,-125
7273,575
7274,-125
7275,625
7276,548
7277,-75
7278,-75
7279,-175
7280,675
7281,-75
7282,-75
7283,375
7284,100
7285,-75
7286,675
7287,673
7288,675
7289,423
7290,325
7291,675
7292,375
7293,575
7294,571
7295,523
7296,523
7297,623
7298,-75
7299,675
7300,625
7301,671
7302,625
7303,675
7304,625
7305,498
7306,625
7307,-77
7308,-127
7309,575
7310,-125
7311,625
7312,-177
7313,673
7314,675
7315,625
7316,-33
7317,675
7318,-75
7319,550
7320,625
7321,348
7322,548
7323,-127
7324,-175
7325,400
7326,673
7327,400
7328,621
7329,625
7330,-125
7331,-275
7332,-75
7333,275
7334,675
7335,525
7336,550
7337,-125
7338,400
7339,625
7340,-75
7341,400
7342,-27
7343,621
7344,673
7345,571
7346,623
7347,400
7348,-125
7349,-125
7350,625
7351,-129
7352,-75
7353,625
7354,675
7355,625
7356,625
7357,425
7358,-25
7359,575
7360,350
7361,-125
7362,-27
7363,625
7364,675
7365,300
7366,-125
7367,675
7368,425
7369,675
7370,673
7371,-125
7372,675
7373,625
7374,425
7375,525
7376,623
7377,675
7378,-77
7379,675
7380,623
7381,396
7382,575
7383,275
7384,400
7385,619
7386,675
7387,573
7388,575
7389,625
7390,675
7391,625
7392,575
7393,-125
7394,-79
7395,625
7396,-125
7397,-127
7398,-75
7399,675
7400,625
7401,673
7402,425
7403,575
7404,573
7405,675
7406,-25
7407,-75
7408,625
7409,-25
7410,623
7411,523
7412,425
7413,425
7414,625
7415,623
7416,575
7417,625
7418,625
7419,675
7420,671
7421,625
7422,625
7423,375
7424,625
7425,675
7426,550
7427,675
7428,625
7429,625
7430,573
7431,-129
7432,425
7433,525
7434,-27
7435,375
7436,625
7437,675
7438,575
7439,623
7440,675
7441,150
7442,548
7443,-127
7444,623
7445,673
7446,425
7447,-127
7448,675
7449,675
7450,-227
7451,575
7452,625
7453,-181
7454,675
7455,550
7456,-75
7457,625
7458,675
7459,675
7460,625
7461,675
7462,623
7463,623
7464,623
7465,575
7466,625
7467,425
7468,625
7469,675
7470,400
7471,-75
7472,298
7473,575
7474,425
7475,673
7476,246
7477,621
7478,673
7479,673
7480,473
7481,525
7482,675
7483,673
7484,625
7485,-75
7486,-125
7487,675
7488,421
7489,625
7490,675
7491,-150
7492,525
7493,675
7494,-75
7495,675
7496,671
7497,623
7498,621
7499,675
7500,625
7501,625
7502,675
7503,575
7504,-177
7505,523
7506,675
7507,675
7508,675
7509,675
7510,575
7511,575
7512,446
7513,671
7514,-127
7515,350
7516,-125
7517,625
7518,398
7519,625
7520,475
7521,625
7522,673
7523,-75
7524,671
7525,-125
7526,-25
7527,-75
7528,373
7529,-75
7530,623
7531,675
7532,575
7533,-81
7534,675
7535,675
7536,-127
7537,623
7538,623
7539,673
7540,625
7541,573
7542,673
7543,425
7544,575
7545,350
7546,673
7547,625
7548,525
7549,575
7550,673
7551,575
7552,567
7553,525
7554,625
7555,675
7556,675
7557,673
7558,675
7559,425
7560,675
7561,623
7562,475
7563,575
7564,550
7565,-129
7566,675
7567,675
7568,448
7569,425
7570,623
7571,575
7572,625
7573,500
7574,-225
7575,425
7576,323
7577,423
7578,569
7579,-79
7580,400
7581,523
7582,675
7583,-175
7584,548
7585,475
7586,375
7587,675
7588,675
7589,-125
7590,675
7591,673
7592,625
7593,675
7594,625
7595,-27
7596,675
7597,673
7598,675
7599,-125
7600,675
7601,398
7602,425
7603,546
7604,-27
7605,675
7606,-29
7607,675
7608,-75
7609,-77
7610,625
7611,-75
7612,675
7613,625
7614,450
7615,198
7616,673
7617,625
7618,473
7619,575
7620,673
7621,625
7622,675
7623,673
7624,673
7625,575
7626,625
7627,575
7628,675
7629,475
7630,625
7631,673
7632,623
7633,425
7634,-75
7635,521
7636,575
7637,350
7638,-125
7639,673
7640,673
7641,-125
7642,525
7643,248
7644,275
7645,673
7646,671
7647,-125
7648,675
7649,446
7650,675
7651,675
7652,500
7653,-75
7654,575
7655,400
7656,250
7657,573
7658,-75
7659,675
7660,625
7661,-125
7662,-25
7663,-75
7664,573
7665,675
7666,-125
7667,675
7668,673
7669,675
7670,621
7671,-25
7672,173
7673,425
7674,623
7675,425
7676,475
7677,625
7678,575
7679,550
7680,673
7681,675
7682,550
7683,448
7684,675
7685,675
7686,673
7687,675
7688,675
7689,675
7690,-125
7691,-75
7692,675
7693,673
7694,625
7695,675
7696,673
7697,-127
7698,623
7699,625
7700,525
7701,673
7702,375
7703,375
7704,-125
7705,621
7706,625
7707,675
7708,-125
7709,675
7710,675
7711,575
7712,575
7713,675
7714,675
7715,675
7716,625
7717,625
7718,675
7719,671
7720,673
7721,523
7722,-175
7723,400
7724,675
7725,425
7726,675
7727,525
7728,375
7729,-25
7730,-25
7731,625
7732,675
7733,575
7734,-179
7735,-75
7736,-127
7737,675
7738,675
7739,521
7740,-125
7741,496
7742,673
7743,-125
7744,675
7745,625
7746,350
7747,573
7748,673
7749,425
7750,625
7751,673
7752,400
7753,-100
7754,346
7755,673
7756,348
7757,-75
7758,675
7759,548
7760,250
7761,675
7762,425
7763,673
7764,500
7765,-4
7766,675
7767,-77
7768,675
7769,675
7770,-77
7771,675
7772,675
7773,625
7774,675
7775,396
7776,621
7777,675
7778,-25
7779,575
7780,625
7781,-125
7782,625
7783,-75
7784,471
7785,625
7786,550
7787,400
7788,-125
7789,673
7790,675
7791,575
7792,-75
7793,625
7794,-125
7795,346
7796,350
7797,673
7798,675
7799,523
7800,625
7801,575
7802,421
7803,300
7804,675
7805,625
7806,275
7807,525
7808,525
7809,323
7810,625
7811,-25
7812,-125
7813,623
7814,625
7815,448
7816,-125
7817,575
7818,673
7819,475
7820,523
7821,525
7822,298
7823,625
7824,675
7825,675
7826,675
7827,675
7828,625
7829,425
7830,425
7831,675
7832,625
7833,675
7834,675
7835,575
7836,621
7837,625
7838,348
7839,675
7840,573
7841,571
7842,675
7843,625
7844,675
7845,625
7846,525
7847,-127
7848,-77
7849,-127
7850,675
7851,625
7852,675
7853,575
7854,623
7855,625
7856,675
7857,675
7858,675
7859,200
7860,675
7861,275
7862,571
7863,-200
7864,625
7865,-75
7866,-29
7867,423
7868,675
7869,575
7870,400
7871,-27
7872,675
7873,575
7874,575
7875,625
7876,525
7877,623
7878,625
7879,625
7880,-125
7881,675
7882,673
7883,623
7884,-25
7885,675
7886,573
7887,-75
7888,625
7889,675
7890,450
7891,250
7892,625
7893,550
7894,625
7895,625
7896,125
7897,-125
7898,-25
7899,675
7900,571
7901,-31
7902,675
7903,673
7904,673
7905,673
7906,-77
7907,625
7908,525
7909,-75
7910,571
7911,-125
7912,575
7913,671
7914,675
7915,675
7916,625
7917,625
7918,398
7919,575
7920,-104
7921,675
7922,675
7923,475
7924,-75
7925,400
7926,523
7927,625
7928,675
7929,675
7930,398
7931,625
7932,675
7933,673
7934,675
7935,-127
7936,-27
7937,623
7938,575
7939,673
7940,-125
7941,675
7942,625
7943,498
7944,-75
7945,248
7946,-127
7947,675
7948,525
7949,546
7950,675
7951,625
7952,621
7953,-29
7954,525
7955,675
7956,675
7957,675
7958,675
7959,-77
7960,373
7961,375
7962,-150
7963,-75
7964,625
7965,325
7966,623
7967,-127
7968,625
7969,500
7970,575
7971,675
7972,-75
7973,671
7974,-175
7975,425
7976,425
7977,-50
7978,671
7979,373
7980,625
7981,625
7982,473
7983,573
7984,-2
7985,621
7986,248
7987,675
7988,-50
7989,625
7990,675
7991,625
7992,350
7993,373
7994,625
7995,673
7996,450
7997,525
7998,-227
7999,-125
8000,500
8001,-75
8002,673
8003,625
8004,625
8005,0
8006,673
8007,625
8008,-175
8009,625
8010,475
8011,623
8012,675
8013,625
8014,575
8015,-75
8016,675
8017,675
8018,625
8019,625
8020,98
8021,675
8022,396
8023,675
8024,525
8025,425
8026,521
8027,625
8028,575
8029,-125
8030,675
8031,575
8032,-27
8033,673
8034,-79
8035,675
8036,425
8037,150
8038,673
8039,625
8040,400
8041,673
8042,573
8043,-100
8044,525
8045,575
8046,623
8047,350
8048,-75
8049,500
8050,675
8051,675
8052,625
8053,623
8054,673
8055,673
8056,150
8057,623
8058,-177
8059,-125
8060,675
8061,623
8062,673
8063,675
8064,675
8065,575
8066,-4
8067,675
8068,425
8069,525
8070,525
8071,523
8072,-75
8073,675
8074,675
8075,675
8076,673
8077,675
8078,575
8079,675
8080,675
8081,671
8082,675
8083,-50
8084,525
8085,373
8086,-125
8087,623
8088,625
8089,-202
8090,400
8091,675
8092,675
8093,525
8094,-125
8095,625
8096,525
8097,573
8098,573
8099,675
8100,623
8101,675
8102,625
8103,673
8104,-75
8105,675
8106,623
8107,-127
8108,625
8109,675
8110,625
8111,-225
8112,623
8113,425
8114,596
8115,398
8116,-104
8117,625
8118,346
8119,-125
8120,675
8121,500
8122,619
8123,625
8124,625
8125,550
8126,-75
8127,523
8128,-52
8129,675
8130,625
8131,675
8132,-177
8133,-75
8134,525
8135,625
8136,525
8137,675
8138,-75
8139,675
8140,375
8141,625
8142,675
8143,296
8144,375
8145,625
8146,675
8147,525
8148,673
8149,-25
8150,550
8151,-125
8152,-29
8153,296
8154,-77
8155,523
8156,571
8157,525
8158,675
8159,625
8160,673
8161,500
8162,569
8163,575
8164,675
8165,-127
8166,675
8167,625
8168,-27
8169,675
8170,675
8171,623
8172,-75
8173,675
8174,-125
8175,525
8176,621
8177,-125
8178,675
8179,623
8180,625
8181,575
8182,675
8183,-300
8184,375
8185,375
8186,573
8187,325
8188,671
8189,625
8190,625
8191,350
8192,569
8193,-127
8194,400
8195,-177
8196,-79
8197,625
8198,425
8199,625
8200,400
8201,448
8202,-125
8203,-177
8204,525
8205,523
8206,673
8207,675
8208,673
8209,625
8210,675
8211,525
8212,675
8213,-175
8214,-75
8215,675
8216,675
8217,675
8218,525
8219,444
8220,625
8221,325
8222,625
8223,275
8224,573
8225,625
8226,625
8227,-75
8228,375
8229,523
8230,-125
8231,625
8232,350
8233,673
8234,623
8235,623
8236,-25
8237,673
8238,625
8239,675
8240,673
8241,575
8242,248
8243,625
8244,625
8245,-75
8246,675
8247,675
8248,-127
8249,-181
8250,498
8251,425
8252,623
8253,675
8254,575
8255,623
8256,673
8257,675
8258,675
8259,575
8260,625
8261,675
8262,673
8263,625
8264,673
8265,425
8266,623
8267,673
8268,675
8269,575
8270,373
8271,475
8272,375
8273,623
8274,625
8275,523
8276,400
8277,296
8278,575
8279,250
8280,675
8281,675
8282,625
8283,-202
8284,621
8285,-75
8286,623
8287,-25
8288,298
8289,675
8290,500
8291,623
8292,571
8293,-125
8294,625
8295,471
8296,675
8297,625
8298,400
8299,575
8300,575
8301,575
8302,425
8303,623
8304,575
8305,-177
8306,625
8307,671
8308,523
8309,675
8310,623
8311,673
8312,675
8313,573
8314,675
8315,675
8316,-125
8317,-125
8318,675
8319,525
8320,523
8321,525
8322,671
8323,323
8324,-127
8325,-75
8326,-25
8327,573
8328,625
8329,675
8330,-75
8331,625
8332,550
8333,-200
8334,-125
8335,625
8336,371
8337,-75
8338,675
8339,400
8340,675
8341,625
8342,550
8343,225
8344,571
8345,675
8346,625
8347,500
8348,525
8349,275
8350,625
8351,-177
8352,-77
8353,-231
8354,675
8355,675
8356,569
8357,400
8358,-125
8359,675
8360,675
8361,675
8362,-252
8363,575
8364,675
8365,623
8366,675
8367,623
8368,144
8369,271
8370,473
8371,623
8372,425
8373,675
8374,621
8375,525
8376,675
8377,675
8378,675
8379,625
8380,325
8381,625
8382,673
8383,625
8384,473
8385,573
8386,300
8387,625
8388,548
8389,294
8390,575
8391,275
8392,675
8393,675
8394,675
8395,625
8396,575
8397,675
8398,475
8399,673
8400,425
8401,-125
8402,675
8403,525
8404,675
8405,-175
8406,-77
8407,575
8408,425
8409,625
8410,475
8411,625
8412,525
8413,525
8414,575
8415,-125
8416,625
8417,619
8418,390
8419,675
8420,675
8421,673
8422,573
8423,673
8424,475
8425,400
8426,673
8427,573
8428,-125
8429,625
8430,675
8431,625
8432,675
8433,675
8434,675
8435,673
8436,675
8437,398
8438,-125
8439,623
8440,575
8441,525
8442,-29
8443,-75
8444,673
8445,675
8446,-125
8447,-127
8448,673
8449,-77
8450,423
8451,-27
8452,575
8453,675
8454,575
8455,525
8456,673
8457,675
8458,673
8459,550
8460,673
8461,675
8462,625
8463,525
8464,673
8465,500
8466,525
8467,675
8468,675
8469,498
8470,523
8471,673
8472,675
8473,675
8474,-125
8475,625
8476,675
8477,675
8478,625
8479,471
8480,471
8481,625
8482,675
8483,-75
8484,517
8485,525
8486,621
8487,675
8488,675
8489,544
8490,575
8491,-27
8492,550
8493,525
8494,-75
8495,423
8496,523
8497,625
8498,-75
8499,675
8500,625
8501,446
8502,373
8503,675
8504,473
8505,421
8506,625
8507,-2
8508,625
8509,675
8510,675
8511,673
8512,675
8513,675
8514,675
8515,575
8516,498
8517,425
8518,525
8519,625
8520,673
8521,623
8522,-75
8523,675
8524,675
8525,623
8526,-77
8527,-25
8528,675
8529,-75
8530,475
8531,673
8532,-75
8533,-29
8534,625
8535,673
8536,675
8537,421
8538,675
8539,675
8540,625
8541,350
8542,-177
8543,625
8544,-104
8545,675
8546,500
8547,500
8548,625
8549,625
8550,-75
8551,-125
8552,473
8553,548
8554,621
8555,669
8556,575
8557,-100
8558,300
8559,375
8560,675
8561,-77
8562,248
8563,323
8564,673
8565,517
8566,675
8567,473
8568,-75
8569,675
8570,475
8571,623
8572,625
8573,675
8574,575
8575,675
8576,675
8577,675
8578,-77
8579,623
8580,423
8581,300
8582,625
8583,623
8584,296
8585,575
8586,-75
8587,625
8588,675
8589,450
8590,-25
8591,-27
8592,575
8593,673
8594,623
8595,675
8596,673
8597,375
8598,675
8599,675
8600,623
8601,675
8602,-75
8603,298
8604,-27
8605,473
8606,-77
8607,675
8608,-125
8609,675
8610,675
8611,400
8612,673
8613,498
8614,275
8615,400
8616,675
8617,-175
8618,575
8619,675
8620,573
8621,575
8622,675
8623,425
8624,550
8625,475
8626,-125
8627,548
8628,625
8629,148
8630,675
8631,675
8632,-77
8633,671
8634,625
8635,673
8636,625
8637,673
8638,675
8639,400
8640,675
8641,625
8642,675
8643,675
8644,250
8645,573
8646,675
8647,323
8648,671
8649,675
8650,625
8651,623
8652,300
8653,300
8654,675
8655,475
8656,450
8657,573
8658,-125
8659,671
8660,350
8661,-25
8662,-125
8663,523
8664,675
8665,675
8666,-29
8667,350
8668,575
8669,423
8670,575
8671,-225
8672,-77
8673,-75
8674,625
8675,475
8676,-125
8677,625
8678,-79
8679,-125
8680,573
8681,-25
8682,623
8683,300
8684,425
8685,575
8686,675
8687,-75
8688,675
8689,625
8690,675
8691,675
8692,350
8693,-75
8694,675
8695,623
8696,475
8697,675
8698,-175
8699,675
8700,675
8701,-125
8702,550
8703,675
8704,673
8705,-77
8706,250
8707,623
8708,523
8709,625
8710,-125
8711,575
8712,-77
8713,525
8714,-77
8715,625
8716,350
8717,-75
8718,569
8719,423
8720,675
8721,625
8722,675
8723,625
8724,596
8725,373
8726,175
8727,525
8728,675
8729,575
8730,673
8731,623
8732,625
8733,675
8734,673
8735,550
8736,675
8737,-27
8738,623
8739,525
8740,675
8741,625
8742,573
8743,621
8744,675
8745,350
8746,523
8747,673
8748,525
8749,525
8750,375
8751,625
8752,673
8753,-75
8754,575
8755,621
8756,675
8757,619
8758,398
8759,675
8760,-125
8761,625
8762,625
8763,400
8764,675
8765,675
8766,675
8767,625
8768,675
8769,425
8770,575
8771,675
8772,575
8773,-150
8774,675
8775,-125
8776,423
8777,675
8778,675
8779,-175
8780,-75
8781,625
8782,675
8783,-125
8784,573
8785,575
8786,-75
8787,625
8788,573
8789,675
8790,625
8791,-75
8792,625
8793,675
8794,625
8795,673
8796,573
8797,675
8798,625
8799,671
8800,298
8801,675
8802,625
8803,475
8804,471
8805,625
8806,675
8807,425
8808,625
8809,575
8810,575
8811,675
8812,675
8813,573
8814,623
8815,-75
8816,673
8817,675
8818,573
8819,675
8820,425
8821,-75
8822,625
8823,673
8824,675
8825,475
8826,498
8827,671
8828,675
8829,525
8830,625
8831,-27
8832,498
8833,673
8834,575
8835,625
8836,-125
8837,521
8838,525
8839,425
8840,623
8841,675
8842,550
8843,675
8844,673
8845,575
8846,-77
8847,275
8848,675
8849,425
8850,498
8851,673
8852,573
8853,575
8854,523
8855,675
8856,298
8857,625
8858,-75
8859,675
8860,625
8861,0
8862,675
8863,-75
8864,398
8865,575
8866,625
8867,673
8868,-125
8869,675
8870,671
8871,675
8872,575
8873,625
8874,675
8875,571
8876,-125
8877,625
8878,673
8879,25
8880,625
8881,625
8882,-175
8883,-75
8884,675
8885,-127
8886,-77
8887,-125
8888,673
8889,675
8890,275
8891,523
8892,-29
8893,425
8894,675
8895,675
8896,525
8897,625
8898,675
8899,525
8900,525
8901,475
8902,625
8903,425
8904,623
8905,-125
8906,621
8907,471
8908,369
8909,623
8910,625
8911,625
8912,621
8913,575
8914,675
8915,625
8916,625
8917,673
8918,573
8919,673
8920,625
8921,673
8922,-75
8923,623
8924,400
8925,625
8926,673
8927,325
8928,675
8929,425
8930,325
8931,623
8932,-354
8933,550
8934,623
8935,675
8936,-125
8937,625
8938,525
8939,675
8940,425
8941,675
8942,575
8943,625
8944,125
8945,75
8946,575
8947,673
8948,673
8949,525
8950,525
8951,675
8952,375
8953,625
8954,625
8955,-175
8956,-75
8957,675
8958,-125
8959,400
8960,473
8961,675
8962,423
8963,673
8964,-75
8965,673
8966,575
8967,525
8968,-75
8969,-75
8970,669
8971,673
8972,575
8973,475
8974,550
8975,548
8976,575
8977,471
8978,398
8979,625
8980,473
8981,675
8982,675
8983,525
8984,573
8985,-200
8986,-75
8987,350
8988,575
8989,550
8990,623
8991,300
8992,475
8993,-125
8994,575
8995,623
8996,625
8997,419
8998,675
8999,525
9000,675
9001,325
9002,675
9003,675
9004,23
9005,400
9006,573
9007,398
9008,675
9009,400
9010,400
9011,525
9012,175
9013,675
9014,675
9015,573
9016,675
9017,673
9018,-25
9019,673
9020,675
9021,-227
9022,500
9023,-125
9024,625
9025,-125
9026,-75
9027,573
9028,425
9029,-125
9030,623
9031,475
9032,673
9033,625
9034,623
9035,398
9036,625
9037,400
9038,675
9039,675
9040,425
9041,525
9042,575
9043,675
9044,425
9045,623
9046,625
9047,621
9048,375
9049,575
9050,625
9051,623
9052,675
9053,673
9054,498
9055,571
9056,-125
9057,400
9058,675
9059,675
9060,675
9061,573
9062,575
9063,373
9064,575
9065,625
9066,273
9067,-75
9068,623
9069,-75
9070,621
9071,575
9072,423
9073,675
9074,575
9075,421
9076,400
9077,675
9078,625
9079,-25
9080,675
9081,550
9082,625
9083,625
9084,625
9085,675
9086,-200
9087,625
9088,675
9089,-127
9090,223
9091,-177
9092,400
9093,625
9094,-27
9095,673
9096,373
9097,-177
9098,475
9099,625
9100,475
9101,525
9102,625
9103,675
9104,675
9105,-75
9106,375
9107,475
9108,623
9109,675
9110,675
9111,-125
9112,673
9113,475
9114,675
9115,675
9116,-129
9117,196
9118,373
9119,625
9120,675
9121,671
9122,675
9123,475
9124,400
9125,-75
9126,-125
9127,98
9128,675
9129,625
9130,675
9131,-29
9132,-75
9133,-125
9134,625
9135,571
9136,675
9137,-100
9138,569
9139,675
9140,-175
9141,625
9142,-75
9143,675
9144,623
9145,-125
9146,373
9147,475
9148,623
9149,496
9150,-125
9151,-75
9152,425
9153,425
9154,673
9155,425
9156,675
9157,575
9158,623
9159,625
9160,421
9161,575
9162,573
9163,421
9164,525
9165,625
9166,400
9167,-27
9168,400
9169,623
9170,675
9171,475
9172,398
9173,573
9174,-200
9175,-27
9176,675
9177,623
9178,425
9179,625
9180,625
9181,500
9182,-29
9183,675
9184,675
9185,625
9186,625
9187,-250
9188,575
9189,623
9190,473
9191,675
9192,-25
9193,675
9194,-27
9195,225
9196,675
9197,675
9198,275
9199,-27
9200,325
9201,475
9202,523
9203,575
9204,675
9205,-127
9206,675
9207,675
9208,623
9209,-125
9210,575
9211,-279
9212,623
9213,625
9214,525
9215,425
9216,525
9217,-27
9218,425
9219,-75
9220,-125
9221,625
9222,-156
9223,475
9224,673
9225,673
9226,675
9227,675
9228,-75
9229,475
9230,625
9231,625
9232,-75
9233,-27
9234,-125
9235,425
9236,425
9237,675
9238,525
9239,675
9240,623
9241,625
9242,675
9243,675
9244,-127
9245,623
9246,625
9247,623
9248,675
9249,400
9250,673
9251,423
9252,671
9253,675
9254,-75
9255,423
9256,-75
9257,523
9258,675
9259,475
9260,575
9261,-27
9262,-125
9263,673
9264,-75
9265,675
9266,423
9267,623
9268,675
9269,625
9270,675
9271,-25
9272,-75
9273,625
9274,675
9275,673
9276,575
9277,400
9278,675
9279,625
9280,675
9281,396
9282,675
9283,-75
9284,521
9285,400
9286,675
9287,675
9288,675
9289,673
9290,675
9291,521
9292,623
9293,675
9294,675
9295,525
9296,-75
9297,625
9298,621
9299,-75
9300,675
9301,625
9302,625
9303,600
9304,673
9305,425
9306,675
9307,523
9308,675
9309,675
9310,271
9311,225
9312,675
9313,625
9314,575
9315,425
9316,-125
9317,675
9318,525
9319,600
9320,675
9321,673
9322,575
9323,-75
9324,625
9325,675
9326,150
9327,375
9328,623
9329,675
9330,-31
9331,625
9332,673
9333,625
9334,-77
9335,475
9336,373
9337,673
9338,625
9339,-77
9340,573
9341,625
9342,-25
9343,375
9344,673
9345,575
9346,-200
9347,623
9348,675
9349,625
9350,498
9351,573
9352,625
9353,-75
9354,-125
9355,-25
9356,73
9357,525
9358,573
9359,-227
9360,575
9361,550
9362,425
9363,675
9364,675
9365,675
9366,550
9367,675
9368,575
9369,425
9370,675
9371,575
9372,573
9373,625
9374,525
9375,-75
9376,425
9377,675
9378,423
9379,675
9380,625
9381,400
9382,-177
9383,500
9384,675
9385,673
9386,-127
9387,-125
9388,623
9389,621
9390,575
9391,625
9392,675
9393,425
9394,375
9395,-200
9396,675
9397,575
9398,-225
9399,675
9400,350
9401,625
9402,321
9403,625
9404,625
9405,373
9406,500
9407,675
9408,473
9409,675
9410,675
9411,675
9412,675
9413,400
9414,621
9415,675
9416,675
9417,550
9418,625
9419,523
9420,625
9421,400
9422,621
9423,675
9424,675
9425,523
9426,-125
9427,240
9428,-125
9429,625
9430,675
9431,-75
9432,-25
9433,148
9434,675
9435,575
9436,575
9437,675
9438,625
9439,473
9440,675
9441,525
9442,575
9443,467
9444,375
9445,375
9446,625
9447,625
9448,525
9449,673
9450,675
9451,575
9452,675
9453,-75
9454,525
9455,675
9456,-75
9457,-125
9458,623
9459,-75
9460,471
9461,-125
9462,525
9463,625
9464,675
9465,575
9466,525
9467,-31
9468,-125
9469,625
9470,625
9471,675
9472,623
9473,371
9474,675
9475,675
9476,75
9477,525
9478,575
9479,548
9480,-75
9481,675
9482,446
9483,575
9484,625
9485,-75
9486,625
9487,21
9488,-175
9489,625
9490,675
9491,425
9492,-29
9493,675
9494,-75
9495,-50
9496,625
9497,675
9498,675
9499,548
9500,-127
9501,673
9502,675
9503,475
9504,473
9505,575
9506,675
9507,575
9508,425
9509,-29
9510,621
9511,-377
9512,623
9513,673
9514,425
9515,525
9516,675
9517,575
9518,675
9519,473
9520,400
9521,571
9522,675
9523,500
9524,-125
9525,623
9526,673
9527,625
9528,525
9529,600
9530,523
9531,625
9532,675
9533,623
9534,575
9535,625
9536,-125
9537,-50
9538,675
9539,675
9540,525
9541,475
9542,625
9543,425
9544,673
9545,675
9546,223
9547,625
9548,675
9549,623
9550,400
9551,673
9552,621
9553,565
9554,675
9555,-125
9556,350
9557,-50
9558,623
9559,675
9560,400
9561,675
9562,675
9563,475
9564,673
9565,-75
9566,675
9567,298
9568,400
9569,-50
9570,-175
9571,-75
9572,575
9573,673
9574,675
9575,675
9576,621
9577,623
9578,673
9579,675
9580,-177
9581,248
9582,375
9583,525
9584,473
9585,-125
9586,523
9587,425
9588,675
9589,675
9590,548
9591,375
9592,-35
9593,400
9594,623
9595,623
9596,-175
9597,675
9598,625
9599,525
9600,525
9601,425
9602,425
9603,675
9604,625
9605,-27
9606,675
9607,573
9608,673
9609,-125
9610,675
9611,575
9612,-25
9613,675
9614,675
9615,-25
9616,625
9617,-75
9618,625
9619,325
9620,673
9621,550
9622,673
9623,400
9624,621
9625,448
9626,675
9627,675
9628,396
9629,573
9630,675
9631,675
9632,571
9633,-75
9634,673
9635,-75
9636,525
9637,675
9638,548
9639,675
9640,675
9641,375
9642,675
9643,675
9644,675
9645,675
9646,675
9647,525
9648,675
9649,675
9650,525
9651,-75
9652,523
9653,573
9654,675
9655,475
9656,675
9657,525
9658,675
9659,675
9660,673
9661,625
9662,675
9663,523
9664,398
9665,375
9666,675
9667,625
9668,673
9669,350
9670,425
9671,-75
9672,675
9673,673
9674,675
9675,373
9676,275
9677,675
9678,675
9679,323
9680,573
9681,675
9682,675
9683,671
9684,671
9685,-175
9686,500
9687,323
9688,625
9689,675
9690,-125
9691,425
9692,625
9693,548
9694,-125
9695,-75
9696,673
9697,525
9698,625
9699,675
9700,675
9701,675
9702,525
9703,500
9704,625
9705,400
9706,-127
9707,-100
9708,575
9709,475
9710,500
9711,525
9712,-75
9713,675
9714,573
9715,673
9716,675
9717,675
9718,-75
9719,573
9720,625
9721,423
9722,473
9723,200
9724,571
9725,673
9726,673
9727,675
9728,-75
9729,675
9730,675
9731,-77
9732,625
9733,550
9734,675
9735,675
9736,575
9737,625
9738,473
9739,575
9740,675
9741,548
9742,673
9743,-127
9744,573
9745,-52
9746,673
9747,673
9748,-229
9749,675
9750,625
9751,525
9752,675
9753,321
9754,-125
9755,-54
9756,523
9757,671
9758,250
9759,-125
9760,675
9761,575
9762,300
9763,575
9764,150
9765,300
9766,675
9767,350
9768,-25
9769,498
9770,675
9771,625
9772,575
9773,375
9774,246
9775,625
9776,525
9777,425
9778,-75
9779,625
9780,525
9781,525
9782,673
9783,623
9784,446
9785,673
9786,-125
9787,425
9788,-77
9789,575
9790,625
9791,625
9792,675
9793,625
9794,675
9795,675
9796,625
9797,625
9798,673
9799,573
9800,673
9801,623
9802,475
9803,473
9804,-75
9805,425
9806,575
9807,675
9808,675
9809,623
9810,-77
9811,-125
9812,-125
9813,-25
9814,675
9815,625
9816,523
9817,513
9818,398
9819,675
9820,473
9821,325
9822,675
9823,573
9824,625
9825,571
9826,621
9827,625
9828,525
9829,625
9830,398
9831,675
9832,-125
9833,625
9834,500
9835,625
9836,675
9837,673
9838,100
9839,600
9840,625
9841,-77
9842,-75
9843,625
9844,471
9845,421
9846,-25
9847,675
9848,475
9849,625
9850,675
9851,675
9852,-127
9853,619
9854,625
9855,675
9856,375
9857,675
9858,669
9859,625
9860,675
9861,-75
9862,-125
9863,575
9864,575
9865,675
9866,-125
9867,-79
9868,675
9869,673
9870,625
9871,673
9872,-175
9873,473
9874,300
9875,-75
9876,625
9877,675
9878,575
9879,625
9880,675
9881,525
9882,-125
9883,675
9884,675
9885,625
9886,521
9887,-25
9888,675
9889,250
9890,571
9891,525
9892,250
9893,-50
9894,575
9895,75
9896,-200
9897,348
9898,675
9899,-79
9900,673
9901,550
9902,623
9903,-125
9904,-125
9905,573
9906,-29
9907,-125
9908,-125
9909,475
9910,675
9911,675
9912,-75
9913,675
9914,-175
9915,-125
9916,-77
9917,475
9918,-125
9919,473
9920,325
9921,675
9922,625
9923,250
9924,-200
9925,-125
9926,625
9927,498
9928,571
9929,400
9930,675
9931,673
9932,621
9933,423
9934,675
9935,525
9936,675
9937,398
9938,398
9939,-75
9940,-27
9941,446
9942,-75
9943,-204
9944,-75
9945,375
9946,625
9947,625
9948,673
9949,550
9950,675
9951,625
9952,-125
9953,346
9954,225
9955,675
9956,342
9957,675
9958,-75
9959,-75
9960,621
9961,573
9962,623
9963,675
9964,575
9965,675
9966,471
9967,675
9968,675
9969,625
9970,575
9971,425
9972,675
9973,571
9974,525
9975,673
9976,-125
9977,-75
9978,675
9979,675
9980,275
9981,621
9982,625
9983,673
9984,-125
9985,675
9986,-25
9987,296
9988,625
9989,473
9990,475
9991,548
9992,173
9993,623
9994,673
9995,-75
9996,523
9997,350
9998,475
9999,-225
10000,673
[[(4, 4), 0, -25], [(3, 4), 2, 50], [(3, 3), 2, 50], [(3, 2), 2, 250], [(3, 1), 0, 250], [(2, 1), 2, -25], [(2, 0), 0, -25], [(1, 0), 0, 150]]