1,-455
2,-270
3,-281
4,-520
5,-131
6,-399
7,-253
8,-397
9,-181
10,-308
11,-283
12,155
13,-129
14,-77
15,-154
16,-686
17,-200
18,-645
19,-397
20,-119
21,-197
22,-262
23,-195
24,-254
25,-335
26,-202
27,136
28,-254
29,-200
30,-179
31,-337
32,-27
33,-127
34,-210
35,209
36,-229
37,-227
38,-150
39,-295
40,-308
41,221
42,-245
43,-258
44,-206
45,-131
46,-125
47,-691
48,-202
49,-279
50,-314
51,-206
52,-254
53,-204
54,-252
55,513
56,-281
57,-179
58,-158
59,-206
60,-489
61,-229
62,-459
63,-206
64,-25
65,-689
66,-125
67,-554
68,-714
69,-225
70,-395
71,-304
72,-293
73,-385
74,325
75,321
76,-291
77,-254
78,-391
79,-907
80,-183
81,-368
82,9
83,-152
84,321
85,350
86,396
87,-1057
88,-202
89,-127
90,-162
91,446
92,-339
93,-231
94,-75
95,-131
96,240
97,-283
98,419
99,-304
100,-529
101,219
102,494
103,-125
104,-333
105,-289
106,-239
107,-177
108,-285
109,-75
110,-129
111,-120
112,-252
113,-510
114,-489
115,-125
116,-439
117,-229
118,-179
119,-200
120,-131
121,-429
122,-45
123,-77
124,-127
125,623
126,-29
127,-362
128,-202
129,-337
130,65
131,-165
132,-920
133,-208
134,-258
135,219
136,-343
137,-847
138,-127
139,511
140,-200
141,475
142,-131
143,286
144,-125
145,75
146,-332
147,146
148,-79
149,-85
150,-181
151,-125
152,-77
153,-691
154,-37
155,-177
156,-397
157,-114
158,-127
159,67
160,-353
161,511
162,240
163,-204
164,-310
165,-75
166,-139
167,-231
168,-177
169,-227
170,-131
171,-331
172,-208
173,-481
174,-127
175,-364
176,-464
177,-200
178,-202
179,-175
180,-139
181,125
182,-125
183,-177
184,-329
185,-283
186,-335
187,46
188,-139
189,315
190,-356
191,-175
192,-125
193,-125
194,-416
195,-154
196,236
197,525
198,-10
199,-154
200,-125
201,-151
202,-29
203,-250
204,161
205,144
206,38
207,-175
208,246
209,-168
210,-201
211,142
212,-131
213,-143
214,494
215,-256
216,-589
217,-147
218,-125
219,32
220,-350
221,-227
222,513
223,46
224,96
225,-129
226,-75
227,-177
228,621
229,248
230,-191
231,625
232,-231
233,194
234,67
235,-568
236,-177
237,-229
238,-333
239,-266
240,-4
241,286
242,-164
243,-227
244,242
245,146
246,-516
247,-125
248,-200
249,-252
250,-306
251,294
252,-231
253,-27
254,300
255,-516
256,-129
257,-331
258,121
259,548
260,-316
261,-183
262,219
263,471
264,373
265,-125
266,415
267,-125
268,-131
269,-33
270,-131
271,-162
272,-75
273,425
274,-200
275,-127
276,-175
277,296
278,213
279,40
280,-125
281,-429
282,373
283,-200
284,-200
285,-127
286,471
287,-329
288,23
289,-177
290,-237
291,63
292,-83
293,-185
294,-183
295,-29
296,-100
297,-279
298,-583
299,-95
300,-181
301,417
302,623
303,-377
304,-175
305,-200
306,-127
307,-106
308,417
309,-306
310,421
311,-175
312,-352
313,-229
314,340
315,321
316,-125
317,75
318,-75
319,-337
320,119
321,269
322,-139
323,469
324,223
325,-202
326,-6
327,-125
328,46
329,-175
330,-200
331,340
332,-216
333,-75
334,-200
335,-56
336,-31
337,-181
338,-360
339,263
340,-183
341,-233
342,-125
343,-181
344,350
345,98
346,96
347,-412
348,323
349,244
350,369
351,498
352,-154
353,-52
354,-179
355,-77
356,119
357,344
358,-152
359,675
360,-91
361,269
362,421
363,-135
364,94
365,-231
366,371
367,-237
368,-129
369,98
370,-27
371,-202
372,-200
373,269
374,-129
375,-77
376,65
377,-127
378,525
379,669
380,198
381,-125
382,471
383,-129
384,-131
385,200
386,-283
387,294
388,400
389,-125
390,296
391,275
392,619
393,-125
394,-183
395,-75
396,275
397,-175
398,213
399,417
400,-131
401,-85
402,-202
403,298
404,198
405,450
406,475
407,223
408,296
409,-127
410,598
411,469
412,-77
413,473
414,144
415,-135
416,-227
417,625
418,623
419,-75
420,671
421,-156
422,150
423,-125
424,625
425,-125
426,275
427,571
428,-252
429,-125
430,375
431,-75
432,623
433,-250
434,375
435,675
436,269
437,192
438,-150
439,525
440,473
441,400
442,675
443,-127
444,-125
445,48
446,475
447,-125
448,-102
449,671
450,-127
451,-229
452,-79
453,-8
454,569
455,213
456,500
457,-150
458,271
459,-381
460,344
461,575
462,267
463,525
464,375
465,475
466,-29
467,621
468,521
469,621
470,-283
471,-206
472,-177
473,525
474,-127
475,573
476,-225
477,-27
478,623
479,-254
480,575
481,417
482,573
483,525
484,523
485,-125
486,265
487,569
488,-300
489,-179
490,273
491,-202
492,325
493,673
494,-29
495,-127
496,471
497,-75
498,523
499,471
500,-150
501,300
502,-375
503,373
504,-127
505,525
506,-108
507,-152
508,525
509,317
510,271
511,-202
512,-125
513,525
514,521
515,-127
516,-177
517,-75
518,-75
519,-150
520,346
521,148
522,621
523,-177
524,675
525,425
526,148
527,344
528,521
529,-250
530,321
531,-177
532,296
533,569
534,567
535,-77
536,-177
537,200
538,-25
539,223
540,-75
541,-125
542,-56
543,675
544,425
545,-83
546,400
547,198
548,475
549,525
550,673
551,573
552,-177
553,-75
554,-406
555,-310
556,-81
557,248
558,-79
559,319
560,548
561,98
562,148
563,19
564,-31
565,-252
566,625
567,-206
568,675
569,-77
570,398
571,621
572,-227
573,-29
574,623
575,-131
576,223
577,675
578,394
579,225
580,425
581,325
582,475
583,398
584,-25
585,521
586,300
587,-79
588,-4
589,-125
590,525
591,475
592,521
593,575
594,671
595,398
596,-175
597,400
598,-175
599,-77
600,-81
601,346
602,575
603,625
604,473
605,273
606,-75
607,373
608,525
609,173
610,-125
611,-275
612,573
613,198
614,-531
615,469
616,-112
617,-133
618,573
619,621
620,-102
621,-125
622,-25
623,-160
624,350
625,121
626,321
627,625
628,321
629,544
630,673
631,-125
632,346
633,621
634,-175
635,675
636,-125
637,425
638,-400
639,-75
640,675
641,-102
642,523
643,173
644,225
645,298
646,415
647,-183
648,475
649,-200
650,73
651,323
652,525
653,673
654,-250
655,373
656,673
657,625
658,-127
659,673
660,675
661,325
662,548
663,623
664,-129
665,573
666,625
667,-127
668,-175
669,371
670,-175
671,198
672,-129
673,675
674,175
675,623
676,244
677,-125
678,523
679,-175
680,573
681,-2
682,423
683,675
684,373
685,-183
686,-75
687,400
688,525
689,523
690,325
691,625
692,675
693,-75
694,-200
695,-77
696,-202
697,625
698,423
699,625
700,675
701,471
702,-137
703,-125
704,-200
705,298
706,625
707,-50
708,575
709,675
710,325
711,575
712,-129
713,225
714,273
715,425
716,625
717,398
718,675
719,-75
720,623
721,321
722,475
723,-77
724,-306
725,548
726,150
727,525
728,544
729,25
730,423
731,348
732,394
733,350
734,423
735,675
736,523
737,423
738,-129
739,673
740,-127
741,-200
742,673
743,-77
744,675
745,-206
746,-125
747,673
748,519
749,525
750,-125
751,571
752,625
753,675
754,623
755,-200
756,675
757,296
758,475
759,375
760,675
761,-127
762,-125
763,521
764,-77
765,350
766,625
767,-127
768,-175
769,444
770,573
771,-25
772,523
773,-152
774,625
775,575
776,675
777,-75
778,671
779,625
780,-129
781,475
782,525
783,448
784,275
785,423
786,523
787,-75
788,521
789,471
790,248
791,521
792,673
793,625
794,25
795,423
796,669
797,675
798,423
799,625
800,525
801,571
802,619
803,675
804,525
805,673
806,373
807,675
808,675
809,623
810,-125
811,625
812,675
813,473
814,346
815,-75
816,575
817,425
818,425
819,675
820,575
821,673
822,550
823,423
824,573
825,-175
826,675
827,625
828,625
829,-79
830,-75
831,675
832,-25
833,250
834,398
835,675
836,575
837,373
838,575
839,675
840,623
841,623
842,198
843,271
844,-125
845,350
846,675
847,498
848,625
849,-127
850,550
851,425
852,619
853,-125
854,525
855,675
856,-150
857,173
858,625
859,275
860,675
861,371
862,-125
863,625
864,498
865,-75
866,-75
867,300
868,-229
869,225
870,-81
871,275
872,-127
873,373
874,350
875,625
876,150
877,667
878,275
879,-127
880,373
881,250
882,675
883,575
884,425
885,-125
886,625
887,-125
888,675
889,-75
890,673
891,525
892,-227
893,-125
894,575
895,550
896,675
897,625
898,575
899,523
900,-77
901,-27
902,-25
903,525
904,625
905,675
906,248
907,573
908,673
909,671
910,-177
911,325
912,-131
913,671
914,669
915,623
916,-125
917,675
918,521
919,623
920,498
921,-77
922,575
923,250
924,550
925,546
926,150
927,623
928,673
929,625
930,625
931,675
932,471
933,573
934,298
935,-125
936,471
937,-102
938,-77
939,575
940,625
941,425
942,223
943,625
944,675
945,675
946,-75
947,625
948,675
949,623
950,625
951,675
952,625
953,625
954,-79
955,375
956,625
957,623
958,675
959,523
960,-27
961,625
962,398
963,525
964,623
965,673
966,525
967,675
968,-125
969,673
970,398
971,623
972,-125
973,575
974,-75
975,375
976,375
977,-56
978,-125
979,675
980,246
981,675
982,623
983,625
984,673
985,673
986,675
987,-200
988,575
989,-27
990,375
991,-125
992,675
993,671
994,573
995,400
996,-125
997,275
998,675
999,550
1000,-125
1001,525
1002,-27
1003,575
1004,675
1005,623
1006,-27
1007,375
1008,475
1009,-200
1010,625
1011,-77
1012,675
1013,525
1014,598
1015,675
1016,-27
1017,671
1018,675
1019,-125
1020,475
1021,573
1022,346
1023,675
1024,625
1025,675
1026,625
1027,-200
1028,400
1029,675
1030,-127
1031,673
1032,675
1033,-77
1034,623
1035,498
1036,-75
1037,625
1038,475
1039,-133
1040,625
1041,673
1042,573
1043,-75
1044,675
1045,671
1046,625
1047,-27
1048,498
1049,625
1050,275
1051,675
1052,-77
1053,575
1054,675
1055,675
1056,675
1057,575
1058,448
1059,-29
1060,150
1061,571
1062,625
1063,425
1064,675
1065,523
1066,75
1067,-27
1068,675
1069,625
1070,448
1071,-127
1072,673
1073,523
1074,673
1075,-75
1076,275
1077,400
1078,-125
1079,-25
1080,-125
1081,375
1082,575
1083,-125
1084,523
1085,675
1086,675
1087,-27
1088,525
1089,675
1090,625
1091,398
1092,625
1093,575
1094,425
1095,425
1096,623
1097,675
1098,-79
1099,673
1100,625
1101,525
1102,671
1103,-125
1104,-177
1105,348
1106,523
1107,675
1108,-25
1109,550
1110,625
1111,-127
1112,673
1113,675
1114,-75
1115,671
1116,675
1117,625
1118,373
1119,-175
1120,350
1121,550
1122,575
1123,-127
1124,675
1125,550
1126,425
1127,675
1128,675
1129,625
1130,-75
1131,675
1132,675
1133,475
1134,625
1135,-25
1136,-175
1137,550
1138,498
1139,673
1140,625
1141,675
1142,425
1143,575
1144,375
1145,675
1146,350
1147,-29
1148,675
1149,-31
1150,573
1151,248
1152,675
1153,575
1154,-75
1155,675
1156,-125
1157,400
1158,-79
1159,675
1160,400
1161,625
1162,525
1163,-125
1164,373
1165,675
1166,-127
1167,675
1168,675
1169,625
1170,675
1171,625
1172,675
1173,671
1174,-27
1175,675
1176,675
1177,673
1178,625
1179,625
1180,-75
1181,-79
1182,675
1183,675
1184,475
1185,621
1186,0
1187,675
1188,575
1189,675
1190,-75
1191,625
1192,675
1193,625
1194,-77
1195,675
1196,625
1197,400
1198,625
1199,575
1200,525
1201,575
1202,667
1203,675
1204,625
1205,-127
1206,675
1207,675
1208,400
1209,623
1210,-77
1211,-202
1212,675
1213,625
1214,625
1215,625
1216,625
1217,619
1218,400
1219,25
1220,425
1221,625
1222,675
1223,625
1224,575
1225,-77
1226,575
1227,400
1228,673
1229,-200
1230,675
1231,475
1232,625
1233,673
1234,675
1235,625
1236,525
1237,-200
1238,-125
1239,675
1240,575
1241,623
1242,623
1243,425
1244,-25
1245,400
1246,673
1247,-125
1248,675
1249,625
1250,675
1251,573
1252,673
1253,675
1254,625
1255,625
1256,625
1257,575
1258,675
1259,625
1260,675
1261,575
1262,673
1263,525
1264,675
1265,625
1266,675
1267,550
1268,675
1269,625
1270,625
1271,673
1272,625
1273,525
1274,625
1275,-75
1276,475
1277,550
1278,573
1279,675
1280,300
1281,-200
1282,475
1283,675
1284,-125
1285,573
1286,375
1287,625
1288,517
1289,521
1290,573
1291,525
1292,525
1293,-177
1294,425
1295,325
1296,-77
1297,-25
1298,423
1299,675
1300,523
1301,-125
1302,473
1303,575
1304,-75
1305,675
1306,-77
1307,625
1308,625
1309,523
1310,673
1311,675
1312,-75
1313,675
1314,-125
1315,675
1316,675
1317,623
1318,623
1319,473
1320,473
1321,675
1322,400
1323,-29
1324,100
1325,400
1326,544
1327,675
1328,623
1329,625
1330,525
1331,623
1332,675
1333,250
1334,673
1335,425
1336,623
1337,-75
1338,575
1339,-125
1340,525
1341,425
1342,-77
1343,-27
1344,675
1345,348
1346,-75
1347,550
1348,575
1349,625
1350,540
1351,675
1352,-75
1353,-75
1354,625
1355,673
1356,573
1357,625
1358,675
1359,575
1360,625
1361,423
1362,525
1363,675
1364,523
1365,623
1366,-27
1367,550
1368,675
1369,675
1370,-75
1371,673
1372,625
1373,675
1374,625
1375,100
1376,-75
1377,525
1378,525
1379,425
1380,673
1381,675
1382,675
1383,-75
1384,548
1385,625
1386,625
1387,317
1388,325
1389,625
1390,573
1391,-27
1392,675
1393,675
1394,675
1395,575
1396,575
1397,-125
1398,621
1399,675
1400,625
1401,-177
1402,-102
1403,623
1404,675
1405,-77
1406,675
1407,675
1408,425
1409,675
1410,669
1411,625
1412,625
1413,625
1414,425
1415,573
1416,675
1417,423
1418,398
1419,675
1420,675
1421,525
1422,675
1423,625
1424,625
1425,625
1426,675
1427,625
1428,625
1429,525
1430,575
1431,500
1432,423
1433,675
1434,625
1435,675
1436,375
1437,675
1438,673
1439,575
1440,625
1441,375
1442,673
1443,523
1444,625
1445,625
1446,575
1447,673
1448,375
1449,625
1450,425
1451,625
1452,573
1453,525
1454,675
1455,675
1456,675
1457,673
1458,575
1459,550
1460,-75
1461,325
1462,425
1463,300
1464,575
1465,-125
1466,-77
1467,675
1468,625
1469,-125
1470,671
1471,675
1472,673
1473,625
1474,675
1475,675
1476,675
1477,675
1478,625
1479,573
1480,675
1481,675
1482,575
1483,673
1484,575
1485,625
1486,675
1487,675
1488,625
1489,675
1490,625
1491,675
1492,575
1493,675
1494,675
1495,675
1496,525
1497,625
1498,-25
1499,475
1500,675
1501,475
1502,675
1503,398
1504,673
1505,350
1506,-75
1507,675
1508,496
1509,-27
1510,548
1511,675
1512,675
1513,-177
1514,675
1515,675
1516,373
1517,623
1518,575
1519,-75
1520,-77
1521,-200
1522,625
1523,-25
1524,-127
1525,675
1526,675
1527,625
1528,-125
1529,573
1530,675
1531,-177
1532,625
1533,523
1534,625
1535,675
1536,-125
1537,625
1538,673
1539,675
1540,575
1541,623
1542,625
1543,675
1544,623
1545,475
1546,675
1547,475
1548,675
1549,425
1550,625
1551,-27
1552,550
1553,573
1554,-125
1555,625
1556,625
1557,625
1558,525
1559,575
1560,675
1561,673
1562,523
1563,400
1564,523
1565,575
1566,-131
1567,675
1568,673
1569,-125
1570,623
1571,625
1572,325
1573,523
1574,625
1575,500
1576,675
1577,625
1578,675
1579,-25
1580,625
1581,625
1582,675
1583,625
1584,550
1585,525
1586,-227
1587,550
1588,-75
1589,623
1590,-27
1591,573
1592,623
1593,673
1594,625
1595,423
1596,625
1597,523
1598,400
1599,225
1600,-125
1601,-75
1602,-50
1603,150
1604,675
1605,623
1606,373
1607,675
1608,-79
1609,500
1610,675
1611,348
1612,475
1613,-75
1614,623
1615,675
1616,675
1617,521
1618,550
1619,675
1620,623
1621,675
1622,621
1623,623
1624,625
1625,-75
1626,-75
1627,350
1628,-125
1629,400
1630,-77
1631,425
1632,575
1633,573
1634,675
1635,425
1636,675
1637,623
1638,625
1639,675
1640,625
1641,675
1642,675
1643,675
1644,500
1645,675
1646,675
1647,575
1648,675
1649,523
1650,623
1651,621
1652,575
1653,623
1654,-125
1655,675
1656,-125
1657,675
1658,675
1659,675
1660,-75
1661,573
1662,573
1663,675
1664,575
1665,623
1666,523
1667,-129
1668,625
1669,625
1670,621
1671,625
1672,573
1673,475
1674,575
1675,673
1676,-77
1677,575
1678,525
1679,148
1680,548
1681,-227
1682,625
1683,673
1684,-125
1685,200
1686,675
1687,675
1688,375
1689,675
1690,673
1691,625
1692,-175
1693,525
1694,675
1695,425
1696,521
1697,675
1698,573
1699,523
1700,-75
1701,675
1702,625
1703,675
1704,-27
1705,-125
1706,673
1707,673
1708,-77
1709,625
1710,675
1711,625
1712,623
1713,623
1714,675
1715,675
1716,-75
1717,575
1718,673
1719,675
1720,675
1721,675
1722,625
1723,625
1724,-177
1725,625
1726,525
1727,675
1728,621
1729,673
1730,673
1731,425
1732,623
1733,675
1734,473
1735,675
1736,675
1737,525
1738,400
1739,475
1740,525
1741,625
1742,575
1743,475
1744,-150
1745,675
1746,675
1747,623
1748,675
1749,425
1750,675
1751,546
1752,-75
1753,375
1754,673
1755,625
1756,-75
1757,673
1758,325
1759,623
1760,625
1761,573
1762,423
1763,675
1764,675
1765,475
1766,550
1767,548
1768,623
1769,573
1770,-125
1771,623
1772,675
1773,675
1774,625
1775,523
1776,625
1777,375
1778,396
1779,-27
1780,575
1781,575
1782,675
1783,575
1784,573
1785,-200
1786,325
1787,367
1788,348
1789,573
1790,-127
1791,223
1792,625
1793,675
1794,-75
1795,525
1796,550
1797,-202
1798,675
1799,373
1800,150
1801,400
1802,-125
1803,673
1804,623
1805,625
1806,673
1807,625
1808,-27
1809,673
1810,-27
1811,398
1812,675
1813,-125
1814,673
1815,675
1816,675
1817,623
1818,673
1819,-77
1820,625
1821,-125
1822,498
1823,-27
1824,-125
1825,525
1826,625
1827,623
1828,525
1829,475
1830,-75
1831,675
1832,475
1833,398
1834,671
1835,575
1836,675
1837,675
1838,675
1839,250
1840,573
1841,675
1842,423
1843,675
1844,-177
1845,673
1846,573
1847,-125
1848,-25
1849,573
1850,675
1851,623
1852,150
1853,-125
1854,625
1855,500
1856,675
1857,675
1858,573
1859,398
1860,-27
1861,575
1862,675
1863,-75
1864,521
1865,-125
1866,625
1867,675
1868,-175
1869,375
1870,-27
1871,623
1872,675
1873,673
1874,523
1875,475
1876,575
1877,675
1878,673
1879,423
1880,575
1881,-175
1882,-125
1883,500
1884,296
1885,550
1886,675
1887,673
1888,425
1889,575
1890,-75
1891,573
1892,475
1893,225
1894,675
1895,-125
1896,625
1897,-27
1898,575
1899,621
1900,523
1901,-125
1902,575
1903,675
1904,625
1905,-127
1906,-125
1907,-75
1908,521
1909,675
1910,-27
1911,675
1912,0
1913,575
1914,425
1915,575
1916,375
1917,150
1918,625
1919,623
1920,675
1921,525
1922,-27
1923,675
1924,575
1925,675
1926,-75
1927,423
1928,623
1929,-125
1930,673
1931,575
1932,675
1933,-75
1934,473
1935,675
1936,-77
1937,675
1938,675
1939,-125
1940,425
1941,575
1942,675
1943,675
1944,519
1945,625
1946,625
1947,323
1948,673
1949,625
1950,150
1951,625
1952,-27
1953,96
1954,400
1955,-29
1956,475
1957,675
1958,673
1959,-125
1960,675
1961,323
1962,223
1963,623
1964,675
1965,673
1966,625
1967,450
1968,675
1969,573
1970,575
1971,525
1972,575
1973,625
1974,625
1975,625
1976,625
1977,519
1978,475
1979,523
1980,673
1981,448
1982,-25
1983,575
1984,625
1985,675
1986,523
1987,571
1988,625
1989,298
1990,400
1991,675
1992,675
1993,-129
1994,675
1995,675
1996,675
1997,623
1998,425
1999,350
2000,425
2001,550
2002,673
2003,619
2004,-100
2005,673
2006,575
2007,673
2008,548
2009,625
2010,675
2011,575
2012,471
2013,525
2014,675
2015,675
2016,-25
2017,675
2018,625
2019,250
2020,675
2021,-125
2022,246
2023,673
2024,625
2025,625
2026,675
2027,525
2028,600
2029,623
2030,625
2031,675
2032,523
2033,325
2034,675
2035,675
2036,573
2037,375
2038,675
2039,675
2040,575
2041,625
2042,-75
2043,673
2044,673
2045,675
2046,621
2047,675
2048,625
2049,675
2050,296
2051,675
2052,625
2053,525
2054,-125
2055,623
2056,523
2057,675
2058,346
2059,625
2060,-77
2061,675
2062,575
2063,-125
2064,-25
2065,475
2066,625
2067,675
2068,573
2069,625
2070,-127
2071,523
2072,525
2073,625
2074,523
2075,623
2076,-125
2077,425
2078,550
2079,675
2080,675
2081,675
2082,675
2083,675
2084,675
2085,675
2086,525
2087,-125
2088,675
2089,575
2090,475
2091,425
2092,550
2093,675
2094,675
2095,675
2096,398
2097,575
2098,625
2099,675
2100,575
2101,-77
2102,675
2103,521
2104,-75
2105,573
2106,471
2107,673
2108,673
2109,625
2110,521
2111,223
2112,400
2113,-200
2114,625
2115,-77
2116,623
2117,-227
2118,623
2119,625
2120,675
2121,500
2122,675
2123,673
2124,673
2125,575
2126,675
2127,473
2128,571
2129,675
2130,673
2131,-75
2132,-175
2133,342
2134,625
2135,575
2136,673
2137,675
2138,-27
2139,-125
2140,-75
2141,675
2142,-125
2143,675
2144,525
2145,375
2146,400
2147,675
2148,425
2149,675
2150,675
2151,675
2152,575
2153,-179
2154,675
2155,473
2156,575
2157,625
2158,573
2159,623
2160,-125
2161,673
2162,673
2163,623
2164,-77
2165,-125
2166,675
2167,475
2168,573
2169,425
2170,675
2171,-75
2172,675
2173,675
2174,425
2175,675
2176,621
2177,-27
2178,675
2179,425
2180,675
2181,675
2182,625
2183,344
2184,550
2185,521
2186,675
2187,625
2188,675
2189,575
2190,550
2191,-75
2192,675
2193,625
2194,-102
2195,0
2196,673
2197,598
2198,375
2199,575
2200,475
2201,673
2202,-127
2203,275
2204,675
2205,673
2206,673
2207,673
2208,525
2209,625
2210,-27
2211,675
2212,623
2213,675
2214,498
2215,-27
2216,425
2217,-129
2218,-125
2219,-125
2220,675
2221,675
2222,625
2223,575
2224,73
2225,500
2226,25
2227,675
2228,625
2229,673
2230,346
2231,675
2232,425
2233,571
2234,500
2235,-127
2236,675
2237,475
2238,100
2239,675
2240,673
2241,-125
2242,575
2243,673
2244,-125
2245,525
2246,623
2247,623
2248,548
2249,150
2250,625
2251,525
2252,625
2253,675
2254,675
2255,675
2256,-125
2257,623
2258,673
2259,350
2260,575
2261,575
2262,425
2263,400
2264,75
2265,625
2266,625
2267,669
2268,525
2269,-125
2270,625
2271,-25
2272,575
2273,575
2274,625
2275,675
2276,675
2277,-75
2278,575
2279,425
2280,471
2281,625
2282,448
2283,573
2284,500
2285,675
2286,623
2287,675
2288,575
2289,675
2290,623
2291,525
2292,623
2293,250
2294,400
2295,225
2296,571
2297,550
2298,675
2299,623
2300,375
2301,675
2302,323
2303,-75
2304,396
2305,625
2306,398
2307,350
2308,473
2309,375
2310,275
2311,573
2312,550
2313,675
2314,475
2315,675
2316,671
2317,525
2318,475
2319,-177
2320,375
2321,575
2322,675
2323,573
2324,675
2325,623
2326,675
2327,-175
2328,475
2329,-125
2330,325
2331,-125
2332,-27
2333,-77
2334,675
2335,467
2336,-77
2337,573
2338,623
2339,571
2340,623
2341,623
2342,-29
2343,673
2344,423
2345,-75
2346,675
2347,421
2348,675
2349,625
2350,675
2351,-77
2352,673
2353,350
2354,625
2355,350
2356,625
2357,521
2358,371
2359,625
2360,625
2361,525
2362,675
2363,575
2364,675
2365,575
2366,673
2367,375
2368,550
2369,625
2370,675
2371,498
2372,621
2373,-125
2374,-225
2375,625
2376,398
2377,625
2378,619
2379,-175
2380,525
2381,-125
2382,625
2383,675
2384,573
2385,475
2386,673
2387,-125
2388,673
2389,-125
2390,-125
2391,425
2392,348
2393,475
2394,675
2395,625
2396,621
2397,-125
2398,500
2399,394
2400,675
2401,525
2402,675
2403,498
2404,-25
2405,542
2406,373
2407,675
2408,550
2409,-100
2410,-125
2411,673
2412,673
2413,675
2414,675
2415,523
2416,675
2417,575
2418,0
2419,625
2420,625
2421,625
2422,-102
2423,675
2424,375
2425,675
2426,675
2427,-125
2428,525
2429,625
2430,573
2431,673
2432,669
2433,625
2434,675
2435,675
2436,675
2437,350
2438,675
2439,675
2440,625
2441,675
2442,-129
2443,350
2444,573
2445,675
2446,675
2447,675
2448,525
2449,550
2450,575
2451,623
2452,-202
2453,625
2454,-75
2455,675
2456,325
2457,-125
2458,625
2459,675
2460,-125
2461,-79
2462,523
2463,575
2464,475
2465,675
2466,625
2467,675
2468,623
2469,575
2470,575
2471,625
2472,623
2473,298
2474,-75
2475,675
2476,-75
2477,-127
2478,546
2479,375
2480,673
2481,-177
2482,623
2483,-75
2484,525
2485,675
2486,575
2487,525
2488,325
2489,675
2490,625
2491,423
2492,-52
2493,425
2494,573
2495,621
2496,-125
2497,-125
2498,573
2499,675
2500,525
2501,-175
2502,-125
2503,675
2504,400
2505,673
2506,-25
2507,525
2508,675
2509,675
2510,-79
2511,-27
2512,673
2513,-100
2514,623
2515,548
2516,300
2517,673
2518,575
2519,-177
2520,423
2521,625
2522,675
2523,475
2524,-177
2525,-77
2526,300
2527,623
2528,400
2529,675
2530,525
2531,675
2532,-83
2533,400
2534,675
2535,-127
2536,625
2537,675
2538,400
2539,425
2540,425
2541,673
2542,675
2543,573
2544,150
2545,675
2546,573
2547,525
2548,400
2549,625
2550,623
2551,575
2552,-25
2553,675
2554,675
2555,325
2556,71
2557,625
2558,625
2559,-27
2560,375
2561,473
2562,550
2563,575
2564,675
2565,400
2566,573
2567,671
2568,675
2569,673
2570,625
2571,625
2572,-75
2573,673
2574,675
2575,-125
2576,-27
2577,625
2578,625
2579,675
2580,-25
2581,625
2582,300
2583,675
2584,523
2585,550
2586,-52
2587,625
2588,675
2589,673
2590,-125
2591,-125
2592,625
2593,-75
2594,400
2595,373
2596,675
2597,675
2598,625
2599,675
2600,521
2601,673
2602,673
2603,575
2604,675
2605,475
2606,-25
2607,673
2608,675
2609,425
2610,625
2611,-179
2612,675
2613,675
2614,575
2615,625
2616,675
2617,525
2618,675
2619,675
2620,-125
2621,473
2622,675
2623,400
2624,623
2625,675
2626,625
2627,675
2628,-125
2629,625
2630,-29
2631,675
2632,521
2633,625
2634,-125
2635,-75
2636,623
2637,625
2638,548
2639,625
2640,-77
2641,625
2642,675
2643,675
2644,-125
2645,575
2646,675
2647,675
2648,150
2649,675
2650,675
2651,623
2652,300
2653,625
2654,675
2655,575
2656,550
2657,673
2658,525
2659,625
2660,675
2661,325
2662,400
2663,675
2664,675
2665,675
2666,-75
2667,575
2668,573
2669,146
2670,-77
2671,-75
2672,675
2673,421
2674,623
2675,373
2676,573
2677,675
2678,475
2679,675
2680,400
2681,525
2682,575
2683,625
2684,-25
2685,673
2686,525
2687,675
2688,625
2689,625
2690,621
2691,675
2692,375
2693,148
2694,325
2695,623
2696,-77
2697,350
2698,-127
2699,623
2700,621
2701,675
2702,550
2703,-75
2704,169
2705,625
2706,-125
2707,675
2708,675
2709,625
2710,625
2711,575
2712,300
2713,225
2714,623
2715,548
2716,675
2717,525
2718,-75
2719,425
2720,675
2721,-75
2722,575
2723,398
2724,625
2725,673
2726,625
2727,521
2728,625
2729,675
2730,675
2731,623
2732,625
2733,425
2734,675
2735,523
2736,625
2737,425
2738,675
2739,298
2740,625
2741,625
2742,625
2743,671
2744,475
2745,675
2746,675
2747,675
2748,575
2749,-125
2750,673
2751,450
2752,573
2753,625
2754,675
2755,623
2756,675
2757,550
2758,425
2759,625
2760,475
2761,625
2762,673
2763,625
2764,671
2765,550
2766,625
2767,-75
2768,673
2769,623
2770,-75
2771,500
2772,675
2773,-125
2774,350
2775,525
2776,425
2777,675
2778,-75
2779,623
2780,573
2781,525
2782,675
2783,621
2784,473
2785,425
2786,573
2787,525
2788,625
2789,-125
2790,-75
2791,-100
2792,475
2793,573
2794,-125
2795,623
2796,675
2797,575
2798,73
2799,625
2800,525
2801,675
2802,625
2803,-75
2804,673
2805,675
2806,523
2807,575
2808,125
2809,675
2810,625
2811,675
2812,675
2813,625
2814,625
2815,525
2816,625
2817,525
2818,550
2819,625
2820,625
2821,673
2822,550
2823,625
2824,675
2825,625
2826,350
2827,-125
2828,573
2829,-25
2830,571
2831,-129
2832,550
2833,623
2834,-175
2835,523
2836,425
2837,621
2838,673
2839,371
2840,625
2841,-27
2842,675
2843,675
2844,521
2845,675
2846,348
2847,625
2848,673
2849,625
2850,-77
2851,675
2852,550
2853,425
2854,475
2855,548
2856,-125
2857,475
2858,-125
2859,523
2860,625
2861,-125
2862,675
2863,498
2864,575
2865,625
2866,-75
2867,675
2868,675
2869,373
2870,671
2871,675
2872,550
2873,475
2874,-77
2875,475
2876,675
2877,525
2878,675
2879,-27
2880,469
2881,425
2882,-175
2883,675
2884,675
2885,623
2886,673
2887,675
2888,-127
2889,525
2890,-77
2891,675
2892,675
2893,675
2894,675
2895,625
2896,675
2897,-100
2898,375
2899,-229
2900,-77
2901,400
2902,423
2903,-54
2904,675
2905,625
2906,571
2907,475
2908,575
2909,675
2910,623
2911,423
2912,375
2913,425
2914,675
2915,523
2916,575
2917,548
2918,673
2919,325
2920,621
2921,575
2922,325
2923,525
2924,350
2925,-125
2926,375
2927,425
2928,425
2929,-75
2930,623
2931,573
2932,675
2933,150
2934,148
2935,673
2936,625
2937,-27
2938,623
2939,675
2940,673
2941,673
2942,625
2943,-79
2944,-125
2945,575
2946,625
2947,575
2948,475
2949,625
2950,-125
2951,675
2952,525
2953,573
2954,498
2955,575
2956,300
2957,673
2958,625
2959,425
2960,575
2961,-75
2962,425
2963,-25
2964,623
2965,-125
2966,-75
2967,625
2968,0
2969,575
2970,425
2971,473
2972,425
2973,623
2974,-231
2975,625
2976,575
2977,573
2978,-100
2979,-125
2980,150
2981,673
2982,675
2983,675
2984,625
2985,673
2986,625
2987,525
2988,673
2989,623
2990,625
2991,425
2992,475
2993,-2
2994,673
2995,673
2996,675
2997,-125
2998,675
2999,548
3000,-75
3001,550
3002,548
3003,675
3004,673
3005,575
3006,575
3007,-129
3008,400
3009,573
3010,625
3011,675
3012,521
3013,396
3014,571
3015,-50
3016,523
3017,-2
3018,675
3019,623
3020,675
3021,623
3022,675
3023,625
3024,575
3025,675
3026,675
3027,373
3028,625
3029,675
3030,625
3031,675
3032,-227
3033,525
3034,-125
3035,673
3036,625
3037,625
3038,-50
3039,573
3040,671
3041,398
3042,-177
3043,675
3044,675
3045,523
3046,-75
3047,-127
3048,423
3049,-102
3050,446
3051,525
3052,575
3053,-127
3054,398
3055,575
3056,621
3057,-125
3058,673
3059,625
3060,675
3061,573
3062,675
3063,673
3064,525
3065,623
3066,623
3067,425
3068,673
3069,-31
3070,523
3071,-75
3072,521
3073,-125
3074,573
3075,275
3076,625
3077,425
3078,-31
3079,523
3080,525
3081,625
3082,673
3083,623
3084,675
3085,675
3086,-75
3087,450
3088,421
3089,675
3090,571
3091,425
3092,375
3093,275
3094,-27
3095,600
3096,625
3097,625
3098,350
3099,-27
3100,673
3101,675
3102,625
3103,-25
3104,625
3105,675
3106,675
3107,623
3108,525
3109,675
3110,-125
3111,523
3112,498
3113,623
3114,673
3115,625
3116,-200
3117,625
3118,675
3119,471
3120,673
3121,-127
3122,675
3123,523
3124,675
3125,673
3126,675
3127,-27
3128,625
3129,-77
3130,525
3131,571
3132,-275
3133,673
3134,-81
3135,675
3136,623
3137,625
3138,575
3139,-27
3140,675
3141,498
3142,525
3143,623
3144,-75
3145,523
3146,673
3147,675
3148,550
3149,573
3150,675
3151,675
3152,548
3153,375
3154,673
3155,0
3156,475
3157,625
3158,623
3159,550
3160,275
3161,625
3162,621
3163,675
3164,573
3165,625
3166,625
3167,625
3168,496
3169,675
3170,-75
3171,425
3172,575
3173,673
3174,-125
3175,248
3176,471
3177,525
3178,575
3179,675
3180,-75
3181,623
3182,425
3183,248
3184,250
3185,675
3186,673
3187,-75
3188,475
3189,675
3190,525
3191,-250
3192,625
3193,575
3194,675
3195,575
3196,575
3197,625
3198,-31
3199,550
3200,-75
3201,348
3202,675
3203,625
3204,675
3205,-125
3206,375
3207,569
3208,-27
3209,625
3210,621
3211,675
3212,423
3213,675
3214,-77
3215,525
3216,675
3217,-125
3218,425
3219,523
3220,173
3221,675
3222,575
3223,623
3224,-125
3225,425
3226,-29
3227,298
3228,473
3229,621
3230,623
3231,673
3232,-125
3233,673
3234,625
3235,548
3236,-75
3237,-125
3238,675
3239,-127
3240,-125
3241,625
3242,350
3243,625
3244,675
3245,673
3246,675
3247,625
3248,525
3249,675
3250,425
3251,675
3252,575
3253,548
3254,-125
3255,-125
3256,673
3257,625
3258,-125
3259,625
3260,675
3261,-27
3262,525
3263,-125
3264,550
3265,675
3266,675
3267,573
3268,523
3269,675
3270,-131
3271,625
3272,675
3273,-31
3274,623
3275,673
3276,675
3277,575
3278,275
3279,625
3280,-25
3281,400
3282,575
3283,575
3284,375
3285,-125
3286,675
3287,-125
3288,575
3289,425
3290,675
3291,625
3292,625
3293,675
3294,675
3295,-75
3296,-125
3297,671
3298,625
3299,-25
3300,625
3301,-77
3302,675
3303,675
3304,675
3305,475
3306,-75
3307,525
3308,623
3309,625
3310,623
3311,-175
3312,675
3313,625
3314,325
3315,550
3316,625
3317,625
3318,473
3319,625
3320,575
3321,-2
3322,675
3323,675
3324,-127
3325,325
3326,573
3327,625
3328,623
3329,625
3330,-75
3331,671
3332,350
3333,348
3334,375
3335,525
3336,625
3337,673
3338,673
3339,675
3340,525
3341,621
3342,673
3343,575
3344,675
3345,673
3346,675
3347,675
3348,-125
3349,-79
3350,-125
3351,-77
3352,625
3353,525
3354,675
3355,675
3356,-29
3357,675
3358,498
3359,-125
3360,575
3361,523
3362,375
3363,325
3364,444
3365,550
3366,673
3367,475
3368,625
3369,675
3370,-75
3371,573
3372,625
3373,400
3374,-125
3375,573
3376,500
3377,675
3378,571
3379,675
3380,471
3381,-25
3382,-125
3383,425
3384,675
3385,373
3386,-127
3387,525
3388,625
3389,675
3390,573
3391,671
3392,625
3393,625
3394,398
3395,-125
3396,673
3397,675
3398,-75
3399,673
3400,675
3401,625
3402,350
3403,675
3404,575
3405,425
3406,675
3407,675
3408,675
3409,-27
3410,673
3411,675
3412,525
3413,-77
3414,675
3415,675
3416,675
3417,575
3418,350
3419,-75
3420,300
3421,625
3422,-125
3423,375
3424,525
3425,525
3426,575
3427,675
3428,623
3429,373
3430,-125
3431,673
3432,500
3433,525
3434,-202
3435,675
3436,675
3437,675
3438,675
3439,575
3440,575
3441,-31
3442,400
3443,675
3444,675
3445,-227
3446,625
3447,621
3448,625
3449,-27
3450,675
3451,675
3452,523
3453,475
3454,550
3455,425
3456,575
3457,675
3458,675
3459,673
3460,625
3461,675
3462,-177
3463,525
3464,675
3465,673
3466,375
3467,675
3468,675
3469,523
3470,673
3471,525
3472,575
3473,525
3474,625
3475,475
3476,525
3477,-75
3478,575
3479,-127
3480,625
3481,625
3482,523
3483,675
3484,623
3485,675
3486,346
3487,625
3488,625
3489,550
3490,625
3491,673
3492,-27
3493,-27
3494,400
3495,550
3496,542
3497,-27
3498,575
3499,675
3500,-75
3501,425
3502,525
3503,-125
3504,675
3505,673
3506,673
3507,625
3508,623
3509,575
3510,573
3511,675
3512,-75
3513,675
3514,575
3515,-125
3516,625
3517,-25
3518,-125
3519,625
3520,673
3521,-77
3522,673
3523,-25
3524,675
3525,625
3526,675
3527,550
3528,571
3529,623
3530,523
3531,325
3532,-77
3533,-29
3534,550
3535,575
3536,625
3537,525
3538,-127
3539,675
3540,573
3541,521
3542,-31
3543,625
3544,-77
3545,525
3546,625
3547,-125
3548,623
3549,575
3550,573
3551,625
3552,-79
3553,675
3554,-125
3555,-175
3556,675
3557,675
3558,575
3559,625
3560,398
3561,400
3562,625
3563,623
3564,575
3565,-129
3566,675
3567,-25
3568,475
3569,621
3570,-125
3571,500
3572,-175
3573,523
3574,573
3575,675
3576,525
3577,625
3578,550
3579,675
3580,673
3581,373
3582,423
3583,675
3584,-125
3585,675
3586,675
3587,675
3588,675
3589,575
3590,621
3591,675
3592,-127
3593,600
3594,671
3595,675
3596,625
3597,625
3598,-27
3599,500
3600,-125
3601,573
3602,475
3603,-127
3604,675
3605,675
3606,675
3607,-75
3608,571
3609,-81
3610,596
3611,375
3612,675
3613,-100
3614,675
3615,675
3616,569
3617,625
3618,473
3619,625
3620,575
3621,-25
3622,675
3623,300
3624,623
3625,400
3626,625
3627,675
3628,675
3629,623
3630,525
3631,425
3632,675
3633,-125
3634,-125
3635,500
3636,575
3637,621
3638,575
3639,625
3640,373
3641,623
3642,625
3643,194
3644,625
3645,675
3646,398
3647,398
3648,675
3649,-75
3650,473
3651,425
3652,-125
3653,-27
3654,675
3655,298
3656,675
3657,-125
3658,675
3659,525
3660,625
3661,-177
3662,525
3663,625
3664,625
3665,623
3666,675
3667,475
3668,475
3669,675
3670,575
3671,-75
3672,675
3673,675
3674,623
3675,273
3676,675
3677,673
3678,625
3679,675
3680,675
3681,625
3682,675
3683,575
3684,625
3685,675
3686,473
3687,498
3688,675
3689,-75
3690,425
3691,673
3692,423
3693,675
3694,373
3695,675
3696,673
3697,573
3698,675
3699,-75
3700,-125
3701,573
3702,-27
3703,675
3704,-75
3705,450
3706,671
3707,400
3708,675
3709,675
3710,623
3711,275
3712,675
3713,-25
3714,675
3715,623
3716,623
3717,-27
3718,625
3719,-125
3720,673
3721,675
3722,575
3723,-25
3724,175
3725,348
3726,623
3727,-177
3728,-25
3729,-75
3730,625
3731,625
3732,675
3733,673
3734,623
3735,673
3736,675
3737,-125
3738,150
3739,400
3740,675
3741,625
3742,625
3743,-75
3744,575
3745,575
3746,248
3747,675
3748,425
3749,250
3750,246
3751,673
3752,-125
3753,525
3754,-175
3755,671
3756,-127
3757,425
3758,573
3759,625
3760,625
3761,346
3762,675
3763,625
3764,-127
3765,669
3766,675
3767,425
3768,623
3769,673
3770,675
3771,625
3772,-177
3773,625
3774,-127
3775,475
3776,675
3777,675
3778,325
3779,675
3780,-77
3781,623
3782,325
3783,575
3784,-25
3785,-100
3786,675
3787,673
3788,-127
3789,675
3790,671
3791,575
3792,673
3793,625
3794,675
3795,500
3796,425
3797,575
3798,50
3799,575
3800,675
3801,675
3802,675
3803,571
3804,575
3805,300
3806,671
3807,575
3808,675
3809,623
3810,625
3811,-25
3812,673
3813,398
3814,673
3815,675
3816,421
3817,471
3818,-175
3819,675
3820,673
3821,625
3822,625
3823,246
3824,673
3825,673
3826,575
3827,323
3828,673
3829,625
3830,675
3831,521
3832,625
3833,625
3834,-29
3835,400
3836,494
3837,675
3838,425
3839,250
3840,-77
3841,675
3842,675
3843,675
3844,675
3845,-127
3846,150
3847,673
3848,623
3849,548
3850,425
3851,625
3852,525
3853,400
3854,575
3855,573
3856,300
3857,573
3858,675
3859,75
3860,573
3861,675
3862,-125
3863,675
3864,496
3865,248
3866,625
3867,673
3868,675
3869,-75
3870,675
3871,625
3872,273
3873,-25
3874,671
3875,296
3876,625
3877,671
3878,398
3879,623
3880,675
3881,675
3882,575
3883,-125
3884,675
3885,675
3886,621
3887,675
3888,-125
3889,675
3890,623
3891,125
3892,400
3893,473
3894,-150
3895,323
3896,625
3897,375
3898,-75
3899,425
3900,-125
3901,625
3902,675
3903,675
3904,475
3905,-25
3906,675
3907,675
3908,625
3909,575
3910,673
3911,-104
3912,675
3913,625
3914,400
3915,675
3916,675
3917,-125
3918,625
3919,675
3920,-75
3921,525
3922,-200
3923,625
3924,-125
3925,675
3926,525
3927,675
3928,675
3929,625
3930,248
3931,550
3932,673
3933,-75
3934,571
3935,625
3936,548
3937,573
3938,573
3939,625
3940,673
3941,-125
3942,625
3943,673
3944,425
3945,621
3946,-25
3947,-25
3948,-25
3949,400
3950,475
3951,675
3952,248
3953,625
3954,573
3955,671
3956,675
3957,294
3958,625
3959,675
3960,625
3961,625
3962,-125
3963,-125
3964,525
3965,675
3966,348
3967,400
3968,673
3969,425
3970,-127
3971,-202
3972,548
3973,625
3974,525
3975,425
3976,675
3977,573
3978,675
3979,675
3980,-75
3981,-125
3982,675
3983,-125
3984,400
3985,-75
3986,396
3987,675
3988,573
3989,675
3990,625
3991,673
3992,200
3993,675
3994,-125
3995,575
3996,675
3997,623
3998,-75
3999,398
4000,-125
4001,500
4002,675
4003,150
4004,675
4005,348
4006,23
4007,675
4008,-125
4009,-75
4010,675
4011,523
4012,-129
4013,300
4014,-277
4015,375
4016,-125
4017,675
4018,550
4019,-25
4020,675
4021,575
4022,675
4023,523
4024,675
4025,200
4026,623
4027,673
4028,-125
4029,625
4030,375
4031,575
4032,-125
4033,673
4034,548
4035,625
4036,675
4037,625
4038,625
4039,675
4040,675
4041,525
4042,673
4043,625
4044,625
4045,673
4046,625
4047,625
4048,-75
4049,675
4050,350
4051,575
4052,675
4053,-125
4054,475
4055,-200
4056,425
4057,575
4058,675
4059,-125
4060,575
4061,425
4062,273
4063,675
4064,625
4065,675
4066,-77
4067,248
4068,625
4069,625
4070,625
4071,675
4072,-175
4073,323
4074,150
4075,673
4076,675
4077,-127
4078,-27
4079,400
4080,675
4081,525
4082,675
4083,625
4084,521
4085,675
4086,673
4087,550
4088,623
4089,475
4090,575
4091,675
4092,675
4093,675
4094,-77
4095,621
4096,625
4097,475
4098,548
4099,375
4100,675
4101,625
4102,575
4103,300
4104,-75
4105,525
4106,-125
4107,625
4108,525
4109,573
4110,675
4111,-127
4112,625
4113,0
4114,675
4115,290
4116,425
4117,-25
4118,675
4119,571
4120,-125
4121,625
4122,675
4123,675
4124,-227
4125,425
4126,-27
4127,521
4128,675
4129,675
4130,675
4131,675
4132,625
4133,673
4134,475
4135,623
4136,675
4137,398
4138,521
4139,673
4140,-75
4141,575
4142,-175
4143,621
4144,623
4145,250
4146,625
4147,625
4148,523
4149,423
4150,623
4151,-27
4152,675
4153,-125
4154,273
4155,571
4156,673
4157,675
4158,523
4159,550
4160,475
4161,425
4162,675
4163,500
4164,675
4165,673
4166,673
4167,275
4168,625
4169,350
4170,673
4171,625
4172,573
4173,675
4174,400
4175,473
4176,675
4177,575
4178,575
4179,-25
4180,675
4181,675
4182,673
4183,298
4184,573
4185,575
4186,273
4187,-79
4188,675
4189,625
4190,400
4191,-125
4192,623
4193,673
4194,325
4195,425
4196,575
4197,-29
4198,523
4199,673
4200,398
4201,673
4202,625
4203,625
4204,-300
4205,625
4206,625
4207,525
4208,673
4209,400
4210,625
4211,575
4212,625
4213,550
4214,150
4215,675
4216,671
4217,625
4218,525
4219,625
4220,625
4221,548
4222,575
4223,675
4224,423
4225,673
4226,675
4227,575
4228,-125
4229,573
4230,625
4231,425
4232,500
4233,675
4234,625
4235,625
4236,625
4237,-125
4238,300
4239,425
4240,573
4241,623
4242,625
4243,675
4244,675
4245,473
4246,473
4247,248
4248,275
4249,-27
4250,625
4251,621
4252,573
4253,523
4254,675
4255,500
4256,375
4257,675
4258,675
4259,625
4260,325
4261,625
4262,-29
4263,-25
4264,625
4265,573
4266,-125
4267,675
4268,-125
4269,-100
4270,575
4271,675
4272,-125
4273,425
4274,-102
4275,-125
4276,-77
4277,-77
4278,-175
4279,675
4280,625
4281,625
4282,473
4283,-150
4284,575
4285,-25
4286,-79
4287,-125
4288,675
4289,300
4290,573
4291,675
4292,621
4293,573
4294,546
4295,675
4296,450
4297,425
4298,621
4299,621
4300,548
4301,675
4302,-127
4303,675
4304,-125
4305,625
4306,-75
4307,575
4308,-154
4309,423
4310,500
4311,-25
4312,-75
4313,600
4314,673
4315,675
4316,521
4317,625
4318,-29
4319,-75
4320,673
4321,373
4322,-77
4323,623
4324,573
4325,625
4326,675
4327,400
4328,675
4329,571
4330,623
4331,-175
4332,675
4333,625
4334,-29
4335,675
4336,-27
4337,573
4338,675
4339,475
4340,-125
4341,350
4342,523
4343,625
4344,475
4345,425
4346,575
4347,625
4348,525
4349,675
4350,500
4351,-127
4352,-77
4353,121
4354,525
4355,675
4356,348
4357,673
4358,575
4359,571
4360,623
4361,-75
4362,525
4363,621
4364,675
4365,675
4366,675
4367,-75
4368,373
4369,575
4370,-25
4371,-125
4372,475
4373,625
4374,525
4375,-125
4376,246
4377,625
4378,623
4379,675
4380,575
4381,625
4382,673
4383,-83
4384,375
4385,475
4386,675
4387,623
4388,671
4389,675
4390,673
4391,525
4392,-75
4393,675
4394,471
4395,675
4396,675
4397,623
4398,675
4399,675
4400,675
4401,573
4402,675
4403,-125
4404,575
4405,-2
4406,673
4407,675
4408,675
4409,575
4410,623
4411,521
4412,675
4413,-75
4414,-31
4415,625
4416,-75
4417,625
4418,625
4419,575
4420,625
4421,675
4422,400
4423,675
4424,425
4425,-152
4426,675
4427,625
4428,675
4429,675
4430,625
4431,673
4432,475
4433,675
4434,673
4435,625
4436,-75
4437,675
4438,625
4439,471
4440,623
4441,523
4442,673
4443,625
4444,621
4445,375
4446,-125
4447,625
4448,-75
4449,625
4450,-127
4451,675
4452,-75
4453,623
4454,621
4455,671
4456,673
4457,575
4458,273
4459,-77
4460,625
4461,-75
4462,675
4463,575
4464,-27
4465,575
4466,675
4467,473
4468,298
4469,625
4470,675
4471,575
4472,675
4473,519
4474,625
4475,675
4476,-75
4477,-75
4478,-125
4479,675
4480,425
4481,-75
4482,625
4483,523
4484,625
4485,675
4486,675
4487,-75
4488,675
4489,675
4490,623
4491,675
4492,-75
4493,-75
4494,675
4495,625
4496,623
4497,675
4498,-27
4499,675
4500,571
4501,575
4502,571
4503,523
4504,625
4505,525
4506,675
4507,675
4508,550
4509,400
4510,375
4511,-125
4512,675
4513,675
4514,675
4515,425
4516,425
4517,350
4518,673
4519,675
4520,625
4521,675
4522,625
4523,519
4524,325
4525,325
4526,350
4527,-125
4528,625
4529,625
4530,573
4531,423
4532,675
4533,375
4534,473
4535,-77
4536,521
4537,546
4538,673
4539,625
4540,600
4541,673
4542,-75
4543,421
4544,675
4545,625
4546,323
4547,675
4548,48
4549,675
4550,525
4551,-75
4552,400
4553,-77
4554,425
4555,625
4556,673
4557,423
4558,498
4559,-125
4560,675
4561,-29
4562,625
4563,-75
4564,623
4565,625
4566,350
4567,675
4568,-75
4569,575
4570,675
4571,625
4572,548
4573,-77
4574,-177
4575,675
4576,675
4577,625
4578,-75
4579,575
4580,-75
4581,675
4582,398
4583,575
4584,-125
4585,-125
4586,621
4587,625
4588,575
4589,269
4590,523
4591,575
4592,625
4593,625
4594,73
4595,425
4596,675
4597,625
4598,319
4599,675
4600,675
4601,621
4602,400
4603,673
4604,675
4605,673
4606,671
4607,675
4608,519
4609,625
4610,375
4611,523
4612,573
4613,173
4614,675
4615,675
4616,525
4617,-125
4618,625
4619,675
4620,-27
4621,625
4622,-75
4623,-25
4624,-100
4625,-179
4626,425
4627,675
4628,-75
4629,621
4630,675
4631,625
4632,675
4633,673
4634,575
4635,675
4636,673
4637,675
4638,-29
4639,675
4640,671
4641,-75
4642,675
4643,225
4644,573
4645,675
4646,550
4647,675
4648,250
4649,675
4650,675
4651,-25
4652,673
4653,675
4654,-175
4655,523
4656,675
4657,575
4658,525
4659,-125
4660,521
4661,-200
4662,675
4663,300
4664,675
4665,350
4666,675
4667,575
4668,525
4669,621
4670,-125
4671,-75
4672,575
4673,673
4674,675
4675,675
4676,425
4677,673
4678,675
4679,675
4680,575
4681,675
4682,675
4683,525
4684,625
4685,625
4686,525
4687,498
4688,675
4689,673
4690,471
4691,675
4692,448
4693,675
4694,375
4695,498
4696,525
4697,525
4698,673
4699,675
4700,521
4701,625
4702,621
4703,675
4704,675
4705,675
4706,425
4707,621
4708,625
4709,675
4710,575
4711,425
4712,-29
4713,625
4714,421
4715,675
4716,673
4717,675
4718,575
4719,-25
4720,675
4721,-77
4722,575
4723,675
4724,550
4725,675
4726,575
4727,575
4728,250
4729,373
4730,623
4731,-77
4732,625
4733,675
4734,525
4735,-77
4736,546
4737,-175
4738,675
4739,625
4740,675
4741,625
4742,675
4743,675
4744,623
4745,675
4746,675
4747,675
4748,675
4749,625
4750,-127
4751,525
4752,500
4753,573
4754,517
4755,-75
4756,675
4757,-127
4758,675
4759,675
4760,625
4761,675
4762,425
4763,-75
4764,623
4765,575
4766,625
4767,523
4768,-25
4769,473
4770,675
4771,398
4772,625
4773,675
4774,675
4775,625
4776,500
4777,675
4778,400
4779,671
4780,625
4781,400
4782,675
4783,425
4784,425
4785,623
4786,400
4787,625
4788,625
4789,-75
4790,623
4791,675
4792,675
4793,675
4794,425
4795,675
4796,525
4797,-175
4798,575
4799,675
4800,-75
4801,625
4802,-75
4803,523
4804,-127
4805,425
4806,-79
4807,573
4808,625
4809,373
4810,675
4811,575
4812,625
4813,-177
4814,675
4815,-125
4816,625
4817,523
4818,-75
4819,625
4820,675
4821,-125
4822,675
4823,573
4824,675
4825,675
4826,675
4827,675
4828,-25
4829,525
4830,675
4831,425
4832,-125
4833,575
4834,673
4835,-75
4836,-75
4837,675
4838,500
4839,675
4840,673
4841,550
4842,400
4843,573
4844,523
4845,-200
4846,675
4847,675
4848,-77
4849,625
4850,-75
4851,575
4852,625
4853,623
4854,-75
4855,675
4856,550
4857,623
4858,675
4859,525
4860,625
4861,623
4862,550
4863,567
4864,225
4865,-125
4866,675
4867,525
4868,625
4869,-27
4870,625
4871,675
4872,675
4873,350
4874,-125
4875,625
4876,444
4877,573
4878,625
4879,675
4880,373
4881,673
4882,475
4883,-75
4884,673
4885,-127
4886,494
4887,-75
4888,521
4889,675
4890,323
4891,575
4892,625
4893,625
4894,573
4895,500
4896,675
4897,-77
4898,675
4899,350
4900,673
4901,400
4902,675
4903,623
4904,625
4905,400
4906,675
4907,325
4908,-100
4909,673
4910,675
4911,523
4912,675
4913,625
4914,675
4915,675
4916,625
4917,298
4918,675
4919,675
4920,575
4921,575
4922,675
4923,623
4924,625
4925,-200
4926,675
4927,673
4928,675
4929,-25
4930,675
4931,-75
4932,623
4933,675
4934,250
4935,525
4936,669
4937,425
4938,-75
4939,525
4940,-75
4941,675
4942,675
4943,673
4944,675
4945,-127
4946,575
4947,396
4948,550
4949,-77
4950,542
4951,673
4952,575
4953,671
4954,-125
4955,-125
4956,396
4957,675
4958,625
4959,473
4960,675
4961,-25
4962,400
4963,-125
4964,-125
4965,-125
4966,625
4967,625
4968,571
4969,623
4970,-125
4971,625
4972,625
4973,-75
4974,675
4975,673
4976,-27
4977,-27
4978,575
4979,625
4980,675
4981,675
4982,675
4983,625
4984,-125
4985,400
4986,350
4987,675
4988,671
4989,623
4990,-125
4991,-77
4992,625
4993,-175
4994,400
4995,671
4996,-75
4997,298
4998,396
4999,-100
5000,-152
5001,573
5002,-131
5003,-75
5004,348
5005,571
5006,375
5007,371
5008,675
5009,575
5010,475
5011,525
5012,571
5013,675
5014,400
5015,675
5016,-27
5017,525
5018,250
5019,625
5020,675
5021,675
5022,675
5023,-125
5024,525
5025,673
5026,348
5027,625
5028,675
5029,-125
5030,475
5031,573
5032,500
5033,-75
5034,675
5035,-75
5036,625
5037,548
5038,346
5039,675
5040,423
5041,675
5042,400
5043,625
5044,625
5045,675
5046,575
5047,675
5048,300
5049,-127
5050,-125
5051,619
5052,625
5053,548
5054,673
5055,675
5056,-27
5057,675
5058,-125
5059,98
5060,575
5061,-125
5062,425
5063,673
5064,625
5065,625
5066,-29
5067,625
5068,-179
5069,50
5070,575
5071,675
5072,-125
5073,-125
5074,625
5075,675
5076,675
5077,575
5078,323
5079,575
5080,550
5081,-25
5082,575
5083,398
5084,625
5085,575
5086,675
5087,-125
5088,475
5089,625
5090,675
5091,575
5092,-75
5093,575
5094,675
5095,675
5096,625
5097,625
5098,571
5099,625
5100,548
5101,-75
5102,625
5103,625
5104,423
5105,669
5106,625
5107,675
5108,625
5109,625
5110,573
5111,675
5112,375
5113,673
5114,623
5115,525
5116,475
5117,675
5118,675
5119,-125
5120,673
5121,-25
5122,675
5123,625
5124,523
5125,-125
5126,673
5127,669
5128,675
5129,625
5130,-77
5131,675
5132,673
5133,75
5134,350
5135,523
5136,-129
5137,675
5138,675
5139,675
5140,673
5141,250
5142,675
5143,-125
5144,-131
5145,675
5146,575
5147,675
5148,625
5149,625
5150,523
5151,675
5152,675
5153,673
5154,300
5155,675
5156,675
5157,423
5158,-79
5159,625
5160,625
5161,-125
5162,475
5163,673
5164,675
5165,673
5166,573
5167,675
5168,675
5169,425
5170,573
5171,675
5172,675
5173,675
5174,623
5175,673
5176,-75
5177,-75
5178,621
5179,525
5180,398
5181,-125
5182,300
5183,675
5184,-75
5185,675
5186,350
5187,625
5188,575
5189,-31
5190,548
5191,550
5192,-125
5193,675
5194,525
5195,-127
5196,100
5197,-125
5198,675
5199,523
5200,675
5201,625
5202,350
5203,-127
5204,-129
5205,400
5206,525
5207,550
5208,-127
5209,475
5210,675
5211,-125
5212,573
5213,475
5214,675
5215,371
5216,-25
5217,475
5218,675
5219,673
5220,625
5221,571
5222,-77
5223,625
5224,425
5225,448
5226,675
5227,-75
5228,373
5229,473
5230,673
5231,675
5232,625
5233,675
5234,675
5235,675
5236,675
5237,-125
5238,200
5239,625
5240,625
5241,673
5242,675
5243,471
5244,425
5245,-77
5246,-75
5247,-75
5248,521
5249,-77
5250,625
5251,-25
5252,348
5253,625
5254,675
5255,-127
5256,573
5257,-75
5258,673
5259,675
5260,675
5261,625
5262,573
5263,-75
5264,675
5265,575
5266,673
5267,673
5268,450
5269,673
5270,625
5271,675
5272,623
5273,675
5274,225
5275,398
5276,675
5277,675
5278,475
5279,425
5280,625
5281,550
5282,425
5283,625
5284,675
5285,575
5286,623
5287,675
5288,375
5289,675
5290,521
5291,325
5292,-29
5293,675
5294,425
5295,400
5296,673
5297,625
5298,-25
5299,-81
5300,473
5301,523
5302,-75
5303,375
5304,525
5305,673
5306,573
5307,496
5308,625
5309,-125
5310,375
5311,675
5312,673
5313,-75
5314,675
5315,625
5316,-125
5317,375
5318,521
5319,623
5320,575
5321,375
5322,675
5323,623
5324,348
5325,423
5326,623
5327,-177
5328,625
5329,625
5330,675
5331,375
5332,519
5333,-75
5334,525
5335,573
5336,400
5337,-125
5338,-27
5339,571
5340,623
5341,625
5342,-125
5343,-75
5344,675
5345,-181
5346,623
5347,-75
5348,375
5349,625
5350,625
5351,675
5352,675
5353,425
5354,675
5355,623
5356,273
5357,-125
5358,675
5359,675
5360,673
5361,575
5362,-125
5363,625
5364,475
5365,673
5366,625
5367,675
5368,675
5369,-127
5370,398
5371,625
5372,273
5373,623
5374,523
5375,673
5376,450
5377,625
5378,-75
5379,575
5380,523
5381,-127
5382,573
5383,675
5384,323
5385,-79
5386,475
5387,298
5388,625
5389,623
5390,625
5391,525
5392,625
5393,673
5394,625
5395,625
5396,671
5397,675
5398,-27
5399,423
5400,425
5401,673
5402,625
5403,673
5404,573
5405,348
5406,423
5407,-127
5408,598
5409,475
5410,625
5411,475
5412,-125
5413,400
5414,673
5415,625
5416,523
5417,-125
5418,573
5419,400
5420,575
5421,675
5422,-29
5423,-75
5424,575
5425,-125
5426,621
5427,423
5428,425
5429,-125
5430,575
5431,400
5432,-50
5433,675
5434,675
5435,-75
5436,625
5437,146
5438,673
5439,425
5440,575
5441,225
5442,-175
5443,675
5444,375
5445,-125
5446,625
5447,575
5448,-2
5449,275
5450,675
5451,348
5452,675
5453,675
5454,-127
5455,525
5456,621
5457,675
5458,425
5459,673
5460,-127
5461,675
5462,-125
5463,623
5464,525
5465,525
5466,675
5467,673
5468,-125
5469,675
5470,525
5471,673
5472,-75
5473,575
5474,550
5475,400
5476,625
5477,-127
5478,625
5479,675
5480,575
5481,550
5482,523
5483,250
5484,675
5485,550
5486,-125
5487,623
5488,575
5489,-75
5490,673
5491,473
5492,475
5493,494
5494,-77
5495,673
5496,675
5497,575
5498,550
5499,673
5500,675
5501,375
5502,675
5503,675
5504,575
5505,-175
5506,625
5507,675
5508,625
5509,350
5510,-125
5511,575
5512,625
5513,625
5514,73
5515,673
5516,625
5517,675
5518,471
5519,548
5520,344
5521,375
5522,471
5523,675
5524,675
5525,425
5526,675
5527,425
5528,575
5529,-27
5530,675
5531,-185
5532,675
5533,-75
5534,573
5535,498
5536,550
5537,500
5538,-125
5539,675
5540,675
5541,675
5542,625
5543,675
5544,625
5545,550
5546,675
5547,575
5548,400
5549,573
5550,675
5551,623
5552,575
5553,675
5554,423
5555,673
5556,675
5557,625
5558,675
5559,450
5560,475
5561,675
5562,548
5563,673
5564,525
5565,675
5566,575
5567,523
5568,550
5569,-125
5570,675
5571,425
5572,675
5573,575
5574,-200
5575,675
5576,673
5577,-125
5578,525
5579,-25
5580,623
5581,348
5582,519
5583,673
5584,675
5585,475
5586,475
5587,-75
5588,600
5589,625
5590,675
5591,623
5592,675
5593,523
5594,525
5595,623
5596,-125
5597,-25
5598,-25
5599,550
5600,-125
5601,573
5602,675
5603,675
5604,675
5605,525
5606,-27
5607,675
5608,623
5609,573
5610,575
5611,425
5612,550
5613,425
5614,673
5615,550
5616,675
5617,675
5618,-75
5619,375
5620,-75
5621,623
5622,673
5623,-75
5624,-125
5625,350
5626,675
5627,473
5628,675
5629,625
5630,348
5631,525
5632,673
5633,625
5634,448
5635,473
5636,675
5637,625
5638,398
5639,375
5640,625
5641,375
5642,675
5643,423
5644,625
5645,625
5646,675
5647,625
5648,625
5649,525
5650,400
5651,575
5652,673
5653,350
5654,475
5655,23
5656,675
5657,100
5658,-75
5659,375
5660,675
5661,673
5662,675
5663,-125
5664,-75
5665,673
5666,525
5667,-25
5668,525
5669,575
5670,625
5671,396
5672,673
5673,-125
5674,200
5675,625
5676,525
5677,675
5678,623
5679,673
5680,525
5681,525
5682,398
5683,675
5684,573
5685,425
5686,500
5687,475
5688,675
5689,-27
5690,-25
5691,625
5692,573
5693,573
5694,673
5695,575
5696,473
5697,625
5698,-100
5699,575
5700,525
5701,625
5702,675
5703,625
5704,625
5705,675
5706,525
5707,675
5708,625
5709,575
5710,675
5711,625
5712,-75
5713,675
5714,-79
5715,-75
5716,575
5717,675
5718,-125
5719,675
5720,623
5721,675
5722,675
5723,675
5724,675
5725,673
5726,675
5727,575
5728,575
5729,673
5730,675
5731,625
5732,498
5733,525
5734,525
5735,675
5736,675
5737,625
5738,-125
5739,425
5740,-27
5741,621
5742,575
5743,623
5744,675
5745,348
5746,575
5747,-125
5748,573
5749,-177
5750,250
5751,325
5752,625
5753,675
5754,523
5755,-125
5756,575
5757,525
5758,346
5759,-125
5760,525
5761,-125
5762,-125
5763,-125
5764,323
5765,675
5766,-27
5767,675
5768,-125
5769,675
5770,398
5771,625
5772,625
5773,675
5774,-125
5775,575
5776,675
5777,400
5778,675
5779,373
5780,675
5781,-125
5782,625
5783,675
5784,375
5785,-125
5786,623
5787,423
5788,475
5789,623
5790,625
5791,-125
5792,550
5793,625
5794,673
5795,673
5796,425
5797,623
5798,-27
5799,625
5800,575
5801,575
5802,525
5803,673
5804,575
5805,675
5806,675
5807,-29
5808,673
5809,525
5810,571
5811,-25
5812,-75
5813,625
5814,371
5815,-75
5816,673
5817,300
5818,-127
5819,525
5820,-127
5821,675
5822,575
5823,675
5824,425
5825,575
5826,575
5827,625
5828,675
5829,675
5830,675
5831,575
5832,525
5833,673
5834,675
5835,100
5836,523
5837,623
5838,623
5839,317
5840,675
5841,525
5842,-125
5843,673
5844,425
5845,625
5846,-125
5847,625
5848,675
5849,673
5850,625
5851,625
5852,625
5853,625
5854,675
5855,673
5856,325
5857,350
5858,575
5859,625
5860,-125
5861,675
5862,375
5863,298
5864,348
5865,-75
5866,623
5867,621
5868,-129
5869,675
5870,-27
5871,475
5872,523
5873,623
5874,425
5875,350
5876,675
5877,-127
5878,625
5879,625
5880,625
5881,675
5882,673
5883,598
5884,323
5885,675
5886,523
5887,-52
5888,675
5889,625
5890,675
5891,-127
5892,675
5893,423
5894,473
5895,571
5896,-125
5897,675
5898,-125
5899,-25
5900,625
5901,-4
5902,671
5903,475
5904,675
5905,525
5906,623
5907,675
5908,675
5909,523
5910,521
5911,-25
5912,621
5913,619
5914,625
5915,421
5916,625
5917,675
5918,500
5919,675
5920,325
5921,-25
5922,573
5923,400
5924,675
5925,571
5926,675
5927,-127
5928,675
5929,400
5930,625
5931,673
5932,675
5933,-177
5934,525
5935,525
5936,250
5937,675
5938,625
5939,675
5940,671
5941,-75
5942,625
5943,625
5944,625
5945,675
5946,575
5947,675
5948,498
5949,673
5950,475
5951,498
5952,425
5953,623
5954,671
5955,675
5956,673
5957,675
5958,675
5959,675
5960,-125
5961,500
5962,625
5963,425
5964,523
5965,473
5966,625
5967,675
5968,621
5969,-125
5970,675
5971,675
5972,625
5973,-77
5974,573
5975,523
5976,-77
5977,-77
5978,675
5979,-127
5980,-125
5981,550
5982,525
5983,675
5984,425
5985,675
5986,625
5987,323
5988,350
5989,625
5990,525
5991,-75
5992,425
5993,675
5994,-127
5995,625
5996,-25
5997,373
5998,-125
5999,523
6000,573
6001,525
6002,675
6003,575
6004,550
6005,673
6006,-131
6007,-200
6008,673
6009,298
6010,300
6011,-25
6012,673
6013,573
6014,675
6015,675
6016,675
6017,623
6018,-225
6019,623
6020,675
6021,675
6022,675
6023,425
6024,675
6025,371
6026,623
6027,-77
6028,625
6029,550
6030,675
6031,625
6032,573
6033,425
6034,573
6035,569
6036,-125
6037,-125
6038,-75
6039,675
6040,150
6041,625
6042,350
6043,675
6044,621
6045,621
6046,623
6047,623
6048,425
6049,621
6050,671
6051,-75
6052,-125
6053,621
6054,575
6055,675
6056,-125
6057,625
6058,623
6059,325
6060,621
6061,548
6062,675
6063,298
6064,573
6065,425
6066,623
6067,-125
6068,623
6069,375
6070,-127
6071,523
6072,-125
6073,675
6074,673
6075,573
6076,350
6077,-125
6078,350
6079,573
6080,196
6081,625
6082,450
6083,-75
6084,675
6085,423
6086,675
6087,598
6088,198
6089,625
6090,675
6091,623
6092,573
6093,625
6094,625
6095,675
6096,675
6097,575
6098,-100
6099,675
6100,675
6101,675
6102,623
6103,675
6104,-25
6105,-75
6106,671
6107,673
6108,673
6109,675
6110,525
6111,375
6112,675
6113,375
6114,525
6115,523
6116,625
6117,-125
6118,625
6119,-125
6120,673
6121,-127
6122,473
6123,675
6124,625
6125,673
6126,625
6127,625
6128,675
6129,550
6130,625
6131,619
6132,-250
6133,575
6134,-200
6135,623
6136,673
6137,-125
6138,-77
6139,-77
6140,525
6141,675
6142,675
6143,-27
6144,673
6145,675
6146,273
6147,375
6148,-125
6149,625
6150,675
6151,623
6152,675
6153,675
6154,546
6155,623
6156,-125
6157,-75
6158,500
6159,621
6160,675
6161,673
6162,550
6163,300
6164,475
6165,425
6166,625
6167,-75
6168,400
6169,675
6170,675
6171,-25
6172,473
6173,625
6174,625
6175,675
6176,-75
6177,425
6178,-25
6179,625
6180,398
6181,525
6182,325
6183,625
6184,625
6185,625
6186,675
6187,625
6188,625
6189,675
6190,675
6191,-77
6192,550
6193,623
6194,573
6195,625
6196,675
6197,-125
6198,525
6199,550
6200,548
6201,-125
6202,675
6203,675
6204,675
6205,673
6206,-125
6207,675
6208,673
6209,550
6210,423
6211,675
6212,675
6213,425
6214,675
6215,575
6216,673
6217,673
6218,623
6219,621
6220,-75
6221,573
6222,673
6223,450
6224,673
6225,573
6226,575
6227,625
6228,525
6229,-27
6230,623
6231,-125
6232,675
6233,275
6234,-125
6235,623
6236,573
6237,675
6238,575
6239,-77
6240,625
6241,673
6242,-75
6243,623
6244,625
6245,475
6246,675
6247,675
6248,573
6249,625
6250,-125
6251,625
6252,575
6253,673
6254,-77
6255,673
6256,675
6257,675
6258,675
6259,669
6260,575
6261,625
6262,673
6263,-127
6264,623
6265,675
6266,625
6267,673
6268,625
6269,675
6270,675
6271,-125
6272,673
6273,400
6274,675
6275,369
6276,573
6277,421
6278,675
6279,500
6280,625
6281,625
6282,675
6283,573
6284,525
6285,575
6286,625
6287,425
6288,675
6289,350
6290,625
6291,625
6292,621
6293,500
6294,625
6295,575
6296,-75
6297,621
6298,673
6299,675
6300,-25
6301,623
6302,325
6303,-25
6304,675
6305,673
6306,621
6307,575
6308,669
6309,673
6310,250
6311,575
6312,675
6313,675
6314,675
6315,-79
6316,673
6317,675
6318,523
6319,-75
6320,623
6321,625
6322,-125
6323,425
6324,675
6325,-27
6326,-25
6327,675
6328,575
6329,-25
6330,675
6331,625
6332,525
6333,625
6334,573
6335,575
6336,-77
6337,575
6338,400
6339,-100
6340,675
6341,350
6342,475
6343,625
6344,675
6345,-200
6346,625
6347,348
6348,675
6349,673
6350,623
6351,675
6352,423
6353,675
6354,-125
6355,675
6356,675
6357,673
6358,675
6359,-150
6360,-25
6361,350
6362,625
6363,500
6364,625
6365,675
6366,675
6367,521
6368,675
6369,523
6370,625
6371,575
6372,575
6373,623
6374,675
6375,675
6376,525
6377,625
6378,623
6379,400
6380,621
6381,675
6382,623
6383,-75
6384,675
6385,675
6386,521
6387,400
6388,475
6389,625
6390,625
6391,675
6392,625
6393,625
6394,525
6395,350
6396,675
6397,425
6398,523
6399,623
6400,350
6401,623
6402,669
6403,548
6404,625
6405,-77
6406,625
6407,675
6408,550
6409,-125
6410,-27
6411,-75
6412,400
6413,375
6414,-25
6415,398
6416,-29
6417,675
6418,575
6419,625
6420,550
6421,-200
6422,675
6423,475
6424,625
6425,675
6426,625
6427,348
6428,625
6429,400
6430,675
6431,-27
6432,550
6433,619
6434,600
6435,-75
6436,625
6437,675
6438,625
6439,475
6440,-125
6441,-125
6442,500
6443,275
6444,675
6445,575
6446,673
6447,625
6448,-125
6449,675
6450,-75
6451,675
6452,348
6453,675
6454,675
6455,675
6456,675
6457,675
6458,-25
6459,-177
6460,675
6461,575
6462,-125
6463,-75
6464,675
6465,675
6466,-125
6467,675
6468,298
6469,675
6470,625
6471,423
6472,625
6473,673
6474,673
6475,-25
6476,625
6477,475
6478,673
6479,575
6480,423
6481,400
6482,673
6483,675
6484,-75
6485,625
6486,675
6487,673
6488,625
6489,550
6490,675
6491,625
6492,623
6493,571
6494,-75
6495,625
6496,675
6497,675
6498,675
6499,-179
6500,425
6501,673
6502,675
6503,-25
6504,625
6505,675
6506,675
6507,525
6508,475
6509,675
6510,598
6511,675
6512,-125
6513,-125
6514,625
6515,675
6516,-75
6517,348
6518,448
6519,675
6520,448
6521,625
6522,671
6523,675
6524,300
6525,575
6526,400
6527,675
6528,575
6529,625
6530,325
6531,-75
6532,675
6533,475
6534,625
6535,675
6536,675
6537,675
6538,623
6539,-31
6540,625
6541,-100
6542,573
6543,675
6544,575
6545,625
6546,673
6547,-125
6548,625
6549,671
6550,523
6551,623
6552,575
6553,-125
6554,-125
6555,-79
6556,-25
6557,575
6558,571
6559,525
6560,550
6561,625
6562,498
6563,-31
6564,623
6565,623
6566,348
6567,671
6568,575
6569,675
6570,625
6571,673
6572,573
6573,373
6574,675
6575,623
6576,475
6577,673
6578,675
6579,673
6580,675
6581,-75
6582,675
6583,625
6584,675
6585,-125
6586,575
6587,671
6588,673
6589,575
6590,573
6591,575
6592,475
6593,-27
6594,-25
6595,673
6596,425
6597,625
6598,-100
6599,-200
6600,673
6601,623
6602,675
6603,273
6604,675
6605,675
6606,625
6607,575
6608,425
6609,625
6610,675
6611,550
6612,671
6613,675
6614,675
6615,525
6616,-250
6617,-125
6618,425
6619,573
6620,373
6621,675
6622,623
6623,425
6624,-77
6625,346
6626,675
6627,675
6628,673
6629,575
6630,-177
6631,400
6632,575
6633,498
6634,-125
6635,475
6636,675
6637,496
6638,625
6639,625
6640,623
6641,300
6642,-125
6643,573
6644,675
6645,673
6646,225
6647,550
6648,673
6649,573
6650,675
6651,250
6652,625
6653,250
6654,398
6655,446
6656,-75
6657,573
6658,621
6659,575
6660,671
6661,623
6662,521
6663,675
6664,548
6665,575
6666,675
6667,425
6668,675
6669,-125
6670,625
6671,675
6672,575
6673,150
6674,623
6675,525
6676,625
6677,625
6678,675
6679,-125
6680,675
6681,675
6682,523
6683,675
6684,-25
6685,-75
6686,673
6687,673
6688,475
6689,625
6690,625
6691,625
6692,625
6693,425
6694,575
6695,-25
6696,-202
6697,625
6698,625
6699,673
6700,675
6701,-131
6702,625
6703,348
6704,573
6705,671
6706,625
6707,625
6708,675
6709,675
6710,-25
6711,625
6712,523
6713,250
6714,473
6715,675
6716,625
6717,525
6718,575
6719,575
6720,525
6721,525
6722,675
6723,625
6724,400
6725,623
6726,-75
6727,-75
6728,573
6729,621
6730,573
6731,623
6732,675
6733,575
6734,525
6735,673
6736,675
6737,675
6738,675
6739,621
6740,675
6741,575
6742,673
6743,573
6744,575
6745,625
6746,-75
6747,575
6748,-125
6749,623
6750,675
6751,675
6752,-125
6753,148
6754,675
6755,625
6756,673
6757,400
6758,350
6759,423
6760,-25
6761,673
6762,675
6763,298
6764,625
6765,675
6766,575
6767,675
6768,625
6769,675
6770,675
6771,469
6772,425
6773,298
6774,673
6775,675
6776,523
6777,573
6778,-75
6779,498
6780,523
6781,669
6782,625
6783,675
6784,625
6785,625
6786,625
6787,573
6788,625
6789,675
6790,-179
6791,525
6792,-200
6793,625
6794,673
6795,675
6796,-77
6797,675
6798,-125
6799,575
6800,575
6801,-25
6802,525
6803,673
6804,675
6805,519
6806,523
6807,675
6808,25
6809,571
6810,425
6811,200
6812,675
6813,625
6814,-125
6815,300
6816,375
6817,675
6818,625
6819,575
6820,575
6821,275
6822,525
6823,671
6824,675
6825,623
6826,475
6827,675
6828,246
6829,675
6830,625
6831,675
6832,371
6833,625
6834,425
6835,373
6836,-177
6837,675
6838,675
6839,621
6840,325
6841,-125
6842,525
6843,-2
6844,-125
6845,-127
6846,-27
6847,525
6848,523
6849,675
6850,675
6851,673
6852,675
6853,100
6854,623
6855,675
6856,575
6857,573
6858,350
6859,300
6860,448
6861,675
6862,575
6863,675
6864,-127
6865,675
6866,625
6867,523
6868,675
6869,675
6870,675
6871,675
6872,-50
6873,-79
6874,673
6875,675
6876,425
6877,575
6878,419
6879,575
6880,-125
6881,625
6882,673
6883,525
6884,675
6885,550
6886,625
6887,-77
6888,-81
6889,625
6890,-75
6891,575
6892,569
6893,-125
6894,673
6895,625
6896,675
6897,-75
6898,623
6899,673
6900,625
6901,625
6902,248
6903,-79
6904,675
6905,575
6906,525
6907,675
6908,673
6909,400
6910,671
6911,573
6912,300
6913,350
6914,-79
6915,396
6916,623
6917,525
6918,675
6919,323
6920,675
6921,475
6922,675
6923,496
6924,-77
6925,621
6926,623
6927,0
6928,675
6929,450
6930,-77
6931,673
6932,375
6933,400
6934,673
6935,675
6936,625
6937,475
6938,575
6939,675
6940,675
6941,525
6942,675
6943,625
6944,425
6945,675
6946,575
6947,675
6948,-75
6949,673
6950,-200
6951,575
6952,625
6953,675
6954,675
6955,623
6956,-50
6957,-25
6958,625
6959,-300
6960,675
6961,525
6962,471
6963,475
6964,675
6965,575
6966,625
6967,423
6968,475
6969,673
6970,473
6971,675
6972,525
6973,575
6974,-125
6975,-177
6976,675
6977,625
6978,621
6979,575
6980,673
6981,625
6982,-125
6983,525
6984,-127
6985,225
6986,423
6987,621
6988,625
6989,625
6990,623
6991,619
6992,673
6993,675
6994,475
6995,550
6996,675
6997,521
6998,498
6999,673
7000,673
7001,246
7002,248
7003,675
7004,571
7005,575
7006,673
7007,425
7008,673
7009,548
7010,625
7011,675
7012,525
7013,-75
7014,523
7015,475
7016,525
7017,623
7018,675
7019,-227
7020,571
7021,675
7022,348
7023,344
7024,450
7025,-175
7026,400
7027,525
7028,675
7029,273
7030,-27
7031,350
7032,525
7033,623
7034,400
7035,-77
7036,-125
7037,575
7038,623
7039,-256
7040,675
7041,675
7042,675
7043,525
7044,675
7045,567
7046,675
7047,673
7048,623
7049,623
7050,675
7051,546
7052,-75
7053,525
7054,298
7055,-27
7056,375
7057,625
7058,-125
7059,600
7060,625
7061,673
7062,675
7063,300
7064,623
7065,675
7066,473
7067,675
7068,675
7069,548
7070,525
7071,671
7072,621
7073,673
7074,675
7075,673
7076,675
7077,675
7078,500
7079,673
7080,675
7081,575
7082,675
7083,375
7084,425
7085,675
7086,675
7087,400
7088,675
7089,550
7090,673
7091,573
7092,675
7093,525
7094,675
7095,625
7096,621
7097,675
7098,675
7099,525
7100,573
7101,675
7102,400
7103,498
7104,425
7105,-75
7106,473
7107,675
7108,523
7109,675
7110,-75
7111,675
7112,200
7113,625
7114,675
7115,675
7116,675
7117,325
7118,575
7119,-177
7120,-75
7121,-127
7122,621
7123,675
7124,396
7125,673
7126,500
7127,675
7128,-75
7129,198
7130,425
7131,-75
7132,573
7133,575
7134,-75
7135,675
7136,-125
7137,575
7138,348
7139,400
7140,-25
7141,-75
7142,623
7143,392
7144,673
7145,625
7146,-75
7147,-25
7148,525
7149,-25
7150,423
7151,225
7152,473
7153,-125
7154,675
7155,575
7156,673
7157,675
7158,200
7159,-125
7160,573
7161,498
7162,550
7163,-177
7164,675
7165,575
7166,675
7167,550
7168,675
7169,623
7170,675
7171,569
7172,675
7173,523
7174,523
7175,475
7176,675
7177,625
7178,575
7179,675
7180,673
7181,673
7182,525
7183,675
7184,675
7185,675
7186,425
7187,575
7188,150
7189,675
7190,-75
7191,575
7192,675
7193,673
7194,675
7195,675
7196,400
7197,675
7198,398
7199,675
7200,598
7201,675
7202,548
7203,625
7204,298
7205,623
7206,575
7207,-125
7208,-175
7209,675
7210,-125
7211,523
7212,323
7213,-125
7214,675
7215,425
7216,625
7217,398
7218,625
7219,573
7220,423
7221,-179
7222,-27
7223,525
7224,-229
7225,675
7226,625
7227,-125
7228,-227
7229,525
7230,675
7231,548
7232,-125
7233,473
7234,675
7235,-75
7236,425
7237,675
7238,675
7239,348
7240,573
7241,675
7242,400
7243,675
7244,-27
7245,423
7246,425
7247,675
7248,425
7249,623
7250,523
7251,421
7252,625
7253,675
7254,523
7255,573
7256,575
7257,-125
7258,421
7259,-125
7260,675
7261,-29
7262,500
7263,-125
7264,623
7265,575
7266,675
7267,625
7268,475
7269,673
7270,-25
7271,219
7272,625
7273,-125
7274,675
7275,-75
7276,675
7277,-125
7278,423
7279,625
7280,675
7281,273
7282,673
7283,671
7284,75
7285,150
7286,-25
7287,573
7288,673
7289,675
7290,250
7291,625
7292,673
7293,-27
7294,575
7295,475
7296,623
7297,-75
7298,-75
7299,625
7300,573
7301,673
7302,525
7303,625
7304,525
7305,675
7306,675
7307,398
7308,625
7309,571
7310,-202
7311,-25
7312,421
7313,669
7314,675
7315,623
7316,-202
7317,621
7318,625
7319,621
7320,575
7321,-127
7322,675
7323,625
7324,423
7325,675
7326,673
7327,575
7328,-125
7329,525
7330,675
7331,675
7332,675
7333,-75
7334,525
7335,-77
7336,675
7337,673
7338,523
7339,575
7340,675
7341,-125
7342,375
7343,-125
7344,671
7345,625
7346,200
7347,673
7348,625
7349,675
7350,675
7351,398
7352,-127
7353,675
7354,523
7355,575
7356,-75
7357,475
7358,-129
7359,-125
7360,673
7361,-135
7362,448
7363,423
7364,625
7365,675
7366,373
7367,525
7368,525
7369,675
7370,-125
7371,225
7372,494
7373,675
7374,675
7375,575
7376,673
7377,350
7378,473
7379,675
7380,446
7381,575
7382,625
7383,523
7384,623
7385,575
7386,375
7387,573
7388,675
7389,421
7390,675
7391,671
7392,475
7393,625
7394,623
7395,-100
7396,425
7397,625
7398,500
7399,400
7400,623
7401,625
7402,573
7403,675
7404,400
7405,625
7406,675
7407,675
7408,675
7409,673
7410,675
7411,525
7412,448
7413,523
7414,525
7415,675
7416,673
7417,150
7418,-75
7419,623
7420,675
7421,375
7422,525
7423,675
7424,675
7425,675
7426,675
7427,-125
7428,625
7429,675
7430,673
7431,475
7432,-202
7433,575
7434,625
7435,675
7436,425
7437,675
7438,625
7439,675
7440,375
7441,675
7442,-77
7443,623
7444,673
7445,625
7446,500
7447,50
7448,425
7449,525
7450,675
7451,-125
7452,675
7453,521
7454,673
7455,-75
7456,425
7457,498
7458,675
7459,625
7460,-127
7461,-75
7462,675
7463,475
7464,425
7465,625
7466,675
7467,523
7468,675
7469,625
7470,-27
7471,-150
7472,625
7473,300
7474,675
7475,675
7476,298
7477,673
7478,675
7479,400
7480,571
7481,675
7482,669
7483,625
7484,625
7485,675
7486,475
7487,673
7488,625
7489,675
7490,-75
7491,-125
7492,425
7493,294
7494,-125
7495,346
7496,575
7497,423
7498,523
7499,675
7500,675
7501,-125
7502,-125
7503,675
7504,523
7505,675
7506,625
7507,671
7508,-75
7509,-175
7510,548
7511,-125
7512,375
7513,-125
7514,675
7515,675
7516,675
7517,-127
7518,425
7519,625
7520,675
7521,673
7522,398
7523,550
7524,675
7525,673
7526,425
7527,523
7528,675
7529,575
7530,625
7531,525
7532,675
7533,573
7534,525
7535,673
7536,675
7537,625
7538,673
7539,550
7540,671
7541,-125
7542,473
7543,525
7544,575
7545,625
7546,548
7547,625
7548,625
7549,675
7550,675
7551,525
7552,275
7553,675
7554,-75
7555,573
7556,550
7557,625
7558,425
7559,625
7560,575
7561,-75
7562,298
7563,375
7564,671
7565,675
7566,296
7567,673
7568,-175
7569,348
7570,625
7571,625
7572,225
7573,225
7574,-302
7575,675
7576,625
7577,225
7578,523
7579,573
7580,675
7581,625
7582,673
7583,675
7584,675
7585,673
7586,625
7587,-77
7588,623
7589,675
7590,625
7591,425
7592,675
7593,475
7594,623
7595,-25
7596,-27
7597,425
7598,675
7599,675
7600,673
7601,675
7602,673
7603,473
7604,-200
7605,623
7606,625
7607,550
7608,675
7609,623
7610,675
7611,596
7612,625
7613,673
7614,675
7615,575
7616,625
7617,298
7618,71
7619,621
7620,421
7621,-77
7622,323
7623,675
7624,673
7625,675
7626,525
7627,525
7628,673
7629,-75
7630,623
7631,625
7632,-125
7633,150
7634,375
7635,623
7636,625
7637,675
7638,550
7639,675
7640,-75
7641,675
7642,575
7643,-25
7644,-125
7645,525
7646,400
7647,-75
7648,546
7649,-75
7650,675
7651,-125
7652,521
7653,623
7654,675
7655,-75
7656,575
7657,675
7658,473
7659,525
7660,-79
7661,623
7662,673
7663,-75
7664,-25
7665,675
7666,673
7667,675
7668,400
7669,625
7670,-127
7671,675
7672,-100
7673,675
7674,625
7675,675
7676,423
7677,625
7678,500
7679,675
7680,275
7681,-75
7682,-75
7683,-27
7684,673
7685,673
7686,-25
7687,621
7688,425
7689,675
7690,625
7691,623
7692,675
7693,675
7694,473
7695,625
7696,625
7697,625
7698,-75
7699,675
7700,573
7701,350
7702,-27
7703,673
7704,-125
7705,675
7706,623
7707,675
7708,425
7709,623
7710,525
7711,371
7712,571
7713,623
7714,-33
7715,350
7716,575
7717,423
7718,-125
7719,-75
7720,673
7721,675
7722,475
7723,673
7724,623
7725,398
7726,673
7727,675
7728,-125
7729,625
7730,198
7731,623
7732,400
7733,623
7734,623
7735,675
7736,675
7737,625
7738,-125
7739,675
7740,675
7741,425
7742,523
7743,675
7744,675
7745,625
7746,575
7747,675
7748,575
7749,575
7750,625
7751,625
7752,550
7753,-125
7754,621
7755,669
7756,425
7757,419
7758,473
7759,350
7760,525
7761,675
7762,675
7763,400
7764,-129
7765,-25
7766,323
7767,623
7768,525
7769,473
7770,675
7771,-125
7772,-85
7773,623
7774,625
7775,675
7776,625
7777,548
7778,625
7779,550
7780,625
7781,621
7782,525
7783,550
7784,396
7785,425
7786,-127
7787,625
7788,-27
7789,525
7790,675
7791,575
7792,673
7793,675
7794,421
7795,623
7796,673
7797,625
7798,550
7799,673
7800,-127
7801,675
7802,575
7803,-77
7804,675
7805,-75
7806,673
7807,623
7808,75
7809,625
7810,675
7811,675
7812,273
7813,675
7814,375
7815,473
7816,375
7817,425
7818,673
7819,675
7820,675
7821,625
7822,623
7823,675
7824,625
7825,-27
7826,-75
7827,671
7828,-125
7829,-125
7830,621
7831,675
7832,473
7833,523
7834,675
7835,-175
7836,623
7837,473
7838,-27
7839,625
7840,523
7841,675
7842,375
7843,375
7844,-175
7845,425
7846,673
7847,-75
7848,425
7849,625
7850,98
7851,625
7852,673
7853,675
7854,675
7855,425
7856,625
7857,625
7858,-125
7859,625
7860,-77
7861,-100
7862,675
7863,-125
7864,623
7865,675
7866,673
7867,348
7868,625
7869,248
7870,625
7871,198
7872,625
7873,623
7874,475
7875,675
7876,-75
7877,675
7878,673
7879,-127
7880,-125
7881,-125
7882,575
7883,675
7884,348
7885,675
7886,673
7887,-29
7888,675
7889,625
7890,-125
7891,675
7892,673
7893,675
7894,425
7895,-75
7896,625
7897,675
7898,675
7899,496
7900,675
7901,400
7902,373
7903,573
7904,525
7905,625
7906,623
7907,425
7908,521
7909,673
7910,575
7911,523
7912,500
7913,673
7914,675
7915,525
7916,673
7917,375
7918,-25
7919,575
7920,525
7921,673
7922,425
7923,-125
7924,500
7925,625
7926,625
7927,-75
7928,625
7929,473
7930,575
7931,350
7932,625
7933,425
7934,-125
7935,-75
7936,-127
7937,625
7938,550
7939,400
7940,673
7941,675
7942,673
7943,373
7944,569
7945,-77
7946,675
7947,675
7948,675
7949,548
7950,625
7951,675
7952,625
7953,625
7954,675
7955,-125
7956,521
7957,-125
7958,-200
7959,525
7960,673
7961,675
7962,675
7963,673
7964,675
7965,525
7966,-75
7967,675
7968,623
7969,573
7970,-125
7971,675
7972,675
7973,675
7974,575
7975,-125
7976,675
7977,675
7978,675
7979,423
7980,675
7981,673
7982,623
7983,-127
7984,-127
7985,150
7986,-125
7987,675
7988,-54
7989,623
7990,398
7991,625
7992,675
7993,623
7994,-100
7995,421
7996,675
7997,675
7998,575
7999,673
8000,671
8001,625
8002,675
8003,675
8004,621
8005,575
8006,375
8007,625
8008,-127
8009,623
8010,400
8011,675
8012,675
8013,625
8014,496
8015,371
8016,373
8017,675
8018,525
8019,671
8020,675
8021,523
8022,-75
8023,-125
8024,671
8025,675
8026,425
8027,625
8028,671
8029,473
8030,675
8031,673
8032,425
8033,675
8034,625
8035,675
8036,-100
8037,398
8038,623
8039,673
8040,669
8041,-175
8042,396
8043,375
8044,525
8045,625
8046,623
8047,523
8048,-125
8049,425
8050,-125
8051,573
8052,525
8053,448
8054,675
8055,625
8056,425
8057,675
8058,625
8059,-27
8060,625
8061,575
8062,425
8063,448
8064,625
8065,298
8066,673
8067,625
8068,375
8069,575
8070,-125
8071,625
8072,498
8073,375
8074,675
8075,-29
8076,673
8077,-125
8078,625
8079,673
8080,675
8081,575
8082,625
8083,346
8084,-25
8085,525
8086,675
8087,-175
8088,573
8089,623
8090,625
8091,675
8092,675
8093,623
8094,-127
8095,675
8096,248
8097,-75
8098,573
8099,-125
8100,550
8101,-75
8102,523
8103,575
8104,573
8105,625
8106,675
8107,625
8108,675
8109,100
8110,625
8111,621
8112,673
8113,623
8114,350
8115,-75
8116,373
8117,625
8118,-125
8119,298
8120,675
8121,675
8122,0
8123,575
8124,625
8125,425
8126,550
8127,-100
8128,575
8129,-75
8130,675
8131,675
8132,575
8133,675
8134,623
8135,365
8136,625
8137,421
8138,521
8139,571
8140,673
8141,623
8142,625
8143,575
8144,496
8145,-75
8146,400
8147,625
8148,498
8149,623
8150,673
8151,623
8152,575
8153,675
8154,475
8155,675
8156,675
8157,625
8158,675
8159,623
8160,575
8161,623
8162,625
8163,573
8164,423
8165,675
8166,625
8167,-75
8168,675
8169,575
8170,-79
8171,475
8172,675
8173,625
8174,-125
8175,525
8176,675
8177,673
8178,-75
8179,675
8180,300
8181,675
8182,673
8183,575
8184,-127
8185,575
8186,623
8187,-29
8188,-77
8189,625
8190,523
8191,98
8192,575
8193,619
8194,-125
8195,675
8196,-25
8197,-125
8198,625
8199,623
8200,-25
8201,-75
8202,425
8203,375
8204,475
8205,-104
8206,625
8207,675
8208,673
8209,625
8210,675
8211,573
8212,-125
8213,625
8214,-75
8215,-175
8216,425
8217,625
8218,625
8219,575
8220,525
8221,425
8222,625
8223,621
8224,525
8225,223
8226,573
8227,346
8228,575
8229,623
8230,396
8231,623
8232,-75
8233,625
8234,675
8235,625
8236,675
8237,575
8238,675
8239,625
8240,550
8241,673
8242,575
8243,400
8244,675
8245,525
8246,623
8247,625
8248,475
8249,625
8250,-25
8251,-52
8252,525
8253,-50
8254,575
8255,675
8256,-75
8257,675
8258,500
8259,-25
8260,-77
8261,425
8262,521
8263,348
8264,625
8265,525
8266,673
8267,473
8268,400
8269,-125
8270,625
8271,-125
8272,-75
8273,675
8274,675
8275,-85
8276,-75
8277,575
8278,673
8279,523
8280,675
8281,675
8282,675
8283,571
8284,675
8285,673
8286,500
8287,675
8288,675
8289,675
8290,625
8291,425
8292,625
8293,575
8294,-125
8295,625
8296,350
8297,623
8298,-125
8299,-75
8300,423
8301,400
8302,525
8303,669
8304,673
8305,-125
8306,525
8307,625
8308,-77
8309,623
8310,675
8311,525
8312,675
8313,675
8314,675
8315,425
8316,675
8317,621
8318,621
8319,425
8320,575
8321,625
8322,-27
8323,298
8324,675
8325,675
8326,623
8327,-75
8328,575
8329,421
8330,675
8331,675
8332,550
8333,675
8334,675
8335,623
8336,-75
8337,625
8338,325
8339,623
8340,623
8341,523
8342,446
8343,-125
8344,675
8345,623
8346,675
8347,625
8348,675
8349,425
8350,623
8351,625
8352,673
8353,225
8354,673
8355,425
8356,673
8357,525
8358,425
8359,675
8360,675
8361,575
8362,669
8363,673
8364,623
8365,223
8366,-177
8367,625
8368,550
8369,-127
8370,525
8371,-25
8372,625
8373,673
8374,575
8375,625
8376,625
8377,523
8378,519
8379,-127
8380,625
8381,425
8382,417
8383,675
8384,-25
8385,675
8386,675
8387,675
8388,-75
8389,-75
8390,550
8391,575
8392,675
8393,625
8394,675
8395,625
8396,673
8397,575
8398,-308
8399,625
8400,525
8401,-175
8402,-150
8403,-150
8404,475
8405,675
8406,-125
8407,673
8408,448
8409,625
8410,623
8411,-77
8412,-75
8413,625
8414,-29
8415,550
8416,575
8417,575
8418,-125
8419,625
8420,-125
8421,673
8422,298
8423,473
8424,-75
8425,675
8426,623
8427,623
8428,625
8429,673
8430,675
8431,675
8432,575
8433,625
8434,348
8435,-127
8436,675
8437,621
8438,675
8439,673
8440,623
8441,623
8442,-77
8443,625
8444,625
8445,625
8446,-125
8447,675
8448,475
8449,573
8450,-29
8451,400
8452,675
8453,671
8454,300
8455,575
8456,-127
8457,550
8458,625
8459,-75
8460,623
8461,-102
8462,496
8463,575
8464,573
8465,525
8466,-27
8467,625
8468,575
8469,625
8470,400
8471,673
8472,-125
8473,-27
8474,-25
8475,625
8476,675
8477,675
8478,523
8479,625
8480,575
8481,675
8482,625
8483,400
8484,423
8485,625
8486,625
8487,673
8488,400
8489,675
8490,625
8491,371
8492,-77
8493,575
8494,-100
8495,298
8496,-27
8497,625
8498,-125
8499,625
8500,-75
8501,-25
8502,625
8503,675
8504,575
8505,425
8506,375
8507,673
8508,575
8509,673
8510,346
8511,-125
8512,675
8513,625
8514,625
8515,-127
8516,-125
8517,573
8518,623
8519,673
8520,498
8521,346
8522,673
8523,675
8524,525
8525,625
8526,325
8527,-75
8528,525
8529,350
8530,675
8531,675
8532,-77
8533,573
8534,625
8535,675
8536,550
8537,400
8538,673
8539,675
8540,-25
8541,423
8542,225
8543,525
8544,625
8545,200
8546,673
8547,625
8548,625
8549,-127
8550,525
8551,425
8552,575
8553,425
8554,523
8555,625
8556,-29
8557,625
8558,-177
8559,-125
8560,573
8561,-127
8562,198
8563,425
8564,675
8565,625
8566,573
8567,625
8568,675
8569,675
8570,425
8571,675
8572,675
8573,575
8574,398
8575,625
8576,673
8577,446
8578,523
8579,-175
8580,625
8581,573
8582,471
8583,519
8584,675
8585,575
8586,425
8587,425
8588,-52
8589,575
8590,675
8591,475
8592,675
8593,425
8594,673
8595,400
8596,325
8597,296
8598,-75
8599,675
8600,525
8601,423
8602,675
8603,675
8604,675
8605,621
8606,621
8607,675
8608,675
8609,673
8610,375
8611,525
8612,325
8613,675
8614,-125
8615,675
8616,-75
8617,623
8618,675
8619,675
8620,-79
8621,617
8622,625
8623,-29
8624,575
8625,344
8626,675
8627,673
8628,-75
8629,298
8630,-27
8631,675
8632,548
8633,575
8634,348
8635,523
8636,573
8637,623
8638,575
8639,-25
8640,475
8641,350
8642,-75
8643,-175
8644,398
8645,548
8646,625
8647,550
8648,-25
8649,575
8650,673
8651,623
8652,623
8653,525
8654,673
8655,548
8656,625
8657,-127
8658,548
8659,675
8660,373
8661,675
8662,-25
8663,675
8664,525
8665,-250
8666,-125
8667,425
8668,675
8669,675
8670,673
8671,550
8672,375
8673,575
8674,471
8675,675
8676,544
8677,675
8678,523
8679,-29
8680,675
8681,525
8682,673
8683,-25
8684,-27
8685,-100
8686,569
8687,-79
8688,-77
8689,575
8690,400
8691,425
8692,473
8693,-27
8694,-75
8695,619
8696,675
8697,525
8698,525
8699,675
8700,525
8701,469
8702,673
8703,525
8704,675
8705,475
8706,625
8707,675
8708,673
8709,571
8710,673
8711,575
8712,625
8713,523
8714,675
8715,671
8716,575
8717,-125
8718,475
8719,675
8720,623
8721,675
8722,-250
8723,275
8724,350
8725,-129
8726,-125
8727,673
8728,373
8729,675
8730,275
8731,673
8732,475
8733,675
8734,675
8735,625
8736,625
8737,400
8738,398
8739,621
8740,575
8741,523
8742,675
8743,675
8744,375
8745,-25
8746,273
8747,298
8748,425
8749,625
8750,575
8751,675
8752,525
8753,625
8754,548
8755,625
8756,525
8757,425
8758,575
8759,375
8760,675
8761,-75
8762,571
8763,525
8764,-125
8765,623
8766,675
8767,-77
8768,673
8769,625
8770,625
8771,-27
8772,623
8773,371
8774,525
8775,673
8776,675
8777,-500
8778,525
8779,473
8780,200
8781,425
8782,675
8783,546
8784,623
8785,625
8786,-125
8787,-75
8788,294
8789,575
8790,625
8791,-52
8792,675
8793,675
8794,675
8795,675
8796,625
8797,625
8798,571
8799,498
8800,575
8801,-152
8802,675
8803,673
8804,-75
8805,523
8806,675
8807,-75
8808,575
8809,523
8810,675
8811,675
8812,523
8813,623
8814,575
8815,425
8816,675
8817,625
8818,673
8819,-79
8820,675
8821,675
8822,400
8823,-127
8824,448
8825,625
8826,575
8827,675
8828,575
8829,-25
8830,-125
8831,623
8832,623
8833,425
8834,425
8835,621
8836,-79
8837,623
8838,675
8839,623
8840,625
8841,675
8842,525
8843,675
8844,625
8845,275
8846,-77
8847,400
8848,475
8849,350
8850,623
8851,625
8852,625
8853,446
8854,625
8855,523
8856,675
8857,-75
8858,523
8859,673
8860,673
8861,300
8862,675
8863,-25
8864,446
8865,675
8866,675
8867,-200
8868,623
8869,675
8870,675
8871,-75
8872,-25
8873,473
8874,425
8875,675
8876,673
8877,523
8878,673
8879,625
8880,475
8881,573
8882,600
8883,323
8884,575
8885,675
8886,625
8887,675
8888,623
8889,-175
8890,521
8891,475
8892,475
8893,375
8894,675
8895,575
8896,625
8897,673
8898,425
8899,573
8900,625
8901,-225
8902,300
8903,-125
8904,623
8905,675
8906,573
8907,575
8908,398
8909,575
8910,-77
8911,-175
8912,675
8913,675
8914,-75
8915,348
8916,675
8917,623
8918,673
8919,575
8920,-77
8921,-156
8922,-52
8923,625
8924,573
8925,525
8926,625
8927,425
8928,425
8929,675
8930,325
8931,575
8932,625
8933,675
8934,625
8935,-25
8936,-25
8937,675
8938,625
8939,625
8940,525
8941,625
8942,-175
8943,550
8944,-125
8945,148
8946,-25
8947,-77
8948,625
8949,621
8950,675
8951,673
8952,575
8953,475
8954,675
8955,675
8956,-200
8957,523
8958,673
8959,625
8960,575
8961,-175
8962,-25
8963,573
8964,623
8965,625
8966,573
8967,675
8968,517
8969,675
8970,625
8971,398
8972,625
8973,673
8974,398
8975,675
8976,-25
8977,675
8978,675
8979,-77
8980,-25
8981,673
8982,621
8983,571
8984,523
8985,675
8986,625
8987,675
8988,-125
8989,625
8990,473
8991,523
8992,575
8993,621
8994,675
8995,625
8996,673
8997,621
8998,525
8999,675
9000,398
9001,675
9002,546
9003,623
9004,671
9005,-177
9006,675
9007,675
9008,625
9009,-177
9010,675
9011,525
9012,600
9013,-27
9014,675
9015,623
9016,275
9017,573
9018,675
9019,-127
9020,-79
9021,523
9022,-29
9023,373
9024,675
9025,-229
9026,-25
9027,673
9028,625
9029,425
9030,-27
9031,348
9032,450
9033,625
9034,625
9035,675
9036,-75
9037,371
9038,523
9039,-52
9040,675
9041,525
9042,475
9043,673
9044,675
9045,273
9046,673
9047,500
9048,-125
9049,425
9050,673
9051,625
9052,-77
9053,-77
9054,675
9055,475
9056,675
9057,-300
9058,573
9059,625
9060,675
9061,575
9062,675
9063,673
9064,575
9065,425
9066,573
9067,675
9068,-125
9069,-77
9070,621
9071,-25
9072,675
9073,625
9074,675
9075,425
9076,675
9077,-125
9078,673
9079,675
9080,300
9081,-75
9082,573
9083,675
9084,-125
9085,675
9086,-125
9087,625
9088,573
9089,-25
9090,-129
9091,673
9092,525
9093,400
9094,675
9095,150
9096,675
9097,525
9098,675
9099,625
9100,-125
9101,325
9102,375
9103,675
9104,525
9105,675
9106,675
9107,298
9108,0
9109,673
9110,298
9111,425
9112,323
9113,675
9114,675
9115,675
9116,-125
9117,625
9118,521
9119,400
9120,625
9121,325
9122,625
9123,75
9124,675
9125,575
9126,625
9127,675
9128,425
9129,625
9130,425
9131,675
9132,250
9133,675
9134,-125
9135,400
9136,548
9137,-175
9138,671
9139,244
9140,475
9141,550
9142,675
9143,625
9144,550
9145,373
9146,673
9147,673
9148,475
9149,625
9150,673
9151,-75
9152,621
9153,100
9154,-125
9155,675
9156,-77
9157,-75
9158,675
9159,675
9160,675
9161,-125
9162,625
9163,150
9164,675
9165,575
9166,621
9167,623
9168,675
9169,675
9170,623
9171,-125
9172,275
9173,675
9174,625
9175,-125
9176,625
9177,525
9178,673
9179,675
9180,175
9181,675
9182,675
9183,675
9184,625
9185,575
9186,-75
9187,675
9188,425
9189,625
9190,673
9191,425
9192,-77
9193,573
9194,675
9195,571
9196,450
9197,573
9198,-125
9199,675
9200,-75
9201,475
9202,423
9203,625
9204,673
9205,296
9206,-125
9207,423
9208,475
9209,-125
9210,625
9211,575
9212,523
9213,575
9214,675
9215,425
9216,575
9217,671
9218,-25
9219,325
9220,675
9221,-175
9222,375
9223,-79
9224,675
9225,675
9226,-29
9227,425
9228,498
9229,675
9230,150
9231,-27
9232,671
9233,573
9234,675
9235,575
9236,-77
9237,675
9238,-25
9239,421
9240,269
9241,625
9242,675
9243,625
9244,625
9245,346
9246,675
9247,575
9248,-125
9249,-75
9250,621
9251,-52
9252,625
9253,475
9254,-75
9255,498
9256,-127
9257,675
9258,625
9259,-27
9260,623
9261,-75
9262,675
9263,-127
9264,673
9265,675
9266,375
9267,473
9268,675
9269,-75
9270,625
9271,523
9272,675
9273,675
9274,625
9275,573
9276,675
9277,623
9278,671
9279,675
9280,675
9281,-125
9282,675
9283,571
9284,523
9285,-75
9286,573
9287,675
9288,-75
9289,348
9290,625
9291,623
9292,675
9293,573
9294,575
9295,625
9296,673
9297,625
9298,675
9299,-25
9300,675
9301,675
9302,0
9303,673
9304,-125
9305,675
9306,675
9307,673
9308,625
9309,625
9310,675
9311,425
9312,-27
9313,673
9314,348
9315,325
9316,625
9317,-25
9318,400
9319,675
9320,621
9321,473
9322,573
9323,575
9324,625
9325,625
9326,-25
9327,250
9328,625
9329,-125
9330,575
9331,500
9332,525
9333,244
9334,625
9335,-2
9336,675
9337,625
9338,675
9339,623
9340,673
9341,675
9342,625
9343,-2
9344,675
9345,198
9346,-125
9347,621
9348,475
9349,425
9350,450
9351,673
9352,-29
9353,550
9354,-77
9355,673
9356,625
9357,-125
9358,425
9359,675
9360,623
9361,673
9362,673
9363,375
9364,623
9365,575
9366,575
9367,-125
9368,625
9369,673
9370,675
9371,573
9372,525
9373,-125
9374,575
9375,375
9376,675
9377,675
9378,573
9379,423
9380,-125
9381,-25
9382,675
9383,-75
9384,675
9385,673
9386,-150
9387,-127
9388,-27
9389,625
9390,-75
9391,325
9392,-75
9393,523
9394,521
9395,425
9396,-75
9397,675
9398,-75
9399,625
9400,400
9401,623
9402,298
9403,-177
9404,-25
9405,-75
9406,675
9407,575
9408,325
9409,625
9410,425
9411,525
9412,621
9413,475
9414,625
9415,675
9416,675
9417,150
9418,575
9419,625
9420,500
9421,623
9422,98
9423,350
9424,-129
9425,298
9426,-250
9427,675
9428,-27
9429,675
9430,675
9431,675
9432,75
9433,-75
9434,621
9435,675
9436,-125
9437,625
9438,448
9439,-75
9440,675
9441,-75
9442,625
9443,375
9444,675
9445,575
9446,350
9447,675
9448,400
9449,675
9450,625
9451,-25
9452,350
9453,500
9454,625
9455,675
9456,625
9457,-127
9458,675
9459,425
9460,-125
9461,575
9462,525
9463,-25
9464,-125
9465,523
9466,425
9467,675
9468,675
9469,623
9470,675
9471,-79
9472,625
9473,425
9474,673
9475,475
9476,675
9477,675
9478,625
9479,625
9480,671
9481,400
9482,-75
9483,-77
9484,673
9485,400
9486,623
9487,375
9488,-129
9489,-75
9490,-75
9491,675
9492,619
9493,571
9494,-77
9495,575
9496,673
9497,575
9498,-175
9499,675
9500,675
9501,675
9502,-131
9503,573
9504,575
9505,-77
9506,525
9507,625
9508,575
9509,675
9510,675
9511,425
9512,673
9513,-25
9514,-125
9515,673
9516,525
9517,-75
9518,550
9519,548
9520,350
9521,375
9522,425
9523,675
9524,-125
9525,675
9526,375
9527,-77
9528,675
9529,550
9530,625
9531,623
9532,625
9533,496
9534,625
9535,550
9536,375
9537,573
9538,675
9539,675
9540,625
9541,625
9542,-25
9543,675
9544,673
9545,-52
9546,423
9547,675
9548,575
9549,675
9550,675
9551,575
9552,675
9553,550
9554,425
9555,623
9556,623
9557,-125
9558,625
9559,523
9560,623
9561,442
9562,375
9563,-75
9564,548
9565,200
9566,448
9567,373
9568,675
9569,-125
9570,350
9571,675
9572,575
9573,-27
9574,675
9575,571
9576,621
9577,673
9578,350
9579,398
9580,525
9581,-152
9582,625
9583,673
9584,575
9585,-127
9586,675
9587,625
9588,675
9589,473
9590,675
9591,625
9592,675
9593,575
9594,-125
9595,-75
9596,673
9597,675
9598,425
9599,675
9600,-125
9601,675
9602,425
9603,298
9604,575
9605,625
9606,675
9607,623
9608,371
9609,-75
9610,550
9611,675
9612,398
9613,623
9614,621
9615,-175
9616,675
9617,673
9618,625
9619,573
9620,-75
9621,400
9622,671
9623,-125
9624,675
9625,621
9626,675
9627,623
9628,375
9629,623
9630,-127
9631,573
9632,398
9633,675
9634,196
9635,423
9636,623
9637,-25
9638,625
9639,525
9640,675
9641,-75
9642,575
9643,-127
9644,575
9645,-25
9646,625
9647,675
9648,675
9649,675
9650,675
9651,525
9652,-127
9653,75
9654,675
9655,675
9656,675
9657,625
9658,-79
9659,673
9660,-100
9661,575
9662,625
9663,625
9664,-75
9665,400
9666,673
9667,625
9668,675
9669,573
9670,675
9671,575
9672,523
9673,273
9674,425
9675,575
9676,-125
9677,500
9678,673
9679,-150
9680,573
9681,-125
9682,0
9683,-75
9684,-125
9685,571
9686,400
9687,423
9688,675
9689,-250
9690,623
9691,575
9692,675
9693,-27
9694,675
9695,625
9696,625
9697,-100
9698,625
9699,-75
9700,673
9701,-125
9702,475
9703,675
9704,525
9705,675
9706,75
9707,675
9708,525
9709,675
9710,525
9711,623
9712,675
9713,625
9714,525
9715,675
9716,675
9717,-125
9718,-77
9719,-127
9720,625
9721,675
9722,675
9723,-175
9724,-125
9725,625
9726,575
9727,673
9728,673
9729,625
9730,-75
9731,-25
9732,625
9733,625
9734,525
9735,400
9736,444
9737,573
9738,575
9739,375
9740,675
9741,373
9742,625
9743,423
9744,625
9745,500
9746,623
9747,525
9748,-200
9749,673
9750,675
9751,623
9752,-102
9753,675
9754,675
9755,-27
9756,375
9757,625
9758,625
9759,525
9760,275
9761,675
9762,175
9763,425
9764,275
9765,73
9766,-75
9767,625
9768,525
9769,-202
9770,623
9771,-77
9772,621
9773,-25
9774,625
9775,-125
9776,473
9777,675
9778,0
9779,623
9780,625
9781,675
9782,-75
9783,-75
9784,550
9785,675
9786,525
9787,548
9788,673
9789,-27
9790,523
9791,673
9792,625
9793,619
9794,625
9795,573
9796,250
9797,573
9798,423
9799,625
9800,475
9801,621
9802,623
9803,273
9804,675
9805,573
9806,623
9807,623
9808,625
9809,673
9810,-129
9811,425
9812,-125
9813,675
9814,625
9815,621
9816,625
9817,673
9818,623
9819,448
9820,425
9821,625
9822,-125
9823,625
9824,-29
9825,548
9826,575
9827,675
9828,625
9829,675
9830,623
9831,575
9832,675
9833,523
9834,-29
9835,398
9836,-75
9837,525
9838,546
9839,525
9840,675
9841,625
9842,675
9843,-125
9844,425
9845,548
9846,675
9847,625
9848,675
9849,673
9850,625
9851,-125
9852,475
9853,-79
9854,525
9855,348
9856,575
9857,496
9858,-27
9859,171
9860,500
9861,625
9862,675
9863,375
9864,598
9865,623
9866,475
9867,398
9868,675
9869,675
9870,400
9871,675
9872,673
9873,-75
9874,300
9875,673
9876,525
9877,675
9878,350
9879,-277
9880,675
9881,321
9882,575
9883,573
9884,-125
9885,573
9886,671
9887,523
9888,150
9889,425
9890,675
9891,-125
9892,625
9893,523
9894,573
9895,-125
9896,-127
9897,675
9898,-27
9899,625
9900,675
9901,625
9902,675
9903,200
9904,675
9905,523
9906,675
9907,673
9908,673
9909,-75
9910,673
9911,675
9912,525
9913,425
9914,675
9915,325
9916,525
9917,675
9918,625
9919,675
9920,296
9921,673
9922,675
9923,573
9924,675
9925,573
9926,523
9927,675
9928,396
9929,-125
9930,675
9931,625
9932,-200
9933,625
9934,575
9935,423
9936,675
9937,675
9938,575
9939,675
9940,250
9941,-125
9942,-77
9943,475
9944,450
9945,-75
9946,300
9947,625
9948,375
9949,675
9950,525
9951,571
9952,573
9953,-200
9954,673
9955,525
9956,325
9957,425
9958,573
9959,675
9960,675
9961,150
9962,419
9963,-125
9964,425
9965,-75
9966,625
9967,-125
9968,675
9969,671
9970,-77
9971,625
9972,423
9973,425
9974,675
9975,-75
9976,675
9977,425
9978,473
9979,525
9980,625
9981,675
9982,625
9983,23
9984,575
9985,671
9986,-125
9987,675
9988,623
9989,-79
9990,525
9991,623
9992,625
9993,625
9994,675
9995,625
9996,625
9997,300
9998,625
9999,-2
10000,675
[[(4, 4), 0, -25], [(3, 4), 2, 50], [(3, 3), 2, 50], [(3, 2), 2, 250], [(3, 1), 0, 250], [(2, 1), 0, -25], [(1, 1), 0, -25], [(0, 1), 2, 150]]