1,-339
2,-204
3,105
4,-158
5,-537
6,-204
7,-239
8,317
9,-206
10,-183
11,42
12,-451
13,-175
14,-1268
15,-233
16,265
17,-225
18,-77
19,-152
20,-305
21,-362
22,371
23,-791
24,-206
25,-306
26,-620
27,-868
28,-341
29,-499
30,-551
31,-990
32,-202
33,-303
34,-312
35,424
36,-580
37,-656
38,-206
39,-18
40,-312
41,15
42,-129
43,-320
44,-10
45,-183
46,-231
47,669
48,-152
49,-122
50,-225
51,-387
52,-125
53,-181
54,-152
55,-189
56,-135
57,-555
58,363
59,-214
60,-177
61,-129
62,-241
63,-520
64,-60
65,-279
66,-175
67,-179
68,-164
69,-91
70,-1107
71,-105
72,-156
73,-932
74,-37
75,-343
76,171
77,375
78,-333
79,-364
80,0
81,144
82,-256
83,-360
84,-54
85,-212
86,-310
87,-211
88,-899
89,-281
90,-177
91,-129
92,-251
93,-125
94,-183
95,-183
96,-129
97,21
98,-252
99,-483
100,-308
101,21
102,-125
103,-150
104,-183
105,-243
106,321
107,-256
108,-177
109,-193
110,-200
111,-106
112,-314
113,523
114,-379
115,-37
116,-672
117,-293
118,-129
119,-183
120,-1065
121,-297
122,-127
123,-237
124,-283
125,-489
126,-289
127,-104
128,-306
129,-243
130,-104
131,-177
132,-204
133,-811
134,-293
135,-127
136,-383
137,-47
138,150
139,-233
140,-260
141,623
142,-437
143,-252
144,-127
145,-185
146,-254
147,-258
148,188
149,-379
150,-204
151,-162
152,-206
153,-10
154,-77
155,148
156,96
157,-252
158,-152
159,-129
160,-235
161,119
162,-111
163,-112
164,-210
165,244
166,-237
167,-235
168,-312
169,-441
170,-77
171,-185
172,-75
173,117
174,-83
175,625
176,367
177,196
178,-75
179,-225
180,525
181,11
182,121
183,355
184,375
185,-204
186,-202
187,-285
188,621
189,-410
190,-227
191,221
192,136
193,17
194,221
195,-127
196,-125
197,-177
198,-256
199,221
200,225
201,425
202,42
203,-341
204,-235
205,-127
206,-229
207,-360
208,-41
209,-85
210,423
211,-139
212,315
213,-860
214,7
215,-100
216,275
217,-127
218,92
219,-404
220,-237
221,325
222,567
223,-589
224,-566
225,217
226,75
227,-129
228,-254
229,-104
230,-233
231,267
232,323
233,-254
234,-306
235,-131
236,519
237,7
238,471
239,-254
240,240
241,521
242,225
243,-202
244,-127
245,-506
246,-308
247,-179
248,-150
249,0
250,280
251,575
252,621
253,-125
254,-125
255,246
256,-591
257,-235
258,121
259,423
260,44
261,-12
262,475
263,-77
264,-231
265,375
266,-108
267,-281
268,-281
269,271
270,-302
271,-302
272,75
273,-125
274,-77
275,373
276,-137
277,375
278,-177
279,367
280,-183
281,-354
282,398
283,-56
284,-127
285,-279
286,-125
287,619
288,-208
289,-35
290,-75
291,575
292,117
293,94
294,-125
295,-177
296,-181
297,-77
298,-129
299,173
300,246
301,-75
302,-206
303,263
304,150
305,25
306,523
307,-75
308,571
309,-10
310,-127
311,673
312,-235
313,223
314,621
315,-210
316,-258
317,-85
318,-83
319,-200
320,-200
321,-75
322,-75
323,109
324,-75
325,-179
326,-281
327,-204
328,-200
329,-485
330,-77
331,-250
332,515
333,315
334,-279
335,275
336,-279
337,621
338,-202
339,-281
340,-125
341,-25
342,-137
343,-824
344,-54
345,-250
346,148
347,-87
348,-129
349,119
350,375
351,148
352,344
353,-356
354,-75
355,398
356,173
357,92
358,-125
359,-125
360,525
361,248
362,498
363,319
364,-200
365,-185
366,473
367,346
368,375
369,300
370,75
371,371
372,296
373,225
374,-81
375,-183
376,-175
377,367
378,146
379,-77
380,348
381,-127
382,423
383,623
384,148
385,423
386,523
387,519
388,425
389,144
390,371
391,225
392,-433
393,423
394,138
395,519
396,149
397,-329
398,-127
399,473
400,425
401,625
402,-56
403,-75
404,371
405,-54
406,-181
407,169
408,515
409,-179
410,421
411,271
412,573
413,-77
414,425
415,523
416,365
417,-127
418,-208
419,573
420,673
421,492
422,-77
423,446
424,467
425,-479
426,-125
427,675
428,275
429,548
430,-125
431,-275
432,423
433,223
434,-75
435,-127
436,675
437,-277
438,675
439,450
440,342
441,246
442,-125
443,-539
444,375
445,-175
446,498
447,573
448,-125
449,-125
450,675
451,-75
452,425
453,-125
454,-125
455,-239
456,161
457,419
458,375
459,425
460,-125
461,346
462,173
463,519
464,573
465,375
466,-175
467,500
468,371
469,-152
470,-150
471,623
472,617
473,44
474,392
475,373
476,269
477,-75
478,-227
479,342
480,523
481,-125
482,-77
483,673
484,525
485,267
486,367
487,-131
488,-125
489,396
490,-125
491,-200
492,-514
493,221
494,-408
495,-125
496,-125
497,425
498,-381
499,271
500,-77
501,623
502,575
503,675
504,-177
505,625
506,-75
507,667
508,-125
509,625
510,-200
511,-227
512,-200
513,-485
514,350
515,573
516,373
517,573
518,-175
519,400
520,48
521,423
522,469
523,0
524,575
525,625
526,-179
527,-175
528,573
529,-75
530,-77
531,-150
532,346
533,-75
534,625
535,-225
536,623
537,323
538,673
539,573
540,548
541,321
542,425
543,100
544,-77
545,623
546,-27
547,573
548,675
549,-125
550,675
551,-75
552,-87
553,623
554,-175
555,373
556,675
557,625
558,675
559,415
560,248
561,-127
562,171
563,573
564,-179
565,-181
566,325
567,-335
568,-127
569,-50
570,-25
571,675
572,573
573,523
574,-125
575,475
576,575
577,521
578,675
579,-75
580,-75
581,-125
582,398
583,375
584,473
585,-39
586,175
587,675
588,417
589,-179
590,425
591,573
592,-127
593,471
594,675
595,400
596,417
597,-202
598,675
599,525
600,673
601,-177
602,625
603,300
604,-229
605,-175
606,-77
607,398
608,421
609,469
610,673
611,-75
612,-225
613,-187
614,623
615,-150
616,498
617,625
618,675
619,146
620,125
621,-125
622,-133
623,-27
624,-125
625,150
626,-102
627,669
628,-75
629,348
630,625
631,-77
632,244
633,-37
634,621
635,346
636,473
637,200
638,-287
639,625
640,425
641,475
642,-127
643,-75
644,446
645,-125
646,523
647,-125
648,550
649,521
650,125
651,625
652,575
653,-125
654,623
655,621
656,573
657,575
658,-331
659,625
660,-125
661,500
662,246
663,-127
664,617
665,246
666,525
667,-27
668,675
669,-129
670,-79
671,675
672,48
673,519
674,473
675,-177
676,625
677,-75
678,523
679,-177
680,523
681,475
682,-79
683,625
684,623
685,-150
686,548
687,675
688,248
689,575
690,-77
691,-125
692,669
693,-127
694,525
695,623
696,275
697,673
698,515
699,-127
700,-77
701,623
702,525
703,-129
704,523
705,248
706,425
707,396
708,425
709,-225
710,675
711,544
712,271
713,521
714,-75
715,619
716,673
717,425
718,500
719,575
720,-125
721,673
722,198
723,473
724,500
725,221
726,675
727,498
728,625
729,525
730,623
731,550
732,-179
733,269
734,275
735,521
736,525
737,575
738,625
739,673
740,198
741,-127
742,-129
743,448
744,-33
745,-75
746,471
747,-77
748,625
749,575
750,-75
751,675
752,-125
753,573
754,600
755,625
756,525
757,623
758,275
759,-227
760,298
761,348
762,-77
763,223
764,475
765,571
766,421
767,-25
768,250
769,675
770,-100
771,-27
772,525
773,675
774,575
775,598
776,225
777,319
778,350
779,398
780,-27
781,369
782,-27
783,-75
784,275
785,600
786,-200
787,448
788,325
789,675
790,571
791,425
792,-77
793,275
794,621
795,675
796,673
797,-125
798,-300
799,523
800,373
801,425
802,673
803,675
804,675
805,675
806,571
807,625
808,567
809,573
810,473
811,625
812,675
813,-75
814,625
815,423
816,621
817,623
818,-125
819,675
820,248
821,-125
822,275
823,519
824,675
825,575
826,623
827,625
828,321
829,-77
830,-102
831,550
832,425
833,475
834,-108
835,200
836,625
837,573
838,25
839,675
840,675
841,525
842,673
843,373
844,623
845,575
846,548
847,450
848,-125
849,575
850,525
851,-75
852,473
853,325
854,621
855,521
856,675
857,300
858,-75
859,575
860,675
861,625
862,-125
863,675
864,575
865,673
866,571
867,423
868,675
869,398
870,423
871,400
872,400
873,575
874,525
875,-125
876,675
877,-125
878,250
879,523
880,423
881,473
882,675
883,425
884,525
885,623
886,-127
887,-125
888,-29
889,-125
890,-125
891,625
892,523
893,625
894,525
895,675
896,521
897,675
898,-133
899,673
900,523
901,671
902,398
903,300
904,675
905,675
906,673
907,348
908,498
909,371
910,675
911,425
912,-75
913,-102
914,575
915,525
916,625
917,325
918,671
919,350
920,673
921,569
922,675
923,423
924,-281
925,625
926,571
927,-75
928,-125
929,575
930,575
931,-175
932,-125
933,-125
934,325
935,-27
936,-75
937,373
938,675
939,525
940,675
941,573
942,623
943,623
944,-81
945,-177
946,323
947,-75
948,623
949,675
950,573
951,575
952,73
953,546
954,575
955,475
956,623
957,625
958,-102
959,475
960,675
961,673
962,623
963,625
964,675
965,625
966,675
967,398
968,675
969,246
970,671
971,675
972,675
973,525
974,-75
975,-27
976,-225
977,-75
978,400
979,-125
980,375
981,575
982,675
983,525
984,375
985,475
986,-125
987,675
988,575
989,625
990,625
991,671
992,525
993,-127
994,675
995,425
996,625
997,675
998,625
999,500
1000,-125
1001,675
1002,575
1003,521
1004,625
1005,-125
1006,673
1007,675
1008,617
1009,423
1010,673
1011,675
1012,500
1013,-79
1014,525
1015,675
1016,340
1017,-27
1018,573
1019,550
1020,573
1021,525
1022,-25
1023,675
1024,675
1025,625
1026,575
1027,498
1028,23
1029,-152
1030,623
1031,-75
1032,-127
1033,500
1034,673
1035,623
1036,-75
1037,675
1038,623
1039,-77
1040,-125
1041,423
1042,-75
1043,625
1044,523
1045,675
1046,675
1047,475
1048,350
1049,625
1050,575
1051,675
1052,675
1053,675
1054,523
1055,623
1056,673
1057,525
1058,625
1059,675
1060,525
1061,-131
1062,-75
1063,675
1064,-250
1065,623
1066,-75
1067,575
1068,625
1069,-77
1070,573
1071,675
1072,675
1073,675
1074,625
1075,673
1076,-75
1077,525
1078,575
1079,675
1080,625
1081,675
1082,675
1083,675
1084,675
1085,675
1086,675
1087,346
1088,623
1089,375
1090,550
1091,623
1092,-75
1093,-25
1094,100
1095,625
1096,675
1097,675
1098,675
1099,-125
1100,673
1101,675
1102,675
1103,496
1104,448
1105,675
1106,-27
1107,523
1108,675
1109,-127
1110,625
1111,-75
1112,-125
1113,475
1114,-125
1115,673
1116,-77
1117,623
1118,675
1119,625
1120,323
1121,623
1122,621
1123,573
1124,-25
1125,550
1126,675
1127,525
1128,175
1129,573
1130,621
1131,673
1132,625
1133,575
1134,675
1135,675
1136,525
1137,196
1138,623
1139,675
1140,275
1141,400
1142,625
1143,625
1144,675
1145,675
1146,-25
1147,625
1148,625
1149,675
1150,-125
1151,673
1152,-125
1153,673
1154,675
1155,625
1156,-27
1157,623
1158,173
1159,423
1160,-127
1161,-79
1162,396
1163,-75
1164,675
1165,675
1166,573
1167,675
1168,425
1169,673
1170,673
1171,575
1172,-75
1173,575
1174,671
1175,671
1176,-75
1177,675
1178,575
1179,625
1180,625
1181,-25
1182,673
1183,-131
1184,625
1185,323
1186,-150
1187,573
1188,323
1189,673
1190,525
1191,-252
1192,623
1193,375
1194,525
1195,623
1196,425
1197,-125
1198,675
1199,525
1200,675
1201,248
1202,625
1203,675
1204,-25
1205,573
1206,675
1207,400
1208,675
1209,348
1210,675
1211,-25
1212,573
1213,675
1214,675
1215,673
1216,625
1217,-125
1218,673
1219,-79
1220,675
1221,-75
1222,675
1223,-125
1224,625
1225,675
1226,625
1227,525
1228,675
1229,675
1230,675
1231,625
1232,625
1233,575
1234,573
1235,0
1236,673
1237,400
1238,-125
1239,200
1240,471
1241,425
1242,-127
1243,675
1244,675
1245,675
1246,625
1247,675
1248,625
1249,623
1250,625
1251,-125
1252,625
1253,675
1254,625
1255,400
1256,-75
1257,-125
1258,675
1259,473
1260,-75
1261,575
1262,-75
1263,625
1264,673
1265,625
1266,525
1267,575
1268,571
1269,671
1270,625
1271,-175
1272,625
1273,575
1274,675
1275,-125
1276,575
1277,273
1278,625
1279,475
1280,575
1281,475
1282,-154
1283,625
1284,675
1285,575
1286,673
1287,675
1288,-29
1289,498
1290,675
1291,600
1292,675
1293,625
1294,675
1295,573
1296,625
1297,573
1298,625
1299,675
1300,675
1301,400
1302,623
1303,350
1304,625
1305,625
1306,673
1307,400
1308,248
1309,-127
1310,300
1311,673
1312,473
1313,550
1314,-4
1315,675
1316,-125
1317,625
1318,525
1319,675
1320,575
1321,675
1322,623
1323,675
1324,575
1325,625
1326,419
1327,623
1328,625
1329,-127
1330,625
1331,675
1332,521
1333,-50
1334,250
1335,-125
1336,623
1337,575
1338,625
1339,550
1340,-27
1341,625
1342,675
1343,573
1344,400
1345,350
1346,675
1347,625
1348,525
1349,673
1350,425
1351,-175
1352,675
1353,625
1354,-77
1355,673
1356,-125
1357,673
1358,450
1359,550
1360,-250
1361,625
1362,675
1363,-125
1364,675
1365,625
1366,-27
1367,673
1368,-125
1369,675
1370,400
1371,673
1372,675
1373,625
1374,575
1375,521
1376,400
1377,425
1378,-75
1379,-125
1380,-127
1381,-202
1382,675
1383,673
1384,625
1385,625
1386,500
1387,673
1388,-125
1389,-27
1390,675
1391,-75
1392,625
1393,675
1394,675
1395,473
1396,675
1397,-27
1398,675
1399,673
1400,221
1401,673
1402,675
1403,398
1404,621
1405,398
1406,673
1407,625
1408,625
1409,0
1410,350
1411,675
1412,573
1413,675
1414,375
1415,673
1416,-177
1417,625
1418,575
1419,371
1420,423
1421,446
1422,250
1423,400
1424,625
1425,571
1426,675
1427,248
1428,-125
1429,525
1430,625
1431,350
1432,575
1433,198
1434,673
1435,350
1436,425
1437,-125
1438,673
1439,375
1440,525
1441,625
1442,675
1443,-75
1444,523
1445,-325
1446,675
1447,621
1448,425
1449,625
1450,675
1451,673
1452,523
1453,673
1454,-175
1455,625
1456,625
1457,425
1458,569
1459,571
1460,-29
1461,625
1462,-127
1463,-25
1464,675
1465,373
1466,675
1467,675
1468,671
1469,675
1470,475
1471,375
1472,569
1473,0
1474,673
1475,625
1476,575
1477,525
1478,625
1479,625
1480,-77
1481,425
1482,525
1483,673
1484,525
1485,625
1486,-75
1487,671
1488,550
1489,675
1490,425
1491,623
1492,675
1493,350
1494,400
1495,350
1496,-175
1497,625
1498,573
1499,675
1500,-75
1501,-125
1502,500
1503,623
1504,-27
1505,625
1506,625
1507,250
1508,675
1509,-75
1510,-75
1511,523
1512,-29
1513,675
1514,475
1515,550
1516,-50
1517,623
1518,-75
1519,-75
1520,673
1521,-125
1522,575
1523,675
1524,625
1525,-77
1526,-177
1527,675
1528,625
1529,325
1530,625
1531,621
1532,623
1533,-27
1534,375
1535,-77
1536,525
1537,671
1538,25
1539,425
1540,675
1541,148
1542,673
1543,400
1544,-79
1545,-125
1546,673
1547,-75
1548,-75
1549,375
1550,675
1551,675
1552,625
1553,-250
1554,323
1555,-75
1556,675
1557,-125
1558,573
1559,475
1560,675
1561,675
1562,673
1563,525
1564,475
1565,500
1566,475
1567,-125
1568,625
1569,525
1570,675
1571,623
1572,625
1573,-75
1574,575
1575,675
1576,523
1577,675
1578,675
1579,523
1580,623
1581,675
1582,-27
1583,573
1584,675
1585,525
1586,575
1587,675
1588,-127
1589,623
1590,623
1591,198
1592,-79
1593,523
1594,625
1595,675
1596,350
1597,625
1598,148
1599,375
1600,-29
1601,673
1602,675
1603,425
1604,375
1605,-75
1606,525
1607,-125
1608,575
1609,675
1610,673
1611,625
1612,425
1613,675
1614,625
1615,625
1616,675
1617,625
1618,-75
1619,425
1620,625
1621,-100
1622,675
1623,625
1624,675
1625,625
1626,675
1627,673
1628,673
1629,-27
1630,675
1631,675
1632,675
1633,625
1634,525
1635,625
1636,-125
1637,348
1638,625
1639,673
1640,675
1641,-125
1642,675
1643,-25
1644,525
1645,675
1646,675
1647,25
1648,623
1649,625
1650,-25
1651,673
1652,-125
1653,625
1654,623
1655,671
1656,-75
1657,-25
1658,-125
1659,398
1660,475
1661,300
1662,423
1663,675
1664,275
1665,623
1666,400
1667,-31
1668,225
1669,575
1670,625
1671,575
1672,-75
1673,-75
1674,675
1675,675
1676,-75
1677,450
1678,400
1679,523
1680,675
1681,675
1682,673
1683,546
1684,673
1685,-25
1686,625
1687,500
1688,300
1689,175
1690,425
1691,425
1692,400
1693,675
1694,675
1695,623
1696,575
1697,675
1698,-75
1699,675
1700,425
1701,575
1702,675
1703,-125
1704,625
1705,-125
1706,-175
1707,425
1708,675
1709,675
1710,575
1711,675
1712,675
1713,675
1714,425
1715,575
1716,348
1717,-127
1718,675
1719,625
1720,625
1721,675
1722,525
1723,425
1724,-125
1725,675
1726,675
1727,350
1728,-75
1729,673
1730,625
1731,621
1732,571
1733,373
1734,-75
1735,525
1736,625
1737,-125
1738,525
1739,200
1740,625
1741,-125
1742,625
1743,671
1744,375
1745,625
1746,175
1747,625
1748,150
1749,675
1750,546
1751,498
1752,673
1753,571
1754,675
1755,675
1756,673
1757,675
1758,475
1759,-127
1760,575
1761,673
1762,675
1763,300
1764,550
1765,-81
1766,348
1767,375
1768,-25
1769,-75
1770,323
1771,548
1772,150
1773,523
1774,625
1775,673
1776,623
1777,675
1778,625
1779,673
1780,625
1781,625
1782,575
1783,675
1784,348
1785,-77
1786,425
1787,-75
1788,675
1789,625
1790,675
1791,675
1792,523
1793,550
1794,675
1795,625
1796,671
1797,423
1798,673
1799,573
1800,-125
1801,471
1802,675
1803,673
1804,471
1805,675
1806,-25
1807,675
1808,575
1809,-2
1810,575
1811,625
1812,575
1813,-75
1814,548
1815,450
1816,-75
1817,675
1818,-77
1819,673
1820,-175
1821,-75
1822,625
1823,498
1824,521
1825,673
1826,248
1827,625
1828,675
1829,625
1830,-150
1831,525
1832,623
1833,675
1834,623
1835,673
1836,673
1837,675
1838,625
1839,625
1840,-75
1841,400
1842,575
1843,425
1844,-75
1845,675
1846,573
1847,673
1848,625
1849,423
1850,525
1851,448
1852,675
1853,625
1854,450
1855,425
1856,675
1857,525
1858,625
1859,523
1860,525
1861,675
1862,-175
1863,-75
1864,-75
1865,625
1866,525
1867,425
1868,675
1869,625
1870,675
1871,625
1872,475
1873,675
1874,625
1875,673
1876,625
1877,-29
1878,373
1879,-125
1880,575
1881,-77
1882,673
1883,450
1884,-77
1885,675
1886,675
1887,675
1888,623
1889,-75
1890,625
1891,675
1892,675
1893,675
1894,-125
1895,396
1896,673
1897,675
1898,575
1899,-125
1900,-127
1901,-75
1902,-25
1903,400
1904,675
1905,675
1906,-77
1907,675
1908,-75
1909,425
1910,675
1911,625
1912,-125
1913,300
1914,623
1915,623
1916,623
1917,-125
1918,-27
1919,675
1920,523
1921,575
1922,675
1923,575
1924,619
1925,-125
1926,-25
1927,623
1928,675
1929,498
1930,675
1931,675
1932,625
1933,-125
1934,625
1935,673
1936,-29
1937,-75
1938,548
1939,673
1940,546
1941,675
1942,675
1943,575
1944,500
1945,621
1946,625
1947,625
1948,600
1949,675
1950,675
1951,625
1952,675
1953,375
1954,-75
1955,575
1956,-202
1957,350
1958,675
1959,-75
1960,575
1961,575
1962,375
1963,675
1964,492
1965,675
1966,575
1967,-77
1968,-125
1969,575
1970,-75
1971,675
1972,575
1973,-75
1974,675
1975,675
1976,625
1977,296
1978,675
1979,475
1980,625
1981,625
1982,625
1983,625
1984,675
1985,625
1986,-27
1987,671
1988,398
1989,523
1990,673
1991,671
1992,-127
1993,425
1994,675
1995,625
1996,394
1997,575
1998,-75
1999,673
2000,675
2001,-75
2002,625
2003,675
2004,350
2005,-125
2006,-75
2007,-125
2008,675
2009,675
2010,198
2011,675
2012,573
2013,400
2014,475
2015,625
2016,-125
2017,-175
2018,473
2019,625
2020,575
2021,573
2022,550
2023,-129
2024,625
2025,623
2026,673
2027,-77
2028,675
2029,625
2030,-175
2031,625
2032,394
2033,573
2034,575
2035,675
2036,-181
2037,623
2038,675
2039,623
2040,-183
2041,-175
2042,675
2043,-75
2044,623
2045,525
2046,675
2047,675
2048,625
2049,625
2050,625
2051,675
2052,675
2053,-29
2054,525
2055,671
2056,525
2057,421
2058,575
2059,-125
2060,575
2061,673
2062,625
2063,673
2064,625
2065,575
2066,500
2067,250
2068,525
2069,625
2070,573
2071,546
2072,500
2073,575
2074,675
2075,-227
2076,575
2077,525
2078,673
2079,525
2080,575
2081,573
2082,-75
2083,-125
2084,673
2085,671
2086,-75
2087,-104
2088,623
2089,475
2090,425
2091,625
2092,525
2093,623
2094,675
2095,350
2096,-79
2097,675
2098,525
2099,-29
2100,623
2101,673
2102,675
2103,625
2104,675
2105,675
2106,375
2107,675
2108,625
2109,475
2110,425
2111,375
2112,623
2113,-75
2114,675
2115,300
2116,625
2117,625
2118,-75
2119,525
2120,675
2121,-175
2122,425
2123,-81
2124,625
2125,573
2126,675
2127,425
2128,675
2129,675
2130,-152
2131,575
2132,525
2133,675
2134,350
2135,-75
2136,-125
2137,675
2138,398
2139,623
2140,675
2141,675
2142,-177
2143,475
2144,673
2145,421
2146,673
2147,525
2148,400
2149,675
2150,425
2151,675
2152,575
2153,250
2154,-25
2155,-75
2156,623
2157,675
2158,673
2159,625
2160,675
2161,548
2162,623
2163,573
2164,675
2165,498
2166,625
2167,475
2168,675
2169,675
2170,675
2171,675
2172,-175
2173,623
2174,575
2175,350
2176,575
2177,675
2178,-100
2179,348
2180,573
2181,521
2182,675
2183,375
2184,550
2185,-127
2186,-127
2187,573
2188,675
2189,575
2190,673
2191,350
2192,-25
2193,675
2194,-77
2195,673
2196,671
2197,398
2198,573
2199,675
2200,548
2201,675
2202,673
2203,-25
2204,-75
2205,625
2206,-125
2207,575
2208,573
2209,23
2210,600
2211,675
2212,475
2213,625
2214,375
2215,573
2216,-202
2217,625
2218,675
2219,675
2220,621
2221,621
2222,621
2223,675
2224,350
2225,-27
2226,396
2227,623
2228,-75
2229,348
2230,675
2231,523
2232,675
2233,548
2234,625
2235,671
2236,-125
2237,675
2238,-125
2239,475
2240,671
2241,573
2242,675
2243,-125
2244,675
2245,625
2246,675
2247,675
2248,-125
2249,-127
2250,675
2251,-125
2252,-125
2253,625
2254,473
2255,323
2256,521
2257,-77
2258,673
2259,221
2260,673
2261,623
2262,521
2263,525
2264,425
2265,300
2266,-131
2267,-25
2268,673
2269,675
2270,198
2271,675
2272,675
2273,625
2274,673
2275,196
2276,-125
2277,675
2278,525
2279,623
2280,423
2281,675
2282,673
2283,623
2284,-25
2285,-75
2286,-125
2287,-75
2288,-75
2289,223
2290,-129
2291,675
2292,571
2293,575
2294,625
2295,675
2296,623
2297,575
2298,523
2299,675
2300,-125
2301,400
2302,523
2303,675
2304,475
2305,621
2306,625
2307,575
2308,300
2309,675
2310,575
2311,671
2312,425
2313,223
2314,675
2315,-125
2316,675
2317,621
2318,675
2319,623
2320,625
2321,625
2322,675
2323,375
2324,575
2325,625
2326,673
2327,498
2328,673
2329,573
2330,675
2331,-125
2332,-150
2333,625
2334,625
2335,675
2336,-75
2337,673
2338,675
2339,625
2340,625
2341,-125
2342,498
2343,-125
2344,525
2345,621
2346,625
2347,348
2348,400
2349,423
2350,675
2351,675
2352,350
2353,75
2354,200
2355,573
2356,-125
2357,473
2358,-125
2359,546
2360,525
2361,-102
2362,475
2363,675
2364,625
2365,475
2366,675
2367,-75
2368,623
2369,675
2370,575
2371,675
2372,-181
2373,525
2374,421
2375,675
2376,675
2377,550
2378,-150
2379,625
2380,-125
2381,525
2382,-100
2383,625
2384,675
2385,473
2386,275
2387,673
2388,550
2389,-75
2390,575
2391,548
2392,671
2393,-125
2394,625
2395,673
2396,673
2397,-131
2398,675
2399,675
2400,625
2401,673
2402,-125
2403,625
2404,625
2405,525
2406,625
2407,-127
2408,675
2409,-25
2410,-75
2411,-177
2412,623
2413,475
2414,623
2415,-125
2416,625
2417,575
2418,423
2419,675
2420,671
2421,625
2422,625
2423,625
2424,-125
2425,625
2426,621
2427,150
2428,673
2429,525
2430,675
2431,673
2432,675
2433,-77
2434,500
2435,675
2436,619
2437,575
2438,675
2439,-125
2440,673
2441,-175
2442,575
2443,375
2444,673
2445,225
2446,400
2447,573
2448,350
2449,675
2450,625
2451,675
2452,675
2453,675
2454,319
2455,675
2456,550
2457,675
2458,-75
2459,-175
2460,573
2461,300
2462,673
2463,675
2464,-125
2465,623
2466,523
2467,475
2468,625
2469,625
2470,625
2471,675
2472,-75
2473,675
2474,525
2475,-75
2476,571
2477,671
2478,675
2479,-75
2480,675
2481,675
2482,675
2483,-175
2484,675
2485,575
2486,425
2487,675
2488,575
2489,-81
2490,675
2491,-75
2492,575
2493,575
2494,675
2495,625
2496,-75
2497,500
2498,425
2499,575
2500,675
2501,625
2502,-127
2503,675
2504,625
2505,373
2506,573
2507,675
2508,625
2509,275
2510,525
2511,575
2512,673
2513,673
2514,550
2515,421
2516,575
2517,575
2518,625
2519,523
2520,-77
2521,-181
2522,-127
2523,675
2524,498
2525,-125
2526,573
2527,-200
2528,-125
2529,675
2530,275
2531,523
2532,575
2533,550
2534,-125
2535,625
2536,625
2537,625
2538,675
2539,675
2540,675
2541,550
2542,675
2543,623
2544,675
2545,675
2546,625
2547,675
2548,573
2549,625
2550,625
2551,473
2552,675
2553,-27
2554,350
2555,71
2556,675
2557,-75
2558,575
2559,575
2560,675
2561,675
2562,-125
2563,625
2564,475
2565,-27
2566,-75
2567,475
2568,-75
2569,-127
2570,675
2571,619
2572,675
2573,625
2574,575
2575,675
2576,-25
2577,525
2578,-377
2579,625
2580,623
2581,375
2582,673
2583,673
2584,673
2585,425
2586,400
2587,-75
2588,-152
2589,471
2590,-77
2591,675
2592,-77
2593,-75
2594,350
2595,425
2596,625
2597,625
2598,-125
2599,248
2600,-77
2601,673
2602,623
2603,525
2604,675
2605,475
2606,673
2607,623
2608,675
2609,-77
2610,625
2611,625
2612,675
2613,-227
2614,675
2615,350
2616,-129
2617,625
2618,625
2619,375
2620,621
2621,671
2622,675
2623,625
2624,675
2625,425
2626,-83
2627,498
2628,675
2629,675
2630,625
2631,375
2632,575
2633,-129
2634,275
2635,623
2636,625
2637,-100
2638,523
2639,623
2640,675
2641,673
2642,425
2643,400
2644,673
2645,525
2646,675
2647,525
2648,-75
2649,675
2650,625
2651,525
2652,621
2653,675
2654,673
2655,575
2656,623
2657,625
2658,675
2659,550
2660,673
2661,625
2662,675
2663,625
2664,-77
2665,-125
2666,675
2667,675
2668,623
2669,625
2670,150
2671,675
2672,675
2673,673
2674,298
2675,673
2676,571
2677,623
2678,675
2679,625
2680,500
2681,-27
2682,550
2683,523
2684,673
2685,521
2686,-75
2687,-181
2688,575
2689,-125
2690,525
2691,623
2692,673
2693,-127
2694,350
2695,575
2696,575
2697,-125
2698,673
2699,523
2700,525
2701,673
2702,673
2703,575
2704,-79
2705,625
2706,675
2707,675
2708,625
2709,498
2710,-125
2711,144
2712,675
2713,675
2714,273
2715,623
2716,-75
2717,625
2718,423
2719,623
2720,-125
2721,623
2722,673
2723,573
2724,675
2725,673
2726,400
2727,550
2728,575
2729,525
2730,473
2731,-75
2732,-75
2733,675
2734,-79
2735,675
2736,575
2737,675
2738,225
2739,675
2740,396
2741,-129
2742,-125
2743,575
2744,550
2745,371
2746,323
2747,625
2748,669
2749,523
2750,675
2751,625
2752,300
2753,350
2754,625
2755,-127
2756,575
2757,475
2758,675
2759,-75
2760,525
2761,673
2762,673
2763,550
2764,675
2765,675
2766,575
2767,625
2768,-75
2769,675
2770,546
2771,350
2772,175
2773,523
2774,446
2775,625
2776,673
2777,425
2778,625
2779,-125
2780,-29
2781,546
2782,-27
2783,400
2784,625
2785,675
2786,423
2787,573
2788,675
2789,625
2790,-125
2791,573
2792,671
2793,223
2794,525
2795,425
2796,423
2797,625
2798,525
2799,575
2800,625
2801,623
2802,525
2803,675
2804,525
2805,625
2806,675
2807,-79
2808,573
2809,-77
2810,623
2811,525
2812,175
2813,425
2814,675
2815,525
2816,425
2817,-75
2818,548
2819,675
2820,-25
2821,550
2822,675
2823,-50
2824,548
2825,675
2826,-125
2827,-25
2828,673
2829,-125
2830,673
2831,675
2832,675
2833,-79
2834,675
2835,575
2836,-27
2837,396
2838,-125
2839,625
2840,675
2841,675
2842,475
2843,623
2844,575
2845,625
2846,625
2847,673
2848,675
2849,623
2850,-125
2851,573
2852,675
2853,-100
2854,-75
2855,275
2856,-125
2857,625
2858,523
2859,348
2860,400
2861,475
2862,625
2863,675
2864,671
2865,550
2866,623
2867,675
2868,-75
2869,675
2870,348
2871,625
2872,373
2873,675
2874,300
2875,673
2876,675
2877,675
2878,625
2879,625
2880,-229
2881,675
2882,625
2883,625
2884,675
2885,625
2886,423
2887,350
2888,625
2889,569
2890,400
2891,-29
2892,675
2893,575
2894,625
2895,575
2896,-75
2897,400
2898,448
2899,-75
2900,623
2901,623
2902,175
2903,546
2904,525
2905,-125
2906,625
2907,625
2908,-25
2909,425
2910,-77
2911,575
2912,473
2913,-125
2914,621
2915,673
2916,675
2917,675
2918,-125
2919,673
2920,675
2921,-75
2922,575
2923,498
2924,623
2925,575
2926,675
2927,-125
2928,375
2929,-200
2930,625
2931,400
2932,675
2933,625
2934,525
2935,573
2936,-325
2937,-77
2938,-75
2939,575
2940,625
2941,675
2942,673
2943,-175
2944,575
2945,350
2946,621
2947,525
2948,675
2949,675
2950,575
2951,675
2952,450
2953,675
2954,523
2955,-125
2956,675
2957,-75
2958,323
2959,475
2960,623
2961,300
2962,323
2963,-75
2964,523
2965,675
2966,675
2967,675
2968,525
2969,575
2970,-75
2971,475
2972,623
2973,675
2974,675
2975,-175
2976,623
2977,425
2978,625
2979,673
2980,673
2981,575
2982,625
2983,-29
2984,675
2985,525
2986,575
2987,325
2988,675
2989,623
2990,675
2991,675
2992,550
2993,625
2994,623
2995,398
2996,675
2997,675
2998,598
2999,573
3000,425
3001,425
3002,675
3003,673
3004,548
3005,-125
3006,423
3007,673
3008,623
3009,525
3010,625
3011,625
3012,-125
3013,571
3014,625
3015,-125
3016,-75
3017,350
3018,-100
3019,673
3020,-125
3021,675
3022,425
3023,623
3024,-25
3025,675
3026,673
3027,546
3028,525
3029,675
3030,675
3031,373
3032,573
3033,400
3034,-125
3035,623
3036,525
3037,323
3038,523
3039,675
3040,623
3041,-125
3042,550
3043,673
3044,621
3045,625
3046,548
3047,-75
3048,573
3049,675
3050,350
3051,675
3052,675
3053,573
3054,-127
3055,573
3056,625
3057,-75
3058,425
3059,-250
3060,-77
3061,325
3062,675
3063,-75
3064,548
3065,150
3066,675
3067,571
3068,-125
3069,425
3070,621
3071,625
3072,525
3073,675
3074,425
3075,675
3076,523
3077,-27
3078,625
3079,625
3080,623
3081,621
3082,625
3083,525
3084,625
3085,325
3086,425
3087,-125
3088,575
3089,673
3090,621
3091,550
3092,425
3093,550
3094,621
3095,350
3096,-125
3097,-125
3098,623
3099,671
3100,675
3101,675
3102,575
3103,625
3104,-77
3105,375
3106,675
3107,-25
3108,-127
3109,675
3110,675
3111,673
3112,525
3113,248
3114,623
3115,400
3116,348
3117,625
3118,-81
3119,625
3120,675
3121,473
3122,25
3123,575
3124,-25
3125,573
3126,625
3127,675
3128,425
3129,-79
3130,423
3131,575
3132,675
3133,-75
3134,550
3135,425
3136,-175
3137,675
3138,375
3139,625
3140,625
3141,675
3142,673
3143,673
3144,498
3145,675
3146,-125
3147,500
3148,523
3149,625
3150,-75
3151,625
3152,575
3153,475
3154,250
3155,525
3156,521
3157,625
3158,623
3159,673
3160,675
3161,625
3162,623
3163,625
3164,675
3165,-75
3166,675
3167,675
3168,625
3169,623
3170,675
3171,425
3172,675
3173,675
3174,523
3175,571
3176,675
3177,573
3178,675
3179,571
3180,675
3181,675
3182,575
3183,-75
3184,675
3185,675
3186,-152
3187,-77
3188,675
3189,-225
3190,625
3191,500
3192,675
3193,675
3194,523
3195,475
3196,198
3197,673
3198,-125
3199,621
3200,621
3201,275
3202,350
3203,621
3204,675
3205,623
3206,525
3207,-81
3208,525
3209,425
3210,548
3211,675
3212,-29
3213,-127
3214,675
3215,498
3216,525
3217,71
3218,673
3219,500
3220,423
3221,371
3222,625
3223,400
3224,675
3225,573
3226,-352
3227,623
3228,475
3229,625
3230,625
3231,-77
3232,523
3233,-125
3234,675
3235,675
3236,625
3237,675
3238,575
3239,400
3240,675
3241,673
3242,-27
3243,-75
3244,-75
3245,400
3246,-125
3247,623
3248,375
3249,623
3250,625
3251,-125
3252,625
3253,621
3254,623
3255,575
3256,625
3257,623
3258,625
3259,625
3260,-125
3261,675
3262,-27
3263,248
3264,621
3265,-75
3266,575
3267,546
3268,575
3269,675
3270,625
3271,675
3272,673
3273,625
3274,675
3275,-25
3276,323
3277,625
3278,475
3279,525
3280,675
3281,475
3282,-77
3283,675
3284,673
3285,-54
3286,675
3287,448
3288,675
3289,375
3290,673
3291,525
3292,671
3293,625
3294,675
3295,-200
3296,675
3297,423
3298,673
3299,375
3300,669
3301,-125
3302,675
3303,-177
3304,325
3305,248
3306,673
3307,625
3308,623
3309,425
3310,573
3311,425
3312,423
3313,575
3314,598
3315,675
3316,623
3317,623
3318,500
3319,448
3320,623
3321,523
3322,625
3323,575
3324,350
3325,-125
3326,-75
3327,400
3328,675
3329,623
3330,625
3331,-25
3332,675
3333,-75
3334,-77
3335,671
3336,623
3337,550
3338,400
3339,550
3340,373
3341,671
3342,675
3343,673
3344,675
3345,673
3346,625
3347,675
3348,348
3349,-75
3350,423
3351,-77
3352,625
3353,425
3354,-77
3355,321
3356,675
3357,-75
3358,673
3359,396
3360,-125
3361,-25
3362,-125
3363,575
3364,-125
3365,675
3366,-125
3367,-81
3368,-175
3369,673
3370,150
3371,523
3372,625
3373,275
3374,625
3375,625
3376,-125
3377,625
3378,323
3379,673
3380,-75
3381,675
3382,675
3383,625
3384,675
3385,675
3386,-125
3387,-75
3388,475
3389,675
3390,473
3391,350
3392,675
3393,573
3394,623
3395,-75
3396,573
3397,675
3398,671
3399,425
3400,623
3401,550
3402,523
3403,275
3404,523
3405,273
3406,625
3407,675
3408,675
3409,550
3410,625
3411,623
3412,296
3413,-77
3414,671
3415,-83
3416,675
3417,623
3418,625
3419,625
3420,-27
3421,625
3422,475
3423,-27
3424,573
3425,675
3426,575
3427,675
3428,675
3429,575
3430,-125
3431,675
3432,673
3433,675
3434,523
3435,-233
3436,375
3437,523
3438,248
3439,675
3440,675
3441,675
3442,675
3443,575
3444,-125
3445,675
3446,625
3447,498
3448,675
3449,675
3450,675
3451,523
3452,621
3453,675
3454,673
3455,675
3456,675
3457,625
3458,275
3459,673
3460,575
3461,675
3462,421
3463,625
3464,-175
3465,625
3466,-75
3467,675
3468,-250
3469,675
3470,675
3471,550
3472,673
3473,625
3474,625
3475,623
3476,625
3477,-75
3478,623
3479,298
3480,625
3481,350
3482,675
3483,348
3484,673
3485,523
3486,-75
3487,675
3488,300
3489,673
3490,425
3491,525
3492,675
3493,673
3494,-129
3495,675
3496,675
3497,-25
3498,473
3499,675
3500,625
3501,523
3502,425
3503,-79
3504,575
3505,-75
3506,625
3507,-125
3508,425
3509,675
3510,673
3511,573
3512,419
3513,673
3514,525
3515,569
3516,675
3517,675
3518,400
3519,673
3520,-125
3521,-125
3522,523
3523,675
3524,675
3525,475
3526,625
3527,321
3528,675
3529,-125
3530,625
3531,675
3532,675
3533,623
3534,675
3535,675
3536,675
3537,548
3538,625
3539,475
3540,421
3541,625
3542,575
3543,575
3544,-77
3545,275
3546,623
3547,675
3548,475
3549,-125
3550,350
3551,625
3552,621
3553,473
3554,625
3555,525
3556,375
3557,-75
3558,675
3559,675
3560,-177
3561,-75
3562,571
3563,675
3564,675
3565,-127
3566,625
3567,400
3568,-127
3569,-125
3570,400
3571,-25
3572,625
3573,-25
3574,625
3575,675
3576,675
3577,675
3578,-125
3579,475
3580,473
3581,623
3582,619
3583,675
3584,675
3585,575
3586,150
3587,-77
3588,675
3589,575
3590,623
3591,-75
3592,675
3593,621
3594,673
3595,-25
3596,573
3597,450
3598,675
3599,-75
3600,621
3601,625
3602,621
3603,-75
3604,-75
3605,-29
3606,675
3607,548
3608,675
3609,300
3610,625
3611,475
3612,671
3613,250
3614,623
3615,675
3616,-135
3617,296
3618,675
3619,575
3620,675
3621,525
3622,625
3623,-75
3624,-27
3625,573
3626,-125
3627,675
3628,400
3629,669
3630,-125
3631,425
3632,673
3633,625
3634,675
3635,621
3636,625
3637,625
3638,621
3639,-175
3640,473
3641,323
3642,625
3643,573
3644,546
3645,423
3646,675
3647,673
3648,675
3649,571
3650,625
3651,673
3652,475
3653,575
3654,625
3655,625
3656,575
3657,675
3658,623
3659,675
3660,573
3661,675
3662,675
3663,625
3664,573
3665,625
3666,523
3667,675
3668,625
3669,-75
3670,675
3671,623
3672,400
3673,671
3674,625
3675,675
3676,625
3677,623
3678,575
3679,425
3680,673
3681,475
3682,675
3683,400
3684,400
3685,675
3686,673
3687,575
3688,-25
3689,573
3690,525
3691,669
3692,623
3693,675
3694,396
3695,-52
3696,525
3697,-75
3698,675
3699,675
3700,575
3701,669
3702,348
3703,-25
3704,575
3705,675
3706,675
3707,525
3708,625
3709,-175
3710,400
3711,675
3712,423
3713,675
3714,-252
3715,625
3716,675
3717,625
3718,675
3719,-125
3720,350
3721,525
3722,675
3723,525
3724,625
3725,-129
3726,675
3727,425
3728,-125
3729,-125
3730,575
3731,675
3732,675
3733,673
3734,673
3735,673
3736,573
3737,675
3738,-77
3739,423
3740,625
3741,473
3742,-125
3743,375
3744,469
3745,675
3746,573
3747,475
3748,575
3749,625
3750,-75
3751,146
3752,-125
3753,625
3754,475
3755,348
3756,675
3757,675
3758,123
3759,473
3760,675
3761,675
3762,623
3763,625
3764,625
3765,625
3766,523
3767,623
3768,-27
3769,-127
3770,675
3771,273
3772,-175
3773,-125
3774,-75
3775,675
3776,575
3777,671
3778,675
3779,250
3780,625
3781,-75
3782,573
3783,623
3784,-77
3785,675
3786,425
3787,675
3788,523
3789,673
3790,-75
3791,-25
3792,-50
3793,425
3794,-125
3795,575
3796,625
3797,675
3798,675
3799,625
3800,673
3801,523
3802,325
3803,400
3804,625
3805,573
3806,673
3807,673
3808,-75
3809,623
3810,675
3811,400
3812,425
3813,621
3814,625
3815,675
3816,675
3817,300
3818,673
3819,675
3820,-131
3821,675
3822,-75
3823,575
3824,-125
3825,-75
3826,625
3827,675
3828,673
3829,500
3830,575
3831,350
3832,675
3833,471
3834,575
3835,675
3836,525
3837,673
3838,-177
3839,675
3840,573
3841,675
3842,-27
3843,-75
3844,625
3845,625
3846,673
3847,675
3848,-25
3849,675
3850,525
3851,675
3852,450
3853,625
3854,-77
3855,423
3856,675
3857,-131
3858,625
3859,-75
3860,675
3861,-125
3862,625
3863,625
3864,521
3865,675
3866,675
3867,-25
3868,425
3869,625
3870,-27
3871,673
3872,425
3873,-125
3874,625
3875,675
3876,-75
3877,673
3878,673
3879,-129
3880,673
3881,621
3882,675
3883,573
3884,625
3885,625
3886,473
3887,-27
3888,425
3889,517
3890,675
3891,250
3892,425
3893,-52
3894,300
3895,-75
3896,348
3897,-25
3898,425
3899,400
3900,375
3901,-75
3902,671
3903,521
3904,275
3905,623
3906,-85
3907,675
3908,-79
3909,-125
3910,-177
3911,398
3912,-125
3913,625
3914,-77
3915,673
3916,-75
3917,675
3918,323
3919,-75
3920,400
3921,523
3922,673
3923,-25
3924,675
3925,673
3926,675
3927,675
3928,-75
3929,325
3930,675
3931,625
3932,573
3933,673
3934,121
3935,575
3936,623
3937,675
3938,675
3939,625
3940,673
3941,-100
3942,548
3943,623
3944,525
3945,573
3946,-125
3947,623
3948,-75
3949,573
3950,621
3951,675
3952,675
3953,673
3954,625
3955,675
3956,675
3957,675
3958,625
3959,400
3960,625
3961,575
3962,671
3963,675
3964,675
3965,273
3966,675
3967,625
3968,-125
3969,625
3970,625
3971,625
3972,-179
3973,400
3974,575
3975,-127
3976,673
3977,-125
3978,675
3979,573
3980,-75
3981,675
3982,625
3983,623
3984,550
3985,675
3986,575
3987,350
3988,-177
3989,200
3990,521
3991,573
3992,444
3993,625
3994,673
3995,500
3996,275
3997,525
3998,673
3999,673
4000,425
4001,625
4002,675
4003,375
4004,298
4005,525
4006,-200
4007,575
4008,400
4009,625
4010,-175
4011,625
4012,523
4013,-125
4014,625
4015,623
4016,575
4017,-25
4018,625
4019,-125
4020,623
4021,573
4022,-125
4023,-254
4024,673
4025,675
4026,675
4027,425
4028,667
4029,625
4030,148
4031,575
4032,575
4033,-27
4034,625
4035,400
4036,-125
4037,673
4038,248
4039,-75
4040,-125
4041,-327
4042,471
4043,-125
4044,525
4045,498
4046,523
4047,673
4048,-175
4049,425
4050,-125
4051,625
4052,675
4053,-79
4054,348
4055,675
4056,675
4057,625
4058,675
4059,548
4060,-75
4061,625
4062,673
4063,623
4064,623
4065,525
4066,623
4067,675
4068,550
4069,-125
4070,675
4071,621
4072,-125
4073,575
4074,673
4075,525
4076,573
4077,675
4078,-75
4079,673
4080,500
4081,673
4082,425
4083,675
4084,-25
4085,673
4086,675
4087,675
4088,525
4089,373
4090,598
4091,-75
4092,675
4093,575
4094,625
4095,-27
4096,575
4097,-125
4098,350
4099,675
4100,-29
4101,375
4102,673
4103,575
4104,-125
4105,425
4106,675
4107,-25
4108,-125
4109,623
4110,623
4111,575
4112,425
4113,571
4114,625
4115,625
4116,625
4117,398
4118,675
4119,675
4120,675
4121,575
4122,525
4123,619
4124,625
4125,675
4126,523
4127,-127
4128,675
4129,400
4130,573
4131,-25
4132,673
4133,-27
4134,573
4135,567
4136,675
4137,75
4138,675
4139,521
4140,623
4141,675
4142,-75
4143,425
4144,673
4145,523
4146,573
4147,623
4148,625
4149,623
4150,-79
4151,400
4152,319
4153,-127
4154,346
4155,625
4156,623
4157,675
4158,-75
4159,575
4160,675
4161,625
4162,673
4163,519
4164,375
4165,625
4166,671
4167,-125
4168,675
4169,625
4170,-27
4171,523
4172,625
4173,-125
4174,-77
4175,-125
4176,425
4177,550
4178,-125
4179,400
4180,375
4181,675
4182,423
4183,375
4184,625
4185,348
4186,444
4187,-25
4188,525
4189,673
4190,625
4191,-77
4192,100
4193,675
4194,625
4195,675
4196,625
4197,425
4198,-127
4199,523
4200,-77
4201,671
4202,625
4203,-75
4204,675
4205,425
4206,-127
4207,625
4208,675
4209,675
4210,675
4211,-75
4212,571
4213,575
4214,675
4215,675
4216,625
4217,625
4218,-75
4219,-175
4220,619
4221,523
4222,673
4223,398
4224,625
4225,575
4226,675
4227,625
4228,-25
4229,425
4230,625
4231,-125
4232,625
4233,273
4234,675
4235,523
4236,-127
4237,-127
4238,-177
4239,-125
4240,675
4241,-127
4242,550
4243,475
4244,625
4245,275
4246,675
4247,-127
4248,-75
4249,625
4250,550
4251,675
4252,675
4253,-125
4254,-125
4255,-125
4256,675
4257,673
4258,675
4259,675
4260,-75
4261,625
4262,575
4263,623
4264,671
4265,673
4266,-125
4267,-125
4268,248
4269,498
4270,675
4271,673
4272,-127
4273,300
4274,625
4275,525
4276,625
4277,623
4278,546
4279,-129
4280,625
4281,248
4282,673
4283,675
4284,-75
4285,550
4286,575
4287,-75
4288,621
4289,573
4290,473
4291,671
4292,575
4293,625
4294,350
4295,675
4296,675
4297,423
4298,625
4299,625
4300,623
4301,675
4302,425
4303,675
4304,575
4305,675
4306,675
4307,673
4308,675
4309,673
4310,673
4311,425
4312,625
4313,625
4314,675
4315,675
4316,675
4317,-25
4318,675
4319,325
4320,473
4321,675
4322,-125
4323,675
4324,425
4325,623
4326,-125
4327,675
4328,625
4329,675
4330,550
4331,-125
4332,625
4333,575
4334,675
4335,-75
4336,673
4337,625
4338,575
4339,623
4340,675
4341,-200
4342,-75
4343,525
4344,-27
4345,673
4346,675
4347,473
4348,625
4349,-75
4350,675
4351,673
4352,671
4353,525
4354,675
4355,575
4356,-175
4357,675
4358,-75
4359,675
4360,625
4361,625
4362,-125
4363,425
4364,571
4365,-225
4366,623
4367,673
4368,675
4369,-77
4370,625
4371,-27
4372,625
4373,-75
4374,675
4375,573
4376,-125
4377,523
4378,675
4379,-27
4380,475
4381,423
4382,150
4383,625
4384,575
4385,673
4386,675
4387,673
4388,623
4389,575
4390,673
4391,-25
4392,-75
4393,675
4394,523
4395,425
4396,300
4397,-75
4398,523
4399,575
4400,673
4401,575
4402,675
4403,575
4404,675
4405,525
4406,675
4407,675
4408,623
4409,-200
4410,625
4411,-75
4412,398
4413,675
4414,550
4415,675
4416,425
4417,623
4418,-75
4419,623
4420,675
4421,625
4422,475
4423,519
4424,675
4425,673
4426,623
4427,325
4428,575
4429,625
4430,575
4431,-79
4432,-79
4433,548
4434,623
4435,500
4436,671
4437,575
4438,675
4439,625
4440,-200
4441,675
4442,623
4443,400
4444,425
4445,500
4446,523
4447,675
4448,625
4449,-25
4450,675
4451,625
4452,675
4453,475
4454,675
4455,-129
4456,-25
4457,575
4458,575
4459,625
4460,425
4461,675
4462,673
4463,575
4464,575
4465,-125
4466,675
4467,621
4468,400
4469,425
4470,525
4471,-125
4472,625
4473,525
4474,-4
4475,-125
4476,-31
4477,550
4478,150
4479,673
4480,675
4481,348
4482,625
4483,-450
4484,673
4485,-54
4486,623
4487,675
4488,625
4489,621
4490,623
4491,675
4492,-125
4493,-29
4494,-75
4495,-75
4496,675
4497,675
4498,-25
4499,675
4500,625
4501,625
4502,675
4503,-127
4504,621
4505,575
4506,625
4507,525
4508,400
4509,625
4510,623
4511,675
4512,675
4513,625
4514,-25
4515,625
4516,675
4517,625
4518,625
4519,-125
4520,400
4521,475
4522,621
4523,675
4524,-75
4525,325
4526,-125
4527,525
4528,-125
4529,625
4530,-25
4531,448
4532,523
4533,623
4534,623
4535,625
4536,675
4537,-75
4538,400
4539,623
4540,-75
4541,-125
4542,675
4543,673
4544,575
4545,675
4546,-125
4547,675
4548,625
4549,575
4550,575
4551,625
4552,475
4553,623
4554,625
4555,-175
4556,625
4557,673
4558,-225
4559,675
4560,73
4561,673
4562,675
4563,-29
4564,325
4565,623
4566,675
4567,400
4568,400
4569,-77
4570,675
4571,400
4572,675
4573,675
4574,475
4575,625
4576,625
4577,375
4578,675
4579,-75
4580,673
4581,-25
4582,675
4583,-75
4584,673
4585,675
4586,423
4587,673
4588,-125
4589,-125
4590,625
4591,469
4592,-125
4593,519
4594,673
4595,525
4596,625
4597,296
4598,675
4599,575
4600,675
4601,-129
4602,573
4603,575
4604,625
4605,675
4606,625
4607,-75
4608,-131
4609,-27
4610,-125
4611,575
4612,623
4613,625
4614,673
4615,623
4616,675
4617,575
4618,675
4619,-75
4620,346
4621,375
4622,-75
4623,550
4624,625
4625,548
4626,675
4627,625
4628,575
4629,575
4630,-250
4631,673
4632,673
4633,675
4634,-125
4635,-125
4636,673
4637,675
4638,625
4639,675
4640,675
4641,673
4642,344
4643,500
4644,525
4645,523
4646,675
4647,675
4648,-79
4649,525
4650,546
4651,575
4652,-125
4653,673
4654,625
4655,619
4656,550
4657,525
4658,-75
4659,671
4660,-75
4661,675
4662,550
4663,-75
4664,525
4665,425
4666,421
4667,625
4668,575
4669,275
4670,575
4671,-125
4672,475
4673,521
4674,400
4675,-79
4676,675
4677,625
4678,475
4679,625
4680,-75
4681,673
4682,398
4683,-75
4684,475
4685,675
4686,398
4687,675
4688,425
4689,425
4690,373
4691,425
4692,675
4693,-125
4694,-125
4695,373
4696,675
4697,675
4698,575
4699,675
4700,675
4701,-29
4702,-27
4703,623
4704,675
4705,373
4706,675
4707,-104
4708,-125
4709,425
4710,675
4711,519
4712,675
4713,571
4714,575
4715,475
4716,425
4717,625
4718,200
4719,-75
4720,625
4721,-10
4722,675
4723,473
4724,623
4725,625
4726,-29
4727,-75
4728,575
4729,623
4730,498
4731,675
4732,-75
4733,-27
4734,671
4735,675
4736,673
4737,675
4738,225
4739,-75
4740,-27
4741,625
4742,575
4743,298
4744,423
4745,675
4746,625
4747,523
4748,425
4749,-75
4750,-77
4751,350
4752,675
4753,625
4754,625
4755,525
4756,673
4757,625
4758,575
4759,671
4760,-75
4761,-125
4762,675
4763,675
4764,673
4765,619
4766,623
4767,525
4768,673
4769,675
4770,525
4771,-75
4772,673
4773,671
4774,571
4775,-27
4776,425
4777,625
4778,423
4779,623
4780,525
4781,671
4782,400
4783,-25
4784,-75
4785,675
4786,675
4787,575
4788,675
4789,623
4790,575
4791,575
4792,675
4793,675
4794,500
4795,675
4796,450
4797,525
4798,673
4799,625
4800,448
4801,375
4802,673
4803,-125
4804,548
4805,-25
4806,550
4807,-125
4808,-200
4809,675
4810,-75
4811,475
4812,675
4813,675
4814,675
4815,623
4816,675
4817,675
4818,498
4819,575
4820,-75
4821,423
4822,673
4823,675
4824,625
4825,-25
4826,423
4827,425
4828,671
4829,675
4830,-127
4831,573
4832,575
4833,-125
4834,673
4835,675
4836,675
4837,573
4838,675
4839,625
4840,425
4841,623
4842,-75
4843,673
4844,675
4845,625
4846,544
4847,-125
4848,675
4849,-75
4850,375
4851,-125
4852,675
4853,-52
4854,623
4855,625
4856,625
4857,675
4858,425
4859,571
4860,623
4861,673
4862,425
4863,525
4864,475
4865,400
4866,-75
4867,675
4868,221
4869,-25
4870,673
4871,675
4872,375
4873,675
4874,625
4875,675
4876,-131
4877,-75
4878,623
4879,473
4880,550
4881,675
4882,623
4883,425
4884,575
4885,-25
4886,575
4887,575
4888,625
4889,675
4890,623
4891,675
4892,625
4893,-100
4894,525
4895,675
4896,-225
4897,369
4898,671
4899,675
4900,-33
4901,523
4902,623
4903,675
4904,-25
4905,400
4906,671
4907,573
4908,-75
4909,-77
4910,623
4911,425
4912,675
4913,573
4914,625
4915,673
4916,-25
4917,425
4918,675
4919,675
4920,675
4921,525
4922,673
4923,475
4924,246
4925,523
4926,150
4927,675
4928,473
4929,-125
4930,675
4931,623
4932,675
4933,675
4934,675
4935,575
4936,623
4937,423
4938,-175
4939,575
4940,-77
4941,675
4942,575
4943,-77
4944,625
4945,623
4946,-79
4947,675
4948,575
4949,675
4950,675
4951,75
4952,-175
4953,575
4954,0
4955,425
4956,325
4957,625
4958,625
4959,673
4960,-175
4961,625
4962,-125
4963,200
4964,625
4965,625
4966,548
4967,573
4968,248
4969,423
4970,375
4971,348
4972,-75
4973,425
4974,-129
4975,675
4976,173
4977,-25
4978,525
4979,625
4980,675
4981,475
4982,675
4983,675
4984,573
4985,-79
4986,525
4987,673
4988,625
4989,-75
4990,575
4991,250
4992,300
4993,625
4994,348
4995,396
4996,675
4997,575
4998,525
4999,625
5000,675
5001,-75
5002,675
5003,475
5004,623
5005,625
5006,-75
5007,525
5008,675
5009,573
5010,673
5011,675
5012,675
5013,525
5014,675
5015,275
5016,675
5017,-75
5018,525
5019,625
5020,675
5021,-27
5022,425
5023,625
5024,-77
5025,548
5026,469
5027,673
5028,-77
5029,675
5030,425
5031,346
5032,-175
5033,621
5034,675
5035,525
5036,675
5037,348
5038,675
5039,373
5040,-75
5041,675
5042,375
5043,673
5044,550
5045,-27
5046,675
5047,675
5048,625
5049,673
5050,673
5051,625
5052,675
5053,525
5054,548
5055,-125
5056,625
5057,675
5058,-27
5059,623
5060,675
5061,671
5062,675
5063,625
5064,673
5065,675
5066,673
5067,673
5068,-125
5069,-127
5070,-125
5071,673
5072,469
5073,573
5074,575
5075,621
5076,675
5077,673
5078,625
5079,-79
5080,671
5081,625
5082,675
5083,-27
5084,675
5085,-50
5086,-127
5087,425
5088,675
5089,625
5090,623
5091,625
5092,-125
5093,671
5094,675
5095,675
5096,625
5097,400
5098,-29
5099,625
5100,625
5101,573
5102,550
5103,375
5104,-125
5105,675
5106,573
5107,-125
5108,623
5109,671
5110,-77
5111,625
5112,573
5113,-27
5114,523
5115,-127
5116,675
5117,550
5118,623
5119,573
5120,525
5121,525
5122,521
5123,350
5124,625
5125,675
5126,673
5127,-75
5128,575
5129,675
5130,-79
5131,369
5132,500
5133,275
5134,673
5135,671
5136,-77
5137,675
5138,450
5139,675
5140,473
5141,675
5142,625
5143,467
5144,625
5145,250
5146,-75
5147,300
5148,523
5149,571
5150,673
5151,675
5152,523
5153,275
5154,675
5155,625
5156,-125
5157,523
5158,523
5159,673
5160,500
5161,625
5162,-79
5163,573
5164,625
5165,498
5166,675
5167,-31
5168,-27
5169,673
5170,573
5171,-175
5172,673
5173,675
5174,-25
5175,675
5176,625
5177,575
5178,623
5179,625
5180,625
5181,-125
5182,525
5183,675
5184,623
5185,573
5186,675
5187,673
5188,546
5189,-125
5190,575
5191,548
5192,425
5193,623
5194,-125
5195,673
5196,675
5197,475
5198,671
5199,-177
5200,673
5201,671
5202,675
5203,546
5204,575
5205,675
5206,475
5207,-125
5208,675
5209,675
5210,675
5211,-277
5212,675
5213,425
5214,625
5215,625
5216,625
5217,475
5218,525
5219,625
5220,375
5221,675
5222,575
5223,675
5224,548
5225,675
5226,675
5227,675
5228,625
5229,575
5230,-125
5231,573
5232,673
5233,573
5234,671
5235,673
5236,575
5237,-127
5238,-75
5239,573
5240,425
5241,625
5242,625
5243,621
5244,623
5245,623
5246,673
5247,673
5248,575
5249,475
5250,573
5251,673
5252,375
5253,475
5254,675
5255,525
5256,573
5257,421
5258,-75
5259,594
5260,350
5261,673
5262,625
5263,575
5264,675
5265,623
5266,675
5267,625
5268,625
5269,675
5270,0
5271,525
5272,573
5273,625
5274,-52
5275,625
5276,-125
5277,500
5278,-25
5279,-125
5280,675
5281,550
5282,623
5283,673
5284,625
5285,675
5286,675
5287,550
5288,675
5289,675
5290,-75
5291,625
5292,625
5293,625
5294,-25
5295,675
5296,625
5297,575
5298,675
5299,625
5300,-25
5301,625
5302,-75
5303,623
5304,623
5305,575
5306,475
5307,623
5308,625
5309,-127
5310,425
5311,675
5312,673
5313,-127
5314,575
5315,521
5316,-75
5317,675
5318,675
5319,-25
5320,625
5321,571
5322,-27
5323,-127
5324,675
5325,625
5326,575
5327,525
5328,675
5329,-77
5330,475
5331,-125
5332,623
5333,623
5334,675
5335,571
5336,-75
5337,673
5338,673
5339,448
5340,-25
5341,-77
5342,473
5343,675
5344,525
5345,675
5346,525
5347,575
5348,475
5349,-200
5350,573
5351,675
5352,550
5353,675
5354,-25
5355,673
5356,575
5357,625
5358,675
5359,675
5360,373
5361,675
5362,625
5363,-125
5364,673
5365,625
5366,-77
5367,423
5368,525
5369,498
5370,-125
5371,625
5372,350
5373,550
5374,675
5375,-81
5376,400
5377,675
5378,425
5379,625
5380,525
5381,-25
5382,525
5383,573
5384,621
5385,675
5386,371
5387,525
5388,525
5389,400
5390,673
5391,-200
5392,-77
5393,675
5394,675
5395,448
5396,625
5397,675
5398,625
5399,573
5400,625
5401,625
5402,673
5403,375
5404,673
5405,571
5406,-81
5407,675
5408,623
5409,523
5410,550
5411,525
5412,625
5413,675
5414,-75
5415,550
5416,675
5417,521
5418,675
5419,675
5420,625
5421,448
5422,675
5423,473
5424,375
5425,400
5426,675
5427,-125
5428,575
5429,-25
5430,350
5431,675
5432,375
5433,623
5434,675
5435,325
5436,-75
5437,-125
5438,-29
5439,673
5440,625
5441,-77
5442,575
5443,675
5444,623
5445,675
5446,525
5447,525
5448,673
5449,675
5450,625
5451,-75
5452,625
5453,625
5454,525
5455,625
5456,625
5457,575
5458,250
5459,394
5460,623
5461,373
5462,575
5463,675
5464,575
5465,625
5466,600
5467,425
5468,-27
5469,625
5470,675
5471,525
5472,-75
5473,675
5474,-75
5475,-250
5476,625
5477,675
5478,425
5479,575
5480,500
5481,625
5482,473
5483,-79
5484,675
5485,625
5486,673
5487,-77
5488,625
5489,675
5490,400
5491,675
5492,625
5493,625
5494,425
5495,375
5496,675
5497,673
5498,525
5499,400
5500,21
5501,-75
5502,425
5503,623
5504,498
5505,525
5506,675
5507,671
5508,525
5509,675
5510,523
5511,675
5512,675
5513,-100
5514,-75
5515,525
5516,675
5517,-77
5518,675
5519,625
5520,-202
5521,673
5522,575
5523,675
5524,675
5525,-25
5526,-225
5527,475
5528,525
5529,675
5530,675
5531,575
5532,675
5533,675
5534,548
5535,373
5536,575
5537,675
5538,398
5539,675
5540,675
5541,619
5542,625
5543,275
5544,-77
5545,-25
5546,573
5547,500
5548,425
5549,369
5550,525
5551,525
5552,-77
5553,625
5554,375
5555,625
5556,375
5557,373
5558,-27
5559,-125
5560,675
5561,625
5562,623
5563,675
5564,575
5565,675
5566,71
5567,-77
5568,571
5569,625
5570,675
5571,673
5572,523
5573,-175
5574,675
5575,400
5576,575
5577,625
5578,675
5579,550
5580,675
5581,475
5582,675
5583,673
5584,625
5585,523
5586,625
5587,-200
5588,-77
5589,-27
5590,625
5591,623
5592,550
5593,675
5594,523
5595,625
5596,623
5597,675
5598,625
5599,675
5600,-27
5601,350
5602,398
5603,-125
5604,675
5605,-125
5606,675
5607,625
5608,675
5609,500
5610,350
5611,675
5612,675
5613,675
5614,248
5615,600
5616,573
5617,400
5618,675
5619,525
5620,625
5621,373
5622,498
5623,575
5624,550
5625,675
5626,525
5627,546
5628,550
5629,625
5630,673
5631,575
5632,575
5633,675
5634,675
5635,-25
5636,675
5637,675
5638,673
5639,675
5640,675
5641,623
5642,625
5643,-125
5644,550
5645,-75
5646,-125
5647,-29
5648,373
5649,675
5650,675
5651,575
5652,275
5653,550
5654,675
5655,671
5656,675
5657,625
5658,575
5659,-125
5660,673
5661,675
5662,-125
5663,-81
5664,675
5665,625
5666,471
5667,375
5668,-125
5669,625
5670,675
5671,-125
5672,-125
5673,623
5674,625
5675,675
5676,675
5677,673
5678,398
5679,-100
5680,673
5681,675
5682,675
5683,675
5684,-79
5685,-177
5686,625
5687,675
5688,-177
5689,675
5690,375
5691,-125
5692,675
5693,398
5694,675
5695,-75
5696,675
5697,675
5698,-75
5699,675
5700,573
5701,675
5702,-75
5703,348
5704,575
5705,548
5706,375
5707,625
5708,575
5709,-100
5710,675
5711,625
5712,575
5713,625
5714,425
5715,623
5716,675
5717,525
5718,675
5719,-125
5720,-75
5721,-125
5722,625
5723,675
5724,-127
5725,73
5726,623
5727,-25
5728,425
5729,675
5730,675
5731,-25
5732,623
5733,623
5734,575
5735,675
5736,625
5737,423
5738,575
5739,521
5740,675
5741,675
5742,-56
5743,375
5744,575
5745,623
5746,-27
5747,675
5748,671
5749,675
5750,-202
5751,-125
5752,475
5753,425
5754,-75
5755,625
5756,-127
5757,319
5758,-127
5759,-125
5760,-125
5761,675
5762,673
5763,675
5764,425
5765,675
5766,-75
5767,400
5768,671
5769,-125
5770,523
5771,675
5772,675
5773,225
5774,525
5775,-25
5776,250
5777,271
5778,500
5779,421
5780,675
5781,-75
5782,398
5783,523
5784,-200
5785,425
5786,575
5787,675
5788,671
5789,75
5790,673
5791,625
5792,675
5793,617
5794,575
5795,575
5796,675
5797,675
5798,-75
5799,625
5800,623
5801,475
5802,675
5803,623
5804,675
5805,625
5806,500
5807,550
5808,673
5809,675
5810,423
5811,423
5812,625
5813,548
5814,525
5815,571
5816,-179
5817,675
5818,-100
5819,675
5820,673
5821,675
5822,546
5823,625
5824,675
5825,573
5826,471
5827,625
5828,425
5829,675
5830,675
5831,550
5832,675
5833,573
5834,675
5835,-52
5836,625
5837,573
5838,623
5839,573
5840,171
5841,675
5842,623
5843,-25
5844,425
5845,-125
5846,673
5847,675
5848,425
5849,-127
5850,-125
5851,673
5852,475
5853,675
5854,575
5855,675
5856,575
5857,673
5858,-202
5859,625
5860,375
5861,675
5862,625
5863,525
5864,675
5865,623
5866,523
5867,675
5868,675
5869,525
5870,625
5871,675
5872,675
5873,575
5874,-6
5875,-125
5876,571
5877,625
5878,675
5879,275
5880,475
5881,625
5882,298
5883,-77
5884,675
5885,625
5886,675
5887,675
5888,675
5889,550
5890,621
5891,-200
5892,525
5893,525
5894,625
5895,-27
5896,425
5897,571
5898,448
5899,-127
5900,671
5901,-125
5902,423
5903,675
5904,675
5905,525
5906,675
5907,675
5908,-75
5909,675
5910,675
5911,675
5912,675
5913,575
5914,550
5915,348
5916,425
5917,-25
5918,675
5919,448
5920,-175
5921,675
5922,-125
5923,625
5924,623
5925,675
5926,425
5927,525
5928,-77
5929,675
5930,550
5931,375
5932,673
5933,625
5934,548
5935,625
5936,673
5937,475
5938,675
5939,675
5940,675
5941,523
5942,-27
5943,-27
5944,675
5945,575
5946,-202
5947,-125
5948,-175
5949,571
5950,675
5951,-27
5952,625
5953,625
5954,623
5955,575
5956,471
5957,623
5958,675
5959,625
5960,675
5961,573
5962,675
5963,375
5964,625
5965,398
5966,-127
5967,625
5968,675
5969,573
5970,675
5971,575
5972,550
5973,273
5974,623
5975,675
5976,575
5977,625
5978,625
5979,219
5980,-277
5981,-75
5982,425
5983,-75
5984,525
5985,675
5986,675
5987,673
5988,625
5989,-54
5990,575
5991,671
5992,398
5993,625
5994,-79
5995,675
5996,275
5997,-75
5998,-125
5999,675
6000,525
6001,573
6002,623
6003,675
6004,275
6005,625
6006,396
6007,548
6008,623
6009,623
6010,475
6011,571
6012,425
6013,673
6014,598
6015,525
6016,673
6017,573
6018,625
6019,-125
6020,-125
6021,573
6022,-125
6023,525
6024,625
6025,550
6026,625
6027,625
6028,675
6029,525
6030,675
6031,673
6032,675
6033,673
6034,-125
6035,673
6036,623
6037,675
6038,-25
6039,-25
6040,425
6041,625
6042,625
6043,625
6044,623
6045,575
6046,623
6047,623
6048,675
6049,673
6050,675
6051,625
6052,673
6053,-125
6054,-75
6055,625
6056,-127
6057,675
6058,-75
6059,675
6060,521
6061,625
6062,398
6063,675
6064,-131
6065,475
6066,675
6067,675
6068,548
6069,625
6070,675
6071,525
6072,575
6073,621
6074,300
6075,-75
6076,298
6077,625
6078,625
6079,673
6080,-75
6081,675
6082,519
6083,675
6084,623
6085,571
6086,623
6087,-125
6088,73
6089,573
6090,-31
6091,673
6092,675
6093,373
6094,575
6095,675
6096,525
6097,675
6098,675
6099,425
6100,675
6101,625
6102,425
6103,298
6104,673
6105,675
6106,498
6107,675
6108,550
6109,-75
6110,575
6111,675
6112,575
6113,-125
6114,673
6115,375
6116,575
6117,473
6118,675
6119,400
6120,575
6121,425
6122,675
6123,675
6124,675
6125,375
6126,-77
6127,625
6128,625
6129,375
6130,575
6131,625
6132,-125
6133,525
6134,675
6135,550
6136,673
6137,-125
6138,-125
6139,675
6140,550
6141,669
6142,-75
6143,-75
6144,623
6145,575
6146,673
6147,573
6148,425
6149,623
6150,598
6151,675
6152,623
6153,675
6154,575
6155,673
6156,673
6157,625
6158,575
6159,575
6160,673
6161,671
6162,550
6163,-27
6164,475
6165,625
6166,-100
6167,425
6168,550
6169,550
6170,675
6171,425
6172,523
6173,575
6174,673
6175,425
6176,400
6177,-77
6178,350
6179,625
6180,675
6181,575
6182,150
6183,673
6184,75
6185,548
6186,-25
6187,625
6188,623
6189,550
6190,675
6191,675
6192,675
6193,573
6194,675
6195,225
6196,575
6197,625
6198,625
6199,673
6200,673
6201,673
6202,425
6203,575
6204,575
6205,300
6206,575
6207,625
6208,-29
6209,498
6210,571
6211,625
6212,-25
6213,623
6214,-75
6215,623
6216,675
6217,673
6218,525
6219,325
6220,675
6221,-75
6222,-75
6223,675
6224,275
6225,675
6226,400
6227,-125
6228,675
6229,673
6230,-75
6231,675
6232,575
6233,525
6234,-25
6235,625
6236,625
6237,373
6238,625
6239,575
6240,675
6241,675
6242,675
6243,-127
6244,-175
6245,-125
6246,-77
6247,-125
6248,400
6249,523
6250,675
6251,675
6252,625
6253,575
6254,675
6255,675
6256,625
6257,550
6258,675
6259,675
6260,573
6261,625
6262,625
6263,500
6264,-125
6265,623
6266,-75
6267,675
6268,-75
6269,423
6270,673
6271,623
6272,673
6273,669
6274,525
6275,675
6276,675
6277,673
6278,-125
6279,675
6280,523
6281,-125
6282,675
6283,300
6284,675
6285,575
6286,625
6287,625
6288,-125
6289,375
6290,625
6291,75
6292,675
6293,675
6294,-2
6295,675
6296,425
6297,575
6298,673
6299,398
6300,471
6301,675
6302,-27
6303,675
6304,-202
6305,675
6306,-75
6307,523
6308,325
6309,673
6310,525
6311,423
6312,498
6313,573
6314,567
6315,573
6316,375
6317,371
6318,675
6319,550
6320,573
6321,-75
6322,625
6323,621
6324,-100
6325,573
6326,375
6327,475
6328,675
6329,525
6330,23
6331,425
6332,675
6333,425
6334,-125
6335,625
6336,-52
6337,-75
6338,625
6339,623
6340,625
6341,475
6342,623
6343,-75
6344,625
6345,625
6346,675
6347,-154
6348,575
6349,275
6350,625
6351,-125
6352,673
6353,675
6354,673
6355,500
6356,-79
6357,-25
6358,573
6359,523
6360,673
6361,523
6362,675
6363,550
6364,-27
6365,-75
6366,400
6367,673
6368,-127
6369,550
6370,675
6371,673
6372,-79
6373,-75
6374,150
6375,150
6376,573
6377,673
6378,225
6379,467
6380,673
6381,675
6382,625
6383,425
6384,498
6385,375
6386,625
6387,350
6388,675
6389,-177
6390,675
6391,550
6392,623
6393,623
6394,625
6395,-25
6396,625
6397,250
6398,575
6399,-25
6400,675
6401,669
6402,-125
6403,673
6404,625
6405,673
6406,-125
6407,675
6408,625
6409,675
6410,675
6411,575
6412,675
6413,675
6414,625
6415,375
6416,673
6417,675
6418,246
6419,496
6420,671
6421,-127
6422,-75
6423,675
6424,673
6425,675
6426,675
6427,425
6428,-77
6429,675
6430,675
6431,575
6432,-175
6433,-127
6434,675
6435,425
6436,-125
6437,525
6438,675
6439,-175
6440,675
6441,673
6442,673
6443,575
6444,525
6445,673
6446,398
6447,-75
6448,675
6449,575
6450,-202
6451,525
6452,673
6453,400
6454,575
6455,675
6456,350
6457,425
6458,-125
6459,675
6460,675
6461,623
6462,-127
6463,625
6464,325
6465,625
6466,673
6467,625
6468,625
6469,675
6470,675
6471,425
6472,625
6473,571
6474,673
6475,671
6476,625
6477,673
6478,625
6479,625
6480,675
6481,-129
6482,675
6483,400
6484,575
6485,400
6486,625
6487,573
6488,400
6489,673
6490,673
6491,423
6492,375
6493,625
6494,625
6495,675
6496,675
6497,-125
6498,625
6499,44
6500,625
6501,-125
6502,675
6503,-75
6504,498
6505,675
6506,675
6507,575
6508,-75
6509,525
6510,623
6511,675
6512,425
6513,419
6514,-125
6515,350
6516,625
6517,-125
6518,-127
6519,-25
6520,475
6521,498
6522,521
6523,475
6524,223
6525,625
6526,275
6527,625
6528,550
6529,-125
6530,-29
6531,675
6532,375
6533,623
6534,625
6535,625
6536,350
6537,323
6538,675
6539,575
6540,673
6541,623
6542,275
6543,-125
6544,-100
6545,425
6546,675
6547,425
6548,-27
6549,523
6550,673
6551,675
6552,525
6553,-77
6554,671
6555,521
6556,325
6557,675
6558,396
6559,675
6560,625
6561,475
6562,350
6563,623
6564,625
6565,575
6566,525
6567,675
6568,675
6569,673
6570,675
6571,673
6572,425
6573,675
6574,600
6575,525
6576,425
6577,575
6578,423
6579,623
6580,525
6581,625
6582,573
6583,673
6584,-125
6585,625
6586,675
6587,673
6588,625
6589,623
6590,675
6591,575
6592,673
6593,625
6594,675
6595,675
6596,425
6597,675
6598,625
6599,425
6600,575
6601,675
6602,675
6603,-77
6604,673
6605,500
6606,673
6607,675
6608,573
6609,625
6610,-27
6611,-175
6612,373
6613,523
6614,625
6615,-25
6616,675
6617,550
6618,625
6619,675
6620,350
6621,473
6622,-127
6623,671
6624,-127
6625,575
6626,575
6627,400
6628,625
6629,625
6630,625
6631,625
6632,675
6633,-25
6634,675
6635,-125
6636,625
6637,425
6638,373
6639,-125
6640,675
6641,400
6642,675
6643,-25
6644,-75
6645,-125
6646,475
6647,675
6648,571
6649,-125
6650,625
6651,573
6652,625
6653,623
6654,575
6655,625
6656,350
6657,625
6658,-29
6659,675
6660,625
6661,675
6662,623
6663,550
6664,248
6665,523
6666,575
6667,625
6668,-125
6669,-125
6670,-77
6671,625
6672,525
6673,-79
6674,375
6675,-175
6676,625
6677,-127
6678,675
6679,-77
6680,575
6681,-125
6682,-27
6683,500
6684,625
6685,-102
6686,-127
6687,675
6688,-75
6689,625
6690,625
6691,375
6692,675
6693,673
6694,-79
6695,548
6696,675
6697,675
6698,-25
6699,-125
6700,550
6701,625
6702,625
6703,675
6704,-125
6705,675
6706,625
6707,573
6708,-75
6709,675
6710,575
6711,575
6712,625
6713,548
6714,625
6715,625
6716,675
6717,625
6718,625
6719,546
6720,575
6721,625
6722,675
6723,675
6724,-29
6725,425
6726,-125
6727,-125
6728,675
6729,-127
6730,625
6731,-125
6732,675
6733,625
6734,625
6735,-77
6736,675
6737,675
6738,623
6739,275
6740,623
6741,675
6742,-25
6743,625
6744,475
6745,675
6746,-2
6747,625
6748,625
6749,-75
6750,625
6751,575
6752,423
6753,348
6754,675
6755,521
6756,-75
6757,523
6758,300
6759,525
6760,425
6761,-75
6762,575
6763,471
6764,675
6765,575
6766,223
6767,498
6768,-25
6769,675
6770,623
6771,621
6772,575
6773,673
6774,575
6775,675
6776,-75
6777,-177
6778,-75
6779,675
6780,-75
6781,-125
6782,673
6783,675
6784,625
6785,525
6786,623
6787,673
6788,248
6789,675
6790,675
6791,675
6792,673
6793,-27
6794,675
6795,-75
6796,-25
6797,623
6798,675
6799,-125
6800,675
6801,625
6802,675
6803,675
6804,-27
6805,346
6806,623
6807,625
6808,-131
6809,-125
6810,675
6811,675
6812,-125
6813,500
6814,-77
6815,525
6816,625
6817,675
6818,-77
6819,173
6820,-125
6821,675
6822,675
6823,675
6824,-75
6825,400
6826,675
6827,448
6828,575
6829,425
6830,625
6831,625
6832,573
6833,623
6834,525
6835,-77
6836,-127
6837,350
6838,-177
6839,-75
6840,425
6841,675
6842,625
6843,-75
6844,-175
6845,675
6846,575
6847,673
6848,-225
6849,625
6850,671
6851,-125
6852,625
6853,675
6854,625
6855,675
6856,350
6857,-100
6858,573
6859,673
6860,375
6861,-202
6862,625
6863,371
6864,625
6865,675
6866,625
6867,423
6868,475
6869,-29
6870,575
6871,525
6872,675
6873,673
6874,523
6875,-125
6876,-300
6877,500
6878,525
6879,575
6880,675
6881,400
6882,-29
6883,-125
6884,425
6885,475
6886,-25
6887,625
6888,548
6889,675
6890,673
6891,675
6892,500
6893,421
6894,-125
6895,675
6896,550
6897,675
6898,669
6899,-125
6900,675
6901,-77
6902,-125
6903,525
6904,550
6905,675
6906,675
6907,525
6908,623
6909,521
6910,473
6911,-127
6912,523
6913,573
6914,675
6915,625
6916,473
6917,-25
6918,673
6919,625
6920,625
6921,475
6922,-29
6923,425
6924,675
6925,675
6926,623
6927,300
6928,625
6929,625
6930,675
6931,675
6932,448
6933,675
6934,473
6935,675
6936,350
6937,675
6938,-250
6939,498
6940,675
6941,-125
6942,675
6943,625
6944,350
6945,-50
6946,-27
6947,575
6948,625
6949,573
6950,-177
6951,673
6952,175
6953,575
6954,275
6955,675
6956,-25
6957,398
6958,625
6959,675
6960,475
6961,675
6962,575
6963,675
6964,675
6965,350
6966,675
6967,400
6968,-75
6969,675
6970,673
6971,-77
6972,625
6973,673
6974,625
6975,398
6976,675
6977,275
6978,475
6979,-127
6980,-77
6981,575
6982,425
6983,673
6984,-127
6985,325
6986,675
6987,623
6988,675
6989,-125
6990,423
6991,675
6992,-227
6993,675
6994,623
6995,625
6996,346
6997,673
6998,423
6999,673
7000,671
7001,673
7002,675
7003,475
7004,625
7005,675
7006,575
7007,675
7008,675
7009,625
7010,550
7011,346
7012,675
7013,525
7014,675
7015,-77
7016,375
7017,625
7018,-125
7019,-125
7020,-127
7021,523
7022,675
7023,625
7024,75
7025,298
7026,-125
7027,523
7028,-77
7029,675
7030,-125
7031,625
7032,-25
7033,675
7034,-175
7035,448
7036,675
7037,673
7038,350
7039,-125
7040,473
7041,-127
7042,675
7043,523
7044,575
7045,-27
7046,423
7047,550
7048,-125
7049,548
7050,-75
7051,675
7052,671
7053,-125
7054,521
7055,675
7056,-27
7057,673
7058,675
7059,673
7060,575
7061,600
7062,550
7063,523
7064,-125
7065,-125
7066,350
7067,-125
7068,-225
7069,400
7070,-29
7071,675
7072,625
7073,675
7074,0
7075,0
7076,298
7077,571
7078,548
7079,675
7080,623
7081,675
7082,521
7083,425
7084,-25
7085,625
7086,-125
7087,625
7088,675
7089,625
7090,675
7091,675
7092,-54
7093,623
7094,-25
7095,150
7096,675
7097,598
7098,623
7099,673
7100,673
7101,575
7102,623
7103,625
7104,-125
7105,623
7106,350
7107,675
7108,623
7109,-125
7110,-125
7111,-75
7112,625
7113,623
7114,625
7115,623
7116,625
7117,675
7118,-125
7119,675
7120,625
7121,625
7122,525
7123,621
7124,673
7125,-175
7126,675
7127,625
7128,298
7129,-75
7130,-125
7131,675
7132,575
7133,525
7134,346
7135,623
7136,675
7137,675
7138,625
7139,473
7140,548
7141,623
7142,623
7143,625
7144,625
7145,425
7146,-25
7147,523
7148,325
7149,348
7150,-77
7151,675
7152,625
7153,623
7154,575
7155,675
7156,673
7157,-2
7158,625
7159,571
7160,625
7161,575
7162,675
7163,550
7164,-125
7165,623
7166,-125
7167,546
7168,625
7169,571
7170,-75
7171,573
7172,673
7173,675
7174,473
7175,575
7176,321
7177,-127
7178,621
7179,-77
7180,-75
7181,275
7182,669
7183,623
7184,625
7185,675
7186,673
7187,498
7188,625
7189,575
7190,225
7191,575
7192,550
7193,250
7194,498
7195,-125
7196,575
7197,625
7198,275
7199,473
7200,675
7201,675
7202,-33
7203,675
7204,675
7205,623
7206,-131
7207,550
7208,625
7209,598
7210,400
7211,525
7212,-75
7213,-125
7214,625
7215,425
7216,675
7217,675
7218,675
7219,498
7220,-125
7221,673
7222,350
7223,673
7224,400
7225,473
7226,525
7227,625
7228,-75
7229,298
7230,675
7231,571
7232,-125
7233,623
7234,573
7235,675
7236,-29
7237,675
7238,625
7239,625
7240,325
7241,575
7242,623
7243,675
7244,-100
7245,675
7246,675
7247,-25
7248,523
7249,675
7250,675
7251,469
7252,525
7253,425
7254,675
7255,623
7256,675
7257,350
7258,621
7259,675
7260,350
7261,575
7262,498
7263,525
7264,675
7265,-127
7266,625
7267,675
7268,575
7269,-25
7270,675
7271,625
7272,525
7273,575
7274,-125
7275,675
7276,675
7277,625
7278,-125
7279,675
7280,73
7281,675
7282,325
7283,675
7284,400
7285,425
7286,423
7287,500
7288,-77
7289,469
7290,425
7291,675
7292,371
7293,525
7294,150
7295,625
7296,675
7297,625
7298,625
7299,575
7300,-125
7301,575
7302,348
7303,471
7304,21
7305,523
7306,498
7307,550
7308,623
7309,573
7310,-175
7311,621
7312,671
7313,500
7314,673
7315,625
7316,625
7317,625
7318,673
7319,573
7320,-25
7321,-75
7322,625
7323,623
7324,421
7325,500
7326,450
7327,675
7328,225
7329,625
7330,625
7331,675
7332,575
7333,675
7334,625
7335,571
7336,675
7337,-79
7338,673
7339,673
7340,375
7341,475
7342,-75
7343,625
7344,521
7345,398
7346,-179
7347,625
7348,623
7349,-77
7350,444
7351,523
7352,673
7353,196
7354,675
7355,625
7356,575
7357,623
7358,67
7359,675
7360,325
7361,-75
7362,-127
7363,571
7364,623
7365,625
7366,625
7367,623
7368,-125
7369,625
7370,675
7371,-127
7372,625
7373,675
7374,623
7375,519
7376,675
7377,400
7378,0
7379,675
7380,-125
7381,675
7382,675
7383,623
7384,675
7385,675
7386,-125
7387,623
7388,-25
7389,575
7390,-125
7391,675
7392,675
7393,623
7394,575
7395,675
7396,523
7397,673
7398,625
7399,673
7400,448
7401,673
7402,-125
7403,625
7404,-25
7405,-177
7406,400
7407,400
7408,-125
7409,-75
7410,625
7411,525
7412,673
7413,-79
7414,625
7415,625
7416,625
7417,675
7418,575
7419,575
7420,675
7421,623
7422,-125
7423,-25
7424,573
7425,675
7426,-125
7427,394
7428,569
7429,423
7430,623
7431,573
7432,675
7433,275
7434,523
7435,-27
7436,-125
7437,425
7438,325
7439,675
7440,575
7441,344
7442,625
7443,675
7444,-175
7445,-125
7446,625
7447,675
7448,675
7449,400
7450,675
7451,575
7452,575
7453,350
7454,-75
7455,675
7456,623
7457,546
7458,675
7459,675
7460,573
7461,673
7462,675
7463,375
7464,625
7465,300
7466,673
7467,621
7468,-125
7469,500
7470,550
7471,-125
7472,623
7473,667
7474,275
7475,625
7476,223
7477,525
7478,-125
7479,-125
7480,675
7481,675
7482,-75
7483,471
7484,675
7485,673
7486,500
7487,525
7488,675
7489,625
7490,394
7491,625
7492,-27
7493,-27
7494,-125
7495,621
7496,675
7497,673
7498,625
7499,-75
7500,625
7501,673
7502,525
7503,625
7504,500
7505,625
7506,675
7507,-75
7508,625
7509,425
7510,350
7511,623
7512,673
7513,675
7514,575
7515,675
7516,673
7517,423
7518,675
7519,525
7520,425
7521,-125
7522,275
7523,-25
7524,248
7525,575
7526,675
7527,673
7528,-25
7529,675
7530,621
7531,625
7532,-75
7533,675
7534,625
7535,625
7536,675
7537,473
7538,675
7539,673
7540,398
7541,625
7542,-27
7543,-77
7544,623
7545,673
7546,525
7547,675
7548,25
7549,625
7550,-77
7551,525
7552,623
7553,423
7554,625
7555,-2
7556,-77
7557,623
7558,575
7559,-77
7560,-75
7561,475
7562,575
7563,675
7564,673
7565,-77
7566,475
7567,-31
7568,473
7569,523
7570,-75
7571,675
7572,673
7573,575
7574,675
7575,625
7576,-75
7577,-75
7578,-200
7579,519
7580,0
7581,-125
7582,421
7583,625
7584,675
7585,575
7586,-75
7587,625
7588,675
7589,675
7590,575
7591,675
7592,623
7593,550
7594,575
7595,348
7596,425
7597,673
7598,523
7599,675
7600,-75
7601,675
7602,675
7603,-125
7604,348
7605,625
7606,425
7607,473
7608,673
7609,525
7610,623
7611,75
7612,375
7613,569
7614,-75
7615,625
7616,625
7617,675
7618,323
7619,675
7620,673
7621,571
7622,675
7623,548
7624,-77
7625,675
7626,625
7627,471
7628,475
7629,673
7630,573
7631,575
7632,373
7633,-125
7634,400
7635,675
7636,425
7637,498
7638,-50
7639,-125
7640,675
7641,-125
7642,625
7643,325
7644,-125
7645,625
7646,625
7647,621
7648,-25
7649,625
7650,425
7651,673
7652,675
7653,523
7654,675
7655,625
7656,275
7657,623
7658,675
7659,550
7660,625
7661,475
7662,300
7663,-177
7664,-75
7665,575
7666,471
7667,675
7668,100
7669,675
7670,375
7671,675
7672,675
7673,625
7674,-125
7675,575
7676,475
7677,-29
7678,400
7679,675
7680,625
7681,575
7682,400
7683,400
7684,675
7685,625
7686,625
7687,423
7688,373
7689,675
7690,-177
7691,400
7692,525
7693,675
7694,425
7695,675
7696,525
7697,623
7698,571
7699,673
7700,673
7701,675
7702,675
7703,673
7704,625
7705,-75
7706,675
7707,550
7708,675
7709,125
7710,275
7711,-75
7712,675
7713,525
7714,673
7715,475
7716,575
7717,625
7718,425
7719,300
7720,398
7721,400
7722,625
7723,175
7724,675
7725,673
7726,675
7727,625
7728,625
7729,523
7730,-75
7731,-75
7732,625
7733,523
7734,675
7735,-125
7736,423
7737,623
7738,675
7739,425
7740,671
7741,-125
7742,623
7743,675
7744,675
7745,-25
7746,673
7747,575
7748,-156
7749,625
7750,573
7751,425
7752,575
7753,673
7754,675
7755,625
7756,623
7757,625
7758,569
7759,625
7760,673
7761,400
7762,-75
7763,675
7764,550
7765,625
7766,-75
7767,525
7768,573
7769,-77
7770,-175
7771,625
7772,673
7773,673
7774,398
7775,375
7776,425
7777,-25
7778,625
7779,575
7780,325
7781,623
7782,-75
7783,625
7784,448
7785,673
7786,517
7787,625
7788,-125
7789,525
7790,425
7791,675
7792,625
7793,625
7794,-125
7795,575
7796,625
7797,673
7798,675
7799,575
7800,625
7801,623
7802,473
7803,-27
7804,-125
7805,575
7806,-127
7807,571
7808,-75
7809,621
7810,625
7811,400
7812,675
7813,-75
7814,425
7815,-25
7816,671
7817,573
7818,400
7819,525
7820,400
7821,675
7822,400
7823,673
7824,523
7825,-75
7826,673
7827,625
7828,675
7829,625
7830,625
7831,673
7832,625
7833,575
7834,-125
7835,573
7836,675
7837,575
7838,-125
7839,675
7840,673
7841,425
7842,400
7843,-127
7844,625
7845,425
7846,675
7847,571
7848,425
7849,-125
7850,623
7851,500
7852,350
7853,425
7854,675
7855,-127
7856,-125
7857,625
7858,448
7859,525
7860,450
7861,623
7862,-127
7863,675
7864,525
7865,521
7866,475
7867,423
7868,673
7869,623
7870,-75
7871,671
7872,675
7873,675
7874,573
7875,400
7876,675
7877,671
7878,350
7879,623
7880,123
7881,625
7882,400
7883,425
7884,575
7885,-25
7886,625
7887,675
7888,-125
7889,-125
7890,671
7891,675
7892,-79
7893,623
7894,625
7895,675
7896,625
7897,298
7898,623
7899,398
7900,350
7901,675
7902,-27
7903,673
7904,673
7905,623
7906,-29
7907,675
7908,625
7909,625
7910,-27
7911,398
7912,625
7913,675
7914,-125
7915,475
7916,625
7917,550
7918,-125
7919,625
7920,423
7921,-125
7922,675
7923,625
7924,-125
7925,625
7926,675
7927,575
7928,673
7929,400
7930,-77
7931,325
7932,675
7933,-27
7934,575
7935,675
7936,450
7937,625
7938,675
7939,623
7940,671
7941,675
7942,475
7943,-125
7944,673
7945,550
7946,523
7947,-75
7948,423
7949,625
7950,575
7951,-125
7952,625
7953,575
7954,625
7955,-125
7956,575
7957,575
7958,-125
7959,525
7960,523
7961,575
7962,300
7963,-300
7964,625
7965,621
7966,525
7967,669
7968,475
7969,625
7970,575
7971,-125
7972,625
7973,550
7974,425
7975,-125
7976,-75
7977,-127
7978,623
7979,625
7980,523
7981,525
7982,-79
7983,625
7984,623
7985,623
7986,675
7987,523
7988,-25
7989,-100
7990,573
7991,-125
7992,675
7993,623
7994,621
7995,348
7996,-125
7997,625
7998,675
7999,575
8000,575
8001,-125
8002,-125
8003,675
8004,675
8005,675
8006,675
8007,-125
8008,425
8009,375
8010,425
8011,675
8012,675
8013,625
8014,375
8015,-77
8016,625
8017,575
8018,675
8019,675
8020,675
8021,623
8022,623
8023,673
8024,675
8025,473
8026,623
8027,625
8028,625
8029,300
8030,625
8031,-79
8032,673
8033,675
8034,423
8035,498
8036,521
8037,675
8038,521
8039,675
8040,675
8041,-75
8042,625
8043,-75
8044,625
8045,675
8046,373
8047,400
8048,625
8049,623
8050,373
8051,273
8052,-75
8053,-75
8054,623
8055,625
8056,623
8057,675
8058,675
8059,573
8060,350
8061,625
8062,-125
8063,375
8064,525
8065,50
8066,675
8067,675
8068,623
8069,625
8070,625
8071,525
8072,425
8073,623
8074,550
8075,675
8076,675
8077,675
8078,625
8079,-127
8080,-200
8081,375
8082,625
8083,575
8084,400
8085,-125
8086,-125
8087,675
8088,475
8089,275
8090,-125
8091,675
8092,675
8093,625
8094,625
8095,-31
8096,475
8097,573
8098,675
8099,-52
8100,675
8101,525
8102,625
8103,675
8104,198
8105,623
8106,475
8107,673
8108,425
8109,675
8110,675
8111,175
8112,400
8113,-127
8114,-77
8115,473
8116,625
8117,396
8118,619
8119,675
8120,-125
8121,673
8122,675
8123,400
8124,675
8125,75
8126,575
8127,675
8128,-127
8129,548
8130,-27
8131,-77
8132,675
8133,425
8134,675
8135,575
8136,575
8137,675
8138,-77
8139,521
8140,675
8141,525
8142,675
8143,675
8144,573
8145,675
8146,575
8147,425
8148,675
8149,575
8150,675
8151,473
8152,525
8153,675
8154,523
8155,625
8156,675
8157,575
8158,-27
8159,625
8160,-75
8161,523
8162,523
8163,550
8164,525
8165,673
8166,625
8167,675
8168,625
8169,625
8170,523
8171,625
8172,671
8173,500
8174,625
8175,623
8176,675
8177,625
8178,675
8179,575
8180,-125
8181,273
8182,475
8183,350
8184,625
8185,398
8186,-25
8187,675
8188,675
8189,675
8190,675
8191,575
8192,625
8193,675
8194,675
8195,675
8196,494
8197,273
8198,675
8199,671
8200,-125
8201,-125
8202,623
8203,400
8204,-129
8205,571
8206,625
8207,-77
8208,200
8209,673
8210,-75
8211,675
8212,675
8213,575
8214,-200
8215,675
8216,-125
8217,675
8218,423
8219,475
8220,673
8221,625
8222,625
8223,-125
8224,675
8225,623
8226,500
8227,625
8228,575
8229,625
8230,450
8231,525
8232,675
8233,523
8234,623
8235,575
8236,625
8237,525
8238,675
8239,575
8240,-79
8241,675
8242,348
8243,571
8244,675
8245,298
8246,425
8247,423
8248,575
8249,669
8250,573
8251,-75
8252,475
8253,25
8254,548
8255,675
8256,675
8257,475
8258,575
8259,-2
8260,675
8261,571
8262,625
8263,523
8264,473
8265,675
8266,575
8267,625
8268,521
8269,675
8270,675
8271,392
8272,100
8273,625
8274,575
8275,475
8276,-75
8277,623
8278,425
8279,-125
8280,623
8281,-75
8282,573
8283,-250
8284,575
8285,423
8286,48
8287,625
8288,-200
8289,525
8290,675
8291,300
8292,475
8293,-202
8294,-206
8295,575
8296,425
8297,-75
8298,475
8299,625
8300,-54
8301,473
8302,525
8303,375
8304,375
8305,675
8306,675
8307,623
8308,571
8309,500
8310,-77
8311,675
8312,675
8313,675
8314,569
8315,625
8316,475
8317,-79
8318,675
8319,425
8320,200
8321,525
8322,625
8323,-75
8324,671
8325,-75
8326,675
8327,419
8328,-25
8329,375
8330,423
8331,675
8332,625
8333,498
8334,675
8335,-125
8336,673
8337,621
8338,675
8339,625
8340,625
8341,675
8342,675
8343,-125
8344,400
8345,575
8346,625
8347,625
8348,-75
8349,673
8350,675
8351,675
8352,623
8353,-175
8354,623
8355,675
8356,675
8357,475
8358,200
8359,-75
8360,623
8361,-25
8362,-75
8363,300
8364,573
8365,171
8366,675
8367,675
8368,675
8369,625
8370,475
8371,525
8372,675
8373,425
8374,625
8375,625
8376,575
8377,625
8378,400
8379,675
8380,673
8381,425
8382,-79
8383,550
8384,425
8385,348
8386,575
8387,625
8388,375
8389,675
8390,375
8391,-177
8392,671
8393,673
8394,-125
8395,675
8396,473
8397,-75
8398,621
8399,621
8400,675
8401,625
8402,573
8403,675
8404,675
8405,673
8406,673
8407,-27
8408,500
8409,-125
8410,-127
8411,-200
8412,-75
8413,675
8414,675
8415,675
8416,396
8417,525
8418,223
8419,573
8420,623
8421,325
8422,675
8423,573
8424,-25
8425,675
8426,675
8427,625
8428,525
8429,675
8430,675
8431,675
8432,675
8433,525
8434,-125
8435,-125
8436,523
8437,525
8438,-31
8439,-77
8440,425
8441,671
8442,675
8443,-127
8444,673
8445,-83
8446,-75
8447,575
8448,673
8449,571
8450,-125
8451,525
8452,673
8453,673
8454,250
8455,675
8456,-200
8457,675
8458,350
8459,625
8460,675
8461,625
8462,-200
8463,-77
8464,446
8465,-50
8466,625
8467,-25
8468,250
8469,671
8470,625
8471,623
8472,671
8473,675
8474,473
8475,673
8476,675
8477,675
8478,550
8479,-175
8480,675
8481,473
8482,575
8483,675
8484,475
8485,-75
8486,675
8487,400
8488,675
8489,673
8490,-200
8491,575
8492,525
8493,675
8494,400
8495,575
8496,575
8497,673
8498,675
8499,625
8500,673
8501,-127
8502,675
8503,675
8504,-200
8505,573
8506,573
8507,473
8508,675
8509,-52
8510,73
8511,-27
8512,473
8513,673
8514,-125
8515,550
8516,625
8517,625
8518,623
8519,-77
8520,550
8521,375
8522,448
8523,675
8524,573
8525,675
8526,625
8527,625
8528,-127
8529,625
8530,623
8531,473
8532,673
8533,271
8534,-125
8535,300
8536,475
8537,675
8538,671
8539,425
8540,573
8541,450
8542,-77
8543,675
8544,473
8545,-27
8546,625
8547,396
8548,675
8549,675
8550,273
8551,-77
8552,625
8553,525
8554,575
8555,375
8556,-25
8557,523
8558,400
8559,575
8560,625
8561,500
8562,675
8563,525
8564,625
8565,-125
8566,-125
8567,350
8568,675
8569,550
8570,525
8571,625
8572,623
8573,675
8574,573
8575,-75
8576,673
8577,675
8578,675
8579,625
8580,425
8581,625
8582,675
8583,675
8584,400
8585,675
8586,675
8587,675
8588,575
8589,475
8590,675
8591,-125
8592,-125
8593,625
8594,673
8595,625
8596,625
8597,-125
8598,621
8599,-25
8600,673
8601,623
8602,673
8603,575
8604,-81
8605,-127
8606,575
8607,523
8608,671
8609,525
8610,675
8611,575
8612,523
8613,523
8614,425
8615,-179
8616,-79
8617,625
8618,675
8619,675
8620,625
8621,-75
8622,575
8623,525
8624,675
8625,625
8626,675
8627,675
8628,623
8629,525
8630,100
8631,-127
8632,375
8633,-25
8634,675
8635,625
8636,575
8637,575
8638,673
8639,-125
8640,-127
8641,575
8642,675
8643,523
8644,396
8645,525
8646,621
8647,625
8648,-127
8649,475
8650,475
8651,575
8652,550
8653,675
8654,275
8655,675
8656,625
8657,671
8658,550
8659,525
8660,675
8661,623
8662,425
8663,223
8664,571
8665,500
8666,523
8667,-75
8668,-125
8669,-27
8670,625
8671,675
8672,625
8673,475
8674,-75
8675,-25
8676,525
8677,675
8678,-27
8679,525
8680,623
8681,675
8682,621
8683,-125
8684,625
8685,675
8686,425
8687,500
8688,675
8689,575
8690,621
8691,625
8692,573
8693,-131
8694,375
8695,-29
8696,675
8697,671
8698,673
8699,575
8700,525
8701,498
8702,675
8703,421
8704,625
8705,619
8706,471
8707,625
8708,675
8709,-75
8710,675
8711,623
8712,625
8713,-125
8714,521
8715,623
8716,348
8717,-75
8718,675
8719,-25
8720,673
8721,25
8722,275
8723,675
8724,675
8725,675
8726,675
8727,675
8728,621
8729,-75
8730,-25
8731,-125
8732,675
8733,623
8734,550
8735,675
8736,623
8737,675
8738,-75
8739,675
8740,623
8741,673
8742,525
8743,675
8744,-200
8745,-75
8746,671
8747,673
8748,-75
8749,425
8750,425
8751,623
8752,675
8753,423
8754,398
8755,-75
8756,-75
8757,675
8758,675
8759,475
8760,625
8761,-125
8762,675
8763,400
8764,-27
8765,-29
8766,675
8767,675
8768,546
8769,625
8770,575
8771,575
8772,425
8773,673
8774,573
8775,-77
8776,625
8777,675
8778,675
8779,625
8780,573
8781,-27
8782,400
8783,246
8784,675
8785,550
8786,575
8787,-125
8788,348
8789,400
8790,625
8791,673
8792,673
8793,525
8794,573
8795,-127
8796,-77
8797,-125
8798,625
8799,675
8800,673
8801,-77
8802,-79
8803,675
8804,673
8805,-27
8806,621
8807,673
8808,-75
8809,425
8810,-50
8811,675
8812,625
8813,573
8814,675
8815,623
8816,625
8817,-27
8818,675
8819,500
8820,671
8821,250
8822,675
8823,675
8824,575
8825,471
8826,625
8827,623
8828,673
8829,-75
8830,371
8831,673
8832,623
8833,625
8834,675
8835,525
8836,523
8837,673
8838,-127
8839,675
8840,398
8841,-29
8842,625
8843,425
8844,675
8845,450
8846,573
8847,398
8848,396
8849,-29
8850,675
8851,423
8852,575
8853,-125
8854,675
8855,675
8856,-77
8857,-79
8858,400
8859,375
8860,575
8861,525
8862,398
8863,675
8864,673
8865,623
8866,575
8867,625
8868,675
8869,573
8870,571
8871,623
8872,673
8873,548
8874,671
8875,-77
8876,675
8877,673
8878,396
8879,400
8880,673
8881,675
8882,-125
8883,473
8884,575
8885,475
8886,-125
8887,471
8888,425
8889,575
8890,625
8891,623
8892,-175
8893,675
8894,-125
8895,-50
8896,669
8897,675
8898,673
8899,675
8900,575
8901,-25
8902,623
8903,575
8904,573
8905,-175
8906,623
8907,575
8908,625
8909,-127
8910,625
8911,-127
8912,525
8913,625
8914,400
8915,521
8916,621
8917,675
8918,375
8919,375
8920,498
8921,400
8922,-75
8923,623
8924,675
8925,673
8926,-125
8927,625
8928,375
8929,625
8930,550
8931,525
8932,425
8933,625
8934,675
8935,675
8936,575
8937,671
8938,675
8939,246
8940,675
8941,623
8942,625
8943,-127
8944,623
8945,-125
8946,675
8947,675
8948,675
8949,675
8950,573
8951,673
8952,675
8953,-125
8954,675
8955,425
8956,398
8957,625
8958,675
8959,371
8960,625
8961,-29
8962,-75
8963,675
8964,671
8965,523
8966,-175
8967,471
8968,500
8969,673
8970,398
8971,-75
8972,-79
8973,675
8974,625
8975,-125
8976,348
8977,573
8978,625
8979,675
8980,400
8981,-27
8982,575
8983,675
8984,475
8985,323
8986,623
8987,500
8988,494
8989,673
8990,523
8991,675
8992,-179
8993,525
8994,571
8995,375
8996,-179
8997,575
8998,625
8999,625
9000,150
9001,248
9002,675
9003,673
9004,500
9005,675
9006,675
9007,425
9008,625
9009,575
9010,675
9011,625
9012,273
9013,273
9014,575
9015,671
9016,675
9017,673
9018,675
9019,248
9020,-25
9021,-177
9022,-75
9023,671
9024,675
9025,625
9026,673
9027,623
9028,673
9029,675
9030,675
9031,675
9032,625
9033,-125
9034,425
9035,425
9036,-200
9037,-75
9038,675
9039,-77
9040,575
9041,475
9042,-125
9043,-75
9044,675
9045,-177
9046,575
9047,673
9048,675
9049,575
9050,575
9051,675
9052,625
9053,675
9054,625
9055,-200
9056,675
9057,-27
9058,673
9059,625
9060,373
9061,325
9062,425
9063,675
9064,573
9065,-27
9066,675
9067,623
9068,625
9069,575
9070,673
9071,-127
9072,350
9073,625
9074,-75
9075,-33
9076,573
9077,673
9078,425
9079,625
9080,348
9081,625
9082,625
9083,498
9084,571
9085,675
9086,625
9087,398
9088,-129
9089,350
9090,325
9091,673
9092,621
9093,671
9094,575
9095,625
9096,675
9097,375
9098,375
9099,0
9100,0
9101,-79
9102,475
9103,-225
9104,-175
9105,546
9106,523
9107,473
9108,675
9109,-200
9110,573
9111,600
9112,75
9113,675
9114,-125
9115,625
9116,675
9117,525
9118,573
9119,675
9120,-125
9121,475
9122,621
9123,625
9124,675
9125,675
9126,675
9127,675
9128,575
9129,-75
9130,525
9131,400
9132,621
9133,575
9134,-225
9135,525
9136,625
9137,675
9138,-125
9139,623
9140,398
9141,623
9142,675
9143,248
9144,675
9145,673
9146,625
9147,-27
9148,-125
9149,625
9150,325
9151,300
9152,400
9153,-50
9154,-125
9155,621
9156,425
9157,673
9158,623
9159,-125
9160,523
9161,200
9162,-125
9163,375
9164,-25
9165,673
9166,400
9167,-25
9168,-175
9169,-175
9170,675
9171,575
9172,150
9173,625
9174,625
9175,398
9176,625
9177,-125
9178,625
9179,623
9180,-125
9181,-25
9182,625
9183,623
9184,675
9185,623
9186,675
9187,625
9188,673
9189,-125
9190,675
9191,673
9192,475
9193,425
9194,625
9195,625
9196,625
9197,-27
9198,625
9199,396
9200,571
9201,675
9202,471
9203,675
9204,625
9205,575
9206,675
9207,625
9208,673
9209,675
9210,-125
9211,-25
9212,675
9213,673
9214,675
9215,525
9216,250
9217,673
9218,625
9219,675
9220,673
9221,375
9222,-75
9223,625
9224,675
9225,625
9226,-125
9227,625
9228,-75
9229,425
9230,-125
9231,-77
9232,675
9233,675
9234,-75
9235,625
9236,625
9237,-175
9238,673
9239,375
9240,675
9241,623
9242,575
9243,-75
9244,425
9245,475
9246,350
9247,-125
9248,673
9249,400
9250,621
9251,669
9252,575
9253,-125
9254,675
9255,575
9256,673
9257,-125
9258,675
9259,-125
9260,625
9261,625
9262,575
9263,625
9264,675
9265,675
9266,423
9267,623
9268,673
9269,269
9270,-25
9271,-75
9272,623
9273,348
9274,525
9275,-27
9276,675
9277,450
9278,675
9279,-77
9280,548
9281,673
9282,-102
9283,-79
9284,-129
9285,625
9286,625
9287,625
9288,-29
9289,625
9290,675
9291,473
9292,-129
9293,-2
9294,675
9295,-125
9296,-25
9297,523
9298,675
9299,675
9300,-25
9301,673
9302,523
9303,673
9304,675
9305,423
9306,198
9307,673
9308,525
9309,675
9310,375
9311,625
9312,625
9313,-75
9314,-77
9315,675
9316,625
9317,-125
9318,675
9319,-125
9320,623
9321,-125
9322,671
9323,375
9324,396
9325,-75
9326,573
9327,500
9328,623
9329,575
9330,625
9331,675
9332,275
9333,525
9334,571
9335,673
9336,623
9337,675
9338,-125
9339,625
9340,675
9341,675
9342,348
9343,-75
9344,625
9345,-27
9346,425
9347,-75
9348,400
9349,673
9350,350
9351,525
9352,-125
9353,623
9354,625
9355,625
9356,-125
9357,-200
9358,-225
9359,350
9360,-125
9361,675
9362,150
9363,473
9364,394
9365,475
9366,525
9367,525
9368,425
9369,575
9370,-25
9371,625
9372,300
9373,625
9374,625
9375,-27
9376,675
9377,675
9378,-125
9379,625
9380,675
9381,673
9382,-75
9383,625
9384,675
9385,675
9386,625
9387,373
9388,425
9389,400
9390,-129
9391,321
9392,675
9393,675
9394,675
9395,667
9396,-129
9397,400
9398,673
9399,-75
9400,-77
9401,625
9402,425
9403,-77
9404,575
9405,673
9406,425
9407,671
9408,675
9409,425
9410,250
9411,375
9412,-125
9413,-125
9414,623
9415,575
9416,-75
9417,525
9418,523
9419,675
9420,673
9421,300
9422,275
9423,-125
9424,675
9425,375
9426,425
9427,625
9428,675
9429,675
9430,-125
9431,675
9432,673
9433,675
9434,350
9435,-125
9436,625
9437,675
9438,-129
9439,575
9440,-75
9441,675
9442,675
9443,573
9444,625
9445,425
9446,-25
9447,625
9448,425
9449,198
9450,625
9451,575
9452,673
9453,519
9454,673
9455,623
9456,675
9457,-25
9458,675
9459,-75
9460,523
9461,575
9462,-377
9463,675
9464,675
9465,625
9466,675
9467,625
9468,621
9469,573
9470,675
9471,-75
9472,-27
9473,300
9474,550
9475,675
9476,600
9477,298
9478,525
9479,671
9480,250
9481,625
9482,675
9483,-29
9484,675
9485,623
9486,573
9487,625
9488,575
9489,675
9490,423
9491,400
9492,325
9493,623
9494,675
9495,675
9496,623
9497,275
9498,675
9499,675
9500,573
9501,675
9502,625
9503,-129
9504,625
9505,673
9506,-75
9507,198
9508,223
9509,-77
9510,675
9511,675
9512,625
9513,673
9514,625
9515,575
9516,675
9517,573
9518,675
9519,575
9520,471
9521,675
9522,623
9523,425
9524,625
9525,373
9526,525
9527,-77
9528,-125
9529,571
9530,675
9531,573
9532,675
9533,675
9534,625
9535,675
9536,-127
9537,196
9538,623
9539,625
9540,675
9541,673
9542,173
9543,396
9544,675
9545,625
9546,673
9547,675
9548,523
9549,625
9550,325
9551,-125
9552,675
9553,-125
9554,675
9555,625
9556,625
9557,625
9558,575
9559,573
9560,525
9561,625
9562,350
9563,625
9564,673
9565,575
9566,525
9567,300
9568,675
9569,673
9570,500
9571,550
9572,-127
9573,625
9574,250
9575,-125
9576,-125
9577,400
9578,425
9579,625
9580,-25
9581,569
9582,625
9583,625
9584,-27
9585,675
9586,675
9587,625
9588,-75
9589,673
9590,675
9591,623
9592,625
9593,423
9594,-77
9595,523
9596,-25
9597,675
9598,675
9599,473
9600,323
9601,-125
9602,625
9603,673
9604,525
9605,-77
9606,675
9607,225
9608,625
9609,675
9610,75
9611,-127
9612,675
9613,525
9614,550
9615,425
9616,675
9617,150
9618,-75
9619,675
9620,625
9621,673
9622,-125
9623,621
9624,671
9625,-27
9626,675
9627,675
9628,575
9629,-75
9630,523
9631,573
9632,623
9633,425
9634,673
9635,525
9636,321
9637,675
9638,575
9639,625
9640,475
9641,625
9642,225
9643,-27
9644,625
9645,675
9646,-125
9647,623
9648,673
9649,473
9650,-75
9651,621
9652,550
9653,625
9654,498
9655,-125
9656,525
9657,673
9658,675
9659,425
9660,523
9661,675
9662,675
9663,473
9664,275
9665,625
9666,475
9667,475
9668,575
9669,525
9670,500
9671,671
9672,625
9673,575
9674,675
9675,675
9676,625
9677,675
9678,-77
9679,575
9680,625
9681,675
9682,625
9683,675
9684,671
9685,625
9686,623
9687,673
9688,473
9689,350
9690,675
9691,250
9692,625
9693,-75
9694,673
9695,-27
9696,675
9697,525
9698,625
9699,0
9700,-177
9701,673
9702,473
9703,625
9704,673
9705,-127
9706,625
9707,425
9708,675
9709,625
9710,675
9711,573
9712,575
9713,473
9714,575
9715,575
9716,675
9717,550
9718,625
9719,675
9720,-125
9721,575
9722,-125
9723,625
9724,-127
9725,425
9726,-75
9727,675
9728,575
9729,675
9730,673
9731,573
9732,673
9733,-125
9734,625
9735,623
9736,625
9737,623
9738,-125
9739,625
9740,675
9741,675
9742,625
9743,-79
9744,675
9745,675
9746,475
9747,-25
9748,625
9749,675
9750,675
9751,675
9752,673
9753,350
9754,675
9755,550
9756,675
9757,625
9758,-77
9759,525
9760,-125
9761,625
9762,573
9763,675
9764,475
9765,-125
9766,375
9767,-125
9768,675
9769,673
9770,-125
9771,348
9772,667
9773,-125
9774,675
9775,625
9776,675
9777,675
9778,-29
9779,350
9780,625
9781,150
9782,573
9783,300
9784,-79
9785,675
9786,673
9787,575
9788,300
9789,275
9790,625
9791,675
9792,-75
9793,250
9794,350
9795,548
9796,-125
9797,623
9798,671
9799,-127
9800,550
9801,623
9802,-75
9803,573
9804,625
9805,625
9806,675
9807,298
9808,546
9809,575
9810,625
9811,623
9812,675
9813,575
9814,346
9815,548
9816,671
9817,675
9818,-27
9819,-125
9820,573
9821,-75
9822,625
9823,623
9824,625
9825,675
9826,-150
9827,573
9828,-25
9829,-125
9830,625
9831,675
9832,623
9833,625
9834,625
9835,673
9836,623
9837,675
9838,625
9839,0
9840,675
9841,473
9842,573
9843,25
9844,-79
9845,625
9846,423
9847,675
9848,675
9849,425
9850,625
9851,525
9852,550
9853,625
9854,675
9855,-75
9856,498
9857,575
9858,673
9859,523
9860,625
9861,-75
9862,625
9863,625
9864,475
9865,-75
9866,675
9867,248
9868,471
9869,575
9870,623
9871,275
9872,625
9873,471
9874,625
9875,675
9876,573
9877,-200
9878,-129
9879,423
9880,625
9881,675
9882,673
9883,671
9884,573
9885,425
9886,675
9887,-125
9888,571
9889,-29
9890,625
9891,617
9892,675
9893,-175
9894,625
9895,-125
9896,675
9897,625
9898,550
9899,250
9900,-125
9901,-27
9902,550
9903,675
9904,298
9905,400
9906,575
9907,675
9908,621
9909,-125
9910,500
9911,-125
9912,575
9913,675
9914,100
9915,623
9916,575
9917,671
9918,400
9919,525
9920,673
9921,550
9922,625
9923,-75
9924,675
9925,675
9926,-77
9927,400
9928,625
9929,-125
9930,625
9931,325
9932,675
9933,-29
9934,673
9935,625
9936,425
9937,675
9938,521
9939,675
9940,475
9941,-75
9942,625
9943,675
9944,625
9945,671
9946,425
9947,325
9948,500
9949,625
9950,675
9951,675
9952,400
9953,575
9954,675
9955,625
9956,575
9957,675
9958,473
9959,523
9960,473
9961,-27
9962,625
9963,-125
9964,675
9965,673
9966,625
9967,671
9968,675
9969,625
9970,625
9971,673
9972,623
9973,675
9974,673
9975,375
9976,575
9977,323
9978,675
9979,446
9980,625
9981,675
9982,675
9983,300
9984,521
9985,298
9986,675
9987,675
9988,-125
9989,675
9990,150
9991,625
9992,675
9993,675
9994,369
9995,469
9996,-200
9997,569
9998,675
9999,475
10000,-125
[[(4, 4), 0, -25], [(3, 4), 2, 50], [(3, 3), 2, 50], [(3, 2), 2, 250], [(3, 1), 0, 250], [(2, 1), 2, -25], [(2, 0), 0, -25], [(1, 0), 0, 150]]