1,-125
2,-183
3,-258
4,-62
5,-254
6,-206
7,-268
8,-204
9,-229
10,275
11,-847
12,-289
13,-229
14,-199
15,-145
16,-391
17,-100
18,-102
19,-1281
20,15
21,319
22,-239
23,-179
24,-81
25,-281
26,-599
27,-657
28,-364
29,-229
30,-204
31,-416
32,-150
33,28
34,459
35,-235
36,-529
37,-129
38,-185
39,-422
40,-91
41,117
42,-718
43,-77
44,-135
45,126
46,13
47,-187
48,-183
49,-162
50,419
51,-1070
52,-183
53,-75
54,411
55,-149
56,-129
57,-79
58,-189
59,-210
60,413
61,-204
62,-125
63,-104
64,-177
65,-139
66,-127
67,273
68,-924
69,419
70,-281
71,-139
72,-125
73,-125
74,-129
75,-125
76,-381
77,-293
78,-135
79,-154
80,-393
81,71
82,-206
83,-251
84,-505
85,-372
86,-202
87,-312
88,342
89,-137
90,-343
91,-125
92,-131
93,-362
94,-143
95,-129
96,-252
97,621
98,209
99,-125
100,-85
101,469
102,221
103,-668
104,-333
105,-233
106,521
107,-224
108,-125
109,21
110,-125
111,-449
112,-379
113,-408
114,-639
115,-175
116,-110
117,-35
118,-406
119,-289
120,-131
121,-227
122,0
123,-512
124,-458
125,-385
126,-252
127,53
128,-701
129,-106
130,-175
131,567
132,69
133,621
134,-341
135,-127
136,-129
137,-204
138,190
139,390
140,-77
141,-62
142,-160
143,-333
144,-289
145,65
146,519
147,348
148,-229
149,-254
150,-202
151,17
152,471
153,223
154,-129
155,271
156,-222
157,-225
158,300
159,46
160,-229
161,-302
162,-133
163,-200
164,-14
165,15
166,461
167,-125
168,-102
169,-133
170,-362
171,-75
172,-327
173,-56
174,421
175,394
176,-179
177,-150
178,-237
179,-306
180,-125
181,367
182,-200
183,225
184,198
185,265
186,271
187,148
188,-75
189,-204
190,-406
191,-252
192,-200
193,244
194,119
195,369
196,-204
197,-229
198,-358
199,-202
200,-102
201,373
202,-281
203,-93
204,-114
205,-127
206,398
207,-79
208,323
209,-229
210,467
211,465
212,-200
213,-83
214,-281
215,-127
216,-210
217,-77
218,123
219,-314
220,-208
221,175
222,236
223,123
224,-79
225,-204
226,-125
227,-202
228,-204
229,-456
230,298
231,-303
232,-125
233,146
234,150
235,-206
236,-312
237,-18
238,-285
239,-233
240,-285
241,-83
242,119
243,-202
244,-252
245,-635
246,-129
247,71
248,200
249,-125
250,94
251,519
252,-79
253,269
254,-131
255,11
256,221
257,150
258,-387
259,-254
260,142
261,273
262,-77
263,217
264,273
265,-118
266,267
267,-204
268,-200
269,471
270,221
271,-6
272,-127
273,-283
274,-281
275,373
276,496
277,146
278,-632
279,-200
280,467
281,-181
282,-181
283,-795
284,-125
285,-177
286,-127
287,323
288,-225
289,573
290,219
291,421
292,-125
293,421
294,23
295,-225
296,-322
297,-179
298,-75
299,619
300,-227
301,-279
302,673
303,-175
304,-224
305,-125
306,225
307,575
308,46
309,148
310,623
311,-504
312,-125
313,215
314,-127
315,-200
316,519
317,-183
318,473
319,92
320,369
321,-275
322,-125
323,-254
324,409
325,-100
326,-202
327,-256
328,-81
329,575
330,273
331,344
332,448
333,398
334,175
335,523
336,163
337,298
338,198
339,-127
340,365
341,-308
342,-202
343,-200
344,419
345,-175
346,275
347,423
348,338
349,248
350,-154
351,-175
352,-233
353,121
354,-200
355,544
356,63
357,-793
358,625
359,546
360,-335
361,-125
362,-133
363,-158
364,-37
365,157
366,248
367,-125
368,-375
369,-137
370,471
371,273
372,-183
373,-54
374,244
375,-100
376,-675
377,-175
378,548
379,-75
380,209
381,-189
382,-183
383,-125
384,-131
385,98
386,269
387,-231
388,-131
389,565
390,219
391,-289
392,-187
393,-81
394,625
395,-75
396,-4
397,623
398,623
399,-183
400,475
401,-125
402,465
403,111
404,223
405,494
406,-177
407,423
408,-125
409,-125
410,-127
411,-75
412,-175
413,-202
414,-154
415,373
416,-452
417,425
418,673
419,-125
420,-125
421,469
422,323
423,-316
424,-100
425,-129
426,-127
427,-200
428,473
429,-139
430,571
431,-27
432,-381
433,-302
434,521
435,271
436,373
437,63
438,300
439,119
440,-104
441,173
442,-81
443,244
444,-10
445,173
446,125
447,375
448,-183
449,-125
450,471
451,425
452,-127
453,521
454,621
455,250
456,223
457,523
458,-106
459,-79
460,-125
461,623
462,444
463,148
464,671
465,625
466,575
467,625
468,625
469,-129
470,325
471,-81
472,-4
473,48
474,-125
475,125
476,519
477,-125
478,219
479,517
480,-29
481,575
482,596
483,519
484,-50
485,169
486,-183
487,469
488,-75
489,-200
490,623
491,473
492,-127
493,-127
494,-175
495,623
496,-129
497,-127
498,675
499,-125
500,171
501,-150
502,498
503,-127
504,265
505,575
506,-200
507,-250
508,625
509,313
510,-75
511,669
512,-127
513,-27
514,573
515,-125
516,423
517,675
518,-158
519,671
520,-77
521,425
522,669
523,425
524,-250
525,475
526,-129
527,271
528,-77
529,571
530,425
531,-227
532,469
533,-125
534,571
535,519
536,300
537,675
538,-75
539,475
540,-308
541,575
542,-231
543,294
544,192
545,-125
546,394
547,-125
548,675
549,-125
550,-100
551,525
552,125
553,-4
554,421
555,248
556,296
557,-129
558,473
559,623
560,-52
561,265
562,-175
563,-125
564,621
565,-175
566,-206
567,625
568,-125
569,-125
570,-227
571,521
572,-127
573,525
574,292
575,-129
576,-158
577,298
578,573
579,-127
580,519
581,-304
582,425
583,469
584,673
585,446
586,71
587,673
588,-279
589,625
590,-79
591,-125
592,-50
593,323
594,371
595,573
596,621
597,373
598,550
599,250
600,446
601,523
602,319
603,-125
604,621
605,523
606,400
607,673
608,-75
609,-327
610,-283
611,525
612,623
613,-125
614,-181
615,-27
616,-308
617,669
618,-25
619,398
620,-127
621,-77
622,675
623,-175
624,-2
625,571
626,-254
627,300
628,-102
629,673
630,348
631,525
632,673
633,150
634,473
635,621
636,348
637,400
638,625
639,675
640,192
641,498
642,-179
643,-75
644,625
645,673
646,475
647,673
648,573
649,623
650,-75
651,673
652,298
653,625
654,150
655,567
656,-127
657,-175
658,675
659,-125
660,348
661,425
662,-100
663,325
664,573
665,-77
666,-125
667,473
668,475
669,-75
670,-177
671,-77
672,425
673,348
674,275
675,523
676,571
677,-77
678,523
679,346
680,492
681,675
682,523
683,425
684,-75
685,575
686,-2
687,475
688,-125
689,623
690,525
691,-177
692,-204
693,-79
694,371
695,673
696,-125
697,-127
698,-75
699,623
700,96
701,375
702,-200
703,625
704,373
705,623
706,669
707,225
708,525
709,475
710,575
711,-127
712,325
713,275
714,-75
715,-8
716,675
717,371
718,623
719,523
720,-27
721,675
722,-75
723,571
724,625
725,673
726,575
727,-179
728,323
729,-129
730,348
731,423
732,619
733,467
734,671
735,623
736,623
737,521
738,525
739,671
740,-77
741,471
742,-75
743,-125
744,-79
745,-125
746,575
747,573
748,-125
749,-81
750,400
751,619
752,-125
753,348
754,425
755,675
756,-75
757,475
758,423
759,523
760,425
761,675
762,623
763,675
764,575
765,548
766,-75
767,625
768,-125
769,-202
770,548
771,-125
772,475
773,475
774,475
775,675
776,623
777,-75
778,375
779,621
780,300
781,-129
782,248
783,-75
784,-75
785,-125
786,623
787,-29
788,671
789,150
790,-75
791,675
792,523
793,523
794,-125
795,550
796,575
797,548
798,675
799,421
800,675
801,525
802,573
803,625
804,-29
805,-200
806,671
807,398
808,400
809,675
810,275
811,350
812,523
813,-27
814,675
815,673
816,198
817,615
818,623
819,475
820,525
821,573
822,625
823,675
824,623
825,625
826,621
827,625
828,298
829,575
830,675
831,573
832,-125
833,625
834,398
835,625
836,625
837,525
838,-77
839,575
840,-177
841,675
842,625
843,575
844,473
845,675
846,621
847,-77
848,-75
849,-27
850,573
851,675
852,673
853,396
854,673
855,575
856,196
857,517
858,675
859,0
860,375
861,525
862,0
863,673
864,673
865,350
866,-125
867,675
868,673
869,198
870,-27
871,675
872,-175
873,575
874,271
875,675
876,675
877,375
878,675
879,625
880,-77
881,675
882,-75
883,-127
884,275
885,673
886,625
887,398
888,673
889,573
890,625
891,575
892,475
893,575
894,623
895,575
896,-125
897,625
898,-175
899,521
900,675
901,675
902,375
903,375
904,-77
905,625
906,-125
907,-79
908,471
909,673
910,673
911,600
912,675
913,575
914,625
915,-27
916,673
917,525
918,350
919,673
920,325
921,275
922,400
923,-75
924,675
925,419
926,-175
927,-77
928,671
929,575
930,198
931,625
932,350
933,-31
934,623
935,675
936,398
937,625
938,-75
939,675
940,-75
941,-75
942,498
943,675
944,-75
945,-25
946,625
947,-125
948,-25
949,673
950,-125
951,675
952,-27
953,625
954,675
955,-200
956,450
957,525
958,675
959,573
960,675
961,675
962,625
963,425
964,575
965,325
966,675
967,623
968,498
969,673
970,625
971,675
972,473
973,-56
974,373
975,475
976,423
977,675
978,325
979,625
980,-125
981,400
982,575
983,675
984,375
985,525
986,673
987,625
988,-75
989,675
990,673
991,675
992,400
993,473
994,475
995,525
996,625
997,625
998,-27
999,675
1000,675
1001,675
1002,675
1003,-129
1004,675
1005,50
1006,375
1007,625
1008,425
1009,675
1010,573
1011,675
1012,625
1013,225
1014,675
1015,221
1016,-175
1017,375
1018,623
1019,-75
1020,621
1021,675
1022,671
1023,625
1024,-27
1025,575
1026,675
1027,625
1028,675
1029,425
1030,150
1031,625
1032,-29
1033,525
1034,675
1035,675
1036,573
1037,675
1038,673
1039,425
1040,450
1041,623
1042,575
1043,575
1044,625
1045,673
1046,675
1047,423
1048,623
1049,300
1050,573
1051,621
1052,-125
1053,621
1054,-125
1055,-25
1056,448
1057,373
1058,-75
1059,675
1060,675
1061,673
1062,625
1063,325
1064,525
1065,675
1066,473
1067,-75
1068,575
1069,623
1070,398
1071,621
1072,625
1073,675
1074,673
1075,673
1076,375
1077,617
1078,521
1079,-175
1080,375
1081,423
1082,525
1083,550
1084,675
1085,525
1086,625
1087,625
1088,625
1089,675
1090,623
1091,475
1092,500
1093,625
1094,625
1095,675
1096,575
1097,-75
1098,675
1099,673
1100,673
1101,675
1102,423
1103,300
1104,625
1105,-125
1106,675
1107,623
1108,215
1109,675
1110,673
1111,473
1112,675
1113,673
1114,625
1115,675
1116,625
1117,400
1118,575
1119,675
1120,525
1121,575
1122,675
1123,625
1124,525
1125,469
1126,473
1127,425
1128,625
1129,675
1130,675
1131,-75
1132,-25
1133,-29
1134,625
1135,425
1136,675
1137,525
1138,625
1139,675
1140,625
1141,625
1142,675
1143,625
1144,-77
1145,675
1146,523
1147,273
1148,675
1149,621
1150,625
1151,675
1152,675
1153,525
1154,675
1155,-75
1156,75
1157,623
1158,321
1159,375
1160,373
1161,573
1162,675
1163,-75
1164,273
1165,625
1166,-75
1167,625
1168,575
1169,675
1170,675
1171,-75
1172,625
1173,548
1174,575
1175,275
1176,575
1177,350
1178,625
1179,675
1180,625
1181,625
1182,-129
1183,675
1184,675
1185,550
1186,623
1187,423
1188,-75
1189,623
1190,625
1191,673
1192,675
1193,348
1194,675
1195,400
1196,625
1197,625
1198,625
1199,-27
1200,675
1201,675
1202,-25
1203,675
1204,525
1205,548
1206,525
1207,575
1208,625
1209,575
1210,675
1211,525
1212,625
1213,625
1214,675
1215,425
1216,525
1217,675
1218,-81
1219,298
1220,675
1221,675
1222,398
1223,675
1224,-75
1225,675
1226,621
1227,625
1228,673
1229,-25
1230,423
1231,571
1232,-75
1233,625
1234,475
1235,575
1236,623
1237,-25
1238,375
1239,425
1240,425
1241,-50
1242,625
1243,625
1244,675
1245,625
1246,675
1247,673
1248,296
1249,675
1250,675
1251,675
1252,675
1253,675
1254,625
1255,425
1256,675
1257,625
1258,550
1259,675
1260,673
1261,673
1262,675
1263,675
1264,-125
1265,400
1266,675
1267,-125
1268,625
1269,75
1270,625
1271,-125
1272,525
1273,625
1274,675
1275,-125
1276,625
1277,675
1278,625
1279,675
1280,675
1281,573
1282,673
1283,573
1284,425
1285,575
1286,623
1287,675
1288,625
1289,675
1290,675
1291,-27
1292,-77
1293,675
1294,625
1295,675
1296,425
1297,550
1298,675
1299,573
1300,400
1301,673
1302,623
1303,250
1304,675
1305,573
1306,523
1307,398
1308,-75
1309,675
1310,673
1311,525
1312,675
1313,475
1314,475
1315,675
1316,675
1317,450
1318,625
1319,675
1320,675
1321,675
1322,675
1323,373
1324,500
1325,398
1326,398
1327,425
1328,675
1329,675
1330,675
1331,625
1332,675
1333,-2
1334,298
1335,675
1336,625
1337,523
1338,348
1339,-25
1340,673
1341,150
1342,675
1343,625
1344,-125
1345,425
1346,525
1347,-35
1348,675
1349,623
1350,623
1351,673
1352,671
1353,675
1354,373
1355,425
1356,675
1357,573
1358,525
1359,625
1360,625
1361,-75
1362,575
1363,625
1364,-75
1365,0
1366,473
1367,448
1368,625
1369,-125
1370,675
1371,673
1372,-25
1373,350
1374,-125
1375,625
1376,-25
1377,673
1378,675
1379,675
1380,625
1381,625
1382,-75
1383,-175
1384,567
1385,-125
1386,675
1387,573
1388,625
1389,475
1390,-125
1391,673
1392,625
1393,-127
1394,473
1395,571
1396,675
1397,625
1398,473
1399,575
1400,348
1401,575
1402,625
1403,-75
1404,675
1405,623
1406,150
1407,-127
1408,573
1409,375
1410,623
1411,425
1412,675
1413,250
1414,373
1415,625
1416,575
1417,675
1418,625
1419,-25
1420,275
1421,625
1422,675
1423,625
1424,675
1425,623
1426,475
1427,675
1428,675
1429,623
1430,623
1431,575
1432,625
1433,675
1434,-125
1435,-125
1436,625
1437,675
1438,675
1439,673
1440,523
1441,675
1442,-75
1443,-75
1444,675
1445,575
1446,573
1447,-25
1448,673
1449,675
1450,350
1451,675
1452,675
1453,675
1454,525
1455,675
1456,500
1457,575
1458,-75
1459,673
1460,623
1461,423
1462,500
1463,675
1464,625
1465,-75
1466,298
1467,625
1468,675
1469,575
1470,575
1471,673
1472,625
1473,675
1474,675
1475,-127
1476,-127
1477,673
1478,673
1479,575
1480,575
1481,625
1482,-133
1483,-25
1484,475
1485,-125
1486,575
1487,-27
1488,325
1489,675
1490,675
1491,671
1492,573
1493,673
1494,375
1495,348
1496,-27
1497,-25
1498,573
1499,-75
1500,375
1501,571
1502,100
1503,673
1504,-29
1505,525
1506,673
1507,675
1508,625
1509,371
1510,425
1511,669
1512,675
1513,675
1514,675
1515,625
1516,673
1517,675
1518,675
1519,-75
1520,396
1521,575
1522,525
1523,623
1524,673
1525,675
1526,475
1527,573
1528,673
1529,-300
1530,525
1531,625
1532,623
1533,-125
1534,523
1535,673
1536,673
1537,223
1538,675
1539,675
1540,625
1541,-75
1542,625
1543,671
1544,623
1545,525
1546,575
1547,523
1548,400
1549,623
1550,575
1551,-77
1552,573
1553,623
1554,625
1555,-75
1556,-127
1557,621
1558,625
1559,625
1560,444
1561,623
1562,-125
1563,675
1564,673
1565,75
1566,-125
1567,575
1568,625
1569,198
1570,200
1571,425
1572,675
1573,398
1574,425
1575,675
1576,675
1577,625
1578,425
1579,571
1580,400
1581,675
1582,523
1583,550
1584,575
1585,625
1586,475
1587,-25
1588,575
1589,525
1590,425
1591,-75
1592,467
1593,675
1594,675
1595,675
1596,-75
1597,525
1598,675
1599,275
1600,625
1601,-25
1602,-77
1603,571
1604,573
1605,675
1606,675
1607,675
1608,-75
1609,625
1610,-125
1611,675
1612,-125
1613,625
1614,525
1615,623
1616,675
1617,525
1618,523
1619,196
1620,623
1621,573
1622,671
1623,423
1624,575
1625,521
1626,400
1627,675
1628,675
1629,625
1630,421
1631,675
1632,300
1633,573
1634,273
1635,675
1636,675
1637,573
1638,521
1639,-75
1640,-125
1641,575
1642,575
1643,621
1644,675
1645,521
1646,569
1647,-127
1648,673
1649,573
1650,475
1651,473
1652,675
1653,571
1654,671
1655,675
1656,625
1657,-125
1658,-156
1659,548
1660,-200
1661,623
1662,573
1663,675
1664,350
1665,621
1666,-125
1667,575
1668,98
1669,625
1670,675
1671,525
1672,575
1673,623
1674,623
1675,675
1676,575
1677,575
1678,473
1679,623
1680,625
1681,575
1682,-125
1683,-27
1684,623
1685,625
1686,573
1687,525
1688,625
1689,575
1690,675
1691,675
1692,425
1693,623
1694,350
1695,-75
1696,623
1697,-75
1698,671
1699,-125
1700,598
1701,625
1702,625
1703,350
1704,-125
1705,625
1706,675
1707,575
1708,625
1709,675
1710,523
1711,675
1712,675
1713,673
1714,425
1715,400
1716,-125
1717,-75
1718,369
1719,675
1720,675
1721,675
1722,675
1723,525
1724,673
1725,-75
1726,675
1727,625
1728,675
1729,625
1730,523
1731,625
1732,575
1733,325
1734,-75
1735,-25
1736,500
1737,425
1738,-75
1739,675
1740,425
1741,-125
1742,675
1743,250
1744,425
1745,675
1746,575
1747,-75
1748,-100
1749,625
1750,675
1751,-79
1752,319
1753,525
1754,575
1755,573
1756,625
1757,625
1758,375
1759,673
1760,625
1761,575
1762,-125
1763,625
1764,675
1765,575
1766,-202
1767,525
1768,575
1769,-125
1770,-75
1771,675
1772,325
1773,675
1774,625
1775,675
1776,675
1777,-125
1778,621
1779,-125
1780,-125
1781,675
1782,623
1783,675
1784,623
1785,675
1786,673
1787,-125
1788,400
1789,400
1790,625
1791,396
1792,625
1793,625
1794,-127
1795,625
1796,471
1797,425
1798,-75
1799,400
1800,350
1801,625
1802,475
1803,-125
1804,675
1805,550
1806,625
1807,673
1808,671
1809,-175
1810,246
1811,523
1812,625
1813,625
1814,675
1815,675
1816,423
1817,398
1818,-75
1819,571
1820,623
1821,625
1822,-75
1823,625
1824,375
1825,375
1826,425
1827,673
1828,569
1829,475
1830,-125
1831,375
1832,0
1833,425
1834,373
1835,675
1836,525
1837,-75
1838,625
1839,219
1840,348
1841,-125
1842,673
1843,575
1844,675
1845,625
1846,675
1847,675
1848,623
1849,675
1850,-25
1851,573
1852,-75
1853,-25
1854,673
1855,350
1856,675
1857,675
1858,525
1859,575
1860,525
1861,625
1862,625
1863,623
1864,675
1865,200
1866,-75
1867,525
1868,673
1869,-75
1870,-179
1871,671
1872,-75
1873,248
1874,623
1875,675
1876,575
1877,-227
1878,150
1879,-75
1880,496
1881,673
1882,350
1883,673
1884,675
1885,625
1886,325
1887,675
1888,575
1889,523
1890,625
1891,675
1892,294
1893,623
1894,-127
1895,625
1896,475
1897,675
1898,575
1899,375
1900,675
1901,475
1902,675
1903,625
1904,-75
1905,548
1906,571
1907,-179
1908,625
1909,-125
1910,673
1911,475
1912,675
1913,-125
1914,425
1915,625
1916,-175
1917,625
1918,675
1919,625
1920,350
1921,623
1922,-77
1923,-75
1924,673
1925,625
1926,-102
1927,675
1928,625
1929,398
1930,675
1931,675
1932,-200
1933,-75
1934,673
1935,-75
1936,675
1937,625
1938,521
1939,425
1940,300
1941,-2
1942,675
1943,575
1944,625
1945,675
1946,-125
1947,298
1948,625
1949,675
1950,550
1951,675
1952,575
1953,375
1954,398
1955,-125
1956,619
1957,625
1958,0
1959,400
1960,525
1961,-125
1962,575
1963,675
1964,498
1965,-125
1966,675
1967,400
1968,548
1969,-75
1970,-125
1971,673
1972,494
1973,575
1974,673
1975,519
1976,675
1977,-127
1978,525
1979,-125
1980,548
1981,623
1982,-75
1983,675
1984,-125
1985,-75
1986,625
1987,398
1988,-125
1989,675
1990,525
1991,675
1992,425
1993,673
1994,523
1995,319
1996,625
1997,325
1998,-27
1999,375
2000,675
2001,-75
2002,675
2003,673
2004,675
2005,300
2006,475
2007,550
2008,625
2009,-125
2010,675
2011,625
2012,675
2013,-125
2014,673
2015,400
2016,-127
2017,-275
2018,575
2019,421
2020,625
2021,-127
2022,675
2023,623
2024,675
2025,675
2026,625
2027,673
2028,625
2029,600
2030,-125
2031,623
2032,625
2033,675
2034,575
2035,673
2036,-75
2037,-129
2038,621
2039,675
2040,550
2041,525
2042,-125
2043,675
2044,671
2045,350
2046,425
2047,625
2048,625
2049,-127
2050,623
2051,575
2052,671
2053,-125
2054,575
2055,673
2056,471
2057,-75
2058,475
2059,675
2060,425
2061,623
2062,425
2063,625
2064,675
2065,675
2066,671
2067,625
2068,675
2069,675
2070,373
2071,-127
2072,675
2073,-125
2074,-125
2075,625
2076,625
2077,675
2078,625
2079,575
2080,673
2081,575
2082,525
2083,-77
2084,-81
2085,625
2086,675
2087,575
2088,523
2089,675
2090,348
2091,400
2092,625
2093,525
2094,573
2095,671
2096,-29
2097,673
2098,675
2099,525
2100,425
2101,675
2102,625
2103,525
2104,675
2105,575
2106,575
2107,675
2108,348
2109,-125
2110,-125
2111,625
2112,375
2113,671
2114,675
2115,675
2116,-25
2117,275
2118,-75
2119,671
2120,525
2121,625
2122,-25
2123,-125
2124,398
2125,625
2126,-75
2127,425
2128,325
2129,573
2130,-77
2131,623
2132,625
2133,-75
2134,623
2135,-25
2136,675
2137,-77
2138,621
2139,625
2140,425
2141,675
2142,673
2143,-25
2144,-177
2145,675
2146,675
2147,475
2148,-125
2149,423
2150,573
2151,-77
2152,-75
2153,-25
2154,675
2155,-125
2156,350
2157,625
2158,675
2159,-125
2160,-79
2161,471
2162,675
2163,625
2164,625
2165,675
2166,473
2167,619
2168,623
2169,398
2170,673
2171,400
2172,675
2173,-125
2174,-25
2175,-29
2176,525
2177,675
2178,525
2179,575
2180,675
2181,675
2182,673
2183,425
2184,625
2185,625
2186,675
2187,573
2188,-75
2189,400
2190,-227
2191,523
2192,623
2193,348
2194,675
2195,625
2196,625
2197,671
2198,625
2199,-77
2200,525
2201,673
2202,625
2203,575
2204,625
2205,-129
2206,350
2207,625
2208,496
2209,625
2210,675
2211,675
2212,596
2213,550
2214,575
2215,-81
2216,625
2217,625
2218,-77
2219,571
2220,623
2221,398
2222,625
2223,473
2224,625
2225,350
2226,523
2227,673
2228,575
2229,625
2230,625
2231,475
2232,-125
2233,675
2234,675
2235,675
2236,675
2237,525
2238,525
2239,223
2240,450
2241,-125
2242,625
2243,675
2244,23
2245,625
2246,625
2247,550
2248,-125
2249,623
2250,-177
2251,675
2252,525
2253,675
2254,575
2255,675
2256,625
2257,673
2258,675
2259,675
2260,-77
2261,-75
2262,-29
2263,300
2264,675
2265,673
2266,250
2267,575
2268,-2
2269,425
2270,575
2271,244
2272,673
2273,675
2274,625
2275,675
2276,625
2277,623
2278,675
2279,671
2280,425
2281,675
2282,575
2283,-75
2284,575
2285,-4
2286,575
2287,-75
2288,625
2289,-129
2290,675
2291,225
2292,621
2293,-29
2294,-25
2295,675
2296,-127
2297,623
2298,625
2299,623
2300,675
2301,-127
2302,625
2303,-75
2304,425
2305,675
2306,473
2307,675
2308,525
2309,519
2310,675
2311,625
2312,675
2313,673
2314,-25
2315,-127
2316,621
2317,673
2318,675
2319,-125
2320,525
2321,-200
2322,423
2323,625
2324,625
2325,521
2326,675
2327,621
2328,473
2329,-127
2330,425
2331,450
2332,525
2333,675
2334,525
2335,675
2336,198
2337,675
2338,-102
2339,625
2340,625
2341,350
2342,571
2343,500
2344,425
2345,575
2346,-75
2347,196
2348,675
2349,-75
2350,675
2351,623
2352,621
2353,400
2354,623
2355,-125
2356,525
2357,-250
2358,-200
2359,621
2360,-75
2361,625
2362,673
2363,375
2364,675
2365,625
2366,571
2367,-100
2368,-31
2369,-125
2370,569
2371,-27
2372,623
2373,575
2374,-125
2375,573
2376,675
2377,-125
2378,675
2379,-75
2380,350
2381,-125
2382,-25
2383,-129
2384,673
2385,517
2386,550
2387,623
2388,425
2389,498
2390,675
2391,675
2392,625
2393,625
2394,400
2395,-125
2396,575
2397,675
2398,675
2399,575
2400,348
2401,673
2402,623
2403,675
2404,-127
2405,625
2406,500
2407,575
2408,675
2409,75
2410,673
2411,623
2412,523
2413,323
2414,-25
2415,-75
2416,675
2417,623
2418,675
2419,400
2420,573
2421,573
2422,675
2423,675
2424,573
2425,525
2426,675
2427,542
2428,675
2429,575
2430,371
2431,-100
2432,673
2433,473
2434,675
2435,625
2436,-25
2437,675
2438,473
2439,-179
2440,-75
2441,-75
2442,675
2443,575
2444,625
2445,625
2446,-79
2447,623
2448,673
2449,-125
2450,-200
2451,300
2452,675
2453,675
2454,525
2455,625
2456,-100
2457,-125
2458,300
2459,625
2460,-250
2461,-100
2462,450
2463,623
2464,350
2465,525
2466,148
2467,575
2468,625
2469,673
2470,625
2471,673
2472,625
2473,623
2474,675
2475,575
2476,350
2477,573
2478,675
2479,475
2480,73
2481,400
2482,-100
2483,575
2484,675
2485,73
2486,500
2487,625
2488,598
2489,625
2490,400
2491,-100
2492,-29
2493,675
2494,523
2495,625
2496,523
2497,548
2498,475
2499,525
2500,350
2501,400
2502,525
2503,675
2504,550
2505,575
2506,525
2507,625
2508,675
2509,675
2510,575
2511,150
2512,675
2513,675
2514,550
2515,675
2516,623
2517,625
2518,675
2519,671
2520,625
2521,673
2522,675
2523,346
2524,350
2525,523
2526,-25
2527,525
2528,-125
2529,475
2530,425
2531,473
2532,-25
2533,623
2534,-75
2535,675
2536,98
2537,675
2538,-75
2539,623
2540,675
2541,519
2542,575
2543,475
2544,625
2545,575
2546,-127
2547,498
2548,675
2549,625
2550,675
2551,675
2552,550
2553,-75
2554,675
2555,-75
2556,-125
2557,325
2558,675
2559,625
2560,525
2561,546
2562,673
2563,-25
2564,375
2565,-125
2566,525
2567,625
2568,625
2569,350
2570,-127
2571,625
2572,623
2573,425
2574,-77
2575,-202
2576,425
2577,673
2578,673
2579,-75
2580,350
2581,273
2582,675
2583,675
2584,673
2585,575
2586,-25
2587,571
2588,-75
2589,675
2590,675
2591,673
2592,675
2593,671
2594,673
2595,525
2596,623
2597,623
2598,475
2599,675
2600,423
2601,550
2602,498
2603,375
2604,575
2605,425
2606,500
2607,400
2608,625
2609,673
2610,675
2611,623
2612,-25
2613,-125
2614,625
2615,621
2616,425
2617,-25
2618,623
2619,400
2620,625
2621,523
2622,625
2623,675
2624,425
2625,575
2626,-75
2627,675
2628,673
2629,675
2630,-27
2631,575
2632,375
2633,423
2634,575
2635,-29
2636,-125
2637,-129
2638,673
2639,425
2640,625
2641,375
2642,625
2643,-27
2644,-206
2645,-200
2646,571
2647,675
2648,-227
2649,-229
2650,-75
2651,425
2652,323
2653,675
2654,623
2655,-125
2656,675
2657,-79
2658,521
2659,425
2660,673
2661,623
2662,-177
2663,298
2664,675
2665,675
2666,675
2667,350
2668,400
2669,425
2670,400
2671,625
2672,475
2673,675
2674,250
2675,525
2676,-75
2677,673
2678,-75
2679,-77
2680,250
2681,475
2682,498
2683,675
2684,525
2685,673
2686,675
2687,425
2688,-75
2689,-125
2690,625
2691,-77
2692,625
2693,575
2694,525
2695,550
2696,675
2697,625
2698,621
2699,-75
2700,625
2701,-25
2702,675
2703,575
2704,675
2705,-227
2706,623
2707,625
2708,625
2709,675
2710,-125
2711,-2
2712,673
2713,-25
2714,673
2715,625
2716,400
2717,-75
2718,625
2719,-125
2720,673
2721,575
2722,675
2723,348
2724,575
2725,-77
2726,675
2727,675
2728,-127
2729,-27
2730,675
2731,521
2732,-125
2733,675
2734,675
2735,473
2736,625
2737,573
2738,625
2739,-75
2740,673
2741,675
2742,575
2743,625
2744,623
2745,525
2746,575
2747,148
2748,675
2749,-175
2750,-27
2751,675
2752,675
2753,550
2754,-175
2755,275
2756,675
2757,675
2758,-125
2759,500
2760,575
2761,675
2762,525
2763,675
2764,675
2765,573
2766,425
2767,575
2768,-75
2769,575
2770,675
2771,625
2772,-125
2773,673
2774,675
2775,275
2776,625
2777,675
2778,275
2779,473
2780,475
2781,625
2782,625
2783,-125
2784,-125
2785,-79
2786,675
2787,675
2788,-125
2789,623
2790,275
2791,675
2792,-125
2793,675
2794,425
2795,675
2796,525
2797,673
2798,573
2799,-75
2800,625
2801,675
2802,575
2803,273
2804,625
2805,-125
2806,298
2807,625
2808,475
2809,523
2810,623
2811,675
2812,-75
2813,73
2814,425
2815,548
2816,625
2817,573
2818,625
2819,675
2820,573
2821,573
2822,521
2823,225
2824,400
2825,373
2826,625
2827,675
2828,-29
2829,673
2830,623
2831,-75
2832,450
2833,625
2834,-127
2835,-75
2836,625
2837,525
2838,-127
2839,569
2840,-177
2841,-27
2842,473
2843,625
2844,673
2845,-25
2846,-29
2847,-27
2848,623
2849,475
2850,675
2851,523
2852,623
2853,675
2854,573
2855,675
2856,-125
2857,-100
2858,673
2859,673
2860,625
2861,675
2862,623
2863,-125
2864,-177
2865,675
2866,525
2867,523
2868,475
2869,675
2870,621
2871,573
2872,498
2873,373
2874,675
2875,521
2876,325
2877,425
2878,275
2879,475
2880,-200
2881,625
2882,675
2883,350
2884,-200
2885,-200
2886,373
2887,675
2888,675
2889,625
2890,-125
2891,575
2892,675
2893,-129
2894,675
2895,525
2896,675
2897,621
2898,675
2899,300
2900,473
2901,-27
2902,625
2903,-125
2904,150
2905,625
2906,-25
2907,525
2908,625
2909,350
2910,625
2911,675
2912,50
2913,523
2914,373
2915,675
2916,675
2917,-75
2918,-127
2919,575
2920,675
2921,675
2922,-75
2923,300
2924,398
2925,575
2926,575
2927,675
2928,-225
2929,625
2930,-75
2931,671
2932,675
2933,673
2934,-150
2935,573
2936,400
2937,675
2938,375
2939,546
2940,673
2941,621
2942,575
2943,675
2944,425
2945,675
2946,525
2947,671
2948,575
2949,-179
2950,675
2951,675
2952,500
2953,-125
2954,625
2955,425
2956,498
2957,673
2958,425
2959,625
2960,548
2961,673
2962,623
2963,573
2964,-200
2965,675
2966,675
2967,425
2968,673
2969,675
2970,673
2971,-125
2972,625
2973,525
2974,573
2975,675
2976,675
2977,675
2978,-25
2979,548
2980,673
2981,300
2982,-127
2983,575
2984,373
2985,-75
2986,-75
2987,148
2988,671
2989,625
2990,625
2991,-75
2992,-75
2993,675
2994,675
2995,575
2996,400
2997,675
2998,-177
2999,425
3000,625
3001,621
3002,625
3003,423
3004,673
3005,325
3006,625
3007,625
3008,675
3009,425
3010,525
3011,621
3012,673
3013,525
3014,425
3015,-77
3016,621
3017,625
3018,619
3019,323
3020,675
3021,675
3022,-200
3023,150
3024,625
3025,600
3026,675
3027,-27
3028,625
3029,675
3030,573
3031,575
3032,475
3033,625
3034,673
3035,625
3036,675
3037,375
3038,625
3039,675
3040,473
3041,675
3042,625
3043,675
3044,550
3045,-125
3046,625
3047,673
3048,321
3049,623
3050,625
3051,525
3052,625
3053,673
3054,-250
3055,446
3056,525
3057,623
3058,625
3059,275
3060,575
3061,375
3062,-75
3063,496
3064,-177
3065,546
3066,400
3067,400
3068,521
3069,-125
3070,675
3071,675
3072,623
3073,548
3074,500
3075,621
3076,625
3077,-125
3078,625
3079,475
3080,-75
3081,625
3082,675
3083,475
3084,-29
3085,-175
3086,625
3087,671
3088,675
3089,425
3090,675
3091,575
3092,675
3093,48
3094,519
3095,-125
3096,675
3097,625
3098,625
3099,675
3100,571
3101,673
3102,573
3103,-79
3104,621
3105,521
3106,675
3107,-125
3108,625
3109,675
3110,-125
3111,575
3112,225
3113,675
3114,625
3115,573
3116,575
3117,569
3118,525
3119,273
3120,673
3121,675
3122,321
3123,623
3124,625
3125,675
3126,-77
3127,675
3128,-125
3129,623
3130,675
3131,-125
3132,625
3133,348
3134,98
3135,625
3136,573
3137,-200
3138,623
3139,675
3140,425
3141,673
3142,675
3143,623
3144,275
3145,-77
3146,-125
3147,-125
3148,675
3149,-200
3150,550
3151,625
3152,525
3153,621
3154,621
3155,673
3156,675
3157,675
3158,-252
3159,673
3160,625
3161,675
3162,446
3163,-127
3164,675
3165,250
3166,673
3167,673
3168,550
3169,625
3170,-79
3171,673
3172,400
3173,575
3174,-29
3175,623
3176,573
3177,673
3178,475
3179,550
3180,575
3181,-125
3182,475
3183,573
3184,-127
3185,373
3186,675
3187,623
3188,519
3189,375
3190,575
3191,673
3192,-125
3193,625
3194,-100
3195,675
3196,325
3197,625
3198,675
3199,673
3200,625
3201,675
3202,675
3203,625
3204,550
3205,373
3206,625
3207,625
3208,573
3209,573
3210,575
3211,675
3212,-202
3213,575
3214,623
3215,-127
3216,375
3217,573
3218,625
3219,-129
3220,575
3221,-127
3222,625
3223,573
3224,546
3225,675
3226,573
3227,-75
3228,675
3229,625
3230,471
3231,625
3232,675
3233,523
3234,425
3235,471
3236,548
3237,675
3238,623
3239,-177
3240,475
3241,675
3242,-25
3243,525
3244,675
3245,675
3246,-125
3247,673
3248,675
3249,521
3250,125
3251,548
3252,-29
3253,575
3254,675
3255,500
3256,-125
3257,-25
3258,-27
3259,525
3260,625
3261,625
3262,500
3263,573
3264,525
3265,23
3266,-25
3267,675
3268,-125
3269,250
3270,673
3271,625
3272,625
3273,675
3274,550
3275,623
3276,673
3277,625
3278,675
3279,575
3280,573
3281,-125
3282,673
3283,675
3284,425
3285,675
3286,525
3287,575
3288,675
3289,675
3290,673
3291,575
3292,525
3293,673
3294,575
3295,425
3296,425
3297,575
3298,675
3299,625
3300,621
3301,300
3302,675
3303,675
3304,675
3305,675
3306,623
3307,625
3308,625
3309,498
3310,673
3311,625
3312,423
3313,675
3314,621
3315,625
3316,575
3317,675
3318,523
3319,-125
3320,675
3321,-125
3322,525
3323,675
3324,673
3325,671
3326,675
3327,625
3328,673
3329,521
3330,-175
3331,675
3332,625
3333,623
3334,573
3335,675
3336,675
3337,675
3338,625
3339,675
3340,348
3341,673
3342,348
3343,625
3344,521
3345,521
3346,675
3347,398
3348,475
3349,-150
3350,673
3351,-175
3352,425
3353,398
3354,675
3355,-25
3356,625
3357,-125
3358,675
3359,673
3360,523
3361,375
3362,625
3363,375
3364,573
3365,625
3366,625
3367,425
3368,625
3369,675
3370,625
3371,575
3372,625
3373,-200
3374,575
3375,623
3376,575
3377,573
3378,675
3379,525
3380,550
3381,400
3382,675
3383,671
3384,625
3385,623
3386,400
3387,525
3388,675
3389,550
3390,575
3391,675
3392,425
3393,-77
3394,-77
3395,675
3396,625
3397,675
3398,625
3399,625
3400,523
3401,-75
3402,675
3403,623
3404,400
3405,625
3406,248
3407,575
3408,-250
3409,-175
3410,675
3411,423
3412,448
3413,-77
3414,-131
3415,625
3416,-200
3417,519
3418,675
3419,623
3420,675
3421,675
3422,625
3423,675
3424,-75
3425,398
3426,198
3427,-75
3428,575
3429,675
3430,521
3431,350
3432,0
3433,625
3434,675
3435,398
3436,675
3437,675
3438,325
3439,675
3440,673
3441,675
3442,-25
3443,-33
3444,546
3445,523
3446,550
3447,573
3448,-75
3449,-75
3450,148
3451,675
3452,-250
3453,473
3454,423
3455,573
3456,625
3457,-125
3458,673
3459,498
3460,675
3461,525
3462,-77
3463,-29
3464,673
3465,-125
3466,425
3467,-125
3468,-125
3469,675
3470,575
3471,-75
3472,623
3473,471
3474,-125
3475,675
3476,325
3477,400
3478,400
3479,398
3480,675
3481,675
3482,423
3483,-129
3484,-250
3485,675
3486,625
3487,673
3488,619
3489,325
3490,423
3491,675
3492,675
3493,673
3494,673
3495,675
3496,575
3497,625
3498,-125
3499,623
3500,625
3501,673
3502,-125
3503,675
3504,625
3505,673
3506,623
3507,375
3508,550
3509,550
3510,673
3511,673
3512,-79
3513,625
3514,348
3515,475
3516,675
3517,-127
3518,575
3519,675
3520,521
3521,625
3522,475
3523,225
3524,-75
3525,375
3526,573
3527,-75
3528,675
3529,623
3530,275
3531,675
3532,623
3533,673
3534,-75
3535,523
3536,475
3537,275
3538,675
3539,525
3540,625
3541,675
3542,667
3543,675
3544,73
3545,573
3546,246
3547,398
3548,69
3549,571
3550,523
3551,548
3552,575
3553,398
3554,675
3555,-175
3556,-177
3557,625
3558,-25
3559,-4
3560,525
3561,673
3562,575
3563,675
3564,673
3565,500
3566,675
3567,625
3568,523
3569,575
3570,-75
3571,675
3572,-125
3573,625
3574,625
3575,525
3576,675
3577,675
3578,625
3579,675
3580,75
3581,575
3582,425
3583,625
3584,-175
3585,550
3586,-225
3587,675
3588,573
3589,400
3590,625
3591,623
3592,675
3593,525
3594,-175
3595,675
3596,675
3597,623
3598,423
3599,523
3600,-125
3601,675
3602,398
3603,673
3604,623
3605,625
3606,548
3607,623
3608,-75
3609,-79
3610,671
3611,375
3612,675
3613,671
3614,300
3615,571
3616,675
3617,375
3618,575
3619,-125
3620,621
3621,400
3622,673
3623,375
3624,-75
3625,625
3626,425
3627,200
3628,673
3629,525
3630,675
3631,625
3632,671
3633,-177
3634,675
3635,625
3636,621
3637,675
3638,625
3639,675
3640,-75
3641,475
3642,573
3643,-125
3644,625
3645,675
3646,573
3647,448
3648,673
3649,673
3650,375
3651,675
3652,673
3653,675
3654,675
3655,673
3656,625
3657,-25
3658,425
3659,673
3660,625
3661,-300
3662,-125
3663,575
3664,673
3665,600
3666,75
3667,625
3668,675
3669,625
3670,423
3671,675
3672,-75
3673,675
3674,475
3675,673
3676,-125
3677,675
3678,675
3679,346
3680,675
3681,571
3682,375
3683,675
3684,623
3685,525
3686,575
3687,567
3688,198
3689,525
3690,-125
3691,625
3692,675
3693,-125
3694,-125
3695,575
3696,675
3697,550
3698,623
3699,625
3700,625
3701,496
3702,523
3703,625
3704,525
3705,625
3706,21
3707,675
3708,673
3709,475
3710,625
3711,-127
3712,575
3713,-125
3714,525
3715,-125
3716,625
3717,575
3718,675
3719,623
3720,423
3721,323
3722,673
3723,623
3724,675
3725,350
3726,-31
3727,675
3728,-127
3729,675
3730,-125
3731,400
3732,375
3733,575
3734,375
3735,675
3736,246
3737,673
3738,525
3739,475
3740,623
3741,400
3742,200
3743,-75
3744,625
3745,673
3746,673
3747,-27
3748,-75
3749,675
3750,575
3751,675
3752,-75
3753,-75
3754,-125
3755,523
3756,675
3757,675
3758,-100
3759,675
3760,675
3761,-125
3762,500
3763,623
3764,675
3765,675
3766,623
3767,675
3768,325
3769,-125
3770,373
3771,675
3772,675
3773,675
3774,473
3775,623
3776,625
3777,-200
3778,623
3779,475
3780,675
3781,-79
3782,573
3783,619
3784,673
3785,623
3786,-27
3787,673
3788,400
3789,673
3790,-125
3791,673
3792,675
3793,675
3794,471
3795,-177
3796,675
3797,623
3798,675
3799,675
3800,673
3801,675
3802,625
3803,625
3804,573
3805,-200
3806,475
3807,-125
3808,500
3809,675
3810,675
3811,-27
3812,625
3813,625
3814,625
3815,500
3816,673
3817,575
3818,-79
3819,500
3820,575
3821,425
3822,673
3823,-125
3824,675
3825,-200
3826,673
3827,400
3828,525
3829,625
3830,675
3831,675
3832,375
3833,350
3834,375
3835,-175
3836,425
3837,400
3838,573
3839,675
3840,525
3841,546
3842,446
3843,625
3844,675
3845,575
3846,623
3847,575
3848,625
3849,348
3850,-125
3851,675
3852,675
3853,575
3854,625
3855,625
3856,-125
3857,525
3858,675
3859,625
3860,623
3861,675
3862,523
3863,550
3864,-125
3865,673
3866,673
3867,-125
3868,0
3869,625
3870,-175
3871,675
3872,373
3873,-125
3874,525
3875,575
3876,250
3877,573
3878,675
3879,673
3880,348
3881,475
3882,675
3883,625
3884,-75
3885,623
3886,575
3887,675
3888,398
3889,575
3890,-75
3891,398
3892,675
3893,348
3894,575
3895,675
3896,675
3897,250
3898,673
3899,671
3900,425
3901,625
3902,571
3903,296
3904,-27
3905,-125
3906,-25
3907,673
3908,-75
3909,475
3910,625
3911,525
3912,623
3913,-125
3914,625
3915,675
3916,-125
3917,623
3918,-125
3919,548
3920,625
3921,-31
3922,-75
3923,521
3924,673
3925,675
3926,673
3927,673
3928,-200
3929,425
3930,521
3931,525
3932,625
3933,675
3934,625
3935,675
3936,375
3937,-125
3938,675
3939,675
3940,375
3941,525
3942,-125
3943,425
3944,673
3945,675
3946,-75
3947,525
3948,525
3949,-29
3950,423
3951,-125
3952,475
3953,675
3954,675
3955,625
3956,-125
3957,673
3958,675
3959,-125
3960,575
3961,-125
3962,673
3963,625
3964,373
3965,675
3966,425
3967,-77
3968,575
3969,675
3970,625
3971,-77
3972,673
3973,-125
3974,-129
3975,-27
3976,400
3977,625
3978,575
3979,-125
3980,523
3981,625
3982,621
3983,-127
3984,675
3985,625
3986,-81
3987,673
3988,375
3989,673
3990,498
3991,-27
3992,-125
3993,575
3994,-125
3995,300
3996,-127
3997,325
3998,675
3999,623
4000,446
4001,575
4002,623
4003,623
4004,425
4005,500
4006,425
4007,675
4008,625
4009,625
4010,625
4011,675
4012,625
4013,673
4014,675
4015,675
4016,-75
4017,425
4018,675
4019,523
4020,573
4021,575
4022,500
4023,625
4024,525
4025,425
4026,675
4027,-25
4028,198
4029,675
4030,-75
4031,625
4032,575
4033,625
4034,675
4035,-179
4036,-125
4037,200
4038,673
4039,500
4040,523
4041,625
4042,675
4043,571
4044,-25
4045,675
4046,-125
4047,373
4048,673
4049,-25
4050,-125
4051,675
4052,-125
4053,675
4054,673
4055,623
4056,548
4057,525
4058,-27
4059,625
4060,198
4061,525
4062,575
4063,423
4064,675
4065,625
4066,673
4067,625
4068,-25
4069,623
4070,625
4071,625
4072,150
4073,-75
4074,675
4075,525
4076,350
4077,625
4078,450
4079,675
4080,575
4081,-31
4082,675
4083,-75
4084,571
4085,-27
4086,-75
4087,675
4088,675
4089,425
4090,621
4091,675
4092,673
4093,675
4094,623
4095,625
4096,675
4097,625
4098,473
4099,475
4100,623
4101,400
4102,573
4103,625
4104,675
4105,-75
4106,575
4107,498
4108,575
4109,625
4110,625
4111,600
4112,425
4113,675
4114,198
4115,400
4116,273
4117,675
4118,575
4119,675
4120,500
4121,350
4122,675
4123,523
4124,398
4125,673
4126,675
4127,-125
4128,-175
4129,575
4130,675
4131,623
4132,448
4133,275
4134,675
4135,625
4136,675
4137,675
4138,623
4139,325
4140,619
4141,625
4142,-77
4143,-131
4144,673
4145,375
4146,0
4147,675
4148,-150
4149,-125
4150,573
4151,575
4152,673
4153,325
4154,575
4155,300
4156,-125
4157,500
4158,-75
4159,248
4160,673
4161,673
4162,675
4163,525
4164,623
4165,475
4166,425
4167,621
4168,625
4169,546
4170,573
4171,-75
4172,673
4173,575
4174,-125
4175,-125
4176,350
4177,350
4178,623
4179,623
4180,675
4181,625
4182,575
4183,550
4184,473
4185,625
4186,675
4187,625
4188,675
4189,673
4190,625
4191,675
4192,675
4193,673
4194,675
4195,675
4196,-127
4197,425
4198,-125
4199,-75
4200,425
4201,623
4202,673
4203,673
4204,-125
4205,625
4206,425
4207,-29
4208,675
4209,523
4210,621
4211,473
4212,425
4213,473
4214,448
4215,450
4216,473
4217,675
4218,575
4219,400
4220,673
4221,548
4222,575
4223,625
4224,573
4225,673
4226,673
4227,625
4228,675
4229,400
4230,-25
4231,569
4232,675
4233,-127
4234,623
4235,623
4236,-125
4237,400
4238,673
4239,625
4240,625
4241,375
4242,625
4243,475
4244,425
4245,573
4246,571
4247,673
4248,-127
4249,625
4250,673
4251,550
4252,296
4253,673
4254,296
4255,-77
4256,423
4257,625
4258,675
4259,-75
4260,575
4261,-75
4262,-125
4263,673
4264,675
4265,625
4266,475
4267,350
4268,673
4269,675
4270,575
4271,625
4272,625
4273,173
4274,-60
4275,673
4276,300
4277,400
4278,675
4279,625
4280,573
4281,575
4282,500
4283,675
4284,673
4285,675
4286,0
4287,675
4288,523
4289,523
4290,521
4291,675
4292,525
4293,350
4294,150
4295,575
4296,150
4297,625
4298,625
4299,675
4300,625
4301,275
4302,400
4303,-33
4304,573
4305,575
4306,675
4307,575
4308,-125
4309,573
4310,675
4311,398
4312,625
4313,623
4314,573
4315,673
4316,625
4317,625
4318,625
4319,425
4320,623
4321,373
4322,673
4323,525
4324,548
4325,675
4326,423
4327,621
4328,400
4329,198
4330,625
4331,400
4332,625
4333,575
4334,625
4335,675
4336,671
4337,625
4338,675
4339,625
4340,525
4341,673
4342,-75
4343,294
4344,325
4345,625
4346,625
4347,625
4348,625
4349,417
4350,675
4351,625
4352,475
4353,348
4354,671
4355,-27
4356,675
4357,575
4358,525
4359,621
4360,673
4361,492
4362,673
4363,625
4364,473
4365,575
4366,400
4367,625
4368,575
4369,625
4370,625
4371,150
4372,275
4373,673
4374,-75
4375,625
4376,675
4377,425
4378,473
4379,550
4380,475
4381,-227
4382,275
4383,350
4384,675
4385,600
4386,-75
4387,-79
4388,675
4389,675
4390,-31
4391,525
4392,625
4393,625
4394,473
4395,323
4396,300
4397,675
4398,-125
4399,625
4400,625
4401,525
4402,625
4403,675
4404,550
4405,625
4406,625
4407,573
4408,-125
4409,475
4410,671
4411,675
4412,675
4413,623
4414,-125
4415,-125
4416,-125
4417,575
4418,521
4419,625
4420,-125
4421,623
4422,-75
4423,675
4424,675
4425,375
4426,550
4427,-127
4428,400
4429,625
4430,625
4431,625
4432,-25
4433,575
4434,675
4435,625
4436,623
4437,675
4438,625
4439,400
4440,425
4441,273
4442,523
4443,671
4444,-75
4445,675
4446,675
4447,475
4448,673
4449,-79
4450,475
4451,573
4452,525
4453,675
4454,625
4455,675
4456,373
4457,675
4458,425
4459,625
4460,-77
4461,-77
4462,675
4463,625
4464,625
4465,475
4466,675
4467,625
4468,525
4469,623
4470,348
4471,548
4472,673
4473,675
4474,-125
4475,523
4476,673
4477,673
4478,675
4479,-75
4480,-75
4481,300
4482,525
4483,-125
4484,425
4485,-77
4486,673
4487,625
4488,675
4489,225
4490,675
4491,575
4492,625
4493,625
4494,675
4495,625
4496,-125
4497,675
4498,525
4499,625
4500,-25
4501,546
4502,-125
4503,575
4504,675
4505,675
4506,-125
4507,675
4508,623
4509,573
4510,675
4511,573
4512,675
4513,673
4514,675
4515,-125
4516,675
4517,-75
4518,375
4519,625
4520,675
4521,621
4522,675
4523,625
4524,625
4525,625
4526,575
4527,521
4528,400
4529,621
4530,575
4531,675
4532,-127
4533,521
4534,625
4535,-75
4536,675
4537,-200
4538,550
4539,571
4540,525
4541,-127
4542,675
4543,-25
4544,298
4545,625
4546,673
4547,625
4548,-75
4549,673
4550,675
4551,571
4552,675
4553,675
4554,-75
4555,350
4556,625
4557,298
4558,575
4559,673
4560,675
4561,525
4562,575
4563,625
4564,550
4565,350
4566,675
4567,475
4568,550
4569,625
4570,623
4571,-75
4572,675
4573,625
4574,675
4575,673
4576,675
4577,375
4578,625
4579,675
4580,625
4581,675
4582,-125
4583,496
4584,-125
4585,675
4586,348
4587,-25
4588,625
4589,400
4590,425
4591,625
4592,675
4593,675
4594,675
4595,-25
4596,400
4597,625
4598,-77
4599,673
4600,675
4601,625
4602,-125
4603,-125
4604,675
4605,673
4606,-227
4607,500
4608,250
4609,-129
4610,675
4611,75
4612,625
4613,525
4614,-25
4615,525
4616,623
4617,673
4618,675
4619,671
4620,-75
4621,675
4622,673
4623,623
4624,-225
4625,473
4626,625
4627,675
4628,548
4629,475
4630,623
4631,150
4632,675
4633,675
4634,625
4635,675
4636,523
4637,623
4638,625
4639,675
4640,-27
4641,450
4642,-25
4643,625
4644,469
4645,675
4646,675
4647,-75
4648,-179
4649,-25
4650,625
4651,-127
4652,625
4653,525
4654,-77
4655,550
4656,425
4657,573
4658,-25
4659,425
4660,375
4661,625
4662,-175
4663,675
4664,673
4665,625
4666,675
4667,625
4668,675
4669,548
4670,-75
4671,575
4672,625
4673,498
4674,625
4675,675
4676,675
4677,-127
4678,525
4679,621
4680,675
4681,525
4682,419
4683,623
4684,250
4685,675
4686,525
4687,-252
4688,300
4689,675
4690,673
4691,675
4692,625
4693,250
4694,398
4695,675
4696,625
4697,675
4698,675
4699,550
4700,675
4701,625
4702,673
4703,673
4704,523
4705,-25
4706,675
4707,350
4708,675
4709,-75
4710,625
4711,523
4712,475
4713,525
4714,-75
4715,673
4716,-25
4717,675
4718,525
4719,375
4720,300
4721,-125
4722,625
4723,150
4724,475
4725,500
4726,675
4727,675
4728,673
4729,675
4730,675
4731,525
4732,400
4733,523
4734,-175
4735,398
4736,625
4737,625
4738,348
4739,425
4740,523
4741,625
4742,-175
4743,371
4744,623
4745,675
4746,675
4747,300
4748,523
4749,671
4750,671
4751,-77
4752,623
4753,-75
4754,623
4755,625
4756,675
4757,-125
4758,575
4759,-175
4760,625
4761,-125
4762,675
4763,569
4764,575
4765,-200
4766,525
4767,-125
4768,-75
4769,625
4770,425
4771,500
4772,373
4773,625
4774,573
4775,550
4776,675
4777,675
4778,-75
4779,623
4780,575
4781,625
4782,-125
4783,675
4784,-75
4785,675
4786,675
4787,-125
4788,-8
4789,623
4790,625
4791,-77
4792,-75
4793,623
4794,548
4795,623
4796,673
4797,-25
4798,675
4799,-175
4800,425
4801,625
4802,575
4803,675
4804,625
4805,625
4806,550
4807,448
4808,625
4809,621
4810,575
4811,625
4812,625
4813,673
4814,623
4815,-125
4816,521
4817,575
4818,550
4819,575
4820,-75
4821,-127
4822,623
4823,75
4824,275
4825,675
4826,400
4827,673
4828,623
4829,675
4830,573
4831,625
4832,-225
4833,575
4834,671
4835,525
4836,675
4837,625
4838,-125
4839,623
4840,675
4841,373
4842,675
4843,675
4844,623
4845,-125
4846,675
4847,621
4848,675
4849,-79
4850,675
4851,675
4852,421
4853,625
4854,423
4855,673
4856,-27
4857,225
4858,625
4859,425
4860,623
4861,-50
4862,675
4863,150
4864,623
4865,623
4866,523
4867,400
4868,425
4869,375
4870,423
4871,523
4872,-125
4873,675
4874,521
4875,621
4876,473
4877,675
4878,298
4879,-125
4880,473
4881,525
4882,675
4883,623
4884,675
4885,675
4886,675
4887,344
4888,171
4889,600
4890,625
4891,571
4892,675
4893,675
4894,673
4895,675
4896,400
4897,625
4898,675
4899,623
4900,623
4901,675
4902,625
4903,675
4904,675
4905,548
4906,625
4907,675
4908,675
4909,500
4910,625
4911,523
4912,673
4913,671
4914,-125
4915,625
4916,675
4917,-125
4918,675
4919,675
4920,548
4921,675
4922,-27
4923,-125
4924,-25
4925,673
4926,623
4927,450
4928,400
4929,673
4930,625
4931,673
4932,523
4933,-125
4934,-125
4935,-125
4936,625
4937,625
4938,525
4939,625
4940,-100
4941,673
4942,575
4943,423
4944,521
4945,573
4946,675
4947,675
4948,-50
4949,675
4950,450
4951,500
4952,625
4953,423
4954,575
4955,623
4956,625
4957,425
4958,150
4959,625
4960,498
4961,423
4962,673
4963,-175
4964,575
4965,523
4966,400
4967,-100
4968,525
4969,-125
4970,673
4971,575
4972,425
4973,673
4974,673
4975,623
4976,475
4977,575
4978,675
4979,675
4980,425
4981,675
4982,-125
4983,625
4984,50
4985,625
4986,575
4987,-27
4988,-75
4989,575
4990,625
4991,673
4992,625
4993,471
4994,425
4995,-127
4996,675
4997,-77
4998,-175
4999,348
5000,-75
5001,675
5002,-75
5003,-125
5004,623
5005,675
5006,673
5007,-125
5008,675
5009,625
5010,623
5011,-125
5012,575
5013,550
5014,625
5015,-77
5016,-25
5017,573
5018,525
5019,675
5020,-75
5021,625
5022,625
5023,525
5024,675
5025,473
5026,250
5027,675
5028,-125
5029,673
5030,525
5031,625
5032,675
5033,673
5034,673
5035,573
5036,525
5037,675
5038,448
5039,-75
5040,575
5041,675
5042,675
5043,675
5044,625
5045,675
5046,625
5047,373
5048,425
5049,-250
5050,623
5051,475
5052,675
5053,675
5054,675
5055,675
5056,575
5057,398
5058,673
5059,575
5060,575
5061,675
5062,675
5063,675
5064,625
5065,673
5066,625
5067,675
5068,400
5069,675
5070,-100
5071,675
5072,673
5073,-125
5074,625
5075,671
5076,346
5077,475
5078,675
5079,675
5080,-75
5081,175
5082,375
5083,675
5084,675
5085,-75
5086,-75
5087,573
5088,473
5089,500
5090,-125
5091,625
5092,675
5093,425
5094,675
5095,348
5096,469
5097,-250
5098,-29
5099,673
5100,-79
5101,425
5102,671
5103,673
5104,621
5105,675
5106,625
5107,525
5108,-75
5109,575
5110,675
5111,525
5112,400
5113,675
5114,-125
5115,-77
5116,-125
5117,675
5118,425
5119,623
5120,625
5121,-81
5122,575
5123,-75
5124,625
5125,675
5126,625
5127,675
5128,-75
5129,673
5130,673
5131,675
5132,575
5133,475
5134,675
5135,548
5136,548
5137,623
5138,623
5139,675
5140,448
5141,473
5142,550
5143,325
5144,623
5145,673
5146,475
5147,671
5148,625
5149,575
5150,675
5151,623
5152,625
5153,-250
5154,546
5155,623
5156,525
5157,623
5158,625
5159,673
5160,673
5161,625
5162,675
5163,-127
5164,425
5165,425
5166,348
5167,675
5168,400
5169,673
5170,625
5171,-25
5172,675
5173,623
5174,673
5175,-75
5176,673
5177,625
5178,625
5179,675
5180,575
5181,673
5182,575
5183,625
5184,-127
5185,-129
5186,400
5187,625
5188,625
5189,675
5190,-27
5191,623
5192,675
5193,625
5194,625
5195,323
5196,673
5197,-75
5198,623
5199,498
5200,675
5201,675
5202,675
5203,348
5204,675
5205,623
5206,623
5207,-125
5208,675
5209,-125
5210,575
5211,671
5212,525
5213,375
5214,575
5215,675
5216,675
5217,625
5218,675
5219,-177
5220,550
5221,675
5222,625
5223,-75
5224,375
5225,623
5226,250
5227,-75
5228,-25
5229,-75
5230,625
5231,-77
5232,400
5233,23
5234,673
5235,-125
5236,473
5237,675
5238,623
5239,473
5240,475
5241,573
5242,-125
5243,623
5244,675
5245,673
5246,375
5247,675
5248,575
5249,675
5250,-125
5251,-25
5252,625
5253,525
5254,-175
5255,575
5256,625
5257,-75
5258,400
5259,-104
5260,673
5261,673
5262,673
5263,-25
5264,-127
5265,-125
5266,-125
5267,475
5268,673
5269,425
5270,675
5271,525
5272,425
5273,675
5274,623
5275,419
5276,675
5277,550
5278,250
5279,521
5280,-127
5281,-75
5282,-77
5283,575
5284,625
5285,625
5286,425
5287,573
5288,98
5289,625
5290,675
5291,575
5292,625
5293,-25
5294,-77
5295,623
5296,675
5297,475
5298,675
5299,625
5300,623
5301,525
5302,450
5303,675
5304,625
5305,475
5306,675
5307,544
5308,621
5309,675
5310,-75
5311,673
5312,675
5313,400
5314,625
5315,573
5316,573
5317,675
5318,673
5319,625
5320,625
5321,450
5322,675
5323,350
5324,-77
5325,350
5326,548
5327,-75
5328,-125
5329,425
5330,671
5331,675
5332,621
5333,573
5334,675
5335,573
5336,-129
5337,525
5338,675
5339,673
5340,-75
5341,250
5342,-25
5343,523
5344,-79
5345,-27
5346,673
5347,471
5348,675
5349,569
5350,473
5351,625
5352,-175
5353,473
5354,375
5355,675
5356,673
5357,-25
5358,-77
5359,-125
5360,-25
5361,-75
5362,-75
5363,400
5364,675
5365,673
5366,675
5367,323
5368,-75
5369,625
5370,-150
5371,0
5372,675
5373,523
5374,573
5375,350
5376,675
5377,-125
5378,625
5379,625
5380,525
5381,-127
5382,625
5383,675
5384,675
5385,621
5386,623
5387,223
5388,675
5389,675
5390,675
5391,675
5392,400
5393,571
5394,571
5395,625
5396,675
5397,625
5398,425
5399,-129
5400,346
5401,523
5402,-25
5403,425
5404,675
5405,675
5406,675
5407,348
5408,675
5409,675
5410,673
5411,400
5412,500
5413,425
5414,-75
5415,-25
5416,425
5417,575
5418,400
5419,625
5420,-200
5421,625
5422,400
5423,425
5424,625
5425,575
5426,421
5427,475
5428,573
5429,623
5430,575
5431,475
5432,-177
5433,625
5434,675
5435,675
5436,625
5437,625
5438,573
5439,-4
5440,500
5441,373
5442,275
5443,625
5444,575
5445,573
5446,400
5447,-25
5448,475
5449,675
5450,373
5451,675
5452,-125
5453,544
5454,675
5455,525
5456,525
5457,573
5458,675
5459,625
5460,-125
5461,525
5462,348
5463,623
5464,-52
5465,400
5466,350
5467,675
5468,625
5469,223
5470,525
5471,673
5472,400
5473,625
5474,350
5475,-125
5476,675
5477,-175
5478,375
5479,-125
5480,675
5481,575
5482,275
5483,675
5484,525
5485,675
5486,-75
5487,246
5488,675
5489,621
5490,-125
5491,-177
5492,423
5493,675
5494,625
5495,575
5496,673
5497,423
5498,625
5499,-125
5500,675
5501,550
5502,519
5503,-125
5504,-75
5505,625
5506,-75
5507,-127
5508,373
5509,425
5510,-27
5511,675
5512,621
5513,471
5514,523
5515,425
5516,675
5517,-233
5518,575
5519,625
5520,623
5521,-27
5522,575
5523,675
5524,571
5525,425
5526,-75
5527,573
5528,675
5529,500
5530,-125
5531,-25
5532,494
5533,-125
5534,325
5535,569
5536,573
5537,625
5538,675
5539,300
5540,575
5541,-79
5542,625
5543,521
5544,625
5545,623
5546,400
5547,625
5548,-27
5549,675
5550,671
5551,-100
5552,623
5553,-25
5554,575
5555,-27
5556,300
5557,623
5558,-29
5559,571
5560,525
5561,675
5562,675
5563,550
5564,425
5565,473
5566,623
5567,675
5568,-75
5569,673
5570,625
5571,550
5572,675
5573,675
5574,675
5575,-350
5576,571
5577,675
5578,-25
5579,675
5580,625
5581,675
5582,425
5583,675
5584,675
5585,625
5586,-125
5587,425
5588,-29
5589,675
5590,-125
5591,625
5592,675
5593,575
5594,673
5595,675
5596,-125
5597,375
5598,671
5599,400
5600,625
5601,525
5602,673
5603,625
5604,675
5605,-125
5606,548
5607,400
5608,675
5609,525
5610,-75
5611,375
5612,625
5613,623
5614,623
5615,475
5616,675
5617,675
5618,673
5619,525
5620,525
5621,-75
5622,625
5623,673
5624,625
5625,350
5626,675
5627,675
5628,675
5629,625
5630,-75
5631,625
5632,625
5633,375
5634,-125
5635,675
5636,675
5637,425
5638,675
5639,673
5640,675
5641,673
5642,-27
5643,525
5644,623
5645,625
5646,673
5647,400
5648,571
5649,571
5650,-125
5651,575
5652,-77
5653,675
5654,523
5655,675
5656,-25
5657,675
5658,675
5659,675
5660,475
5661,575
5662,669
5663,625
5664,675
5665,-125
5666,675
5667,673
5668,-125
5669,675
5670,675
5671,619
5672,625
5673,525
5674,675
5675,675
5676,625
5677,623
5678,546
5679,675
5680,-125
5681,575
5682,675
5683,623
5684,675
5685,625
5686,623
5687,550
5688,-77
5689,625
5690,669
5691,673
5692,675
5693,-25
5694,-125
5695,625
5696,675
5697,-250
5698,300
5699,571
5700,-27
5701,675
5702,675
5703,-29
5704,498
5705,675
5706,550
5707,673
5708,675
5709,675
5710,625
5711,573
5712,-75
5713,523
5714,675
5715,425
5716,575
5717,673
5718,-127
5719,550
5720,575
5721,398
5722,573
5723,-75
5724,-83
5725,400
5726,625
5727,675
5728,425
5729,675
5730,573
5731,396
5732,525
5733,-127
5734,-125
5735,525
5736,-179
5737,-27
5738,-150
5739,425
5740,619
5741,673
5742,500
5743,675
5744,548
5745,675
5746,523
5747,673
5748,-25
5749,-75
5750,575
5751,550
5752,621
5753,625
5754,519
5755,-75
5756,-25
5757,675
5758,675
5759,675
5760,625
5761,525
5762,675
5763,675
5764,-75
5765,575
5766,673
5767,621
5768,469
5769,625
5770,-125
5771,675
5772,-250
5773,625
5774,623
5775,625
5776,675
5777,675
5778,-75
5779,548
5780,425
5781,675
5782,675
5783,-75
5784,675
5785,625
5786,623
5787,675
5788,673
5789,575
5790,398
5791,-127
5792,525
5793,573
5794,625
5795,100
5796,375
5797,-25
5798,425
5799,623
5800,673
5801,673
5802,475
5803,671
5804,621
5805,373
5806,673
5807,-75
5808,375
5809,625
5810,619
5811,375
5812,623
5813,575
5814,625
5815,675
5816,300
5817,675
5818,-27
5819,623
5820,575
5821,-77
5822,675
5823,550
5824,571
5825,621
5826,-127
5827,-25
5828,675
5829,673
5830,275
5831,673
5832,525
5833,-175
5834,348
5835,425
5836,675
5837,625
5838,-75
5839,625
5840,475
5841,675
5842,625
5843,675
5844,675
5845,69
5846,398
5847,575
5848,625
5849,623
5850,675
5851,573
5852,475
5853,675
5854,675
5855,346
5856,625
5857,-75
5858,-75
5859,625
5860,275
5861,575
5862,475
5863,575
5864,675
5865,673
5866,521
5867,625
5868,350
5869,425
5870,675
5871,675
5872,623
5873,675
5874,673
5875,-75
5876,575
5877,348
5878,-27
5879,675
5880,-75
5881,-125
5882,625
5883,-27
5884,623
5885,448
5886,675
5887,675
5888,475
5889,625
5890,-125
5891,625
5892,675
5893,-125
5894,523
5895,675
5896,575
5897,623
5898,-79
5899,675
5900,623
5901,-127
5902,675
5903,625
5904,675
5905,675
5906,625
5907,625
5908,625
5909,-125
5910,-52
5911,375
5912,575
5913,250
5914,-25
5915,675
5916,675
5917,300
5918,675
5919,521
5920,523
5921,623
5922,675
5923,623
5924,673
5925,421
5926,125
5927,-75
5928,623
5929,671
5930,625
5931,-75
5932,625
5933,-175
5934,-200
5935,-75
5936,625
5937,298
5938,425
5939,625
5940,525
5941,575
5942,-75
5943,675
5944,625
5945,673
5946,425
5947,675
5948,673
5949,569
5950,375
5951,-125
5952,350
5953,675
5954,673
5955,-58
5956,425
5957,673
5958,673
5959,423
5960,-77
5961,623
5962,-77
5963,675
5964,621
5965,675
5966,425
5967,625
5968,675
5969,675
5970,675
5971,675
5972,623
5973,325
5974,625
5975,673
5976,-81
5977,-75
5978,675
5979,625
5980,548
5981,569
5982,673
5983,498
5984,-25
5985,625
5986,575
5987,348
5988,675
5989,-175
5990,-127
5991,575
5992,673
5993,298
5994,675
5995,525
5996,673
5997,-75
5998,-127
5999,275
6000,675
6001,575
6002,525
6003,675
6004,675
6005,673
6006,673
6007,575
6008,671
6009,400
6010,575
6011,-200
6012,-25
6013,573
6014,621
6015,673
6016,675
6017,573
6018,675
6019,675
6020,-175
6021,675
6022,623
6023,675
6024,625
6025,-125
6026,675
6027,-125
6028,425
6029,400
6030,344
6031,575
6032,625
6033,675
6034,550
6035,675
6036,371
6037,546
6038,675
6039,475
6040,675
6041,675
6042,675
6043,475
6044,673
6045,525
6046,-125
6047,550
6048,675
6049,673
6050,575
6051,525
6052,625
6053,625
6054,671
6055,250
6056,575
6057,623
6058,250
6059,-125
6060,421
6061,525
6062,675
6063,673
6064,623
6065,475
6066,675
6067,248
6068,573
6069,623
6070,625
6071,-75
6072,675
6073,675
6074,348
6075,675
6076,525
6077,675
6078,575
6079,-75
6080,500
6081,569
6082,673
6083,675
6084,675
6085,-125
6086,575
6087,625
6088,-177
6089,573
6090,373
6091,573
6092,425
6093,571
6094,673
6095,-102
6096,675
6097,623
6098,375
6099,550
6100,450
6101,-25
6102,675
6103,-31
6104,673
6105,-77
6106,625
6107,675
6108,-75
6109,625
6110,673
6111,625
6112,675
6113,675
6114,673
6115,625
6116,521
6117,400
6118,-52
6119,400
6120,-25
6121,575
6122,523
6123,673
6124,675
6125,675
6126,625
6127,473
6128,550
6129,625
6130,625
6131,623
6132,-75
6133,-75
6134,625
6135,623
6136,675
6137,548
6138,-125
6139,623
6140,-54
6141,675
6142,675
6143,675
6144,675
6145,550
6146,673
6147,625
6148,675
6149,625
6150,675
6151,675
6152,623
6153,-125
6154,623
6155,400
6156,675
6157,550
6158,-25
6159,675
6160,-127
6161,575
6162,425
6163,623
6164,523
6165,619
6166,673
6167,-4
6168,525
6169,623
6170,625
6171,673
6172,623
6173,621
6174,675
6175,375
6176,400
6177,423
6178,-77
6179,625
6180,675
6181,-75
6182,675
6183,675
6184,400
6185,425
6186,575
6187,525
6188,425
6189,675
6190,673
6191,73
6192,675
6193,675
6194,575
6195,625
6196,675
6197,675
6198,350
6199,-75
6200,675
6201,675
6202,673
6203,675
6204,471
6205,-75
6206,400
6207,-125
6208,523
6209,-27
6210,673
6211,575
6212,371
6213,571
6214,100
6215,-125
6216,675
6217,525
6218,573
6219,523
6220,671
6221,673
6222,675
6223,625
6224,-125
6225,621
6226,-27
6227,575
6228,671
6229,623
6230,450
6231,675
6232,525
6233,675
6234,571
6235,675
6236,-25
6237,573
6238,625
6239,-125
6240,-77
6241,523
6242,675
6243,475
6244,-75
6245,550
6246,525
6247,-27
6248,425
6249,625
6250,344
6251,675
6252,673
6253,473
6254,675
6255,-75
6256,675
6257,675
6258,350
6259,625
6260,525
6261,575
6262,675
6263,373
6264,-77
6265,525
6266,575
6267,675
6268,575
6269,-79
6270,625
6271,673
6272,675
6273,675
6274,671
6275,625
6276,675
6277,-225
6278,625
6279,75
6280,575
6281,-29
6282,-79
6283,423
6284,675
6285,-75
6286,675
6287,525
6288,-125
6289,675
6290,675
6291,675
6292,675
6293,575
6294,675
6295,550
6296,421
6297,573
6298,675
6299,673
6300,675
6301,623
6302,525
6303,-75
6304,-125
6305,425
6306,675
6307,675
6308,223
6309,498
6310,-75
6311,623
6312,-127
6313,575
6314,673
6315,675
6316,625
6317,625
6318,573
6319,573
6320,625
6321,550
6322,550
6323,298
6324,-125
6325,673
6326,675
6327,525
6328,475
6329,675
6330,675
6331,675
6332,575
6333,575
6334,625
6335,525
6336,675
6337,575
6338,25
6339,548
6340,523
6341,625
6342,625
6343,500
6344,350
6345,623
6346,575
6347,575
6348,675
6349,475
6350,548
6351,-125
6352,575
6353,-127
6354,375
6355,675
6356,523
6357,625
6358,475
6359,575
6360,673
6361,625
6362,675
6363,425
6364,625
6365,525
6366,621
6367,675
6368,100
6369,623
6370,521
6371,675
6372,-102
6373,623
6374,298
6375,675
6376,675
6377,675
6378,675
6379,475
6380,625
6381,575
6382,675
6383,-175
6384,625
6385,400
6386,623
6387,675
6388,100
6389,-75
6390,673
6391,-125
6392,673
6393,675
6394,625
6395,625
6396,475
6397,525
6398,671
6399,623
6400,625
6401,625
6402,675
6403,523
6404,623
6405,573
6406,467
6407,675
6408,673
6409,350
6410,-129
6411,675
6412,-125
6413,575
6414,398
6415,675
6416,548
6417,425
6418,-27
6419,675
6420,-125
6421,425
6422,400
6423,673
6424,625
6425,575
6426,671
6427,-125
6428,575
6429,675
6430,-175
6431,525
6432,575
6433,625
6434,-27
6435,-200
6436,621
6437,625
6438,550
6439,625
6440,-125
6441,-75
6442,673
6443,319
6444,675
6445,675
6446,-175
6447,625
6448,-125
6449,623
6450,525
6451,625
6452,398
6453,675
6454,573
6455,675
6456,675
6457,625
6458,625
6459,625
6460,675
6461,121
6462,-27
6463,398
6464,-125
6465,473
6466,525
6467,675
6468,525
6469,550
6470,575
6471,475
6472,-25
6473,396
6474,575
6475,-125
6476,621
6477,621
6478,473
6479,475
6480,625
6481,575
6482,521
6483,673
6484,525
6485,675
6486,625
6487,-125
6488,673
6489,625
6490,675
6491,625
6492,675
6493,425
6494,673
6495,675
6496,300
6497,673
6498,425
6499,573
6500,525
6501,623
6502,-25
6503,623
6504,575
6505,675
6506,625
6507,675
6508,573
6509,425
6510,675
6511,675
6512,575
6513,550
6514,673
6515,625
6516,573
6517,625
6518,625
6519,-125
6520,575
6521,-75
6522,673
6523,625
6524,675
6525,675
6526,625
6527,675
6528,675
6529,200
6530,523
6531,-125
6532,-75
6533,350
6534,423
6535,675
6536,675
6537,-75
6538,0
6539,525
6540,350
6541,-125
6542,-102
6543,321
6544,571
6545,673
6546,575
6547,623
6548,-29
6549,-75
6550,675
6551,675
6552,673
6553,625
6554,573
6555,500
6556,-125
6557,675
6558,675
6559,450
6560,675
6561,325
6562,425
6563,675
6564,625
6565,573
6566,573
6567,-25
6568,623
6569,675
6570,-127
6571,525
6572,675
6573,-125
6574,675
6575,250
6576,523
6577,-125
6578,575
6579,448
6580,675
6581,675
6582,398
6583,-75
6584,675
6585,-79
6586,623
6587,150
6588,621
6589,523
6590,625
6591,625
6592,525
6593,-77
6594,425
6595,425
6596,625
6597,671
6598,675
6599,675
6600,375
6601,-127
6602,625
6603,675
6604,425
6605,225
6606,575
6607,475
6608,525
6609,-75
6610,625
6611,248
6612,675
6613,-175
6614,575
6615,621
6616,-127
6617,-125
6618,625
6619,625
6620,194
6621,548
6622,623
6623,673
6624,446
6625,623
6626,475
6627,-75
6628,-25
6629,625
6630,675
6631,346
6632,675
6633,-75
6634,625
6635,623
6636,-79
6637,675
6638,298
6639,-75
6640,198
6641,-125
6642,521
6643,-75
6644,625
6645,675
6646,625
6647,-75
6648,575
6649,573
6650,675
6651,575
6652,625
6653,623
6654,575
6655,623
6656,425
6657,625
6658,625
6659,575
6660,623
6661,525
6662,623
6663,523
6664,625
6665,425
6666,675
6667,-125
6668,425
6669,300
6670,-127
6671,425
6672,675
6673,625
6674,596
6675,675
6676,400
6677,519
6678,675
6679,448
6680,246
6681,623
6682,625
6683,475
6684,-25
6685,625
6686,675
6687,425
6688,-127
6689,673
6690,625
6691,523
6692,625
6693,673
6694,675
6695,673
6696,673
6697,325
6698,675
6699,673
6700,675
6701,-125
6702,675
6703,400
6704,625
6705,675
6706,-27
6707,675
6708,400
6709,673
6710,675
6711,675
6712,575
6713,525
6714,373
6715,675
6716,575
6717,575
6718,575
6719,675
6720,400
6721,673
6722,575
6723,675
6724,673
6725,675
6726,625
6727,523
6728,675
6729,-125
6730,250
6731,675
6732,621
6733,675
6734,625
6735,625
6736,675
6737,-125
6738,625
6739,675
6740,400
6741,350
6742,475
6743,-125
6744,525
6745,298
6746,675
6747,-125
6748,625
6749,571
6750,-125
6751,-75
6752,425
6753,523
6754,-77
6755,523
6756,675
6757,675
6758,673
6759,-83
6760,375
6761,550
6762,675
6763,300
6764,625
6765,625
6766,671
6767,298
6768,575
6769,475
6770,675
6771,675
6772,573
6773,573
6774,673
6775,525
6776,675
6777,475
6778,625
6779,-125
6780,400
6781,375
6782,400
6783,675
6784,625
6785,525
6786,-25
6787,675
6788,-125
6789,400
6790,425
6791,675
6792,675
6793,473
6794,-127
6795,675
6796,623
6797,675
6798,-2
6799,625
6800,625
6801,-77
6802,625
6803,-202
6804,673
6805,673
6806,-75
6807,525
6808,675
6809,673
6810,-27
6811,523
6812,275
6813,675
6814,-75
6815,-127
6816,625
6817,625
6818,625
6819,673
6820,373
6821,523
6822,-252
6823,248
6824,571
6825,675
6826,521
6827,-29
6828,675
6829,625
6830,421
6831,675
6832,-125
6833,-125
6834,-227
6835,625
6836,473
6837,-331
6838,-150
6839,625
6840,625
6841,498
6842,625
6843,-125
6844,525
6845,675
6846,0
6847,623
6848,523
6849,525
6850,398
6851,-150
6852,625
6853,423
6854,625
6855,-125
6856,425
6857,623
6858,-125
6859,675
6860,575
6861,575
6862,375
6863,425
6864,575
6865,-25
6866,675
6867,525
6868,575
6869,623
6870,675
6871,625
6872,675
6873,675
6874,350
6875,573
6876,-100
6877,375
6878,675
6879,675
6880,350
6881,625
6882,-75
6883,625
6884,373
6885,575
6886,623
6887,475
6888,573
6889,625
6890,625
6891,475
6892,675
6893,673
6894,-77
6895,623
6896,400
6897,625
6898,323
6899,-129
6900,619
6901,675
6902,625
6903,471
6904,525
6905,675
6906,425
6907,673
6908,675
6909,-27
6910,400
6911,-127
6912,673
6913,496
6914,498
6915,346
6916,-181
6917,625
6918,475
6919,575
6920,675
6921,625
6922,675
6923,-127
6924,-75
6925,673
6926,675
6927,673
6928,673
6929,623
6930,675
6931,-77
6932,625
6933,675
6934,525
6935,425
6936,675
6937,373
6938,423
6939,623
6940,625
6941,675
6942,625
6943,548
6944,625
6945,673
6946,275
6947,675
6948,625
6949,625
6950,675
6951,675
6952,423
6953,-127
6954,-75
6955,50
6956,73
6957,675
6958,-27
6959,675
6960,573
6961,-27
6962,573
6963,675
6964,550
6965,298
6966,-125
6967,623
6968,675
6969,575
6970,575
6971,675
6972,375
6973,673
6974,-125
6975,675
6976,400
6977,675
6978,-75
6979,675
6980,350
6981,-125
6982,-125
6983,675
6984,673
6985,200
6986,675
6987,473
6988,575
6989,675
6990,675
6991,248
6992,-25
6993,475
6994,573
6995,675
6996,623
6997,425
6998,625
6999,619
7000,-27
7001,625
7002,625
7003,619
7004,525
7005,625
7006,425
7007,673
7008,-75
7009,675
7010,575
7011,425
7012,571
7013,673
7014,-125
7015,571
7016,671
7017,673
7018,-77
7019,375
7020,371
7021,625
7022,675
7023,-25
7024,498
7025,675
7026,625
7027,625
7028,673
7029,623
7030,425
7031,675
7032,625
7033,621
7034,675
7035,625
7036,573
7037,625
7038,675
7039,475
7040,23
7041,675
7042,673
7043,-125
7044,623
7045,625
7046,0
7047,348
7048,-29
7049,675
7050,575
7051,425
7052,423
7053,575
7054,-125
7055,675
7056,625
7057,-250
7058,-75
7059,625
7060,625
7061,523
7062,473
7063,623
7064,-77
7065,625
7066,675
7067,623
7068,425
7069,575
7070,675
7071,-75
7072,548
7073,625
7074,675
7075,675
7076,675
7077,-127
7078,525
7079,675
7080,-75
7081,573
7082,623
7083,575
7084,675
7085,575
7086,-75
7087,673
7088,523
7089,525
7090,625
7091,525
7092,673
7093,675
7094,675
7095,325
7096,675
7097,675
7098,23
7099,525
7100,200
7101,525
7102,-129
7103,675
7104,573
7105,625
7106,523
7107,619
7108,625
7109,625
7110,75
7111,675
7112,623
7113,675
7114,675
7115,623
7116,-75
7117,350
7118,575
7119,573
7120,675
7121,0
7122,273
7123,475
7124,-27
7125,-125
7126,400
7127,575
7128,-102
7129,425
7130,573
7131,675
7132,675
7133,-127
7134,573
7135,425
7136,-202
7137,-25
7138,623
7139,675
7140,-75
7141,675
7142,673
7143,675
7144,-75
7145,-27
7146,400
7147,623
7148,625
7149,673
7150,573
7151,425
7152,675
7153,325
7154,675
7155,673
7156,-102
7157,625
7158,675
7159,321
7160,521
7161,675
7162,625
7163,425
7164,498
7165,523
7166,671
7167,623
7168,-77
7169,-125
7170,448
7171,675
7172,-25
7173,675
7174,525
7175,675
7176,625
7177,548
7178,675
7179,373
7180,-75
7181,-125
7182,425
7183,248
7184,675
7185,671
7186,573
7187,625
7188,573
7189,625
7190,625
7191,673
7192,-75
7193,625
7194,-27
7195,-150
7196,-125
7197,-125
7198,525
7199,669
7200,475
7201,575
7202,625
7203,675
7204,675
7205,675
7206,-25
7207,-4
7208,675
7209,673
7210,-125
7211,625
7212,-25
7213,625
7214,675
7215,623
7216,625
7217,-75
7218,675
7219,-102
7220,-77
7221,625
7222,675
7223,-127
7224,525
7225,675
7226,-250
7227,575
7228,-75
7229,675
7230,675
7231,675
7232,675
7233,-75
7234,625
7235,425
7236,625
7237,-75
7238,-125
7239,575
7240,-25
7241,-52
7242,-125
7243,525
7244,623
7245,525
7246,625
7247,400
7248,550
7249,675
7250,369
7251,-25
7252,671
7253,673
7254,675
7255,-75
7256,673
7257,675
7258,625
7259,675
7260,625
7261,673
7262,-125
7263,325
7264,-125
7265,575
7266,623
7267,-200
7268,675
7269,575
7270,200
7271,575
7272,673
7273,673
7274,-25
7275,625
7276,400
7277,673
7278,-125
7279,423
7280,-127
7281,675
7282,675
7283,673
7284,398
7285,575
7286,621
7287,548
7288,-125
7289,273
7290,575
7291,623
7292,673
7293,-27
7294,525
7295,675
7296,375
7297,575
7298,625
7299,-125
7300,675
7301,-77
7302,323
7303,575
7304,623
7305,425
7306,473
7307,673
7308,675
7309,-75
7310,675
7311,550
7312,625
7313,675
7314,675
7315,671
7316,-52
7317,675
7318,673
7319,498
7320,323
7321,400
7322,-77
7323,571
7324,625
7325,-227
7326,-125
7327,625
7328,575
7329,623
7330,-75
7331,525
7332,575
7333,625
7334,625
7335,673
7336,-75
7337,625
7338,625
7339,425
7340,-125
7341,342
7342,525
7343,671
7344,675
7345,675
7346,-125
7347,623
7348,425
7349,675
7350,550
7351,625
7352,-125
7353,500
7354,675
7355,675
7356,350
7357,425
7358,625
7359,-79
7360,550
7361,-25
7362,673
7363,625
7364,675
7365,525
7366,625
7367,675
7368,575
7369,675
7370,-25
7371,-127
7372,675
7373,625
7374,425
7375,675
7376,475
7377,675
7378,675
7379,546
7380,550
7381,623
7382,625
7383,575
7384,625
7385,673
7386,625
7387,500
7388,575
7389,-177
7390,225
7391,550
7392,-125
7393,625
7394,475
7395,575
7396,575
7397,321
7398,325
7399,523
7400,675
7401,-50
7402,473
7403,575
7404,-200
7405,673
7406,423
7407,398
7408,425
7409,675
7410,675
7411,-75
7412,473
7413,-75
7414,475
7415,621
7416,675
7417,625
7418,-27
7419,-125
7420,625
7421,675
7422,625
7423,-25
7424,623
7425,673
7426,675
7427,675
7428,375
7429,625
7430,575
7431,675
7432,-125
7433,523
7434,625
7435,675
7436,-75
7437,675
7438,425
7439,673
7440,675
7441,625
7442,375
7443,-75
7444,675
7445,675
7446,623
7447,523
7448,275
7449,575
7450,675
7451,625
7452,571
7453,500
7454,675
7455,621
7456,625
7457,575
7458,575
7459,671
7460,175
7461,675
7462,623
7463,623
7464,625
7465,-125
7466,573
7467,675
7468,625
7469,-75
7470,475
7471,623
7472,675
7473,-29
7474,375
7475,525
7476,275
7477,623
7478,-75
7479,321
7480,200
7481,623
7482,673
7483,625
7484,623
7485,525
7486,575
7487,625
7488,675
7489,625
7490,575
7491,625
7492,-227
7493,-125
7494,-25
7495,625
7496,548
7497,625
7498,675
7499,-75
7500,-125
7501,400
7502,671
7503,398
7504,673
7505,521
7506,475
7507,525
7508,475
7509,-125
7510,-125
7511,625
7512,-77
7513,575
7514,523
7515,575
7516,425
7517,673
7518,523
7519,623
7520,525
7521,625
7522,-125
7523,675
7524,673
7525,-325
7526,423
7527,675
7528,673
7529,673
7530,625
7531,-129
7532,-125
7533,-75
7534,675
7535,-27
7536,575
7537,423
7538,675
7539,571
7540,521
7541,-75
7542,625
7543,617
7544,675
7545,-75
7546,548
7547,675
7548,675
7549,625
7550,-75
7551,-77
7552,625
7553,-75
7554,-125
7555,623
7556,-125
7557,-177
7558,523
7559,625
7560,673
7561,675
7562,373
7563,525
7564,475
7565,673
7566,675
7567,-77
7568,525
7569,-177
7570,625
7571,675
7572,675
7573,625
7574,675
7575,425
7576,625
7577,625
7578,-127
7579,623
7580,675
7581,675
7582,-27
7583,-125
7584,523
7585,-27
7586,625
7587,469
7588,673
7589,675
7590,-175
7591,-175
7592,675
7593,575
7594,675
7595,-75
7596,375
7597,296
7598,675
7599,-75
7600,675
7601,425
7602,-27
7603,625
7604,675
7605,325
7606,675
7607,-127
7608,575
7609,675
7610,675
7611,-29
7612,-125
7613,625
7614,575
7615,625
7616,-75
7617,-200
7618,575
7619,550
7620,675
7621,-25
7622,625
7623,275
7624,623
7625,621
7626,621
7627,675
7628,673
7629,-127
7630,525
7631,673
7632,-75
7633,573
7634,348
7635,623
7636,-25
7637,-75
7638,350
7639,625
7640,575
7641,573
7642,421
7643,625
7644,573
7645,-25
7646,523
7647,675
7648,675
7649,625
7650,675
7651,625
7652,-125
7653,625
7654,623
7655,575
7656,523
7657,675
7658,675
7659,-175
7660,621
7661,-56
7662,675
7663,-77
7664,-25
7665,675
7666,675
7667,475
7668,375
7669,-75
7670,-100
7671,-75
7672,671
7673,375
7674,-127
7675,675
7676,-27
7677,-175
7678,671
7679,575
7680,325
7681,175
7682,-25
7683,625
7684,575
7685,425
7686,-202
7687,500
7688,-125
7689,675
7690,623
7691,525
7692,625
7693,625
7694,573
7695,675
7696,621
7697,625
7698,675
7699,621
7700,623
7701,-75
7702,275
7703,625
7704,-50
7705,623
7706,573
7707,-75
7708,675
7709,425
7710,625
7711,625
7712,-125
7713,373
7714,675
7715,625
7716,575
7717,623
7718,575
7719,671
7720,573
7721,-127
7722,575
7723,-125
7724,-75
7725,-75
7726,546
7727,623
7728,425
7729,575
7730,525
7731,675
7732,675
7733,625
7734,498
7735,348
7736,271
7737,623
7738,-125
7739,575
7740,673
7741,623
7742,675
7743,623
7744,675
7745,625
7746,600
7747,325
7748,471
7749,625
7750,523
7751,-77
7752,273
7753,525
7754,675
7755,-75
7756,575
7757,625
7758,573
7759,675
7760,625
7761,423
7762,623
7763,673
7764,498
7765,675
7766,571
7767,-75
7768,623
7769,-75
7770,673
7771,625
7772,675
7773,675
7774,673
7775,675
7776,23
7777,575
7778,673
7779,425
7780,673
7781,-125
7782,-125
7783,625
7784,675
7785,-75
7786,548
7787,675
7788,550
7789,623
7790,350
7791,625
7792,675
7793,-175
7794,625
7795,-25
7796,625
7797,-25
7798,323
7799,-75
7800,575
7801,675
7802,-125
7803,625
7804,525
7805,-75
7806,623
7807,625
7808,-77
7809,275
7810,625
7811,398
7812,-77
7813,-29
7814,523
7815,525
7816,675
7817,625
7818,675
7819,400
7820,-125
7821,-75
7822,673
7823,-125
7824,675
7825,-125
7826,675
7827,675
7828,575
7829,673
7830,673
7831,675
7832,423
7833,625
7834,675
7835,673
7836,623
7837,623
7838,525
7839,548
7840,625
7841,425
7842,575
7843,-177
7844,675
7845,623
7846,275
7847,398
7848,-125
7849,623
7850,625
7851,575
7852,625
7853,-77
7854,369
7855,-125
7856,521
7857,525
7858,675
7859,675
7860,-125
7861,625
7862,675
7863,425
7864,473
7865,525
7866,675
7867,673
7868,-152
7869,625
7870,673
7871,525
7872,671
7873,575
7874,523
7875,-25
7876,-29
7877,675
7878,-29
7879,525
7880,625
7881,675
7882,675
7883,573
7884,625
7885,575
7886,425
7887,625
7888,400
7889,573
7890,525
7891,623
7892,575
7893,575
7894,-75
7895,673
7896,500
7897,-125
7898,625
7899,-25
7900,675
7901,673
7902,500
7903,575
7904,425
7905,573
7906,675
7907,573
7908,-25
7909,275
7910,-100
7911,573
7912,675
7913,-125
7914,450
7915,-127
7916,348
7917,675
7918,-125
7919,498
7920,-175
7921,575
7922,675
7923,675
7924,-127
7925,-27
7926,675
7927,675
7928,523
7929,625
7930,73
7931,625
7932,344
7933,675
7934,625
7935,625
7936,469
7937,675
7938,-125
7939,375
7940,675
7941,625
7942,-27
7943,-2
7944,675
7945,625
7946,550
7947,-127
7948,621
7949,625
7950,-75
7951,625
7952,675
7953,675
7954,625
7955,675
7956,296
7957,675
7958,675
7959,300
7960,625
7961,348
7962,675
7963,675
7964,275
7965,621
7966,675
7967,425
7968,625
7969,523
7970,675
7971,673
7972,-127
7973,623
7974,425
7975,675
7976,625
7977,675
7978,519
7979,-125
7980,250
7981,671
7982,671
7983,625
7984,521
7985,346
7986,-125
7987,671
7988,248
7989,673
7990,673
7991,675
7992,675
7993,675
7994,-75
7995,198
7996,575
7997,675
7998,625
7999,623
8000,675
8001,-125
8002,671
8003,625
8004,675
8005,625
8006,525
8007,625
8008,-77
8009,-177
8010,-129
8011,623
8012,525
8013,671
8014,-75
8015,475
8016,-77
8017,625
8018,373
8019,471
8020,671
8021,525
8022,-200
8023,675
8024,625
8025,671
8026,400
8027,625
8028,675
8029,473
8030,496
8031,373
8032,675
8033,675
8034,623
8035,675
8036,673
8037,625
8038,-75
8039,625
8040,673
8041,473
8042,675
8043,425
8044,425
8045,425
8046,-75
8047,625
8048,625
8049,675
8050,425
8051,625
8052,525
8053,675
8054,350
8055,623
8056,525
8057,673
8058,623
8059,625
8060,675
8061,573
8062,575
8063,400
8064,673
8065,-29
8066,525
8067,373
8068,-75
8069,-125
8070,573
8071,548
8072,-75
8073,675
8074,425
8075,675
8076,-75
8077,575
8078,-27
8079,671
8080,321
8081,625
8082,673
8083,675
8084,623
8085,625
8086,675
8087,550
8088,575
8089,-75
8090,625
8091,623
8092,423
8093,675
8094,571
8095,671
8096,625
8097,150
8098,425
8099,571
8100,-125
8101,-77
8102,575
8103,-75
8104,-27
8105,-27
8106,669
8107,625
8108,625
8109,300
8110,-225
8111,575
8112,-75
8113,525
8114,573
8115,-75
8116,400
8117,575
8118,673
8119,675
8120,575
8121,673
8122,625
8123,621
8124,623
8125,425
8126,448
8127,-127
8128,-125
8129,675
8130,575
8131,75
8132,225
8133,-25
8134,-75
8135,150
8136,-75
8137,375
8138,673
8139,675
8140,475
8141,675
8142,325
8143,673
8144,675
8145,573
8146,575
8147,523
8148,400
8149,625
8150,675
8151,-77
8152,-125
8153,-75
8154,-25
8155,675
8156,675
8157,675
8158,675
8159,523
8160,425
8161,-52
8162,621
8163,675
8164,-175
8165,373
8166,475
8167,625
8168,675
8169,675
8170,675
8171,675
8172,-125
8173,-77
8174,675
8175,400
8176,375
8177,350
8178,675
8179,-75
8180,675
8181,625
8182,625
8183,71
8184,-125
8185,525
8186,-175
8187,-125
8188,425
8189,573
8190,-27
8191,625
8192,525
8193,675
8194,625
8195,625
8196,675
8197,673
8198,525
8199,-75
8200,400
8201,621
8202,-125
8203,675
8204,621
8205,673
8206,671
8207,673
8208,673
8209,621
8210,-35
8211,-125
8212,525
8213,373
8214,625
8215,625
8216,675
8217,675
8218,625
8219,675
8220,623
8221,571
8222,423
8223,625
8224,425
8225,-125
8226,473
8227,675
8228,625
8229,625
8230,675
8231,325
8232,675
8233,473
8234,575
8235,300
8236,675
8237,575
8238,425
8239,344
8240,623
8241,-25
8242,623
8243,625
8244,-125
8245,625
8246,675
8247,675
8248,-125
8249,625
8250,675
8251,350
8252,400
8253,425
8254,-175
8255,623
8256,-125
8257,675
8258,675
8259,625
8260,-25
8261,550
8262,675
8263,625
8264,-25
8265,675
8266,675
8267,344
8268,525
8269,675
8270,375
8271,150
8272,525
8273,473
8274,573
8275,625
8276,-75
8277,200
8278,475
8279,-75
8280,-125
8281,-127
8282,575
8283,350
8284,-25
8285,300
8286,675
8287,675
8288,675
8289,496
8290,523
8291,575
8292,-177
8293,573
8294,-27
8295,675
8296,298
8297,425
8298,673
8299,625
8300,675
8301,573
8302,623
8303,525
8304,-200
8305,473
8306,425
8307,623
8308,673
8309,421
8310,625
8311,675
8312,-75
8313,375
8314,-181
8315,396
8316,669
8317,573
8318,275
8319,400
8320,673
8321,-27
8322,425
8323,675
8324,548
8325,373
8326,525
8327,300
8328,248
8329,548
8330,423
8331,425
8332,621
8333,-75
8334,-25
8335,675
8336,621
8337,625
8338,623
8339,675
8340,625
8341,625
8342,525
8343,498
8344,425
8345,675
8346,623
8347,623
8348,625
8349,675
8350,-25
8351,625
8352,673
8353,625
8354,675
8355,421
8356,471
8357,498
8358,548
8359,-29
8360,673
8361,425
8362,625
8363,675
8364,675
8365,525
8366,525
8367,675
8368,525
8369,350
8370,621
8371,625
8372,275
8373,675
8374,673
8375,625
8376,425
8377,575
8378,-75
8379,-175
8380,550
8381,625
8382,675
8383,525
8384,298
8385,675
8386,675
8387,375
8388,-75
8389,-179
8390,-75
8391,-75
8392,673
8393,625
8394,-75
8395,292
8396,673
8397,625
8398,369
8399,625
8400,675
8401,675
8402,575
8403,-27
8404,625
8405,573
8406,625
8407,200
8408,575
8409,675
8410,673
8411,-77
8412,550
8413,625
8414,625
8415,623
8416,-125
8417,625
8418,575
8419,675
8420,575
8421,675
8422,625
8423,625
8424,675
8425,425
8426,675
8427,525
8428,625
8429,675
8430,625
8431,-102
8432,675
8433,675
8434,-77
8435,623
8436,398
8437,623
8438,-125
8439,350
8440,525
8441,400
8442,-25
8443,675
8444,675
8445,325
8446,675
8447,475
8448,625
8449,-125
8450,-125
8451,571
8452,-125
8453,675
8454,625
8455,675
8456,-75
8457,375
8458,400
8459,573
8460,475
8461,675
8462,525
8463,400
8464,625
8465,375
8466,300
8467,625
8468,673
8469,625
8470,475
8471,675
8472,675
8473,623
8474,675
8475,325
8476,-75
8477,675
8478,400
8479,423
8480,423
8481,525
8482,673
8483,669
8484,425
8485,625
8486,673
8487,373
8488,675
8489,350
8490,625
8491,-125
8492,675
8493,-75
8494,675
8495,623
8496,625
8497,575
8498,-125
8499,623
8500,-75
8501,-75
8502,448
8503,575
8504,625
8505,300
8506,350
8507,625
8508,-225
8509,621
8510,-175
8511,-27
8512,396
8513,625
8514,625
8515,550
8516,425
8517,575
8518,475
8519,473
8520,373
8521,-125
8522,673
8523,625
8524,675
8525,-175
8526,673
8527,575
8528,-27
8529,625
8530,348
8531,-77
8532,621
8533,521
8534,525
8535,673
8536,625
8537,525
8538,-125
8539,673
8540,-175
8541,375
8542,621
8543,-52
8544,-179
8545,-200
8546,575
8547,625
8548,675
8549,-75
8550,-79
8551,675
8552,298
8553,-75
8554,348
8555,625
8556,673
8557,-225
8558,375
8559,-75
8560,625
8561,-75
8562,625
8563,625
8564,-181
8565,575
8566,400
8567,573
8568,498
8569,-125
8570,575
8571,-133
8572,625
8573,471
8574,573
8575,625
8576,675
8577,225
8578,150
8579,275
8580,673
8581,398
8582,625
8583,673
8584,675
8585,675
8586,225
8587,675
8588,675
8589,675
8590,625
8591,275
8592,675
8593,675
8594,673
8595,573
8596,623
8597,625
8598,621
8599,623
8600,575
8601,-125
8602,675
8603,625
8604,625
8605,-125
8606,625
8607,375
8608,496
8609,675
8610,673
8611,673
8612,-75
8613,675
8614,625
8615,375
8616,475
8617,573
8618,550
8619,675
8620,621
8621,625
8622,575
8623,398
8624,675
8625,625
8626,-75
8627,573
8628,673
8629,525
8630,675
8631,675
8632,-125
8633,675
8634,625
8635,675
8636,623
8637,625
8638,550
8639,675
8640,673
8641,523
8642,-127
8643,-25
8644,675
8645,673
8646,673
8647,623
8648,-125
8649,425
8650,-75
8651,275
8652,521
8653,-75
8654,525
8655,-125
8656,625
8657,675
8658,673
8659,673
8660,623
8661,675
8662,625
8663,-77
8664,-127
8665,519
8666,-277
8667,675
8668,-75
8669,675
8670,525
8671,-125
8672,675
8673,271
8674,425
8675,675
8676,548
8677,669
8678,675
8679,621
8680,548
8681,675
8682,-125
8683,625
8684,675
8685,-75
8686,198
8687,675
8688,575
8689,625
8690,525
8691,625
8692,-29
8693,623
8694,248
8695,521
8696,675
8697,-125
8698,425
8699,625
8700,-75
8701,423
8702,675
8703,-125
8704,50
8705,675
8706,-75
8707,375
8708,-127
8709,-125
8710,623
8711,-25
8712,675
8713,625
8714,625
8715,625
8716,573
8717,-27
8718,-100
8719,-125
8720,-125
8721,625
8722,400
8723,619
8724,425
8725,673
8726,673
8727,269
8728,-77
8729,675
8730,625
8731,675
8732,475
8733,675
8734,675
8735,548
8736,-125
8737,675
8738,673
8739,150
8740,675
8741,475
8742,675
8743,625
8744,250
8745,573
8746,-127
8747,675
8748,673
8749,-127
8750,425
8751,625
8752,523
8753,623
8754,673
8755,-27
8756,500
8757,525
8758,-202
8759,675
8760,675
8761,425
8762,-75
8763,671
8764,-125
8765,675
8766,150
8767,625
8768,673
8769,619
8770,-125
8771,425
8772,675
8773,525
8774,300
8775,675
8776,673
8777,673
8778,625
8779,625
8780,675
8781,625
8782,619
8783,675
8784,496
8785,-75
8786,573
8787,600
8788,-131
8789,623
8790,675
8791,-125
8792,625
8793,623
8794,525
8795,575
8796,675
8797,623
8798,675
8799,550
8800,-175
8801,523
8802,-77
8803,400
8804,-25
8805,275
8806,-75
8807,625
8808,523
8809,325
8810,625
8811,569
8812,-25
8813,675
8814,525
8815,625
8816,625
8817,-77
8818,673
8819,425
8820,548
8821,-25
8822,498
8823,-52
8824,571
8825,475
8826,675
8827,675
8828,425
8829,675
8830,350
8831,625
8832,675
8833,623
8834,673
8835,525
8836,673
8837,621
8838,425
8839,-75
8840,400
8841,625
8842,-125
8843,675
8844,415
8845,625
8846,673
8847,325
8848,625
8849,-75
8850,-129
8851,-77
8852,675
8853,675
8854,619
8855,675
8856,675
8857,575
8858,225
8859,575
8860,350
8861,675
8862,575
8863,-125
8864,573
8865,-125
8866,198
8867,400
8868,575
8869,-75
8870,675
8871,675
8872,-177
8873,673
8874,675
8875,575
8876,550
8877,475
8878,675
8879,623
8880,573
8881,675
8882,-200
8883,675
8884,350
8885,625
8886,546
8887,675
8888,625
8889,673
8890,573
8891,-75
8892,-104
8893,675
8894,-125
8895,675
8896,350
8897,675
8898,150
8899,573
8900,525
8901,675
8902,248
8903,575
8904,675
8905,623
8906,675
8907,675
8908,675
8909,425
8910,-125
8911,673
8912,-250
8913,675
8914,248
8915,-125
8916,-25
8917,548
8918,675
8919,-25
8920,675
8921,548
8922,675
8923,525
8924,-75
8925,525
8926,400
8927,-75
8928,675
8929,625
8930,523
8931,-125
8932,673
8933,521
8934,575
8935,675
8936,675
8937,675
8938,673
8939,625
8940,575
8941,625
8942,623
8943,375
8944,523
8945,575
8946,625
8947,567
8948,50
8949,675
8950,248
8951,623
8952,573
8953,400
8954,-127
8955,621
8956,621
8957,673
8958,348
8959,625
8960,673
8961,350
8962,623
8963,675
8964,625
8965,571
8966,475
8967,425
8968,675
8969,625
8970,-75
8971,-75
8972,675
8973,625
8974,673
8975,671
8976,-75
8977,675
8978,-77
8979,-125
8980,400
8981,473
8982,-125
8983,625
8984,625
8985,675
8986,400
8987,575
8988,375
8989,675
8990,675
8991,625
8992,573
8993,625
8994,675
8995,498
8996,575
8997,500
8998,673
8999,-125
9000,675
9001,625
9002,623
9003,-175
9004,675
9005,675
9006,673
9007,525
9008,-125
9009,550
9010,-75
9011,625
9012,-125
9013,625
9014,623
9015,-125
9016,675
9017,523
9018,675
9019,-125
9020,625
9021,673
9022,450
9023,-75
9024,675
9025,425
9026,573
9027,625
9028,623
9029,675
9030,673
9031,675
9032,525
9033,498
9034,675
9035,675
9036,575
9037,623
9038,-125
9039,-75
9040,625
9041,-25
9042,675
9043,421
9044,675
9045,-75
9046,673
9047,675
9048,623
9049,675
9050,625
9051,575
9052,625
9053,625
9054,523
9055,675
9056,625
9057,625
9058,675
9059,623
9060,23
9061,575
9062,-127
9063,148
9064,575
9065,525
9066,523
9067,525
9068,525
9069,675
9070,623
9071,675
9072,675
9073,623
9074,571
9075,-181
9076,675
9077,673
9078,323
9079,-77
9080,-75
9081,-75
9082,-75
9083,-75
9084,571
9085,473
9086,-200
9087,575
9088,575
9089,-27
9090,575
9091,621
9092,625
9093,400
9094,325
9095,425
9096,423
9097,675
9098,675
9099,675
9100,-125
9101,625
9102,471
9103,573
9104,675
9105,-125
9106,675
9107,-81
9108,573
9109,375
9110,-127
9111,673
9112,-125
9113,625
9114,-125
9115,-75
9116,400
9117,-27
9118,675
9119,625
9120,625
9121,-25
9122,571
9123,675
9124,-25
9125,675
9126,-129
9127,675
9128,375
9129,-127
9130,-27
9131,-77
9132,-75
9133,623
9134,521
9135,523
9136,-127
9137,625
9138,675
9139,-200
9140,671
9141,573
9142,623
9143,625
9144,625
9145,425
9146,673
9147,675
9148,500
9149,475
9150,-125
9151,575
9152,523
9153,500
9154,348
9155,675
9156,575
9157,-77
9158,675
9159,573
9160,-75
9161,-25
9162,575
9163,400
9164,625
9165,573
9166,675
9167,673
9168,-27
9169,675
9170,673
9171,300
9172,625
9173,625
9174,675
9175,375
9176,625
9177,625
9178,473
9179,675
9180,675
9181,621
9182,473
9183,398
9184,325
9185,623
9186,400
9187,625
9188,-225
9189,675
9190,673
9191,-125
9192,450
9193,623
9194,675
9195,625
9196,-27
9197,675
9198,625
9199,500
9200,523
9201,400
9202,-75
9203,550
9204,275
9205,625
9206,673
9207,675
9208,675
9209,550
9210,675
9211,-29
9212,673
9213,571
9214,-25
9215,625
9216,675
9217,623
9218,675
9219,-125
9220,400
9221,675
9222,675
9223,625
9224,675
9225,625
9226,-125
9227,675
9228,300
9229,398
9230,-125
9231,-125
9232,625
9233,623
9234,-75
9235,675
9236,-125
9237,673
9238,625
9239,675
9240,673
9241,-125
9242,675
9243,348
9244,-25
9245,425
9246,-75
9247,675
9248,475
9249,525
9250,675
9251,496
9252,675
9253,573
9254,675
9255,675
9256,625
9257,675
9258,625
9259,675
9260,0
9261,525
9262,673
9263,-25
9264,75
9265,-75
9266,575
9267,623
9268,-75
9269,621
9270,625
9271,521
9272,275
9273,525
9274,525
9275,675
9276,-27
9277,671
9278,675
9279,525
9280,319
9281,625
9282,425
9283,675
9284,675
9285,500
9286,675
9287,675
9288,675
9289,623
9290,675
9291,625
9292,471
9293,675
9294,675
9295,673
9296,675
9297,-125
9298,625
9299,675
9300,625
9301,625
9302,523
9303,625
9304,675
9305,525
9306,675
9307,523
9308,673
9309,525
9310,371
9311,423
9312,525
9313,625
9314,673
9315,425
9316,625
9317,623
9318,623
9319,673
9320,673
9321,675
9322,675
9323,375
9324,623
9325,325
9326,475
9327,425
9328,575
9329,675
9330,625
9331,-75
9332,675
9333,623
9334,425
9335,398
9336,675
9337,-125
9338,573
9339,-75
9340,673
9341,450
9342,-75
9343,675
9344,675
9345,675
9346,575
9347,675
9348,675
9349,-27
9350,675
9351,-75
9352,400
9353,673
9354,-200
9355,673
9356,523
9357,675
9358,675
9359,525
9360,-25
9361,400
9362,525
9363,625
9364,573
9365,525
9366,425
9367,-27
9368,571
9369,675
9370,-125
9371,675
9372,350
9373,675
9374,573
9375,-125
9376,346
9377,550
9378,623
9379,675
9380,675
9381,625
9382,675
9383,675
9384,573
9385,625
9386,625
9387,575
9388,623
9389,-127
9390,298
9391,675
9392,675
9393,550
9394,623
9395,625
9396,675
9397,625
9398,671
9399,625
9400,625
9401,475
9402,273
9403,350
9404,-177
9405,675
9406,671
9407,675
9408,625
9409,623
9410,-100
9411,675
9412,675
9413,-25
9414,425
9415,425
9416,673
9417,673
9418,-125
9419,-125
9420,246
9421,446
9422,525
9423,675
9424,73
9425,675
9426,575
9427,-75
9428,675
9429,-125
9430,673
9431,398
9432,-2
9433,575
9434,525
9435,675
9436,625
9437,-125
9438,-4
9439,675
9440,425
9441,150
9442,673
9443,575
9444,623
9445,675
9446,25
9447,373
9448,419
9449,675
9450,675
9451,548
9452,375
9453,675
9454,473
9455,-27
9456,623
9457,673
9458,525
9459,675
9460,675
9461,675
9462,394
9463,623
9464,373
9465,475
9466,-75
9467,673
9468,250
9469,100
9470,575
9471,423
9472,625
9473,500
9474,621
9475,675
9476,-77
9477,625
9478,525
9479,525
9480,350
9481,-77
9482,675
9483,675
9484,-27
9485,575
9486,625
9487,-75
9488,673
9489,675
9490,400
9491,75
9492,673
9493,521
9494,-75
9495,-29
9496,-181
9497,-75
9498,671
9499,-27
9500,525
9501,623
9502,575
9503,625
9504,623
9505,675
9506,525
9507,675
9508,-75
9509,573
9510,575
9511,73
9512,625
9513,675
9514,625
9515,425
9516,673
9517,675
9518,-129
9519,675
9520,573
9521,675
9522,300
9523,675
9524,675
9525,-125
9526,673
9527,573
9528,573
9529,675
9530,225
9531,225
9532,-77
9533,-75
9534,675
9535,625
9536,673
9537,671
9538,-125
9539,675
9540,623
9541,673
9542,-25
9543,-125
9544,623
9545,-77
9546,571
9547,621
9548,575
9549,573
9550,-75
9551,575
9552,-75
9553,471
9554,523
9555,625
9556,525
9557,673
9558,400
9559,675
9560,675
9561,625
9562,-75
9563,623
9564,675
9565,625
9566,675
9567,625
9568,625
9569,675
9570,619
9571,573
9572,623
9573,423
9574,523
9575,625
9576,675
9577,675
9578,525
9579,623
9580,675
9581,575
9582,575
9583,675
9584,675
9585,675
9586,-75
9587,525
9588,-175
9589,550
9590,675
9591,675
9592,625
9593,675
9594,625
9595,675
9596,671
9597,425
9598,623
9599,675
9600,625
9601,523
9602,-200
9603,625
9604,-75
9605,575
9606,525
9607,250
9608,675
9609,475
9610,675
9611,623
9612,-79
9613,625
9614,623
9615,625
9616,673
9617,625
9618,471
9619,675
9620,-77
9621,-125
9622,523
9623,-27
9624,673
9625,-129
9626,550
9627,625
9628,373
9629,575
9630,569
9631,625
9632,625
9633,-125
9634,-125
9635,625
9636,675
9637,300
9638,575
9639,-125
9640,375
9641,675
9642,-181
9643,675
9644,675
9645,575
9646,625
9647,575
9648,573
9649,675
9650,-127
9651,-175
9652,523
9653,623
9654,475
9655,675
9656,375
9657,675
9658,675
9659,-129
9660,500
9661,625
9662,-75
9663,-200
9664,373
9665,675
9666,573
9667,675
9668,298
9669,625
9670,-127
9671,425
9672,623
9673,-75
9674,575
9675,350
9676,298
9677,525
9678,675
9679,425
9680,625
9681,450
9682,675
9683,519
9684,575
9685,675
9686,575
9687,625
9688,425
9689,675
9690,673
9691,675
9692,575
9693,625
9694,625
9695,625
9696,375
9697,625
9698,-125
9699,625
9700,675
9701,575
9702,675
9703,623
9704,-75
9705,675
9706,675
9707,300
9708,-25
9709,550
9710,573
9711,575
9712,673
9713,-25
9714,673
9715,425
9716,323
9717,675
9718,525
9719,625
9720,675
9721,348
9722,675
9723,550
9724,625
9725,400
9726,-25
9727,675
9728,625
9729,625
9730,621
9731,675
9732,575
9733,675
9734,675
9735,623
9736,623
9737,475
9738,-127
9739,673
9740,-129
9741,500
9742,-2
9743,-125
9744,671
9745,675
9746,400
9747,675
9748,675
9749,523
9750,675
9751,675
9752,423
9753,-125
9754,425
9755,671
9756,673
9757,623
9758,673
9759,675
9760,625
9761,675
9762,150
9763,675
9764,550
9765,673
9766,675
9767,394
9768,569
9769,394
9770,675
9771,275
9772,625
9773,425
9774,675
9775,673
9776,675
9777,-77
9778,525
9779,225
9780,575
9781,-79
9782,398
9783,573
9784,625
9785,675
9786,521
9787,625
9788,621
9789,-125
9790,625
9791,623
9792,623
9793,623
9794,-75
9795,550
9796,675
9797,675
9798,500
9799,250
9800,675
9801,575
9802,573
9803,500
9804,373
9805,575
9806,375
9807,573
9808,-125
9809,550
9810,673
9811,375
9812,400
9813,575
9814,525
9815,625
9816,623
9817,-25
9818,575
9819,623
9820,673
9821,675
9822,675
9823,623
9824,675
9825,350
9826,-125
9827,673
9828,-125
9829,-75
9830,625
9831,-125
9832,673
9833,473
9834,473
9835,550
9836,675
9837,523
9838,673
9839,-77
9840,600
9841,673
9842,675
9843,625
9844,275
9845,675
9846,623
9847,348
9848,198
9849,675
9850,350
9851,625
9852,575
9853,675
9854,675
9855,-79
9856,675
9857,673
9858,-29
9859,-125
9860,623
9861,675
9862,625
9863,-75
9864,-125
9865,523
9866,575
9867,446
9868,575
9869,-27
9870,625
9871,475
9872,300
9873,675
9874,625
9875,323
9876,-25
9877,475
9878,673
9879,621
9880,575
9881,473
9882,375
9883,575
9884,398
9885,675
9886,575
9887,396
9888,-179
9889,548
9890,-75
9891,350
9892,-227
9893,150
9894,675
9895,673
9896,75
9897,398
9898,-125
9899,-25
9900,-127
9901,571
9902,500
9903,625
9904,-125
9905,-327
9906,621
9907,625
9908,571
9909,675
9910,675
9911,448
9912,675
9913,571
9914,625
9915,675
9916,625
9917,373
9918,673
9919,621
9920,675
9921,675
9922,400
9923,-77
9924,675
9925,375
9926,325
9927,673
9928,300
9929,-125
9930,625
9931,575
9932,673
9933,523
9934,-125
9935,573
9936,625
9937,619
9938,250
9939,675
9940,523
9941,673
9942,623
9943,673
9944,623
9945,525
9946,498
9947,425
9948,675
9949,675
9950,475
9951,500
9952,575
9953,473
9954,246
9955,-129
9956,621
9957,398
9958,625
9959,675
9960,673
9961,675
9962,-100
9963,550
9964,625
9965,475
9966,675
9967,671
9968,475
9969,423
9970,525
9971,575
9972,625
9973,623
9974,-177
9975,623
9976,425
9977,575
9978,675
9979,-100
9980,-75
9981,575
9982,625
9983,623
9984,675
9985,625
9986,675
9987,-125
9988,675
9989,675
9990,550
9991,-125
9992,675
9993,675
9994,675
9995,675
9996,325
9997,471
9998,675
9999,300
10000,-31
[[(4, 4), 0, -25], [(3, 4), 2, 50], [(3, 3), 2, 50], [(3, 2), 2, 250], [(3, 1), 0, 250], [(2, 1), 0, -25], [(1, 1), 0, -25], [(0, 1), 2, 150]]