1,-497
2,-399
3,-104
4,-182
5,-279
6,46
7,-253
8,-260
9,-420
10,-212
11,-185
12,192
13,-358
14,-227
15,-350
16,-755
17,-258
18,-372
19,15
20,-177
21,-297
22,-628
23,-152
24,-252
25,-125
26,-127
27,-133
28,-208
29,-156
30,-254
31,-185
32,-526
33,-366
34,-331
35,59
36,198
37,-547
38,-466
39,-131
40,-204
41,-281
42,-175
43,-200
44,-252
45,-129
46,-389
47,-87
48,-281
49,-237
50,-183
51,-199
52,-85
53,-277
54,113
55,-441
56,-293
57,-279
58,-640
59,-154
60,-100
61,-431
62,-131
63,-150
64,-338
65,-439
66,-327
67,-152
68,-289
69,-139
70,-331
71,-374
72,-922
73,-1113
74,-175
75,-539
76,-368
77,-229
78,-345
79,-283
80,-206
81,-252
82,-152
83,-541
84,-14
85,-63
86,-200
87,17
88,-125
89,-202
90,-200
91,-231
92,107
93,-160
94,-455
95,-106
96,-360
97,-254
98,-175
99,-252
100,-204
101,-202
102,-79
103,-281
104,-277
105,-127
106,-260
107,-131
108,-125
109,-306
110,-206
111,338
112,-254
113,-45
114,-218
115,-414
116,-324
117,48
118,-233
119,-125
120,-131
121,-229
122,-160
123,117
124,-77
125,-225
126,-50
127,-102
128,-125
129,-339
130,-374
131,425
132,309
133,-499
134,415
135,-127
136,198
137,-331
138,-158
139,-125
140,-156
141,-308
142,-412
143,-935
144,-383
145,-77
146,625
147,-208
148,-974
149,-127
150,413
151,-387
152,417
153,-127
154,-27
155,215
156,98
157,-239
158,-200
159,111
160,119
161,-225
162,-137
163,-356
164,323
165,-202
166,-125
167,173
168,-204
169,-31
170,415
171,-77
172,171
173,-202
174,-56
175,-229
176,548
177,-302
178,367
179,-202
180,-352
181,-179
182,75
183,-151
184,98
185,-227
186,196
187,-283
188,348
189,273
190,-231
191,167
192,-129
193,273
194,-358
195,396
196,573
197,315
198,307
199,255
200,423
201,-216
202,-456
203,417
204,-125
205,-250
206,-429
207,-10
208,38
209,155
210,-200
211,-204
212,-235
213,223
214,-75
215,-187
216,350
217,-127
218,-150
219,-100
220,-229
221,-331
222,-254
223,271
224,365
225,217
226,265
227,-31
228,196
229,-300
230,244
231,-2
232,321
233,561
234,-562
235,-75
236,-150
237,-202
238,523
239,-104
240,-131
241,-229
242,-202
243,-227
244,-125
245,-302
246,319
247,361
248,71
249,-125
250,-826
251,373
252,-260
253,248
254,-799
255,342
256,-125
257,571
258,567
259,-200
260,273
261,-127
262,300
263,323
264,-681
265,-379
266,-127
267,-154
268,423
269,119
270,-202
271,-233
272,-158
273,113
274,-177
275,169
276,300
277,-150
278,296
279,-77
280,675
281,-552
282,-127
283,319
284,-280
285,167
286,221
287,-125
288,194
289,-225
290,-75
291,-79
292,-231
293,-81
294,-125
295,-329
296,-200
297,-127
298,-39
299,190
300,-285
301,275
302,573
303,69
304,467
305,417
306,319
307,471
308,-233
309,-75
310,392
311,667
312,-341
313,373
314,194
315,675
316,-229
317,415
318,115
319,375
320,-227
321,17
322,-54
323,-75
324,198
325,-131
326,142
327,-587
328,-160
329,-77
330,73
331,-77
332,500
333,-77
334,-185
335,-304
336,-231
337,425
338,-125
339,423
340,-77
341,-79
342,494
343,-200
344,-152
345,-125
346,675
347,71
348,150
349,196
350,675
351,-125
352,369
353,248
354,121
355,125
356,19
357,492
358,275
359,221
360,273
361,-558
362,569
363,146
364,-41
365,-129
366,-133
367,521
368,623
369,-125
370,523
371,-131
372,525
373,69
374,44
375,98
376,473
377,525
378,296
379,90
380,-127
381,-385
382,148
383,-150
384,148
385,425
386,-83
387,-177
388,-127
389,-252
390,-281
391,321
392,323
393,-52
394,-175
395,423
396,-229
397,-175
398,575
399,-56
400,-125
401,-77
402,-229
403,-202
404,-125
405,-279
406,-79
407,675
408,250
409,469
410,-125
411,423
412,371
413,-231
414,-250
415,-177
416,-187
417,573
418,419
419,-75
420,621
421,473
422,-127
423,519
424,-177
425,473
426,469
427,473
428,-379
429,-79
430,71
431,-81
432,100
433,-247
434,-31
435,-127
436,46
437,-179
438,-129
439,423
440,167
441,-508
442,267
443,-64
444,-358
445,-75
446,519
447,575
448,448
449,425
450,398
451,150
452,573
453,423
454,575
455,-204
456,-127
457,675
458,-281
459,298
460,421
461,523
462,569
463,-2
464,223
465,73
466,-256
467,400
468,421
469,523
470,375
471,148
472,-125
473,423
474,525
475,417
476,517
477,471
478,298
479,198
480,-175
481,-125
482,-135
483,325
484,-175
485,275
486,-131
487,675
488,396
489,321
490,-191
491,-177
492,575
493,-125
494,-77
495,-233
496,-200
497,200
498,375
499,-4
500,475
501,325
502,-127
503,-79
504,371
505,-202
506,-150
507,-125
508,623
509,-127
510,346
511,-183
512,225
513,-2
514,471
515,-129
516,673
517,-283
518,-125
519,625
520,325
521,523
522,-33
523,-175
524,425
525,444
526,-125
527,-206
528,-131
529,473
530,671
531,523
532,-175
533,-352
534,-6
535,123
536,-175
537,-108
538,-181
539,-27
540,471
541,198
542,-25
543,573
544,-354
545,-183
546,523
547,-175
548,196
549,675
550,-31
551,375
552,73
553,221
554,442
555,198
556,-27
557,625
558,-160
559,-302
560,398
561,673
562,-129
563,417
564,475
565,623
566,423
567,625
568,-77
569,621
570,-31
571,525
572,475
573,-208
574,273
575,-306
576,196
577,369
578,575
579,-200
580,623
581,-154
582,673
583,-175
584,-77
585,-29
586,325
587,425
588,319
589,296
590,373
591,63
592,-79
593,398
594,273
595,625
596,573
597,325
598,675
599,-125
600,296
601,346
602,-127
603,321
604,-75
605,75
606,-6
607,446
608,-75
609,496
610,-125
611,425
612,-229
613,-183
614,623
615,-4
616,-77
617,625
618,-333
619,-200
620,298
621,625
622,463
623,523
624,-125
625,421
626,521
627,-279
628,-125
629,-27
630,369
631,571
632,-150
633,-79
634,298
635,500
636,671
637,48
638,-125
639,621
640,625
641,-125
642,525
643,-125
644,-29
645,575
646,369
647,621
648,525
649,473
650,125
651,621
652,273
653,523
654,625
655,-85
656,248
657,519
658,-131
659,575
660,-175
661,400
662,525
663,673
664,625
665,623
666,367
667,675
668,-81
669,471
670,421
671,675
672,-125
673,-79
674,-127
675,425
676,-58
677,673
678,-352
679,575
680,575
681,573
682,-179
683,-175
684,-33
685,423
686,675
687,575
688,675
689,-27
690,373
691,673
692,550
693,225
694,398
695,-75
696,-75
697,625
698,623
699,625
700,121
701,-75
702,323
703,625
704,569
705,371
706,-75
707,-125
708,-129
709,-125
710,273
711,171
712,623
713,523
714,571
715,-200
716,625
717,-75
718,521
719,473
720,675
721,375
722,475
723,673
724,-104
725,475
726,625
727,-225
728,-131
729,325
730,567
731,321
732,673
733,-127
734,625
735,523
736,-125
737,675
738,117
739,675
740,325
741,423
742,523
743,-79
744,150
745,-75
746,675
747,471
748,50
749,675
750,671
751,375
752,-29
753,525
754,-200
755,323
756,573
757,573
758,275
759,-25
760,623
761,419
762,-75
763,398
764,-127
765,675
766,275
767,675
768,546
769,-27
770,675
771,-200
772,621
773,-75
774,675
775,625
776,-127
777,625
778,-250
779,225
780,400
781,348
782,573
783,523
784,675
785,523
786,-77
787,675
788,621
789,621
790,623
791,625
792,-75
793,675
794,-177
795,675
796,-225
797,675
798,575
799,625
800,675
801,571
802,673
803,475
804,575
805,-125
806,423
807,625
808,-125
809,625
810,423
811,-2
812,548
813,219
814,-379
815,525
816,475
817,517
818,575
819,248
820,625
821,-75
822,675
823,200
824,475
825,673
826,619
827,-133
828,550
829,350
830,-125
831,625
832,675
833,244
834,425
835,625
836,475
837,625
838,675
839,575
840,548
841,621
842,519
843,521
844,673
845,296
846,575
847,550
848,625
849,623
850,623
851,573
852,400
853,523
854,425
855,673
856,575
857,425
858,625
859,523
860,673
861,571
862,250
863,625
864,-75
865,375
866,-202
867,-175
868,-200
869,523
870,225
871,573
872,0
873,350
874,625
875,573
876,673
877,525
878,575
879,625
880,523
881,348
882,573
883,675
884,348
885,625
886,375
887,-77
888,675
889,623
890,425
891,625
892,-6
893,675
894,575
895,325
896,-125
897,525
898,425
899,625
900,344
901,-27
902,-52
903,575
904,675
905,-75
906,675
907,325
908,425
909,423
910,-77
911,350
912,-125
913,400
914,675
915,421
916,323
917,675
918,-77
919,625
920,623
921,546
922,573
923,500
924,673
925,625
926,-77
927,373
928,-75
929,523
930,673
931,575
932,675
933,525
934,675
935,-177
936,469
937,523
938,575
939,-125
940,625
941,525
942,-179
943,525
944,348
945,673
946,250
947,473
948,673
949,-125
950,625
951,-125
952,421
953,573
954,621
955,625
956,675
957,625
958,573
959,-127
960,548
961,673
962,625
963,625
964,525
965,675
966,675
967,-25
968,300
969,675
970,423
971,-27
972,525
973,-75
974,675
975,-125
976,323
977,625
978,575
979,219
980,-27
981,-77
982,473
983,250
984,621
985,223
986,675
987,675
988,300
989,675
990,473
991,-75
992,675
993,550
994,675
995,621
996,673
997,625
998,671
999,-75
1000,523
1001,673
1002,-379
1003,625
1004,-125
1005,573
1006,675
1007,623
1008,573
1009,-77
1010,-29
1011,675
1012,625
1013,625
1014,523
1015,571
1016,-125
1017,-125
1018,525
1019,-125
1020,675
1021,250
1022,675
1023,525
1024,671
1025,573
1026,525
1027,625
1028,625
1029,-75
1030,625
1031,-125
1032,673
1033,-102
1034,475
1035,-175
1036,400
1037,375
1038,-125
1039,-77
1040,-77
1041,396
1042,625
1043,371
1044,-75
1045,575
1046,621
1047,575
1048,675
1049,523
1050,523
1051,450
1052,625
1053,623
1054,625
1055,675
1056,521
1057,621
1058,-125
1059,350
1060,446
1061,675
1062,673
1063,523
1064,300
1065,625
1066,475
1067,300
1068,400
1069,573
1070,-75
1071,675
1072,675
1073,675
1074,673
1075,675
1076,625
1077,150
1078,-75
1079,525
1080,625
1081,673
1082,575
1083,675
1084,623
1085,625
1086,675
1087,-25
1088,675
1089,375
1090,623
1091,675
1092,625
1093,675
1094,525
1095,675
1096,675
1097,675
1098,-125
1099,575
1100,-75
1101,623
1102,575
1103,475
1104,675
1105,-125
1106,621
1107,425
1108,-125
1109,350
1110,673
1111,625
1112,675
1113,623
1114,-125
1115,569
1116,675
1117,573
1118,675
1119,-75
1120,450
1121,575
1122,-75
1123,675
1124,623
1125,-79
1126,-25
1127,525
1128,675
1129,673
1130,-75
1131,525
1132,675
1133,625
1134,550
1135,625
1136,675
1137,675
1138,-125
1139,548
1140,425
1141,675
1142,-27
1143,-75
1144,-27
1145,-125
1146,673
1147,675
1148,521
1149,623
1150,675
1151,675
1152,675
1153,625
1154,625
1155,-125
1156,575
1157,675
1158,-25
1159,625
1160,675
1161,425
1162,623
1163,571
1164,625
1165,523
1166,350
1167,-27
1168,675
1169,673
1170,671
1171,675
1172,-75
1173,375
1174,548
1175,-125
1176,-175
1177,673
1178,675
1179,675
1180,475
1181,625
1182,625
1183,623
1184,475
1185,623
1186,-25
1187,675
1188,575
1189,673
1190,350
1191,-127
1192,571
1193,623
1194,525
1195,473
1196,675
1197,500
1198,673
1199,400
1200,298
1201,625
1202,569
1203,375
1204,625
1205,673
1206,548
1207,625
1208,-125
1209,-125
1210,625
1211,675
1212,-175
1213,350
1214,625
1215,-75
1216,575
1217,-177
1218,675
1219,675
1220,625
1221,673
1222,523
1223,-75
1224,-25
1225,673
1226,-25
1227,675
1228,671
1229,675
1230,625
1231,625
1232,675
1233,-27
1234,571
1235,675
1236,525
1237,548
1238,675
1239,669
1240,575
1241,550
1242,673
1243,623
1244,675
1245,623
1246,675
1247,-75
1248,625
1249,625
1250,400
1251,675
1252,623
1253,500
1254,675
1255,675
1256,673
1257,625
1258,-75
1259,425
1260,675
1261,675
1262,-227
1263,675
1264,350
1265,675
1266,573
1267,673
1268,625
1269,675
1270,425
1271,675
1272,-75
1273,-175
1274,675
1275,673
1276,625
1277,523
1278,625
1279,675
1280,675
1281,-75
1282,675
1283,673
1284,623
1285,625
1286,623
1287,625
1288,425
1289,625
1290,-75
1291,675
1292,425
1293,623
1294,423
1295,325
1296,-25
1297,496
1298,525
1299,673
1300,675
1301,350
1302,550
1303,425
1304,-29
1305,500
1306,675
1307,571
1308,400
1309,625
1310,573
1311,498
1312,625
1313,625
1314,425
1315,423
1316,675
1317,475
1318,573
1319,248
1320,625
1321,625
1322,-125
1323,475
1324,425
1325,-75
1326,623
1327,625
1328,625
1329,675
1330,348
1331,525
1332,-177
1333,-29
1334,675
1335,-29
1336,675
1337,625
1338,-125
1339,625
1340,475
1341,-75
1342,-4
1343,675
1344,-25
1345,673
1346,625
1347,625
1348,498
1349,-125
1350,448
1351,675
1352,-75
1353,675
1354,625
1355,675
1356,575
1357,425
1358,575
1359,-125
1360,621
1361,675
1362,-125
1363,675
1364,573
1365,-79
1366,-75
1367,673
1368,-54
1369,673
1370,525
1371,625
1372,675
1373,675
1374,525
1375,625
1376,523
1377,675
1378,625
1379,573
1380,675
1381,673
1382,421
1383,675
1384,625
1385,375
1386,-27
1387,625
1388,525
1389,575
1390,623
1391,425
1392,675
1393,675
1394,675
1395,675
1396,525
1397,675
1398,625
1399,550
1400,575
1401,550
1402,675
1403,523
1404,425
1405,400
1406,675
1407,425
1408,673
1409,673
1410,625
1411,675
1412,-125
1413,348
1414,675
1415,323
1416,623
1417,375
1418,-27
1419,625
1420,673
1421,400
1422,375
1423,675
1424,150
1425,523
1426,675
1427,-175
1428,500
1429,323
1430,625
1431,623
1432,625
1433,625
1434,500
1435,400
1436,625
1437,575
1438,623
1439,675
1440,375
1441,675
1442,575
1443,-27
1444,675
1445,665
1446,75
1447,623
1448,673
1449,475
1450,625
1451,575
1452,671
1453,575
1454,675
1455,675
1456,398
1457,-25
1458,-75
1459,-50
1460,325
1461,675
1462,675
1463,625
1464,-125
1465,575
1466,675
1467,571
1468,673
1469,-125
1470,575
1471,423
1472,523
1473,675
1474,623
1475,350
1476,673
1477,-125
1478,-125
1479,-75
1480,-127
1481,521
1482,675
1483,675
1484,298
1485,625
1486,350
1487,425
1488,250
1489,623
1490,673
1491,296
1492,575
1493,673
1494,523
1495,-75
1496,675
1497,675
1498,398
1499,673
1500,575
1501,196
1502,248
1503,548
1504,-150
1505,350
1506,675
1507,675
1508,400
1509,673
1510,-102
1511,-75
1512,-75
1513,-75
1514,-27
1515,298
1516,498
1517,625
1518,-125
1519,-125
1520,-52
1521,398
1522,673
1523,623
1524,573
1525,673
1526,625
1527,-75
1528,-77
1529,675
1530,-127
1531,621
1532,-75
1533,598
1534,475
1535,675
1536,275
1537,575
1538,521
1539,675
1540,623
1541,-29
1542,-125
1543,-125
1544,-75
1545,675
1546,625
1547,625
1548,398
1549,675
1550,400
1551,346
1552,623
1553,623
1554,625
1555,525
1556,-75
1557,-125
1558,623
1559,-75
1560,525
1561,348
1562,525
1563,400
1564,625
1565,625
1566,625
1567,675
1568,-125
1569,-25
1570,-125
1571,675
1572,-125
1573,625
1574,-75
1575,575
1576,-79
1577,523
1578,523
1579,671
1580,625
1581,675
1582,575
1583,-200
1584,675
1585,-27
1586,623
1587,375
1588,625
1589,675
1590,625
1591,675
1592,300
1593,625
1594,475
1595,623
1596,350
1597,-127
1598,425
1599,675
1600,675
1601,625
1602,625
1603,625
1604,623
1605,675
1606,523
1607,675
1608,675
1609,625
1610,623
1611,675
1612,623
1613,675
1614,575
1615,675
1616,573
1617,223
1618,-125
1619,-75
1620,-200
1621,617
1622,423
1623,523
1624,-75
1625,575
1626,348
1627,575
1628,625
1629,673
1630,-75
1631,621
1632,-175
1633,-79
1634,423
1635,425
1636,-75
1637,675
1638,675
1639,225
1640,525
1641,675
1642,400
1643,-75
1644,675
1645,-75
1646,575
1647,625
1648,675
1649,519
1650,623
1651,675
1652,-75
1653,396
1654,625
1655,623
1656,-175
1657,223
1658,600
1659,350
1660,-127
1661,625
1662,673
1663,475
1664,-127
1665,548
1666,625
1667,-75
1668,675
1669,625
1670,625
1671,625
1672,625
1673,175
1674,-25
1675,-75
1676,673
1677,300
1678,575
1679,671
1680,475
1681,669
1682,675
1683,-52
1684,525
1685,675
1686,525
1687,473
1688,675
1689,625
1690,475
1691,623
1692,675
1693,673
1694,425
1695,625
1696,350
1697,625
1698,-125
1699,473
1700,673
1701,523
1702,548
1703,675
1704,-125
1705,675
1706,573
1707,-27
1708,675
1709,675
1710,575
1711,625
1712,675
1713,348
1714,625
1715,673
1716,500
1717,675
1718,398
1719,475
1720,550
1721,675
1722,575
1723,623
1724,621
1725,425
1726,-127
1727,621
1728,573
1729,300
1730,-125
1731,625
1732,675
1733,673
1734,525
1735,325
1736,675
1737,621
1738,675
1739,625
1740,371
1741,673
1742,423
1743,350
1744,673
1745,675
1746,-229
1747,673
1748,625
1749,523
1750,671
1751,523
1752,0
1753,575
1754,621
1755,625
1756,675
1757,625
1758,350
1759,469
1760,675
1761,400
1762,573
1763,675
1764,673
1765,673
1766,625
1767,400
1768,-75
1769,525
1770,673
1771,-75
1772,675
1773,625
1774,575
1775,675
1776,675
1777,-75
1778,-75
1779,625
1780,623
1781,-127
1782,575
1783,623
1784,0
1785,-125
1786,625
1787,525
1788,625
1789,675
1790,675
1791,425
1792,675
1793,575
1794,675
1795,-127
1796,200
1797,575
1798,623
1799,200
1800,500
1801,671
1802,-125
1803,-175
1804,625
1805,-79
1806,675
1807,575
1808,521
1809,575
1810,625
1811,575
1812,625
1813,575
1814,675
1815,625
1816,-127
1817,675
1818,673
1819,550
1820,625
1821,-125
1822,625
1823,673
1824,675
1825,675
1826,675
1827,-77
1828,675
1829,575
1830,575
1831,323
1832,673
1833,573
1834,575
1835,625
1836,675
1837,-25
1838,246
1839,250
1840,617
1841,675
1842,623
1843,625
1844,673
1845,625
1846,675
1847,673
1848,375
1849,-125
1850,619
1851,625
1852,23
1853,-75
1854,675
1855,575
1856,675
1857,675
1858,675
1859,573
1860,671
1861,675
1862,325
1863,250
1864,673
1865,423
1866,675
1867,496
1868,671
1869,371
1870,625
1871,-75
1872,471
1873,-2
1874,-75
1875,625
1876,-125
1877,525
1878,200
1879,623
1880,623
1881,625
1882,500
1883,625
1884,523
1885,-127
1886,425
1887,675
1888,575
1889,550
1890,-125
1891,625
1892,675
1893,398
1894,625
1895,675
1896,471
1897,625
1898,675
1899,425
1900,675
1901,300
1902,623
1903,475
1904,675
1905,675
1906,475
1907,625
1908,346
1909,325
1910,675
1911,550
1912,675
1913,625
1914,475
1915,675
1916,400
1917,575
1918,525
1919,498
1920,548
1921,675
1922,673
1923,673
1924,525
1925,675
1926,325
1927,623
1928,675
1929,623
1930,675
1931,625
1932,475
1933,625
1934,623
1935,675
1936,525
1937,675
1938,575
1939,673
1940,675
1941,225
1942,525
1943,525
1944,675
1945,421
1946,575
1947,675
1948,-25
1949,675
1950,623
1951,-202
1952,550
1953,573
1954,521
1955,623
1956,675
1957,-127
1958,675
1959,575
1960,675
1961,523
1962,673
1963,375
1964,348
1965,575
1966,675
1967,-225
1968,-177
1969,673
1970,-125
1971,-129
1972,625
1973,675
1974,625
1975,450
1976,625
1977,-79
1978,475
1979,-125
1980,673
1981,521
1982,-125
1983,-125
1984,675
1985,400
1986,675
1987,675
1988,621
1989,446
1990,575
1991,675
1992,625
1993,675
1994,498
1995,675
1996,675
1997,675
1998,375
1999,575
2000,523
2001,675
2002,369
2003,400
2004,-75
2005,573
2006,675
2007,525
2008,575
2009,575
2010,675
2011,675
2012,-125
2013,-75
2014,423
2015,396
2016,675
2017,-125
2018,150
2019,421
2020,625
2021,-75
2022,575
2023,675
2024,475
2025,675
2026,675
2027,575
2028,523
2029,525
2030,-25
2031,625
2032,550
2033,448
2034,-31
2035,573
2036,675
2037,500
2038,-127
2039,575
2040,625
2041,575
2042,623
2043,-25
2044,-75
2045,675
2046,675
2047,675
2048,48
2049,621
2050,500
2051,625
2052,448
2053,675
2054,-25
2055,-27
2056,675
2057,-200
2058,625
2059,523
2060,673
2061,475
2062,675
2063,-127
2064,-175
2065,525
2066,673
2067,623
2068,-175
2069,675
2070,-75
2071,-125
2072,625
2073,348
2074,675
2075,673
2076,-77
2077,625
2078,-79
2079,525
2080,675
2081,675
2082,-125
2083,-129
2084,-127
2085,575
2086,400
2087,-125
2088,-281
2089,350
2090,623
2091,523
2092,525
2093,373
2094,625
2095,-29
2096,575
2097,250
2098,675
2099,525
2100,625
2101,523
2102,675
2103,525
2104,621
2105,675
2106,675
2107,550
2108,569
2109,625
2110,400
2111,325
2112,-127
2113,675
2114,675
2115,523
2116,625
2117,675
2118,-175
2119,575
2120,625
2121,575
2122,600
2123,-125
2124,625
2125,575
2126,275
2127,625
2128,673
2129,523
2130,673
2131,625
2132,675
2133,523
2134,575
2135,675
2136,675
2137,675
2138,525
2139,625
2140,673
2141,398
2142,-75
2143,675
2144,425
2145,623
2146,425
2147,625
2148,623
2149,198
2150,625
2151,548
2152,573
2153,623
2154,-125
2155,673
2156,625
2157,625
2158,-27
2159,248
2160,400
2161,373
2162,675
2163,-125
2164,673
2165,625
2166,625
2167,400
2168,523
2169,525
2170,625
2171,625
2172,-125
2173,675
2174,-125
2175,623
2176,-125
2177,625
2178,675
2179,400
2180,673
2181,-231
2182,675
2183,675
2184,621
2185,400
2186,575
2187,550
2188,375
2189,675
2190,623
2191,475
2192,475
2193,675
2194,475
2195,525
2196,-75
2197,673
2198,675
2199,675
2200,-75
2201,625
2202,225
2203,398
2204,525
2205,625
2206,448
2207,675
2208,675
2209,623
2210,521
2211,-79
2212,548
2213,675
2214,675
2215,425
2216,625
2217,273
2218,675
2219,673
2220,523
2221,-75
2222,496
2223,675
2224,-75
2225,-125
2226,673
2227,573
2228,675
2229,675
2230,-25
2231,400
2232,625
2233,621
2234,625
2235,675
2236,625
2237,400
2238,675
2239,575
2240,625
2241,525
2242,475
2243,-25
2244,-125
2245,675
2246,575
2247,300
2248,675
2249,400
2250,523
2251,23
2252,-125
2253,-125
2254,575
2255,575
2256,625
2257,625
2258,673
2259,675
2260,573
2261,673
2262,-175
2263,475
2264,623
2265,675
2266,325
2267,548
2268,350
2269,675
2270,675
2271,-125
2272,325
2273,-77
2274,575
2275,400
2276,623
2277,673
2278,573
2279,675
2280,625
2281,475
2282,-127
2283,-25
2284,-75
2285,675
2286,-25
2287,-125
2288,675
2289,-27
2290,300
2291,575
2292,673
2293,675
2294,375
2295,675
2296,625
2297,519
2298,575
2299,675
2300,-125
2301,350
2302,400
2303,675
2304,-29
2305,498
2306,-77
2307,350
2308,273
2309,525
2310,-77
2311,550
2312,675
2313,675
2314,675
2315,-100
2316,625
2317,625
2318,350
2319,675
2320,525
2321,673
2322,-177
2323,675
2324,675
2325,573
2326,669
2327,525
2328,175
2329,523
2330,525
2331,625
2332,573
2333,573
2334,-100
2335,546
2336,-250
2337,0
2338,396
2339,673
2340,473
2341,673
2342,625
2343,-125
2344,625
2345,625
2346,550
2347,373
2348,675
2349,-75
2350,675
2351,-125
2352,200
2353,-100
2354,675
2355,571
2356,575
2357,673
2358,625
2359,575
2360,575
2361,625
2362,675
2363,150
2364,575
2365,675
2366,625
2367,675
2368,575
2369,525
2370,475
2371,-202
2372,573
2373,-75
2374,675
2375,623
2376,548
2377,625
2378,400
2379,-175
2380,-127
2381,-29
2382,325
2383,625
2384,625
2385,573
2386,-127
2387,675
2388,-125
2389,-125
2390,625
2391,398
2392,625
2393,-77
2394,-27
2395,625
2396,675
2397,-125
2398,-125
2399,-25
2400,198
2401,675
2402,675
2403,-79
2404,675
2405,521
2406,575
2407,625
2408,-127
2409,623
2410,625
2411,400
2412,375
2413,375
2414,625
2415,250
2416,571
2417,573
2418,-175
2419,-27
2420,675
2421,575
2422,425
2423,675
2424,625
2425,-200
2426,675
2427,575
2428,573
2429,-25
2430,425
2431,171
2432,375
2433,625
2434,675
2435,625
2436,673
2437,571
2438,625
2439,625
2440,575
2441,-125
2442,425
2443,675
2444,575
2445,625
2446,-50
2447,623
2448,-75
2449,-152
2450,523
2451,673
2452,625
2453,675
2454,475
2455,625
2456,525
2457,523
2458,575
2459,298
2460,673
2461,625
2462,-125
2463,525
2464,675
2465,348
2466,675
2467,500
2468,-127
2469,675
2470,623
2471,675
2472,625
2473,625
2474,625
2475,673
2476,550
2477,625
2478,-127
2479,675
2480,348
2481,475
2482,-77
2483,400
2484,623
2485,375
2486,423
2487,446
2488,675
2489,675
2490,-125
2491,573
2492,475
2493,-75
2494,625
2495,675
2496,621
2497,625
2498,625
2499,346
2500,675
2501,625
2502,673
2503,575
2504,625
2505,675
2506,398
2507,150
2508,675
2509,675
2510,675
2511,675
2512,675
2513,573
2514,-125
2515,623
2516,298
2517,-125
2518,675
2519,575
2520,-77
2521,-75
2522,675
2523,-75
2524,-79
2525,675
2526,675
2527,525
2528,623
2529,423
2530,-125
2531,675
2532,423
2533,623
2534,542
2535,673
2536,675
2537,625
2538,625
2539,675
2540,675
2541,425
2542,525
2543,398
2544,275
2545,523
2546,296
2547,-75
2548,675
2549,675
2550,100
2551,625
2552,671
2553,625
2554,-125
2555,-25
2556,0
2557,675
2558,-75
2559,550
2560,673
2561,400
2562,-125
2563,-25
2564,675
2565,675
2566,573
2567,675
2568,673
2569,675
2570,-125
2571,-75
2572,675
2573,675
2574,-125
2575,673
2576,-77
2577,673
2578,373
2579,573
2580,675
2581,675
2582,675
2583,425
2584,-75
2585,675
2586,675
2587,675
2588,625
2589,475
2590,450
2591,623
2592,675
2593,675
2594,671
2595,523
2596,625
2597,-75
2598,425
2599,-125
2600,-125
2601,673
2602,673
2603,625
2604,675
2605,475
2606,-125
2607,400
2608,673
2609,475
2610,625
2611,625
2612,673
2613,-75
2614,669
2615,150
2616,625
2617,298
2618,-125
2619,-75
2620,-75
2621,621
2622,625
2623,625
2624,-75
2625,-125
2626,621
2627,373
2628,675
2629,-75
2630,625
2631,573
2632,300
2633,625
2634,623
2635,575
2636,673
2637,525
2638,675
2639,623
2640,525
2641,623
2642,375
2643,-125
2644,675
2645,673
2646,625
2647,575
2648,-27
2649,625
2650,575
2651,25
2652,573
2653,675
2654,323
2655,675
2656,-125
2657,400
2658,396
2659,621
2660,-77
2661,673
2662,673
2663,-75
2664,523
2665,625
2666,425
2667,675
2668,675
2669,575
2670,525
2671,-175
2672,675
2673,675
2674,675
2675,475
2676,625
2677,673
2678,475
2679,500
2680,575
2681,571
2682,675
2683,673
2684,675
2685,625
2686,523
2687,-125
2688,675
2689,-75
2690,675
2691,575
2692,-125
2693,469
2694,675
2695,673
2696,-125
2697,625
2698,298
2699,625
2700,675
2701,575
2702,375
2703,675
2704,250
2705,621
2706,625
2707,675
2708,573
2709,575
2710,321
2711,546
2712,425
2713,-175
2714,546
2715,-75
2716,525
2717,594
2718,623
2719,-125
2720,573
2721,625
2722,523
2723,244
2724,375
2725,550
2726,-75
2727,675
2728,675
2729,623
2730,-375
2731,625
2732,675
2733,-75
2734,525
2735,-77
2736,675
2737,675
2738,475
2739,-75
2740,521
2741,-27
2742,375
2743,675
2744,-125
2745,621
2746,675
2747,-125
2748,623
2749,623
2750,150
2751,675
2752,-125
2753,573
2754,625
2755,675
2756,625
2757,-25
2758,675
2759,-27
2760,617
2761,675
2762,673
2763,300
2764,575
2765,675
2766,-75
2767,-75
2768,623
2769,623
2770,-125
2771,425
2772,675
2773,-25
2774,625
2775,523
2776,575
2777,671
2778,575
2779,623
2780,425
2781,625
2782,675
2783,-27
2784,623
2785,-125
2786,675
2787,-125
2788,621
2789,625
2790,625
2791,200
2792,671
2793,625
2794,625
2795,573
2796,675
2797,675
2798,573
2799,675
2800,621
2801,275
2802,198
2803,673
2804,625
2805,248
2806,-75
2807,675
2808,625
2809,675
2810,625
2811,625
2812,425
2813,675
2814,625
2815,625
2816,-175
2817,675
2818,-127
2819,675
2820,-175
2821,-4
2822,450
2823,444
2824,-75
2825,625
2826,621
2827,-127
2828,675
2829,675
2830,625
2831,575
2832,675
2833,625
2834,525
2835,500
2836,625
2837,550
2838,400
2839,571
2840,623
2841,675
2842,573
2843,-129
2844,221
2845,423
2846,-125
2847,623
2848,621
2849,623
2850,375
2851,675
2852,675
2853,673
2854,425
2855,673
2856,673
2857,625
2858,675
2859,425
2860,-125
2861,-75
2862,625
2863,675
2864,675
2865,-150
2866,625
2867,-75
2868,573
2869,625
2870,675
2871,625
2872,521
2873,375
2874,673
2875,675
2876,-129
2877,625
2878,523
2879,675
2880,525
2881,-125
2882,-127
2883,625
2884,473
2885,350
2886,575
2887,675
2888,573
2889,-77
2890,671
2891,675
2892,675
2893,-125
2894,-77
2895,625
2896,623
2897,623
2898,525
2899,621
2900,-50
2901,625
2902,-175
2903,523
2904,675
2905,-75
2906,625
2907,525
2908,623
2909,625
2910,375
2911,675
2912,523
2913,675
2914,675
2915,575
2916,675
2917,675
2918,-75
2919,675
2920,675
2921,675
2922,-75
2923,675
2924,675
2925,673
2926,675
2927,623
2928,425
2929,575
2930,675
2931,575
2932,673
2933,198
2934,675
2935,473
2936,-75
2937,675
2938,673
2939,625
2940,575
2941,675
2942,625
2943,398
2944,500
2945,296
2946,673
2947,398
2948,475
2949,675
2950,523
2951,625
2952,675
2953,-75
2954,525
2955,675
2956,25
2957,575
2958,-75
2959,675
2960,-125
2961,675
2962,-75
2963,-125
2964,675
2965,525
2966,671
2967,573
2968,523
2969,625
2970,675
2971,525
2972,525
2973,621
2974,-75
2975,673
2976,-125
2977,-125
2978,625
2979,425
2980,-27
2981,200
2982,673
2983,675
2984,-77
2985,-25
2986,675
2987,675
2988,625
2989,573
2990,625
2991,546
2992,625
2993,-150
2994,425
2995,675
2996,473
2997,675
2998,523
2999,675
3000,-75
3001,-75
3002,573
3003,425
3004,625
3005,550
3006,625
3007,625
3008,623
3009,548
3010,675
3011,675
3012,523
3013,675
3014,625
3015,675
3016,-125
3017,348
3018,675
3019,675
3020,675
3021,675
3022,-175
3023,625
3024,623
3025,675
3026,675
3027,-25
3028,198
3029,525
3030,571
3031,673
3032,548
3033,575
3034,625
3035,623
3036,423
3037,-75
3038,675
3039,673
3040,275
3041,350
3042,675
3043,575
3044,675
3045,550
3046,-125
3047,469
3048,675
3049,623
3050,673
3051,675
3052,625
3053,623
3054,675
3055,-75
3056,675
3057,675
3058,675
3059,625
3060,575
3061,248
3062,-125
3063,673
3064,425
3065,-75
3066,575
3067,673
3068,673
3069,398
3070,575
3071,425
3072,675
3073,525
3074,575
3075,625
3076,173
3077,250
3078,575
3079,550
3080,573
3081,569
3082,673
3083,573
3084,425
3085,623
3086,575
3087,400
3088,400
3089,517
3090,573
3091,675
3092,-125
3093,625
3094,-77
3095,-177
3096,623
3097,-75
3098,575
3099,623
3100,625
3101,400
3102,675
3103,400
3104,625
3105,625
3106,625
3107,625
3108,548
3109,573
3110,675
3111,671
3112,298
3113,525
3114,-77
3115,550
3116,675
3117,573
3118,575
3119,0
3120,-200
3121,350
3122,500
3123,625
3124,-100
3125,575
3126,673
3127,525
3128,675
3129,675
3130,675
3131,623
3132,-2
3133,-27
3134,-77
3135,675
3136,300
3137,475
3138,573
3139,575
3140,-75
3141,425
3142,675
3143,675
3144,-125
3145,548
3146,500
3147,-75
3148,675
3149,625
3150,-75
3151,400
3152,625
3153,619
3154,-127
3155,-125
3156,400
3157,675
3158,675
3159,675
3160,-175
3161,571
3162,673
3163,573
3164,623
3165,675
3166,225
3167,575
3168,675
3169,523
3170,575
3171,-75
3172,625
3173,623
3174,423
3175,673
3176,398
3177,675
3178,-75
3179,198
3180,675
3181,523
3182,675
3183,-77
3184,625
3185,625
3186,300
3187,496
3188,498
3189,675
3190,-77
3191,623
3192,625
3193,523
3194,523
3195,375
3196,-125
3197,675
3198,525
3199,375
3200,675
3201,400
3202,373
3203,523
3204,375
3205,-125
3206,675
3207,-75
3208,-75
3209,-150
3210,-25
3211,673
3212,625
3213,671
3214,-75
3215,675
3216,375
3217,400
3218,-77
3219,675
3220,675
3221,-125
3222,675
3223,675
3224,-125
3225,-125
3226,-127
3227,675
3228,623
3229,675
3230,625
3231,523
3232,675
3233,625
3234,625
3235,400
3236,573
3237,671
3238,425
3239,-31
3240,-75
3241,523
3242,675
3243,675
3244,-127
3245,675
3246,525
3247,675
3248,675
3249,675
3250,525
3251,573
3252,625
3253,623
3254,675
3255,-79
3256,473
3257,571
3258,500
3259,-27
3260,623
3261,523
3262,400
3263,-75
3264,400
3265,348
3266,675
3267,-125
3268,519
3269,-77
3270,675
3271,425
3272,-27
3273,675
3274,-127
3275,675
3276,675
3277,625
3278,550
3279,621
3280,525
3281,525
3282,623
3283,-125
3284,-125
3285,-25
3286,523
3287,673
3288,623
3289,-125
3290,400
3291,673
3292,425
3293,625
3294,675
3295,625
3296,675
3297,-75
3298,675
3299,623
3300,625
3301,350
3302,300
3303,373
3304,675
3305,548
3306,625
3307,523
3308,-25
3309,519
3310,675
3311,675
3312,673
3313,325
3314,675
3315,675
3316,573
3317,675
3318,675
3319,575
3320,448
3321,475
3322,-79
3323,575
3324,673
3325,575
3326,675
3327,571
3328,-129
3329,673
3330,623
3331,675
3332,625
3333,625
3334,671
3335,525
3336,396
3337,675
3338,-75
3339,675
3340,671
3341,498
3342,25
3343,673
3344,-125
3345,-75
3346,673
3347,621
3348,625
3349,625
3350,573
3351,-100
3352,525
3353,575
3354,575
3355,675
3356,675
3357,575
3358,-4
3359,623
3360,223
3361,675
3362,675
3363,398
3364,575
3365,623
3366,575
3367,675
3368,298
3369,675
3370,-75
3371,-125
3372,275
3373,671
3374,573
3375,475
3376,-125
3377,625
3378,623
3379,475
3380,-125
3381,673
3382,525
3383,550
3384,673
3385,525
3386,675
3387,675
3388,-29
3389,-77
3390,-77
3391,625
3392,675
3393,621
3394,425
3395,675
3396,675
3397,-125
3398,625
3399,625
3400,675
3401,675
3402,-329
3403,523
3404,675
3405,625
3406,-75
3407,625
3408,675
3409,573
3410,375
3411,571
3412,673
3413,150
3414,625
3415,675
3416,675
3417,673
3418,675
3419,623
3420,548
3421,675
3422,673
3423,675
3424,675
3425,325
3426,-125
3427,-129
3428,625
3429,675
3430,675
3431,-75
3432,450
3433,-29
3434,625
3435,623
3436,675
3437,525
3438,350
3439,-179
3440,623
3441,625
3442,500
3443,675
3444,675
3445,550
3446,575
3447,671
3448,550
3449,673
3450,-177
3451,675
3452,-75
3453,675
3454,675
3455,673
3456,625
3457,625
3458,-125
3459,675
3460,-127
3461,675
3462,673
3463,546
3464,-27
3465,-25
3466,275
3467,675
3468,-202
3469,-125
3470,250
3471,75
3472,525
3473,-75
3474,675
3475,525
3476,675
3477,673
3478,673
3479,-200
3480,625
3481,525
3482,475
3483,625
3484,-127
3485,275
3486,-25
3487,569
3488,296
3489,675
3490,-81
3491,-75
3492,675
3493,625
3494,-27
3495,675
3496,-125
3497,-200
3498,575
3499,550
3500,625
3501,625
3502,400
3503,625
3504,575
3505,673
3506,671
3507,-75
3508,-127
3509,525
3510,675
3511,671
3512,-125
3513,148
3514,375
3515,675
3516,673
3517,623
3518,675
3519,675
3520,575
3521,573
3522,675
3523,-27
3524,675
3525,-225
3526,675
3527,-75
3528,675
3529,625
3530,673
3531,350
3532,575
3533,625
3534,675
3535,625
3536,675
3537,675
3538,323
3539,623
3540,621
3541,-75
3542,-25
3543,-202
3544,623
3545,525
3546,623
3547,523
3548,425
3549,675
3550,-129
3551,-75
3552,494
3553,398
3554,575
3555,625
3556,150
3557,298
3558,623
3559,625
3560,575
3561,-125
3562,573
3563,675
3564,625
3565,623
3566,525
3567,250
3568,425
3569,675
3570,675
3571,250
3572,-125
3573,675
3574,-125
3575,675
3576,675
3577,-25
3578,-79
3579,675
3580,400
3581,525
3582,673
3583,369
3584,575
3585,623
3586,525
3587,675
3588,-125
3589,571
3590,-125
3591,625
3592,675
3593,-25
3594,575
3595,675
3596,-125
3597,675
3598,425
3599,-75
3600,-125
3601,-75
3602,675
3603,125
3604,675
3605,421
3606,573
3607,625
3608,575
3609,621
3610,673
3611,573
3612,525
3613,675
3614,675
3615,673
3616,673
3617,673
3618,625
3619,675
3620,573
3621,425
3622,-125
3623,-100
3624,-127
3625,675
3626,-125
3627,575
3628,673
3629,398
3630,625
3631,425
3632,671
3633,-25
3634,525
3635,-25
3636,-175
3637,-200
3638,625
3639,-27
3640,-125
3641,625
3642,423
3643,425
3644,675
3645,675
3646,425
3647,425
3648,425
3649,-127
3650,525
3651,-77
3652,475
3653,623
3654,-54
3655,-27
3656,675
3657,675
3658,675
3659,-127
3660,571
3661,675
3662,673
3663,-125
3664,623
3665,575
3666,-125
3667,-75
3668,675
3669,675
3670,525
3671,675
3672,625
3673,-75
3674,425
3675,673
3676,623
3677,573
3678,-75
3679,573
3680,675
3681,675
3682,625
3683,-127
3684,673
3685,673
3686,325
3687,675
3688,675
3689,675
3690,100
3691,675
3692,623
3693,575
3694,575
3695,675
3696,673
3697,675
3698,-27
3699,675
3700,673
3701,675
3702,575
3703,625
3704,625
3705,-125
3706,523
3707,246
3708,675
3709,475
3710,-125
3711,625
3712,425
3713,525
3714,623
3715,675
3716,673
3717,348
3718,-200
3719,675
3720,575
3721,425
3722,675
3723,675
3724,375
3725,-125
3726,671
3727,675
3728,-175
3729,398
3730,448
3731,-75
3732,625
3733,675
3734,623
3735,598
3736,550
3737,675
3738,-125
3739,400
3740,673
3741,423
3742,623
3743,323
3744,675
3745,519
3746,525
3747,-77
3748,550
3749,575
3750,625
3751,-75
3752,575
3753,-75
3754,375
3755,-75
3756,571
3757,75
3758,675
3759,-25
3760,-125
3761,675
3762,525
3763,575
3764,623
3765,675
3766,623
3767,675
3768,675
3769,117
3770,396
3771,425
3772,575
3773,300
3774,-125
3775,673
3776,-75
3777,-25
3778,625
3779,675
3780,625
3781,625
3782,423
3783,-175
3784,675
3785,575
3786,673
3787,525
3788,298
3789,475
3790,523
3791,-125
3792,675
3793,-52
3794,675
3795,-25
3796,625
3797,671
3798,673
3799,673
3800,621
3801,523
3802,550
3803,-52
3804,550
3805,625
3806,675
3807,450
3808,625
3809,-125
3810,675
3811,525
3812,425
3813,525
3814,573
3815,673
3816,575
3817,673
3818,675
3819,-125
3820,675
3821,675
3822,498
3823,-75
3824,525
3825,298
3826,-129
3827,596
3828,375
3829,573
3830,-75
3831,571
3832,548
3833,673
3834,675
3835,-31
3836,-125
3837,675
3838,625
3839,-75
3840,-125
3841,475
3842,-125
3843,625
3844,625
3845,675
3846,-75
3847,150
3848,425
3849,-29
3850,550
3851,675
3852,675
3853,675
3854,675
3855,625
3856,675
3857,675
3858,675
3859,-75
3860,623
3861,673
3862,623
3863,375
3864,-125
3865,575
3866,-29
3867,675
3868,625
3869,675
3870,675
3871,623
3872,23
3873,-75
3874,-127
3875,471
3876,450
3877,473
3878,675
3879,675
3880,675
3881,350
3882,-29
3883,575
3884,625
3885,675
3886,300
3887,-75
3888,625
3889,675
3890,475
3891,-150
3892,-25
3893,675
3894,673
3895,500
3896,100
3897,625
3898,625
3899,675
3900,575
3901,675
3902,673
3903,248
3904,675
3905,-25
3906,573
3907,675
3908,-177
3909,673
3910,523
3911,673
3912,575
3913,-125
3914,475
3915,575
3916,575
3917,675
3918,625
3919,-79
3920,50
3921,625
3922,675
3923,298
3924,573
3925,-25
3926,675
3927,675
3928,523
3929,-125
3930,575
3931,625
3932,575
3933,623
3934,523
3935,469
3936,400
3937,673
3938,625
3939,550
3940,573
3941,575
3942,675
3943,673
3944,625
3945,675
3946,675
3947,675
3948,400
3949,675
3950,675
3951,675
3952,673
3953,-75
3954,625
3955,425
3956,675
3957,450
3958,-175
3959,-27
3960,625
3961,-75
3962,675
3963,673
3964,523
3965,475
3966,675
3967,673
3968,675
3969,400
3970,623
3971,675
3972,675
3973,675
3974,525
3975,675
3976,571
3977,575
3978,575
3979,473
3980,550
3981,673
3982,525
3983,625
3984,675
3985,625
3986,675
3987,275
3988,623
3989,-77
3990,673
3991,450
3992,575
3993,450
3994,375
3995,675
3996,675
3997,625
3998,421
3999,675
4000,125
4001,625
4002,-127
4003,-125
4004,675
4005,671
4006,-75
4007,673
4008,373
4009,675
4010,325
4011,-125
4012,525
4013,375
4014,-125
4015,625
4016,375
4017,525
4018,675
4019,675
4020,523
4021,673
4022,-27
4023,400
4024,496
4025,421
4026,675
4027,400
4028,625
4029,525
4030,400
4031,525
4032,625
4033,625
4034,675
4035,475
4036,148
4037,625
4038,669
4039,-29
4040,673
4041,-27
4042,523
4043,0
4044,550
4045,571
4046,423
4047,575
4048,348
4049,-25
4050,575
4051,675
4052,-125
4053,673
4054,575
4055,573
4056,348
4057,250
4058,625
4059,675
4060,623
4061,575
4062,675
4063,-75
4064,675
4065,675
4066,675
4067,675
4068,675
4069,675
4070,-75
4071,625
4072,575
4073,675
4074,523
4075,-125
4076,575
4077,625
4078,525
4079,625
4080,-79
4081,-125
4082,-125
4083,675
4084,-77
4085,373
4086,571
4087,619
4088,-125
4089,619
4090,673
4091,673
4092,673
4093,425
4094,346
4095,573
4096,675
4097,675
4098,625
4099,-25
4100,675
4101,625
4102,-125
4103,625
4104,673
4105,425
4106,-127
4107,525
4108,425
4109,546
4110,325
4111,665
4112,625
4113,373
4114,375
4115,623
4116,575
4117,-75
4118,-175
4119,625
4120,523
4121,-75
4122,675
4123,675
4124,569
4125,673
4126,673
4127,525
4128,623
4129,-175
4130,675
4131,375
4132,623
4133,350
4134,625
4135,300
4136,675
4137,398
4138,675
4139,673
4140,675
4141,675
4142,625
4143,525
4144,-125
4145,673
4146,675
4147,673
4148,425
4149,675
4150,425
4151,525
4152,548
4153,623
4154,573
4155,-127
4156,625
4157,675
4158,673
4159,625
4160,569
4161,150
4162,-27
4163,575
4164,575
4165,673
4166,675
4167,625
4168,675
4169,671
4170,625
4171,550
4172,575
4173,-2
4174,623
4175,473
4176,473
4177,573
4178,423
4179,623
4180,425
4181,623
4182,575
4183,375
4184,675
4185,-50
4186,525
4187,-204
4188,675
4189,673
4190,675
4191,625
4192,325
4193,425
4194,673
4195,575
4196,673
4197,675
4198,675
4199,675
4200,575
4201,621
4202,625
4203,673
4204,525
4205,525
4206,-75
4207,673
4208,-29
4209,575
4210,673
4211,323
4212,675
4213,675
4214,300
4215,675
4216,425
4217,525
4218,625
4219,673
4220,525
4221,675
4222,623
4223,398
4224,625
4225,675
4226,625
4227,625
4228,450
4229,-75
4230,-25
4231,450
4232,623
4233,675
4234,673
4235,625
4236,675
4237,675
4238,573
4239,396
4240,425
4241,575
4242,675
4243,-125
4244,673
4245,-75
4246,425
4247,375
4248,625
4249,575
4250,625
4251,423
4252,375
4253,-75
4254,244
4255,525
4256,573
4257,625
4258,-127
4259,-50
4260,325
4261,425
4262,675
4263,-125
4264,625
4265,-75
4266,523
4267,423
4268,675
4269,671
4270,575
4271,-77
4272,-175
4273,675
4274,675
4275,675
4276,575
4277,425
4278,-77
4279,275
4280,673
4281,675
4282,675
4283,673
4284,-27
4285,325
4286,671
4287,625
4288,-125
4289,450
4290,-27
4291,421
4292,675
4293,625
4294,525
4295,575
4296,673
4297,371
4298,548
4299,-129
4300,-125
4301,675
4302,425
4303,73
4304,-200
4305,675
4306,623
4307,673
4308,519
4309,675
4310,575
4311,675
4312,-152
4313,525
4314,-281
4315,675
4316,673
4317,523
4318,573
4319,146
4320,675
4321,423
4322,425
4323,523
4324,525
4325,673
4326,-125
4327,575
4328,525
4329,675
4330,-129
4331,425
4332,575
4333,350
4334,-125
4335,619
4336,423
4337,675
4338,675
4339,675
4340,675
4341,675
4342,-325
4343,675
4344,673
4345,575
4346,673
4347,-77
4348,625
4349,-125
4350,671
4351,375
4352,625
4353,523
4354,675
4355,-175
4356,675
4357,375
4358,423
4359,-25
4360,625
4361,275
4362,350
4363,623
4364,-125
4365,623
4366,-127
4367,675
4368,575
4369,675
4370,675
4371,675
4372,675
4373,571
4374,525
4375,625
4376,-125
4377,-75
4378,-25
4379,675
4380,273
4381,625
4382,625
4383,575
4384,425
4385,-27
4386,675
4387,673
4388,625
4389,-75
4390,675
4391,375
4392,350
4393,-25
4394,-102
4395,675
4396,-75
4397,423
4398,675
4399,673
4400,675
4401,625
4402,675
4403,-50
4404,623
4405,-175
4406,625
4407,350
4408,573
4409,-331
4410,-125
4411,675
4412,673
4413,598
4414,350
4415,675
4416,625
4417,675
4418,675
4419,525
4420,621
4421,575
4422,-77
4423,623
4424,615
4425,-75
4426,675
4427,675
4428,569
4429,625
4430,425
4431,619
4432,673
4433,-52
4434,350
4435,675
4436,525
4437,625
4438,-29
4439,-77
4440,621
4441,-75
4442,325
4443,-175
4444,575
4445,425
4446,675
4447,675
4448,-75
4449,621
4450,375
4451,675
4452,373
4453,498
4454,675
4455,675
4456,675
4457,525
4458,675
4459,623
4460,675
4461,675
4462,-125
4463,675
4464,675
4465,675
4466,623
4467,525
4468,623
4469,675
4470,500
4471,523
4472,625
4473,-75
4474,573
4475,675
4476,619
4477,-25
4478,398
4479,398
4480,550
4481,625
4482,675
4483,625
4484,400
4485,573
4486,-181
4487,625
4488,573
4489,673
4490,675
4491,525
4492,523
4493,425
4494,-25
4495,673
4496,-125
4497,398
4498,525
4499,425
4500,-75
4501,673
4502,675
4503,575
4504,675
4505,675
4506,-79
4507,675
4508,475
4509,675
4510,-77
4511,-27
4512,525
4513,-125
4514,525
4515,425
4516,571
4517,625
4518,675
4519,-125
4520,625
4521,675
4522,675
4523,625
4524,625
4525,623
4526,-175
4527,675
4528,675
4529,-75
4530,200
4531,525
4532,575
4533,371
4534,675
4535,423
4536,625
4537,675
4538,675
4539,-125
4540,625
4541,625
4542,-75
4543,625
4544,392
4545,473
4546,325
4547,675
4548,625
4549,575
4550,496
4551,675
4552,-177
4553,296
4554,-75
4555,575
4556,275
4557,525
4558,325
4559,625
4560,675
4561,675
4562,675
4563,125
4564,575
4565,300
4566,325
4567,675
4568,675
4569,575
4570,473
4571,-125
4572,448
4573,423
4574,625
4575,625
4576,0
4577,396
4578,-125
4579,575
4580,550
4581,-125
4582,523
4583,-25
4584,-125
4585,575
4586,-25
4587,-200
4588,475
4589,573
4590,573
4591,675
4592,625
4593,625
4594,675
4595,-75
4596,525
4597,669
4598,675
4599,625
4600,-75
4601,623
4602,625
4603,621
4604,275
4605,525
4606,573
4607,575
4608,-75
4609,675
4610,675
4611,525
4612,625
4613,-75
4614,-125
4615,675
4616,0
4617,575
4618,623
4619,625
4620,625
4621,625
4622,571
4623,571
4624,575
4625,575
4626,-25
4627,446
4628,-77
4629,625
4630,475
4631,671
4632,623
4633,625
4634,675
4635,523
4636,423
4637,-75
4638,573
4639,-125
4640,675
4641,-81
4642,675
4643,575
4644,573
4645,-25
4646,675
4647,375
4648,-127
4649,400
4650,423
4651,400
4652,-25
4653,425
4654,675
4655,623
4656,500
4657,673
4658,-125
4659,348
4660,673
4661,-75
4662,673
4663,448
4664,675
4665,-27
4666,-27
4667,625
4668,675
4669,-79
4670,675
4671,425
4672,625
4673,46
4674,623
4675,400
4676,623
4677,625
4678,675
4679,-125
4680,673
4681,575
4682,-125
4683,471
4684,425
4685,400
4686,573
4687,525
4688,623
4689,675
4690,-25
4691,471
4692,675
4693,248
4694,675
4695,350
4696,673
4697,300
4698,375
4699,675
4700,494
4701,675
4702,575
4703,525
4704,625
4705,573
4706,625
4707,525
4708,625
4709,425
4710,571
4711,625
4712,625
4713,573
4714,675
4715,625
4716,375
4717,675
4718,675
4719,-125
4720,675
4721,623
4722,623
4723,625
4724,625
4725,571
4726,-100
4727,-75
4728,375
4729,325
4730,625
4731,625
4732,625
4733,675
4734,350
4735,625
4736,675
4737,675
4738,550
4739,673
4740,621
4741,675
4742,625
4743,500
4744,625
4745,-125
4746,473
4747,625
4748,673
4749,675
4750,625
4751,475
4752,-125
4753,-127
4754,123
4755,250
4756,0
4757,623
4758,375
4759,-200
4760,575
4761,673
4762,675
4763,675
4764,671
4765,675
4766,675
4767,625
4768,-25
4769,625
4770,625
4771,675
4772,623
4773,-127
4774,396
4775,575
4776,575
4777,-75
4778,498
4779,-75
4780,675
4781,675
4782,675
4783,373
4784,525
4785,475
4786,575
4787,-27
4788,675
4789,675
4790,-25
4791,525
4792,-27
4793,475
4794,625
4795,623
4796,550
4797,673
4798,675
4799,425
4800,-200
4801,323
4802,673
4803,675
4804,396
4805,-177
4806,675
4807,575
4808,675
4809,673
4810,-127
4811,675
4812,675
4813,373
4814,575
4815,-125
4816,675
4817,675
4818,675
4819,675
4820,625
4821,675
4822,625
4823,373
4824,673
4825,625
4826,548
4827,-100
4828,423
4829,675
4830,671
4831,623
4832,625
4833,325
4834,673
4835,625
4836,498
4837,675
4838,619
4839,500
4840,225
4841,625
4842,625
4843,625
4844,-125
4845,675
4846,675
4847,673
4848,-125
4849,675
4850,675
4851,671
4852,425
4853,625
4854,-125
4855,673
4856,-177
4857,675
4858,575
4859,625
4860,471
4861,675
4862,348
4863,673
4864,623
4865,673
4866,625
4867,475
4868,375
4869,675
4870,625
4871,-75
4872,675
4873,675
4874,575
4875,675
4876,-125
4877,675
4878,675
4879,673
4880,-75
4881,625
4882,-75
4883,200
4884,625
4885,423
4886,471
4887,-25
4888,673
4889,675
4890,-127
4891,523
4892,375
4893,675
4894,475
4895,498
4896,525
4897,-125
4898,373
4899,675
4900,625
4901,425
4902,623
4903,675
4904,621
4905,623
4906,525
4907,525
4908,525
4909,621
4910,525
4911,-75
4912,-125
4913,425
4914,625
4915,675
4916,625
4917,-27
4918,623
4919,625
4920,273
4921,548
4922,498
4923,475
4924,421
4925,271
4926,675
4927,350
4928,-75
4929,625
4930,250
4931,550
4932,250
4933,675
4934,471
4935,-125
4936,673
4937,675
4938,-129
4939,-200
4940,575
4941,673
4942,-127
4943,673
4944,673
4945,396
4946,675
4947,673
4948,-200
4949,573
4950,575
4951,575
4952,675
4953,398
4954,-175
4955,-75
4956,675
4957,675
4958,398
4959,675
4960,-125
4961,625
4962,673
4963,673
4964,-125
4965,-125
4966,600
4967,550
4968,675
4969,673
4970,625
4971,675
4972,-25
4973,348
4974,675
4975,625
4976,675
4977,523
4978,350
4979,400
4980,675
4981,675
4982,-125
4983,100
4984,675
4985,625
4986,398
4987,675
4988,-127
4989,675
4990,-127
4991,675
4992,625
4993,548
4994,-75
4995,675
4996,625
4997,625
4998,275
4999,573
5000,675
5001,275
5002,673
5003,571
5004,71
5005,523
5006,-75
5007,-175
5008,425
5009,675
5010,625
5011,523
5012,625
5013,675
5014,673
5015,675
5016,675
5017,525
5018,675
5019,673
5020,523
5021,548
5022,-125
5023,-75
5024,425
5025,673
5026,225
5027,425
5028,496
5029,475
5030,625
5031,675
5032,573
5033,475
5034,675
5035,625
5036,675
5037,673
5038,675
5039,-75
5040,625
5041,400
5042,-75
5043,623
5044,625
5045,-125
5046,675
5047,573
5048,-27
5049,-25
5050,-125
5051,623
5052,675
5053,571
5054,625
5055,48
5056,500
5057,-56
5058,525
5059,625
5060,625
5061,675
5062,625
5063,673
5064,673
5065,425
5066,671
5067,573
5068,675
5069,296
5070,-125
5071,-75
5072,675
5073,-125
5074,473
5075,-127
5076,421
5077,425
5078,675
5079,498
5080,-125
5081,675
5082,-75
5083,425
5084,-200
5085,675
5086,675
5087,-75
5088,675
5089,471
5090,473
5091,675
5092,-29
5093,675
5094,571
5095,300
5096,573
5097,246
5098,50
5099,623
5100,675
5101,475
5102,525
5103,675
5104,675
5105,525
5106,675
5107,673
5108,673
5109,550
5110,625
5111,525
5112,625
5113,675
5114,625
5115,498
5116,625
5117,-129
5118,571
5119,675
5120,675
5121,621
5122,550
5123,675
5124,623
5125,673
5126,-125
5127,573
5128,671
5129,548
5130,-79
5131,625
5132,-125
5133,-75
5134,625
5135,575
5136,675
5137,621
5138,-127
5139,425
5140,525
5141,675
5142,675
5143,-125
5144,675
5145,675
5146,-181
5147,623
5148,625
5149,225
5150,675
5151,625
5152,675
5153,423
5154,625
5155,-125
5156,625
5157,521
5158,575
5159,673
5160,400
5161,573
5162,673
5163,575
5164,400
5165,423
5166,-27
5167,323
5168,350
5169,-77
5170,550
5171,623
5172,675
5173,400
5174,521
5175,400
5176,550
5177,375
5178,673
5179,675
5180,675
5181,625
5182,675
5183,-25
5184,625
5185,575
5186,-100
5187,675
5188,625
5189,425
5190,675
5191,623
5192,675
5193,625
5194,625
5195,675
5196,625
5197,575
5198,73
5199,625
5200,675
5201,673
5202,296
5203,625
5204,675
5205,669
5206,575
5207,523
5208,348
5209,675
5210,675
5211,325
5212,-127
5213,675
5214,-175
5215,675
5216,425
5217,-75
5218,323
5219,475
5220,298
5221,675
5222,625
5223,425
5224,625
5225,198
5226,348
5227,350
5228,675
5229,-81
5230,148
5231,-175
5232,473
5233,673
5234,525
5235,0
5236,250
5237,-125
5238,625
5239,675
5240,673
5241,675
5242,675
5243,625
5244,621
5245,675
5246,523
5247,-125
5248,625
5249,423
5250,-125
5251,575
5252,-29
5253,550
5254,671
5255,-75
5256,625
5257,-79
5258,673
5259,398
5260,625
5261,-27
5262,373
5263,296
5264,675
5265,375
5266,-27
5267,100
5268,625
5269,675
5270,-77
5271,425
5272,623
5273,375
5274,275
5275,546
5276,398
5277,575
5278,573
5279,673
5280,-25
5281,348
5282,575
5283,-27
5284,346
5285,675
5286,575
5287,-200
5288,523
5289,-75
5290,550
5291,548
5292,623
5293,575
5294,623
5295,575
5296,373
5297,625
5298,625
5299,50
5300,625
5301,673
5302,673
5303,675
5304,-127
5305,96
5306,-125
5307,623
5308,-75
5309,625
5310,675
5311,673
5312,275
5313,625
5314,-75
5315,-125
5316,500
5317,-127
5318,575
5319,625
5320,625
5321,621
5322,-100
5323,671
5324,250
5325,575
5326,-125
5327,625
5328,-25
5329,-125
5330,675
5331,296
5332,673
5333,675
5334,550
5335,573
5336,675
5337,471
5338,675
5339,346
5340,675
5341,625
5342,623
5343,675
5344,625
5345,400
5346,625
5347,673
5348,623
5349,675
5350,548
5351,575
5352,625
5353,296
5354,625
5355,350
5356,571
5357,550
5358,-127
5359,623
5360,673
5361,625
5362,-75
5363,500
5364,525
5365,-75
5366,673
5367,675
5368,425
5369,575
5370,675
5371,623
5372,675
5373,550
5374,675
5375,-75
5376,475
5377,675
5378,675
5379,675
5380,471
5381,-77
5382,675
5383,673
5384,625
5385,675
5386,517
5387,675
5388,-177
5389,675
5390,675
5391,575
5392,-125
5393,675
5394,-129
5395,50
5396,625
5397,-75
5398,571
5399,673
5400,400
5401,673
5402,675
5403,473
5404,623
5405,575
5406,525
5407,-200
5408,-75
5409,675
5410,623
5411,475
5412,675
5413,675
5414,525
5415,-125
5416,675
5417,375
5418,675
5419,573
5420,350
5421,150
5422,298
5423,675
5424,673
5425,-125
5426,675
5427,573
5428,325
5429,575
5430,0
5431,500
5432,400
5433,-125
5434,573
5435,675
5436,-27
5437,623
5438,675
5439,675
5440,675
5441,-75
5442,225
5443,625
5444,675
5445,675
5446,425
5447,575
5448,675
5449,623
5450,523
5451,623
5452,423
5453,-125
5454,575
5455,-125
5456,375
5457,425
5458,675
5459,623
5460,673
5461,573
5462,675
5463,623
5464,575
5465,525
5466,675
5467,625
5468,675
5469,673
5470,523
5471,675
5472,-27
5473,675
5474,621
5475,625
5476,475
5477,673
5478,625
5479,248
5480,575
5481,450
5482,523
5483,621
5484,300
5485,-125
5486,-125
5487,344
5488,-29
5489,325
5490,575
5491,625
5492,-27
5493,-25
5494,250
5495,-75
5496,675
5497,625
5498,673
5499,569
5500,473
5501,675
5502,675
5503,575
5504,671
5505,675
5506,-25
5507,-52
5508,675
5509,675
5510,573
5511,425
5512,675
5513,-25
5514,625
5515,623
5516,-25
5517,625
5518,425
5519,675
5520,675
5521,675
5522,298
5523,500
5524,-77
5525,675
5526,575
5527,675
5528,-75
5529,-125
5530,675
5531,248
5532,-75
5533,471
5534,350
5535,621
5536,675
5537,-75
5538,625
5539,675
5540,573
5541,475
5542,525
5543,675
5544,425
5545,673
5546,-29
5547,-125
5548,575
5549,-75
5550,625
5551,525
5552,525
5553,525
5554,525
5555,673
5556,675
5557,675
5558,675
5559,675
5560,573
5561,425
5562,673
5563,548
5564,525
5565,575
5566,-125
5567,350
5568,675
5569,525
5570,-75
5571,625
5572,575
5573,550
5574,625
5575,623
5576,446
5577,0
5578,-25
5579,675
5580,675
5581,625
5582,-50
5583,473
5584,498
5585,525
5586,-127
5587,673
5588,675
5589,575
5590,-77
5591,675
5592,-125
5593,675
5594,675
5595,673
5596,675
5597,-75
5598,500
5599,500
5600,675
5601,623
5602,-100
5603,573
5604,-27
5605,621
5606,400
5607,498
5608,575
5609,575
5610,623
5611,573
5612,575
5613,-125
5614,-177
5615,423
5616,675
5617,350
5618,675
5619,625
5620,623
5621,625
5622,673
5623,675
5624,0
5625,675
5626,-125
5627,-25
5628,623
5629,623
5630,675
5631,675
5632,-125
5633,675
5634,625
5635,625
5636,425
5637,575
5638,675
5639,675
5640,621
5641,675
5642,675
5643,675
5644,400
5645,473
5646,675
5647,21
5648,425
5649,425
5650,-79
5651,525
5652,675
5653,250
5654,375
5655,625
5656,498
5657,-125
5658,671
5659,575
5660,625
5661,-27
5662,675
5663,-75
5664,625
5665,675
5666,398
5667,-125
5668,548
5669,-75
5670,625
5671,475
5672,575
5673,675
5674,675
5675,675
5676,-75
5677,123
5678,675
5679,-75
5680,-75
5681,623
5682,-125
5683,350
5684,673
5685,625
5686,673
5687,675
5688,673
5689,675
5690,675
5691,-127
5692,675
5693,575
5694,675
5695,-175
5696,475
5697,675
5698,675
5699,375
5700,375
5701,625
5702,675
5703,-25
5704,673
5705,625
5706,373
5707,623
5708,-125
5709,-75
5710,623
5711,-127
5712,498
5713,675
5714,675
5715,-183
5716,-131
5717,346
5718,-27
5719,625
5720,425
5721,421
5722,623
5723,346
5724,-200
5725,-75
5726,-125
5727,-125
5728,-27
5729,-77
5730,-250
5731,446
5732,675
5733,675
5734,625
5735,675
5736,675
5737,675
5738,675
5739,-125
5740,-200
5741,575
5742,-25
5743,673
5744,-77
5745,-125
5746,400
5747,675
5748,675
5749,675
5750,623
5751,523
5752,675
5753,425
5754,425
5755,625
5756,-200
5757,675
5758,625
5759,575
5760,673
5761,625
5762,623
5763,673
5764,675
5765,350
5766,675
5767,675
5768,675
5769,675
5770,675
5771,625
5772,623
5773,473
5774,675
5775,675
5776,675
5777,575
5778,575
5779,-27
5780,423
5781,300
5782,398
5783,448
5784,525
5785,575
5786,673
5787,675
5788,548
5789,425
5790,673
5791,675
5792,673
5793,525
5794,675
5795,200
5796,673
5797,625
5798,525
5799,425
5800,675
5801,673
5802,573
5803,400
5804,425
5805,625
5806,673
5807,525
5808,671
5809,375
5810,500
5811,573
5812,625
5813,575
5814,675
5815,425
5816,-127
5817,450
5818,523
5819,300
5820,-25
5821,275
5822,350
5823,671
5824,-175
5825,-131
5826,523
5827,673
5828,423
5829,-125
5830,625
5831,623
5832,675
5833,675
5834,-125
5835,425
5836,675
5837,623
5838,546
5839,-125
5840,623
5841,375
5842,375
5843,675
5844,625
5845,675
5846,573
5847,450
5848,523
5849,525
5850,573
5851,625
5852,625
5853,-325
5854,-25
5855,675
5856,675
5857,300
5858,675
5859,-125
5860,-27
5861,675
5862,621
5863,-129
5864,675
5865,623
5866,-25
5867,675
5868,-300
5869,625
5870,675
5871,673
5872,675
5873,673
5874,98
5875,573
5876,675
5877,-75
5878,675
5879,673
5880,675
5881,675
5882,675
5883,-125
5884,625
5885,675
5886,625
5887,625
5888,325
5889,623
5890,675
5891,675
5892,-25
5893,-75
5894,350
5895,625
5896,623
5897,575
5898,623
5899,-77
5900,223
5901,575
5902,525
5903,675
5904,673
5905,625
5906,671
5907,423
5908,175
5909,675
5910,625
5911,-175
5912,675
5913,623
5914,625
5915,673
5916,675
5917,-125
5918,350
5919,475
5920,475
5921,675
5922,350
5923,675
5924,273
5925,625
5926,671
5927,575
5928,423
5929,625
5930,625
5931,525
5932,675
5933,675
5934,675
5935,675
5936,621
5937,675
5938,575
5939,525
5940,-27
5941,573
5942,675
5943,625
5944,500
5945,525
5946,525
5947,-100
5948,-75
5949,-75
5950,675
5951,625
5952,200
5953,-77
5954,575
5955,575
5956,400
5957,675
5958,673
5959,675
5960,673
5961,625
5962,225
5963,521
5964,475
5965,-75
5966,675
5967,625
5968,625
5969,675
5970,494
5971,350
5972,675
5973,575
5974,675
5975,625
5976,675
5977,500
5978,-77
5979,523
5980,400
5981,375
5982,350
5983,400
5984,-127
5985,-125
5986,473
5987,673
5988,375
5989,400
5990,673
5991,575
5992,375
5993,423
5994,623
5995,-77
5996,494
5997,-125
5998,525
5999,675
6000,671
6001,675
6002,625
6003,623
6004,675
6005,675
6006,25
6007,-125
6008,625
6009,275
6010,348
6011,-75
6012,675
6013,625
6014,344
6015,575
6016,-77
6017,625
6018,675
6019,675
6020,600
6021,-125
6022,400
6023,-177
6024,625
6025,548
6026,673
6027,-125
6028,675
6029,625
6030,671
6031,423
6032,573
6033,398
6034,675
6035,625
6036,625
6037,675
6038,673
6039,619
6040,525
6041,675
6042,625
6043,623
6044,575
6045,-75
6046,673
6047,623
6048,675
6049,623
6050,625
6051,423
6052,525
6053,673
6054,575
6055,675
6056,673
6057,-25
6058,473
6059,-177
6060,675
6061,675
6062,473
6063,673
6064,675
6065,400
6066,-81
6067,675
6068,-75
6069,575
6070,525
6071,623
6072,623
6073,375
6074,-125
6075,575
6076,575
6077,623
6078,675
6079,-75
6080,525
6081,-77
6082,325
6083,573
6084,550
6085,625
6086,625
6087,675
6088,625
6089,625
6090,625
6091,573
6092,400
6093,623
6094,-200
6095,675
6096,525
6097,623
6098,675
6099,573
6100,671
6101,571
6102,550
6103,400
6104,617
6105,625
6106,675
6107,623
6108,525
6109,400
6110,550
6111,625
6112,623
6113,298
6114,625
6115,625
6116,400
6117,675
6118,675
6119,425
6120,675
6121,575
6122,573
6123,-125
6124,675
6125,623
6126,675
6127,244
6128,675
6129,673
6130,525
6131,-175
6132,-29
6133,673
6134,-127
6135,248
6136,625
6137,625
6138,673
6139,625
6140,673
6141,673
6142,-150
6143,625
6144,625
6145,550
6146,525
6147,-175
6148,571
6149,525
6150,-200
6151,623
6152,200
6153,623
6154,625
6155,-175
6156,675
6157,-77
6158,523
6159,675
6160,94
6161,673
6162,175
6163,675
6164,675
6165,673
6166,523
6167,523
6168,573
6169,548
6170,675
6171,625
6172,675
6173,-77
6174,-25
6175,575
6176,625
6177,-27
6178,546
6179,-125
6180,673
6181,-175
6182,675
6183,425
6184,-27
6185,675
6186,-300
6187,-125
6188,-81
6189,675
6190,550
6191,425
6192,425
6193,575
6194,625
6195,675
6196,625
6197,625
6198,425
6199,675
6200,425
6201,675
6202,500
6203,675
6204,-27
6205,-27
6206,625
6207,-125
6208,375
6209,575
6210,675
6211,575
6212,-27
6213,673
6214,400
6215,625
6216,675
6217,400
6218,625
6219,-75
6220,675
6221,-75
6222,525
6223,525
6224,425
6225,621
6226,675
6227,625
6228,525
6229,573
6230,575
6231,675
6232,350
6233,625
6234,675
6235,550
6236,675
6237,675
6238,-75
6239,550
6240,575
6241,575
6242,-75
6243,325
6244,673
6245,675
6246,673
6247,-77
6248,675
6249,625
6250,-127
6251,573
6252,621
6253,623
6254,-125
6255,673
6256,148
6257,675
6258,675
6259,675
6260,-125
6261,617
6262,673
6263,625
6264,-25
6265,-29
6266,425
6267,675
6268,-125
6269,475
6270,525
6271,500
6272,573
6273,575
6274,523
6275,550
6276,675
6277,-127
6278,675
6279,-75
6280,425
6281,673
6282,-75
6283,623
6284,525
6285,575
6286,548
6287,575
6288,675
6289,671
6290,673
6291,673
6292,675
6293,673
6294,425
6295,625
6296,-102
6297,475
6298,294
6299,275
6300,675
6301,621
6302,250
6303,675
6304,523
6305,625
6306,-75
6307,625
6308,675
6309,625
6310,425
6311,475
6312,425
6313,675
6314,675
6315,621
6316,-125
6317,525
6318,275
6319,496
6320,-75
6321,675
6322,625
6323,425
6324,-127
6325,575
6326,-75
6327,575
6328,425
6329,375
6330,400
6331,525
6332,675
6333,398
6334,675
6335,675
6336,573
6337,573
6338,675
6339,-25
6340,625
6341,675
6342,-125
6343,675
6344,675
6345,523
6346,-125
6347,625
6348,-25
6349,675
6350,625
6351,675
6352,425
6353,575
6354,-127
6355,575
6356,-25
6357,-75
6358,-125
6359,675
6360,-127
6361,621
6362,673
6363,673
6364,625
6365,675
6366,575
6367,525
6368,575
6369,348
6370,375
6371,625
6372,344
6373,400
6374,625
6375,-200
6376,421
6377,473
6378,625
6379,-127
6380,625
6381,623
6382,425
6383,-127
6384,521
6385,623
6386,625
6387,625
6388,148
6389,-25
6390,300
6391,675
6392,675
6393,625
6394,525
6395,675
6396,623
6397,675
6398,375
6399,-127
6400,48
6401,623
6402,675
6403,673
6404,623
6405,546
6406,673
6407,575
6408,550
6409,575
6410,625
6411,475
6412,400
6413,573
6414,625
6415,550
6416,571
6417,425
6418,625
6419,625
6420,-125
6421,-79
6422,475
6423,475
6424,675
6425,-75
6426,675
6427,-2
6428,523
6429,-125
6430,525
6431,594
6432,275
6433,625
6434,-77
6435,525
6436,350
6437,525
6438,625
6439,-125
6440,673
6441,675
6442,675
6443,346
6444,623
6445,575
6446,675
6447,675
6448,675
6449,-125
6450,625
6451,623
6452,671
6453,675
6454,675
6455,575
6456,675
6457,-125
6458,575
6459,675
6460,675
6461,-75
6462,623
6463,-75
6464,625
6465,-77
6466,469
6467,623
6468,673
6469,575
6470,475
6471,498
6472,623
6473,673
6474,571
6475,-375
6476,425
6477,550
6478,525
6479,625
6480,675
6481,575
6482,523
6483,625
6484,348
6485,573
6486,-125
6487,575
6488,673
6489,675
6490,675
6491,375
6492,548
6493,673
6494,523
6495,673
6496,675
6497,550
6498,625
6499,550
6500,-127
6501,25
6502,-125
6503,675
6504,675
6505,-129
6506,675
6507,473
6508,575
6509,25
6510,569
6511,325
6512,575
6513,-125
6514,-175
6515,673
6516,625
6517,623
6518,575
6519,573
6520,400
6521,-52
6522,575
6523,625
6524,-25
6525,625
6526,673
6527,675
6528,625
6529,625
6530,573
6531,673
6532,498
6533,-125
6534,673
6535,575
6536,475
6537,625
6538,300
6539,625
6540,-75
6541,400
6542,675
6543,675
6544,675
6545,625
6546,675
6547,673
6548,623
6549,675
6550,-125
6551,623
6552,400
6553,-125
6554,425
6555,392
6556,525
6557,475
6558,-127
6559,625
6560,623
6561,625
6562,-77
6563,398
6564,-125
6565,675
6566,675
6567,673
6568,625
6569,525
6570,675
6571,425
6572,573
6573,625
6574,675
6575,423
6576,396
6577,675
6578,673
6579,-75
6580,523
6581,275
6582,273
6583,675
6584,625
6585,550
6586,300
6587,525
6588,625
6589,298
6590,625
6591,675
6592,673
6593,271
6594,300
6595,573
6596,625
6597,675
6598,625
6599,148
6600,625
6601,573
6602,673
6603,675
6604,525
6605,473
6606,-25
6607,575
6608,675
6609,-125
6610,521
6611,621
6612,625
6613,675
6614,673
6615,625
6616,525
6617,675
6618,-102
6619,625
6620,575
6621,675
6622,625
6623,573
6624,625
6625,575
6626,619
6627,-77
6628,575
6629,675
6630,675
6631,571
6632,625
6633,-25
6634,-127
6635,573
6636,675
6637,625
6638,523
6639,675
6640,625
6641,325
6642,-75
6643,575
6644,625
6645,350
6646,-177
6647,523
6648,673
6649,525
6650,-125
6651,675
6652,525
6653,625
6654,575
6655,-25
6656,569
6657,675
6658,575
6659,25
6660,573
6661,673
6662,625
6663,-125
6664,475
6665,425
6666,675
6667,-125
6668,673
6669,-377
6670,625
6671,675
6672,625
6673,625
6674,675
6675,623
6676,675
6677,675
6678,-125
6679,675
6680,673
6681,521
6682,248
6683,575
6684,673
6685,673
6686,675
6687,625
6688,419
6689,619
6690,73
6691,575
6692,625
6693,675
6694,675
6695,675
6696,625
6697,675
6698,675
6699,-125
6700,675
6701,400
6702,425
6703,675
6704,550
6705,-27
6706,-54
6707,673
6708,623
6709,550
6710,548
6711,675
6712,621
6713,625
6714,675
6715,523
6716,-125
6717,246
6718,675
6719,575
6720,673
6721,671
6722,-75
6723,675
6724,425
6725,675
6726,-125
6727,625
6728,325
6729,675
6730,-125
6731,-29
6732,-125
6733,675
6734,525
6735,-125
6736,-75
6737,-177
6738,675
6739,675
6740,375
6741,300
6742,675
6743,675
6744,673
6745,625
6746,-75
6747,300
6748,673
6749,675
6750,671
6751,350
6752,625
6753,-27
6754,675
6755,525
6756,675
6757,450
6758,425
6759,625
6760,625
6761,-125
6762,619
6763,675
6764,523
6765,675
6766,573
6767,-29
6768,623
6769,475
6770,523
6771,523
6772,675
6773,-125
6774,-125
6775,675
6776,250
6777,-75
6778,625
6779,625
6780,525
6781,523
6782,423
6783,298
6784,625
6785,675
6786,575
6787,575
6788,450
6789,573
6790,525
6791,500
6792,525
6793,625
6794,673
6795,675
6796,625
6797,523
6798,675
6799,346
6800,675
6801,521
6802,525
6803,-75
6804,625
6805,-125
6806,675
6807,673
6808,673
6809,675
6810,-27
6811,675
6812,573
6813,-127
6814,625
6815,673
6816,625
6817,425
6818,525
6819,675
6820,675
6821,-300
6822,-75
6823,325
6824,525
6825,675
6826,623
6827,675
6828,475
6829,673
6830,-77
6831,-2
6832,575
6833,-225
6834,-75
6835,673
6836,-75
6837,-77
6838,525
6839,671
6840,575
6841,675
6842,675
6843,550
6844,-77
6845,-175
6846,675
6847,550
6848,675
6849,675
6850,675
6851,623
6852,675
6853,375
6854,525
6855,625
6856,425
6857,675
6858,-75
6859,423
6860,675
6861,398
6862,400
6863,-127
6864,673
6865,575
6866,523
6867,-75
6868,-125
6869,375
6870,-75
6871,-29
6872,673
6873,625
6874,375
6875,673
6876,-125
6877,550
6878,673
6879,575
6880,673
6881,523
6882,200
6883,673
6884,673
6885,625
6886,500
6887,-77
6888,425
6889,625
6890,623
6891,425
6892,-175
6893,573
6894,-127
6895,673
6896,-131
6897,350
6898,573
6899,673
6900,623
6901,-75
6902,675
6903,448
6904,675
6905,625
6906,673
6907,625
6908,625
6909,675
6910,350
6911,425
6912,573
6913,675
6914,675
6915,621
6916,525
6917,675
6918,675
6919,625
6920,675
6921,300
6922,473
6923,525
6924,675
6925,675
6926,425
6927,675
6928,525
6929,-25
6930,400
6931,-175
6932,623
6933,-200
6934,575
6935,673
6936,-125
6937,525
6938,400
6939,675
6940,425
6941,673
6942,-79
6943,675
6944,675
6945,625
6946,625
6947,675
6948,-125
6949,623
6950,350
6951,373
6952,-127
6953,-204
6954,575
6955,575
6956,675
6957,475
6958,-125
6959,550
6960,498
6961,675
6962,675
6963,675
6964,675
6965,625
6966,-127
6967,448
6968,675
6969,-75
6970,250
6971,675
6972,400
6973,675
6974,525
6975,523
6976,575
6977,-175
6978,675
6979,573
6980,673
6981,-125
6982,675
6983,423
6984,675
6985,-25
6986,246
6987,673
6988,-125
6989,-27
6990,623
6991,575
6992,675
6993,621
6994,625
6995,673
6996,550
6997,575
6998,675
6999,675
7000,675
7001,473
7002,573
7003,675
7004,400
7005,675
7006,348
7007,425
7008,523
7009,675
7010,675
7011,675
7012,675
7013,423
7014,623
7015,625
7016,675
7017,675
7018,623
7019,675
7020,625
7021,675
7022,250
7023,625
7024,625
7025,675
7026,550
7027,-25
7028,523
7029,673
7030,625
7031,575
7032,-125
7033,-125
7034,673
7035,323
7036,675
7037,525
7038,675
7039,521
7040,675
7041,-77
7042,675
7043,-125
7044,575
7045,675
7046,675
7047,350
7048,400
7049,675
7050,-27
7051,471
7052,625
7053,-175
7054,675
7055,525
7056,-75
7057,623
7058,575
7059,-100
7060,-77
7061,675
7062,-75
7063,671
7064,-125
7065,-75
7066,675
7067,623
7068,150
7069,-104
7070,673
7071,675
7072,496
7073,300
7074,425
7075,675
7076,-77
7077,675
7078,675
7079,675
7080,-177
7081,675
7082,375
7083,425
7084,573
7085,675
7086,-150
7087,-77
7088,575
7089,525
7090,573
7091,250
7092,523
7093,-100
7094,-127
7095,550
7096,675
7097,400
7098,200
7099,223
7100,400
7101,625
7102,550
7103,625
7104,519
7105,-25
7106,673
7107,623
7108,625
7109,525
7110,575
7111,273
7112,625
7113,425
7114,623
7115,525
7116,371
7117,-75
7118,675
7119,548
7120,425
7121,573
7122,425
7123,621
7124,623
7125,300
7126,675
7127,623
7128,-75
7129,675
7130,623
7131,675
7132,575
7133,575
7134,-127
7135,-177
7136,675
7137,675
7138,350
7139,675
7140,675
7141,625
7142,-125
7143,575
7144,350
7145,-129
7146,523
7147,-31
7148,675
7149,571
7150,525
7151,-77
7152,425
7153,671
7154,300
7155,675
7156,673
7157,675
7158,-127
7159,625
7160,475
7161,675
7162,675
7163,673
7164,-125
7165,575
7166,671
7167,675
7168,675
7169,525
7170,675
7171,350
7172,673
7173,675
7174,-25
7175,-75
7176,525
7177,425
7178,621
7179,625
7180,523
7181,400
7182,675
7183,-225
7184,525
7185,675
7186,573
7187,-25
7188,-175
7189,675
7190,-125
7191,575
7192,598
7193,-150
7194,-125
7195,675
7196,675
7197,575
7198,-125
7199,675
7200,673
7201,575
7202,350
7203,400
7204,673
7205,673
7206,625
7207,575
7208,619
7209,-275
7210,-25
7211,623
7212,625
7213,675
7214,575
7215,-83
7216,673
7217,675
7218,498
7219,575
7220,625
7221,521
7222,525
7223,675
7224,400
7225,675
7226,675
7227,573
7228,675
7229,673
7230,400
7231,673
7232,625
7233,625
7234,-27
7235,523
7236,548
7237,673
7238,525
7239,-75
7240,673
7241,621
7242,575
7243,350
7244,-27
7245,675
7246,525
7247,625
7248,550
7249,500
7250,675
7251,523
7252,625
7253,623
7254,523
7255,-127
7256,-125
7257,625
7258,625
7259,400
7260,550
7261,525
7262,-125
7263,425
7264,-125
7265,623
7266,673
7267,625
7268,-75
7269,623
7270,498
7271,675
7272,575
7273,-27
7274,625
7275,221
7276,398
7277,675
7278,625
7279,348
7280,148
7281,623
7282,575
7283,675
7284,-125
7285,-127
7286,-125
7287,-75
7288,625
7289,675
7290,625
7291,575
7292,573
7293,675
7294,673
7295,-77
7296,525
7297,200
7298,673
7299,-75
7300,675
7301,425
7302,675
7303,475
7304,675
7305,675
7306,523
7307,675
7308,623
7309,519
7310,400
7311,675
7312,498
7313,525
7314,675
7315,673
7316,625
7317,675
7318,473
7319,623
7320,625
7321,675
7322,400
7323,671
7324,250
7325,-75
7326,525
7327,-175
7328,-27
7329,473
7330,575
7331,671
7332,575
7333,425
7334,-75
7335,523
7336,400
7337,400
7338,625
7339,-125
7340,675
7341,623
7342,425
7343,525
7344,625
7345,-127
7346,675
7347,671
7348,-27
7349,550
7350,-75
7351,-102
7352,623
7353,-75
7354,625
7355,498
7356,525
7357,396
7358,625
7359,625
7360,675
7361,525
7362,550
7363,475
7364,623
7365,-52
7366,373
7367,675
7368,625
7369,-75
7370,675
7371,625
7372,675
7373,669
7374,675
7375,-125
7376,675
7377,675
7378,675
7379,-75
7380,473
7381,173
7382,625
7383,625
7384,675
7385,675
7386,198
7387,-125
7388,-75
7389,675
7390,623
7391,675
7392,575
7393,575
7394,625
7395,625
7396,-2
7397,625
7398,623
7399,150
7400,675
7401,525
7402,623
7403,675
7404,625
7405,-175
7406,675
7407,625
7408,625
7409,625
7410,-175
7411,446
7412,575
7413,300
7414,325
7415,400
7416,619
7417,625
7418,625
7419,625
7420,-75
7421,400
7422,575
7423,619
7424,-75
7425,575
7426,550
7427,519
7428,675
7429,298
7430,675
7431,475
7432,675
7433,500
7434,625
7435,675
7436,-125
7437,50
7438,375
7439,675
7440,623
7441,673
7442,450
7443,625
7444,321
7445,-175
7446,675
7447,623
7448,173
7449,498
7450,300
7451,575
7452,623
7453,-77
7454,-77
7455,400
7456,625
7457,575
7458,621
7459,625
7460,675
7461,675
7462,575
7463,-77
7464,625
7465,471
7466,675
7467,675
7468,625
7469,675
7470,675
7471,615
7472,625
7473,550
7474,-127
7475,575
7476,-150
7477,-127
7478,375
7479,525
7480,675
7481,525
7482,673
7483,675
7484,675
7485,573
7486,498
7487,523
7488,625
7489,619
7490,621
7491,625
7492,400
7493,-50
7494,573
7495,-75
7496,-79
7497,471
7498,-75
7499,675
7500,367
7501,621
7502,675
7503,525
7504,673
7505,525
7506,625
7507,675
7508,625
7509,625
7510,623
7511,325
7512,375
7513,671
7514,573
7515,575
7516,473
7517,400
7518,675
7519,425
7520,-125
7521,475
7522,575
7523,625
7524,675
7525,675
7526,625
7527,573
7528,625
7529,673
7530,625
7531,-125
7532,523
7533,-125
7534,346
7535,675
7536,675
7537,-25
7538,525
7539,575
7540,-177
7541,625
7542,621
7543,673
7544,625
7545,-125
7546,-125
7547,625
7548,675
7549,-127
7550,675
7551,498
7552,673
7553,673
7554,675
7555,675
7556,673
7557,575
7558,-127
7559,319
7560,625
7561,675
7562,-125
7563,450
7564,575
7565,523
7566,375
7567,675
7568,675
7569,-129
7570,675
7571,-75
7572,-125
7573,323
7574,675
7575,-129
7576,671
7577,675
7578,623
7579,525
7580,575
7581,673
7582,400
7583,573
7584,673
7585,573
7586,675
7587,-125
7588,675
7589,-75
7590,573
7591,673
7592,573
7593,675
7594,525
7595,-125
7596,625
7597,-125
7598,675
7599,625
7600,675
7601,673
7602,625
7603,-25
7604,575
7605,398
7606,675
7607,-125
7608,-125
7609,673
7610,625
7611,673
7612,-75
7613,398
7614,623
7615,673
7616,-77
7617,521
7618,675
7619,675
7620,675
7621,-125
7622,575
7623,473
7624,-225
7625,623
7626,671
7627,548
7628,-225
7629,475
7630,-200
7631,675
7632,625
7633,350
7634,475
7635,675
7636,400
7637,-29
7638,-125
7639,675
7640,473
7641,23
7642,625
7643,625
7644,223
7645,673
7646,375
7647,-125
7648,-175
7649,675
7650,-27
7651,675
7652,675
7653,450
7654,625
7655,675
7656,400
7657,398
7658,623
7659,673
7660,625
7661,673
7662,623
7663,150
7664,-27
7665,625
7666,675
7667,398
7668,521
7669,675
7670,675
7671,425
7672,675
7673,550
7674,-75
7675,575
7676,-175
7677,673
7678,471
7679,-75
7680,673
7681,625
7682,675
7683,-125
7684,375
7685,675
7686,-77
7687,425
7688,500
7689,675
7690,-100
7691,425
7692,675
7693,-125
7694,671
7695,623
7696,-25
7697,-25
7698,673
7699,575
7700,400
7701,625
7702,400
7703,-125
7704,675
7705,675
7706,525
7707,250
7708,673
7709,273
7710,425
7711,625
7712,675
7713,-75
7714,675
7715,-75
7716,396
7717,621
7718,623
7719,625
7720,675
7721,-125
7722,519
7723,271
7724,675
7725,-6
7726,523
7727,621
7728,573
7729,623
7730,673
7731,625
7732,225
7733,675
7734,675
7735,548
7736,675
7737,673
7738,271
7739,-75
7740,625
7741,-127
7742,675
7743,625
7744,-125
7745,675
7746,675
7747,623
7748,675
7749,-2
7750,475
7751,600
7752,625
7753,448
7754,625
7755,675
7756,-79
7757,625
7758,-75
7759,673
7760,398
7761,675
7762,675
7763,575
7764,575
7765,350
7766,571
7767,473
7768,275
7769,575
7770,625
7771,525
7772,396
7773,625
7774,675
7775,-75
7776,675
7777,675
7778,471
7779,675
7780,475
7781,398
7782,523
7783,675
7784,523
7785,-25
7786,400
7787,571
7788,625
7789,525
7790,675
7791,-75
7792,575
7793,-50
7794,-25
7795,621
7796,-75
7797,-125
7798,525
7799,675
7800,425
7801,-225
7802,-25
7803,-125
7804,673
7805,625
7806,675
7807,621
7808,675
7809,423
7810,675
7811,523
7812,573
7813,573
7814,675
7815,621
7816,371
7817,621
7818,625
7819,625
7820,625
7821,675
7822,675
7823,671
7824,575
7825,675
7826,-125
7827,675
7828,625
7829,525
7830,523
7831,675
7832,675
7833,550
7834,623
7835,-127
7836,348
7837,-125
7838,675
7839,548
7840,475
7841,350
7842,675
7843,623
7844,571
7845,675
7846,573
7847,675
7848,525
7849,623
7850,575
7851,-25
7852,425
7853,623
7854,550
7855,350
7856,550
7857,475
7858,-125
7859,675
7860,450
7861,425
7862,625
7863,425
7864,675
7865,-175
7866,275
7867,675
7868,673
7869,621
7870,625
7871,625
7872,548
7873,500
7874,573
7875,675
7876,671
7877,275
7878,671
7879,623
7880,575
7881,396
7882,673
7883,625
7884,425
7885,625
7886,673
7887,-127
7888,575
7889,573
7890,673
7891,-125
7892,675
7893,573
7894,675
7895,675
7896,623
7897,519
7898,400
7899,625
7900,623
7901,575
7902,675
7903,-125
7904,675
7905,-75
7906,350
7907,523
7908,675
7909,-125
7910,675
7911,675
7912,-231
7913,-125
7914,375
7915,675
7916,675
7917,-125
7918,675
7919,625
7920,675
7921,523
7922,623
7923,625
7924,623
7925,675
7926,625
7927,223
7928,671
7929,-277
7930,-125
7931,548
7932,573
7933,-25
7934,675
7935,673
7936,625
7937,596
7938,475
7939,275
7940,625
7941,675
7942,625
7943,400
7944,675
7945,673
7946,523
7947,675
7948,675
7949,673
7950,625
7951,675
7952,548
7953,625
7954,673
7955,573
7956,671
7957,225
7958,-127
7959,525
7960,675
7961,625
7962,575
7963,625
7964,548
7965,675
7966,673
7967,525
7968,371
7969,-75
7970,625
7971,623
7972,400
7973,625
7974,675
7975,-25
7976,521
7977,-127
7978,621
7979,675
7980,-133
7981,675
7982,625
7983,375
7984,675
7985,350
7986,325
7987,625
7988,-125
7989,423
7990,575
7991,-125
7992,625
7993,623
7994,675
7995,371
7996,-125
7997,475
7998,673
7999,675
8000,675
8001,675
8002,-225
8003,-79
8004,675
8005,-75
8006,-127
8007,625
8008,523
8009,623
8010,-177
8011,675
8012,625
8013,523
8014,473
8015,673
8016,675
8017,573
8018,675
8019,-75
8020,573
8021,623
8022,673
8023,625
8024,675
8025,571
8026,623
8027,625
8028,196
8029,350
8030,-50
8031,675
8032,-225
8033,675
8034,625
8035,523
8036,671
8037,-202
8038,675
8039,675
8040,-127
8041,673
8042,625
8043,575
8044,325
8045,500
8046,523
8047,-125
8048,675
8049,475
8050,675
8051,675
8052,348
8053,675
8054,73
8055,373
8056,-75
8057,-75
8058,523
8059,675
8060,625
8061,575
8062,-125
8063,675
8064,675
8065,625
8066,425
8067,550
8068,-75
8069,-25
8070,625
8071,673
8072,675
8073,675
8074,625
8075,675
8076,623
8077,673
8078,523
8079,-75
8080,625
8081,675
8082,625
8083,675
8084,667
8085,-125
8086,521
8087,573
8088,419
8089,250
8090,625
8091,-125
8092,-125
8093,675
8094,675
8095,523
8096,625
8097,675
8098,-52
8099,573
8100,675
8101,675
8102,673
8103,575
8104,675
8105,675
8106,-25
8107,-75
8108,-125
8109,375
8110,575
8111,575
8112,625
8113,-177
8114,625
8115,675
8116,625
8117,375
8118,625
8119,623
8120,673
8121,423
8122,-75
8123,673
8124,-75
8125,625
8126,675
8127,-200
8128,673
8129,675
8130,675
8131,421
8132,675
8133,673
8134,575
8135,400
8136,671
8137,100
8138,623
8139,350
8140,675
8141,-77
8142,675
8143,-75
8144,550
8145,623
8146,673
8147,625
8148,625
8149,675
8150,423
8151,500
8152,-175
8153,400
8154,521
8155,525
8156,-75
8157,425
8158,550
8159,675
8160,625
8161,673
8162,675
8163,525
8164,-75
8165,625
8166,675
8167,673
8168,625
8169,625
8170,623
8171,-125
8172,-125
8173,675
8174,-200
8175,425
8176,671
8177,-75
8178,673
8179,675
8180,-25
8181,-127
8182,675
8183,575
8184,625
8185,675
8186,425
8187,675
8188,425
8189,625
8190,525
8191,675
8192,-250
8193,625
8194,523
8195,475
8196,625
8197,673
8198,673
8199,673
8200,673
8201,573
8202,-25
8203,673
8204,400
8205,498
8206,625
8207,673
8208,348
8209,400
8210,-75
8211,675
8212,675
8213,398
8214,675
8215,573
8216,675
8217,675
8218,500
8219,625
8220,298
8221,675
8222,523
8223,623
8224,525
8225,575
8226,625
8227,-79
8228,548
8229,-129
8230,-27
8231,675
8232,673
8233,273
8234,523
8235,-75
8236,-75
8237,275
8238,673
8239,425
8240,475
8241,675
8242,350
8243,625
8244,500
8245,675
8246,573
8247,275
8248,375
8249,575
8250,448
8251,400
8252,371
8253,623
8254,-125
8255,-125
8256,296
8257,675
8258,-77
8259,673
8260,-81
8261,623
8262,575
8263,675
8264,400
8265,-125
8266,0
8267,675
8268,675
8269,550
8270,548
8271,575
8272,623
8273,-75
8274,350
8275,675
8276,400
8277,-125
8278,625
8279,475
8280,-75
8281,573
8282,623
8283,200
8284,475
8285,673
8286,621
8287,623
8288,375
8289,575
8290,675
8291,525
8292,275
8293,675
8294,675
8295,573
8296,473
8297,525
8298,575
8299,575
8300,675
8301,-75
8302,625
8303,625
8304,671
8305,225
8306,-27
8307,575
8308,-125
8309,675
8310,625
8311,275
8312,-127
8313,523
8314,673
8315,494
8316,475
8317,573
8318,625
8319,-25
8320,273
8321,625
8322,-75
8323,625
8324,573
8325,625
8326,-75
8327,525
8328,-25
8329,-27
8330,569
8331,625
8332,-129
8333,675
8334,675
8335,523
8336,675
8337,675
8338,575
8339,-125
8340,-79
8341,523
8342,575
8343,675
8344,625
8345,623
8346,-75
8347,571
8348,671
8349,671
8350,425
8351,573
8352,575
8353,623
8354,-77
8355,671
8356,-125
8357,-75
8358,673
8359,-75
8360,625
8361,573
8362,-125
8363,569
8364,275
8365,525
8366,-325
8367,375
8368,575
8369,375
8370,675
8371,675
8372,473
8373,575
8374,-25
8375,623
8376,675
8377,671
8378,525
8379,-29
8380,675
8381,675
8382,-200
8383,623
8384,-29
8385,675
8386,575
8387,625
8388,-125
8389,-200
8390,623
8391,346
8392,425
8393,625
8394,675
8395,675
8396,190
8397,621
8398,375
8399,623
8400,496
8401,671
8402,675
8403,423
8404,523
8405,675
8406,-25
8407,573
8408,575
8409,548
8410,548
8411,-75
8412,-81
8413,575
8414,625
8415,621
8416,675
8417,498
8418,675
8419,675
8420,625
8421,675
8422,550
8423,675
8424,575
8425,575
8426,625
8427,-75
8428,425
8429,573
8430,673
8431,573
8432,-125
8433,625
8434,575
8435,671
8436,625
8437,-202
8438,573
8439,296
8440,100
8441,625
8442,575
8443,-125
8444,-27
8445,575
8446,525
8447,675
8448,-75
8449,623
8450,625
8451,-75
8452,325
8453,675
8454,523
8455,-175
8456,673
8457,-27
8458,575
8459,621
8460,623
8461,625
8462,-125
8463,675
8464,525
8465,575
8466,471
8467,675
8468,625
8469,675
8470,675
8471,675
8472,398
8473,673
8474,671
8475,625
8476,-175
8477,-2
8478,398
8479,675
8480,-125
8481,675
8482,-125
8483,675
8484,625
8485,-129
8486,675
8487,-75
8488,-125
8489,675
8490,-125
8491,-127
8492,623
8493,573
8494,-25
8495,675
8496,673
8497,625
8498,675
8499,275
8500,573
8501,-75
8502,673
8503,673
8504,525
8505,675
8506,675
8507,548
8508,223
8509,675
8510,673
8511,673
8512,525
8513,675
8514,625
8515,350
8516,673
8517,-79
8518,350
8519,-125
8520,623
8521,-29
8522,498
8523,625
8524,625
8525,623
8526,371
8527,-25
8528,623
8529,573
8530,675
8531,-75
8532,625
8533,675
8534,675
8535,675
8536,-127
8537,573
8538,675
8539,673
8540,675
8541,623
8542,425
8543,675
8544,275
8545,575
8546,575
8547,675
8548,275
8549,475
8550,625
8551,625
8552,475
8553,573
8554,675
8555,625
8556,673
8557,-200
8558,675
8559,675
8560,423
8561,346
8562,525
8563,400
8564,673
8565,596
8566,675
8567,525
8568,673
8569,-177
8570,548
8571,-125
8572,473
8573,625
8574,-75
8575,-75
8576,675
8577,625
8578,675
8579,525
8580,675
8581,-125
8582,525
8583,-125
8584,675
8585,-125
8586,675
8587,623
8588,398
8589,675
8590,-125
8591,325
8592,575
8593,-125
8594,673
8595,573
8596,673
8597,-125
8598,-125
8599,673
8600,573
8601,-125
8602,-75
8603,-75
8604,675
8605,400
8606,-75
8607,625
8608,675
8609,-25
8610,625
8611,675
8612,425
8613,625
8614,625
8615,475
8616,-75
8617,625
8618,625
8619,625
8620,200
8621,-127
8622,573
8623,-75
8624,200
8625,-75
8626,-125
8627,623
8628,-125
8629,-127
8630,675
8631,573
8632,673
8633,675
8634,675
8635,675
8636,621
8637,625
8638,525
8639,423
8640,550
8641,473
8642,623
8643,525
8644,625
8645,425
8646,571
8647,-75
8648,675
8649,-127
8650,673
8651,475
8652,573
8653,548
8654,675
8655,625
8656,625
8657,625
8658,623
8659,523
8660,-75
8661,625
8662,625
8663,575
8664,425
8665,375
8666,321
8667,673
8668,673
8669,573
8670,575
8671,-50
8672,625
8673,-75
8674,675
8675,475
8676,625
8677,573
8678,625
8679,575
8680,675
8681,675
8682,675
8683,675
8684,625
8685,523
8686,675
8687,-75
8688,623
8689,675
8690,-50
8691,625
8692,-27
8693,675
8694,623
8695,575
8696,-27
8697,675
8698,675
8699,675
8700,575
8701,675
8702,375
8703,548
8704,621
8705,625
8706,350
8707,675
8708,575
8709,625
8710,-27
8711,425
8712,-150
8713,625
8714,625
8715,425
8716,625
8717,-4
8718,625
8719,150
8720,-75
8721,673
8722,73
8723,-77
8724,0
8725,675
8726,625
8727,575
8728,-25
8729,625
8730,-75
8731,475
8732,-31
8733,425
8734,373
8735,400
8736,675
8737,225
8738,675
8739,467
8740,348
8741,573
8742,675
8743,-75
8744,398
8745,350
8746,675
8747,500
8748,423
8749,-75
8750,-25
8751,675
8752,525
8753,521
8754,-125
8755,675
8756,523
8757,675
8758,675
8759,425
8760,-27
8761,675
8762,575
8763,675
8764,625
8765,623
8766,523
8767,573
8768,669
8769,675
8770,625
8771,675
8772,-75
8773,-125
8774,625
8775,373
8776,375
8777,-125
8778,400
8779,675
8780,673
8781,675
8782,575
8783,673
8784,675
8785,625
8786,-125
8787,575
8788,675
8789,425
8790,575
8791,675
8792,173
8793,675
8794,550
8795,625
8796,-125
8797,550
8798,400
8799,248
8800,-100
8801,625
8802,298
8803,-127
8804,675
8805,573
8806,473
8807,425
8808,500
8809,625
8810,373
8811,-25
8812,400
8813,675
8814,-125
8815,625
8816,623
8817,625
8818,425
8819,575
8820,300
8821,623
8822,-225
8823,448
8824,621
8825,550
8826,675
8827,625
8828,625
8829,175
8830,-77
8831,496
8832,575
8833,625
8834,675
8835,675
8836,673
8837,573
8838,423
8839,-25
8840,625
8841,523
8842,-175
8843,400
8844,400
8845,-75
8846,671
8847,675
8848,569
8849,675
8850,675
8851,675
8852,625
8853,625
8854,548
8855,548
8856,525
8857,400
8858,625
8859,425
8860,573
8861,673
8862,625
8863,675
8864,523
8865,675
8866,675
8867,623
8868,625
8869,623
8870,575
8871,450
8872,348
8873,675
8874,525
8875,625
8876,625
8877,675
8878,625
8879,525
8880,671
8881,675
8882,625
8883,-175
8884,548
8885,675
8886,623
8887,-77
8888,675
8889,625
8890,625
8891,473
8892,573
8893,521
8894,675
8895,675
8896,675
8897,673
8898,400
8899,675
8900,675
8901,625
8902,475
8903,-227
8904,-125
8905,-127
8906,573
8907,673
8908,425
8909,673
8910,625
8911,375
8912,621
8913,-75
8914,625
8915,625
8916,448
8917,350
8918,423
8919,421
8920,471
8921,675
8922,523
8923,573
8924,523
8925,675
8926,621
8927,675
8928,-125
8929,573
8930,250
8931,625
8932,675
8933,675
8934,573
8935,625
8936,625
8937,675
8938,625
8939,625
8940,625
8941,625
8942,525
8943,-125
8944,625
8945,-175
8946,675
8947,625
8948,571
8949,625
8950,473
8951,625
8952,-75
8953,-125
8954,675
8955,673
8956,525
8957,625
8958,625
8959,625
8960,150
8961,625
8962,675
8963,521
8964,625
8965,675
8966,625
8967,-75
8968,621
8969,623
8970,523
8971,675
8972,475
8973,523
8974,675
8975,-25
8976,625
8977,475
8978,675
8979,-125
8980,-125
8981,-125
8982,-125
8983,-125
8984,673
8985,623
8986,575
8987,675
8988,675
8989,675
8990,625
8991,-25
8992,-77
8993,625
8994,550
8995,346
8996,623
8997,525
8998,675
8999,425
9000,450
9001,523
9002,673
9003,375
9004,675
9005,575
9006,448
9007,673
9008,-75
9009,375
9010,673
9011,675
9012,425
9013,675
9014,298
9015,573
9016,625
9017,675
9018,673
9019,625
9020,-75
9021,250
9022,-125
9023,423
9024,525
9025,98
9026,675
9027,523
9028,625
9029,-125
9030,-75
9031,623
9032,-175
9033,675
9034,-125
9035,425
9036,673
9037,425
9038,625
9039,675
9040,675
9041,-25
9042,623
9043,675
9044,-75
9045,675
9046,675
9047,-75
9048,525
9049,-25
9050,-127
9051,525
9052,625
9053,675
9054,675
9055,625
9056,675
9057,625
9058,625
9059,623
9060,-75
9061,625
9062,396
9063,675
9064,-127
9065,625
9066,475
9067,573
9068,-75
9069,423
9070,575
9071,575
9072,675
9073,-75
9074,444
9075,-175
9076,575
9077,-29
9078,675
9079,550
9080,675
9081,625
9082,675
9083,625
9084,425
9085,625
9086,675
9087,75
9088,675
9089,575
9090,675
9091,573
9092,400
9093,673
9094,675
9095,675
9096,625
9097,675
9098,673
9099,623
9100,-75
9101,673
9102,-75
9103,673
9104,550
9105,425
9106,-75
9107,625
9108,-27
9109,-127
9110,494
9111,625
9112,675
9113,-125
9114,625
9115,-81
9116,625
9117,521
9118,-75
9119,675
9120,575
9121,675
9122,225
9123,623
9124,575
9125,573
9126,575
9127,673
9128,525
9129,625
9130,375
9131,625
9132,675
9133,625
9134,675
9135,525
9136,623
9137,625
9138,425
9139,-75
9140,575
9141,625
9142,-75
9143,-125
9144,573
9145,425
9146,625
9147,-127
9148,575
9149,675
9150,-125
9151,623
9152,625
9153,625
9154,523
9155,521
9156,-81
9157,525
9158,673
9159,-125
9160,625
9161,525
9162,350
9163,625
9164,575
9165,598
9166,625
9167,375
9168,625
9169,-125
9170,300
9171,475
9172,-75
9173,675
9174,625
9175,575
9176,575
9177,300
9178,675
9179,675
9180,675
9181,675
9182,-125
9183,398
9184,473
9185,525
9186,675
9187,623
9188,-127
9189,675
9190,675
9191,298
9192,350
9193,-200
9194,573
9195,573
9196,575
9197,675
9198,246
9199,625
9200,575
9201,-25
9202,625
9203,625
9204,525
9205,673
9206,675
9207,523
9208,675
9209,300
9210,346
9211,675
9212,623
9213,675
9214,-75
9215,625
9216,619
9217,-125
9218,675
9219,-77
9220,575
9221,575
9222,625
9223,-127
9224,-77
9225,625
9226,625
9227,-27
9228,675
9229,625
9230,-25
9231,673
9232,625
9233,546
9234,-75
9235,675
9236,625
9237,-175
9238,550
9239,525
9240,425
9241,-75
9242,675
9243,625
9244,400
9245,625
9246,675
9247,-77
9248,675
9249,-75
9250,575
9251,575
9252,-25
9253,400
9254,625
9255,673
9256,625
9257,-200
9258,525
9259,625
9260,621
9261,275
9262,675
9263,625
9264,675
9265,675
9266,-125
9267,450
9268,350
9269,625
9270,675
9271,675
9272,619
9273,575
9274,425
9275,425
9276,-75
9277,398
9278,623
9279,475
9280,-127
9281,675
9282,375
9283,625
9284,675
9285,348
9286,323
9287,673
9288,675
9289,-79
9290,-75
9291,575
9292,-127
9293,575
9294,675
9295,-125
9296,550
9297,673
9298,573
9299,-125
9300,675
9301,-75
9302,223
9303,673
9304,673
9305,575
9306,675
9307,675
9308,423
9309,675
9310,675
9311,623
9312,473
9313,575
9314,-125
9315,671
9316,-125
9317,573
9318,-200
9319,575
9320,350
9321,625
9322,675
9323,375
9324,221
9325,525
9326,673
9327,-127
9328,500
9329,525
9330,675
9331,673
9332,669
9333,625
9334,-327
9335,575
9336,425
9337,673
9338,625
9339,523
9340,-125
9341,219
9342,625
9343,575
9344,575
9345,-75
9346,625
9347,298
9348,625
9349,-75
9350,675
9351,625
9352,-29
9353,675
9354,-175
9355,573
9356,675
9357,-177
9358,-125
9359,675
9360,625
9361,525
9362,548
9363,-125
9364,625
9365,-177
9366,625
9367,675
9368,-29
9369,471
9370,675
9371,396
9372,-75
9373,-75
9374,400
9375,575
9376,523
9377,625
9378,675
9379,575
9380,625
9381,675
9382,-125
9383,246
9384,548
9385,625
9386,-125
9387,625
9388,675
9389,675
9390,-77
9391,-52
9392,625
9393,525
9394,675
9395,675
9396,625
9397,675
9398,617
9399,673
9400,575
9401,-127
9402,623
9403,-79
9404,619
9405,-125
9406,625
9407,623
9408,348
9409,675
9410,200
9411,623
9412,375
9413,396
9414,671
9415,375
9416,675
9417,675
9418,675
9419,-77
9420,675
9421,350
9422,675
9423,575
9424,675
9425,421
9426,375
9427,675
9428,-125
9429,475
9430,573
9431,398
9432,-75
9433,675
9434,673
9435,675
9436,675
9437,675
9438,398
9439,425
9440,300
9441,325
9442,623
9443,525
9444,525
9445,-75
9446,675
9447,-27
9448,-77
9449,425
9450,-125
9451,625
9452,623
9453,569
9454,-75
9455,675
9456,-125
9457,675
9458,673
9459,673
9460,623
9461,675
9462,-125
9463,675
9464,625
9465,-125
9466,575
9467,675
9468,-75
9469,-125
9470,675
9471,621
9472,625
9473,675
9474,675
9475,675
9476,-75
9477,625
9478,625
9479,675
9480,96
9481,-79
9482,625
9483,671
9484,573
9485,-125
9486,573
9487,675
9488,625
9489,625
9490,575
9491,423
9492,675
9493,-25
9494,675
9495,575
9496,625
9497,275
9498,-75
9499,675
9500,-31
9501,275
9502,675
9503,675
9504,675
9505,625
9506,473
9507,625
9508,625
9509,625
9510,673
9511,469
9512,673
9513,150
9514,575
9515,675
9516,300
9517,-75
9518,675
9519,623
9520,-27
9521,-300
9522,575
9523,-75
9524,575
9525,573
9526,475
9527,623
9528,521
9529,575
9530,-125
9531,550
9532,575
9533,-200
9534,-352
9535,623
9536,-75
9537,625
9538,500
9539,623
9540,475
9541,-125
9542,623
9543,573
9544,525
9545,575
9546,488
9547,250
9548,-200
9549,-2
9550,673
9551,550
9552,-127
9553,673
9554,425
9555,425
9556,-75
9557,573
9558,675
9559,673
9560,-33
9561,-102
9562,-127
9563,625
9564,-175
9565,675
9566,573
9567,-75
9568,525
9569,-125
9570,523
9571,425
9572,-125
9573,-83
9574,575
9575,-227
9576,673
9577,-125
9578,675
9579,575
9580,675
9581,675
9582,550
9583,298
9584,175
9585,225
9586,623
9587,675
9588,575
9589,625
9590,-75
9591,675
9592,473
9593,-27
9594,400
9595,671
9596,573
9597,573
9598,675
9599,346
9600,-125
9601,225
9602,500
9603,-125
9604,625
9605,-127
9606,321
9607,525
9608,673
9609,621
9610,-152
9611,675
9612,675
9613,625
9614,623
9615,-75
9616,675
9617,525
9618,625
9619,425
9620,621
9621,-75
9622,673
9623,675
9624,-127
9625,675
9626,-202
9627,575
9628,400
9629,-125
9630,675
9631,-75
9632,675
9633,573
9634,623
9635,523
9636,571
9637,-125
9638,-125
9639,675
9640,-125
9641,550
9642,675
9643,671
9644,575
9645,-127
9646,523
9647,573
9648,350
9649,398
9650,375
9651,575
9652,-125
9653,-75
9654,575
9655,625
9656,-125
9657,675
9658,575
9659,675
9660,623
9661,625
9662,421
9663,425
9664,350
9665,673
9666,575
9667,73
9668,621
9669,625
9670,675
9671,625
9672,350
9673,573
9674,675
9675,525
9676,571
9677,623
9678,-131
9679,675
9680,675
9681,550
9682,-127
9683,575
9684,575
9685,675
9686,625
9687,444
9688,525
9689,673
9690,575
9691,675
9692,375
9693,673
9694,275
9695,625
9696,573
9697,619
9698,323
9699,673
9700,-25
9701,500
9702,-129
9703,573
9704,571
9705,375
9706,675
9707,675
9708,625
9709,673
9710,625
9711,73
9712,-175
9713,450
9714,623
9715,671
9716,625
9717,625
9718,-75
9719,-25
9720,675
9721,675
9722,623
9723,325
9724,-200
9725,425
9726,675
9727,623
9728,675
9729,548
9730,573
9731,425
9732,675
9733,673
9734,-77
9735,-75
9736,675
9737,-125
9738,625
9739,-75
9740,571
9741,625
9742,-75
9743,625
9744,623
9745,-81
9746,671
9747,675
9748,625
9749,525
9750,575
9751,625
9752,675
9753,675
9754,-129
9755,-75
9756,-125
9757,573
9758,-75
9759,675
9760,673
9761,675
9762,523
9763,-75
9764,573
9765,623
9766,675
9767,675
9768,675
9769,448
9770,550
9771,-125
9772,-75
9773,475
9774,673
9775,-127
9776,425
9777,-125
9778,675
9779,575
9780,623
9781,575
9782,675
9783,675
9784,625
9785,-125
9786,675
9787,473
9788,673
9789,400
9790,575
9791,673
9792,425
9793,-25
9794,448
9795,-75
9796,623
9797,575
9798,571
9799,623
9800,450
9801,673
9802,675
9803,675
9804,-75
9805,-75
9806,625
9807,675
9808,575
9809,523
9810,-125
9811,250
9812,673
9813,673
9814,425
9815,625
9816,623
9817,500
9818,198
9819,140
9820,675
9821,575
9822,373
9823,573
9824,675
9825,-75
9826,675
9827,675
9828,675
9829,-75
9830,-27
9831,373
9832,-125
9833,675
9834,673
9835,675
9836,525
9837,525
9838,-75
9839,525
9840,575
9841,575
9842,675
9843,-127
9844,525
9845,675
9846,425
9847,-75
9848,625
9849,671
9850,75
9851,675
9852,625
9853,525
9854,675
9855,675
9856,675
9857,-125
9858,675
9859,125
9860,675
9861,675
9862,400
9863,675
9864,673
9865,425
9866,425
9867,625
9868,673
9869,623
9870,-125
9871,675
9872,625
9873,673
9874,475
9875,673
9876,673
9877,675
9878,669
9879,525
9880,-125
9881,425
9882,623
9883,623
9884,675
9885,525
9886,573
9887,675
9888,-2
9889,400
9890,523
9891,325
9892,625
9893,673
9894,675
9895,673
9896,675
9897,375
9898,525
9899,625
9900,625
9901,625
9902,-75
9903,421
9904,675
9905,-175
9906,-125
9907,623
9908,573
9909,623
9910,-27
9911,625
9912,675
9913,675
9914,675
9915,675
9916,-75
9917,-175
9918,400
9919,675
9920,400
9921,675
9922,673
9923,425
9924,-29
9925,-27
9926,525
9927,575
9928,-75
9929,625
9930,625
9931,525
9932,625
9933,525
9934,-200
9935,623
9936,225
9937,500
9938,-75
9939,625
9940,473
9941,425
9942,523
9943,525
9944,675
9945,375
9946,500
9947,425
9948,675
9949,573
9950,-125
9951,625
9952,548
9953,625
9954,575
9955,625
9956,550
9957,675
9958,625
9959,675
9960,623
9961,623
9962,575
9963,675
9964,-75
9965,525
9966,675
9967,673
9968,400
9969,625
9970,675
9971,575
9972,575
9973,425
9974,675
9975,625
9976,400
9977,-129
9978,-150
9979,619
9980,623
9981,-102
9982,675
9983,573
9984,-25
9985,623
9986,375
9987,475
9988,621
9989,-27
9990,200
9991,-127
9992,575
9993,-75
9994,625
9995,473
9996,-125
9997,-175
9998,575
9999,400
10000,571
[[(4, 4), 0, -25], [(3, 4), 2, 50], [(3, 3), 2, 50], [(3, 2), 2, 250], [(3, 1), 0, 250], [(2, 1), 2, -25], [(2, 0), 0, -25], [(1, 0), 0, 150]]