1,-179
2,-79
3,-206
4,-168
5,-281
6,-241
7,-387
8,-657
9,98
10,-200
11,-385
12,315
13,-279
14,-156
15,-212
16,-327
17,15
18,146
19,-47
20,-102
21,-755
22,-127
23,-229
24,-191
25,-312
26,-175
27,-707
28,523
29,421
30,-252
31,111
32,-227
33,-516
34,-229
35,-512
36,-200
37,-375
38,-229
39,-189
40,-405
41,-362
42,-285
43,-137
44,-387
45,-406
46,113
47,-91
48,-249
49,271
50,-256
51,-474
52,-233
53,-334
54,-231
55,-79
56,-125
57,273
58,-212
59,-539
60,-262
61,-401
62,-360
63,-89
64,-368
65,-200
66,-235
67,-135
68,-77
69,-206
70,-200
71,167
72,-160
73,-614
74,-254
75,-102
76,-543
77,-379
78,-175
79,-335
80,-327
81,-77
82,-352
83,373
84,-75
85,-314
86,-635
87,-397
88,-177
89,-256
90,-4
91,38
92,-201
93,-359
94,236
95,-306
96,-678
97,-433
98,-335
99,-102
100,150
101,-356
102,-125
103,167
104,-318
105,-81
106,542
107,-345
108,-125
109,-185
110,-150
111,-175
112,13
113,-306
114,-418
115,215
116,-183
117,-547
118,-125
119,-129
120,-131
121,-329
122,-487
123,-279
124,332
125,375
126,-177
127,-185
128,-208
129,-331
130,-510
131,348
132,-859
133,-228
134,371
135,-133
136,175
137,169
138,-381
139,175
140,-231
141,-125
142,75
143,-179
144,200
145,-225
146,-218
147,-289
148,-125
149,-227
150,55
151,-204
152,-227
153,-239
154,-252
155,200
156,-356
157,667
158,-445
159,-427
160,38
161,336
162,-306
163,-127
164,267
165,148
166,671
167,467
168,-285
169,48
170,417
171,-145
172,-231
173,-225
174,119
175,-181
176,-127
177,511
178,73
179,-125
180,-227
181,-227
182,-599
183,-129
184,-256
185,123
186,-275
187,-331
188,-331
189,-125
190,182
191,-231
192,-256
193,473
194,211
195,-177
196,-129
197,-158
198,-125
199,-225
200,48
201,-160
202,425
203,-629
204,-624
205,-152
206,221
207,421
208,-279
209,373
210,-254
211,40
212,-177
213,-229
214,-125
215,-137
216,-256
217,-416
218,-125
219,121
220,-127
221,192
222,-339
223,21
224,-200
225,121
226,-127
227,-87
228,348
229,575
230,-256
231,-75
232,-202
233,-183
234,-341
235,-1139
236,-177
237,-87
238,-306
239,-429
240,-229
241,313
242,521
243,375
244,669
245,221
246,-125
247,111
248,271
249,244
250,417
251,244
252,-175
253,367
254,-256
255,-304
256,-145
257,471
258,223
259,-200
260,300
261,242
262,84
263,94
264,-127
265,117
266,315
267,-177
268,-125
269,-575
270,-125
271,571
272,-204
273,-75
274,369
275,-29
276,-131
277,-218
278,-127
279,-360
280,-162
281,417
282,-54
283,190
284,21
285,290
286,-104
287,423
288,50
289,-304
290,521
291,248
292,673
293,263
294,-175
295,667
296,-75
297,-283
298,315
299,548
300,-125
301,175
302,255
303,342
304,117
305,-354
306,-154
307,-539
308,421
309,-75
310,46
311,-404
312,-439
313,371
314,-235
315,623
316,-77
317,623
318,117
319,575
320,-229
321,19
322,619
323,275
324,-179
325,-277
326,571
327,448
328,96
329,-79
330,575
331,-252
332,-670
333,-200
334,-102
335,-175
336,-6
337,-200
338,448
339,-127
340,600
341,169
342,-125
343,-181
344,261
345,369
346,42
347,425
348,473
349,-200
350,519
351,75
352,-449
353,75
354,423
355,500
356,569
357,96
358,-25
359,-200
360,-327
361,-75
362,523
363,-131
364,346
365,-127
366,-256
367,-325
368,-179
369,575
370,-227
371,19
372,-129
373,48
374,-679
375,-77
376,-175
377,-210
378,-127
379,475
380,-77
381,196
382,375
383,250
384,-102
385,519
386,-404
387,365
388,-25
389,150
390,348
391,425
392,-77
393,146
394,-127
395,-279
396,-229
397,473
398,-27
399,246
400,275
401,-125
402,-202
403,475
404,423
405,-279
406,-139
407,-127
408,396
409,346
410,375
411,-52
412,-125
413,171
414,-125
415,-175
416,223
417,-179
418,475
419,423
420,625
421,73
422,-175
423,48
424,92
425,675
426,-54
427,421
428,500
429,96
430,625
431,323
432,413
433,475
434,-225
435,-81
436,-75
437,-177
438,465
439,573
440,673
441,575
442,469
443,-410
444,-100
445,473
446,-204
447,-202
448,348
449,144
450,0
451,625
452,25
453,-200
454,425
455,-125
456,271
457,392
458,-27
459,-2
460,221
461,-77
462,-233
463,523
464,521
465,-235
466,573
467,473
468,-177
469,-133
470,-100
471,625
472,-79
473,-225
474,-375
475,-131
476,-364
477,-125
478,523
479,-125
480,-125
481,-185
482,-179
483,-77
484,675
485,275
486,625
487,425
488,342
489,275
490,575
491,623
492,625
493,-125
494,425
495,250
496,-83
497,-275
498,-27
499,-125
500,375
501,-337
502,-125
503,623
504,200
505,498
506,-127
507,375
508,-181
509,275
510,465
511,-129
512,425
513,498
514,623
515,-125
516,175
517,571
518,-127
519,573
520,-177
521,473
522,269
523,-127
524,625
525,-302
526,375
527,300
528,-104
529,-54
530,-125
531,350
532,-177
533,-175
534,-225
535,-127
536,623
537,575
538,-52
539,-125
540,275
541,-125
542,-75
543,625
544,325
545,-52
546,375
547,-127
548,-127
549,373
550,250
551,363
552,-125
553,-177
554,523
555,-250
556,-200
557,-200
558,-27
559,21
560,-177
561,-179
562,-204
563,273
564,573
565,-75
566,-29
567,523
568,275
569,275
570,675
571,425
572,575
573,398
574,-127
575,571
576,325
577,-127
578,-125
579,298
580,-104
581,-104
582,548
583,-79
584,-75
585,625
586,373
587,-133
588,423
589,519
590,325
591,-256
592,-125
593,150
594,-127
595,573
596,625
597,-125
598,575
599,675
600,-27
601,525
602,-200
603,400
604,75
605,-300
606,575
607,571
608,-125
609,473
610,-131
611,575
612,469
613,475
614,675
615,373
616,575
617,673
618,296
619,625
620,300
621,-125
622,-25
623,-183
624,321
625,469
626,421
627,-79
628,-52
629,425
630,471
631,517
632,550
633,-75
634,-127
635,-127
636,521
637,-204
638,425
639,-85
640,673
641,400
642,425
643,-75
644,473
645,-125
646,425
647,523
648,573
649,575
650,623
651,-31
652,371
653,675
654,673
655,498
656,625
657,625
658,473
659,673
660,-275
661,425
662,371
663,248
664,-75
665,421
666,-127
667,425
668,425
669,-81
670,100
671,523
672,-175
673,623
674,575
675,375
676,446
677,271
678,667
679,673
680,-125
681,575
682,575
683,473
684,248
685,425
686,-75
687,423
688,273
689,625
690,625
691,-125
692,523
693,244
694,425
695,423
696,625
697,348
698,625
699,673
700,350
701,-25
702,419
703,473
704,621
705,621
706,675
707,-52
708,625
709,475
710,223
711,523
712,367
713,575
714,375
715,473
716,571
717,-75
718,-75
719,425
720,675
721,423
722,525
723,-100
724,675
725,625
726,325
727,150
728,-127
729,623
730,673
731,473
732,-75
733,525
734,-125
735,-129
736,325
737,623
738,675
739,375
740,675
741,569
742,625
743,-27
744,248
745,-125
746,675
747,573
748,625
749,550
750,575
751,348
752,-125
753,675
754,375
755,573
756,675
757,425
758,625
759,675
760,625
761,673
762,171
763,496
764,-75
765,311
766,473
767,521
768,73
769,573
770,373
771,398
772,-75
773,675
774,194
775,-200
776,575
777,425
778,-75
779,-77
780,621
781,-25
782,521
783,573
784,675
785,-77
786,525
787,473
788,348
789,325
790,-125
791,475
792,-125
793,-75
794,75
795,521
796,325
797,673
798,625
799,625
800,675
801,675
802,-129
803,-75
804,625
805,-125
806,525
807,-75
808,625
809,371
810,448
811,625
812,400
813,-179
814,273
815,621
816,-31
817,675
818,-175
819,400
820,548
821,446
822,375
823,-125
824,-25
825,669
826,675
827,-177
828,625
829,473
830,548
831,225
832,-125
833,621
834,425
835,573
836,625
837,350
838,50
839,-79
840,675
841,573
842,498
843,625
844,-127
845,548
846,300
847,673
848,673
849,550
850,575
851,-125
852,267
853,-125
854,521
855,675
856,573
857,675
858,550
859,-25
860,375
861,521
862,675
863,348
864,348
865,675
866,523
867,623
868,625
869,-127
870,625
871,675
872,-179
873,250
874,548
875,573
876,675
877,575
878,475
879,475
880,675
881,525
882,-75
883,-75
884,425
885,423
886,675
887,548
888,625
889,523
890,-27
891,675
892,473
893,575
894,675
895,546
896,521
897,625
898,675
899,-200
900,625
901,498
902,548
903,375
904,473
905,-75
906,525
907,675
908,525
909,346
910,425
911,575
912,-200
913,-79
914,375
915,-77
916,-125
917,575
918,675
919,317
920,275
921,225
922,-125
923,673
924,525
925,575
926,525
927,298
928,421
929,-29
930,571
931,525
932,425
933,271
934,575
935,473
936,675
937,675
938,-125
939,573
940,-25
941,-56
942,573
943,425
944,-77
945,673
946,-125
947,548
948,-125
949,625
950,675
951,675
952,625
953,-27
954,675
955,625
956,275
957,525
958,621
959,369
960,675
961,619
962,671
963,-125
964,575
965,473
966,625
967,375
968,519
969,673
970,-77
971,-75
972,523
973,675
974,-75
975,673
976,375
977,-127
978,-52
979,575
980,625
981,525
982,623
983,675
984,625
985,573
986,298
987,573
988,675
989,675
990,573
991,-50
992,523
993,571
994,-27
995,675
996,425
997,673
998,550
999,623
1000,675
1001,-125
1002,675
1003,425
1004,400
1005,425
1006,675
1007,375
1008,623
1009,-127
1010,-177
1011,625
1012,300
1013,-75
1014,625
1015,575
1016,173
1017,575
1018,425
1019,-125
1020,-75
1021,-75
1022,675
1023,675
1024,-52
1025,623
1026,375
1027,673
1028,75
1029,-152
1030,525
1031,523
1032,375
1033,525
1034,625
1035,575
1036,675
1037,575
1038,675
1039,300
1040,-75
1041,525
1042,523
1043,675
1044,673
1045,675
1046,675
1047,625
1048,573
1049,225
1050,625
1051,-75
1052,675
1053,548
1054,-125
1055,475
1056,625
1057,675
1058,521
1059,-127
1060,348
1061,675
1062,625
1063,575
1064,-125
1065,400
1066,673
1067,675
1068,675
1069,-25
1070,423
1071,-125
1072,623
1073,623
1074,150
1075,400
1076,348
1077,525
1078,623
1079,675
1080,550
1081,625
1082,-125
1083,348
1084,575
1085,673
1086,625
1087,625
1088,675
1089,-27
1090,625
1091,625
1092,-177
1093,671
1094,-125
1095,675
1096,423
1097,625
1098,675
1099,523
1100,625
1101,371
1102,675
1103,425
1104,623
1105,623
1106,500
1107,498
1108,675
1109,525
1110,500
1111,675
1112,673
1113,675
1114,473
1115,525
1116,623
1117,-175
1118,575
1119,298
1120,625
1121,625
1122,669
1123,573
1124,-75
1125,475
1126,675
1127,625
1128,673
1129,250
1130,675
1131,-129
1132,575
1133,673
1134,625
1135,675
1136,-25
1137,675
1138,625
1139,675
1140,625
1141,675
1142,425
1143,675
1144,400
1145,675
1146,673
1147,425
1148,425
1149,-175
1150,675
1151,550
1152,375
1153,623
1154,625
1155,548
1156,673
1157,675
1158,625
1159,225
1160,573
1161,-77
1162,575
1163,675
1164,675
1165,625
1166,475
1167,425
1168,675
1169,623
1170,675
1171,625
1172,-125
1173,400
1174,525
1175,623
1176,621
1177,673
1178,675
1179,423
1180,675
1181,625
1182,625
1183,675
1184,575
1185,673
1186,675
1187,475
1188,675
1189,623
1190,-127
1191,625
1192,673
1193,625
1194,675
1195,-125
1196,575
1197,675
1198,675
1199,625
1200,300
1201,675
1202,625
1203,675
1204,398
1205,675
1206,400
1207,625
1208,625
1209,675
1210,-125
1211,675
1212,675
1213,625
1214,575
1215,575
1216,625
1217,675
1218,625
1219,623
1220,675
1221,675
1222,675
1223,623
1224,673
1225,575
1226,673
1227,675
1228,550
1229,675
1230,621
1231,525
1232,-125
1233,625
1234,550
1235,673
1236,500
1237,625
1238,673
1239,523
1240,-125
1241,675
1242,673
1243,625
1244,325
1245,675
1246,673
1247,-127
1248,675
1249,673
1250,525
1251,675
1252,625
1253,575
1254,500
1255,673
1256,-29
1257,573
1258,-125
1259,573
1260,675
1261,675
1262,675
1263,675
1264,675
1265,673
1266,575
1267,375
1268,675
1269,425
1270,675
1271,623
1272,623
1273,575
1274,673
1275,-25
1276,625
1277,625
1278,300
1279,575
1280,525
1281,-25
1282,-77
1283,625
1284,525
1285,623
1286,621
1287,675
1288,675
1289,-75
1290,575
1291,621
1292,623
1293,425
1294,675
1295,623
1296,500
1297,625
1298,-79
1299,673
1300,615
1301,-177
1302,675
1303,625
1304,625
1305,573
1306,-25
1307,623
1308,300
1309,425
1310,625
1311,675
1312,471
1313,571
1314,675
1315,519
1316,675
1317,675
1318,671
1319,575
1320,419
1321,325
1322,498
1323,621
1324,675
1325,398
1326,573
1327,171
1328,575
1329,675
1330,625
1331,-25
1332,675
1333,-25
1334,675
1335,625
1336,673
1337,425
1338,625
1339,625
1340,671
1341,350
1342,675
1343,675
1344,219
1345,575
1346,625
1347,675
1348,-125
1349,523
1350,325
1351,-125
1352,675
1353,623
1354,675
1355,673
1356,625
1357,575
1358,625
1359,573
1360,625
1361,675
1362,-125
1363,623
1364,523
1365,117
1366,523
1367,550
1368,546
1369,675
1370,-125
1371,400
1372,569
1373,625
1374,623
1375,-75
1376,675
1377,675
1378,625
1379,423
1380,625
1381,425
1382,675
1383,625
1384,425
1385,525
1386,625
1387,675
1388,396
1389,525
1390,625
1391,473
1392,675
1393,450
1394,-75
1395,344
1396,625
1397,675
1398,-175
1399,225
1400,-150
1401,623
1402,621
1403,675
1404,673
1405,675
1406,665
1407,525
1408,-125
1409,225
1410,-50
1411,675
1412,623
1413,675
1414,575
1415,573
1416,623
1417,675
1418,300
1419,675
1420,500
1421,-100
1422,575
1423,673
1424,400
1425,675
1426,-75
1427,-131
1428,675
1429,675
1430,573
1431,675
1432,-75
1433,675
1434,623
1435,675
1436,623
1437,325
1438,525
1439,675
1440,675
1441,675
1442,623
1443,675
1444,673
1445,521
1446,100
1447,-427
1448,-25
1449,675
1450,675
1451,425
1452,496
1453,623
1454,623
1455,623
1456,550
1457,-175
1458,621
1459,-75
1460,400
1461,675
1462,673
1463,425
1464,625
1465,325
1466,525
1467,623
1468,425
1469,-27
1470,623
1471,500
1472,573
1473,625
1474,625
1475,575
1476,-27
1477,573
1478,-125
1479,623
1480,525
1481,625
1482,669
1483,625
1484,525
1485,673
1486,621
1487,617
1488,675
1489,525
1490,625
1491,675
1492,575
1493,623
1494,675
1495,-175
1496,550
1497,673
1498,625
1499,-125
1500,675
1501,675
1502,623
1503,673
1504,625
1505,425
1506,-125
1507,625
1508,575
1509,675
1510,-77
1511,475
1512,-77
1513,-25
1514,325
1515,-127
1516,625
1517,523
1518,675
1519,625
1520,673
1521,-129
1522,348
1523,325
1524,575
1525,375
1526,473
1527,623
1528,473
1529,621
1530,675
1531,675
1532,675
1533,673
1534,571
1535,625
1536,573
1537,-75
1538,673
1539,400
1540,-29
1541,673
1542,675
1543,675
1544,673
1545,673
1546,525
1547,373
1548,675
1549,625
1550,675
1551,623
1552,623
1553,675
1554,523
1555,675
1556,625
1557,671
1558,-125
1559,-75
1560,673
1561,525
1562,-25
1563,450
1564,-25
1565,623
1566,625
1567,425
1568,-100
1569,623
1570,673
1571,523
1572,-27
1573,573
1574,675
1575,-75
1576,675
1577,-125
1578,575
1579,675
1580,573
1581,675
1582,375
1583,575
1584,525
1585,623
1586,-127
1587,675
1588,625
1589,625
1590,-129
1591,673
1592,675
1593,-25
1594,673
1595,675
1596,675
1597,-75
1598,671
1599,425
1600,671
1601,173
1602,675
1603,523
1604,-79
1605,675
1606,-125
1607,-125
1608,571
1609,-127
1610,-125
1611,-177
1612,675
1613,296
1614,675
1615,-125
1616,-27
1617,623
1618,521
1619,675
1620,623
1621,-75
1622,625
1623,375
1624,398
1625,675
1626,575
1627,623
1628,525
1629,675
1630,573
1631,323
1632,469
1633,-27
1634,673
1635,423
1636,673
1637,523
1638,523
1639,-125
1640,-125
1641,-25
1642,-2
1643,675
1644,625
1645,625
1646,673
1647,-75
1648,-125
1649,675
1650,575
1651,398
1652,198
1653,625
1654,525
1655,675
1656,-125
1657,400
1658,675
1659,-25
1660,675
1661,625
1662,623
1663,425
1664,671
1665,571
1666,621
1667,-75
1668,473
1669,573
1670,300
1671,-81
1672,-125
1673,675
1674,500
1675,473
1676,625
1677,675
1678,375
1679,625
1680,675
1681,225
1682,500
1683,575
1684,525
1685,473
1686,-75
1687,673
1688,575
1689,675
1690,473
1691,575
1692,625
1693,675
1694,675
1695,673
1696,-125
1697,400
1698,623
1699,675
1700,675
1701,623
1702,625
1703,625
1704,675
1705,575
1706,-75
1707,625
1708,673
1709,673
1710,625
1711,675
1712,523
1713,573
1714,673
1715,625
1716,500
1717,-125
1718,-75
1719,-202
1720,575
1721,550
1722,675
1723,-29
1724,375
1725,450
1726,-127
1727,625
1728,675
1729,298
1730,675
1731,675
1732,623
1733,673
1734,523
1735,-75
1736,400
1737,623
1738,475
1739,623
1740,673
1741,673
1742,-25
1743,625
1744,525
1745,675
1746,675
1747,675
1748,475
1749,625
1750,625
1751,675
1752,473
1753,675
1754,575
1755,521
1756,-77
1757,425
1758,525
1759,675
1760,598
1761,498
1762,675
1763,625
1764,-125
1765,673
1766,575
1767,475
1768,675
1769,675
1770,400
1771,475
1772,625
1773,373
1774,625
1775,525
1776,623
1777,-79
1778,-75
1779,625
1780,675
1781,675
1782,575
1783,673
1784,423
1785,675
1786,448
1787,500
1788,498
1789,675
1790,-125
1791,625
1792,525
1793,675
1794,675
1795,675
1796,575
1797,675
1798,625
1799,573
1800,-25
1801,-125
1802,675
1803,571
1804,673
1805,575
1806,625
1807,573
1808,675
1809,525
1810,675
1811,-75
1812,-75
1813,-75
1814,523
1815,625
1816,675
1817,673
1818,75
1819,573
1820,625
1821,523
1822,675
1823,623
1824,525
1825,671
1826,623
1827,398
1828,675
1829,375
1830,675
1831,623
1832,625
1833,675
1834,525
1835,575
1836,-175
1837,575
1838,675
1839,-29
1840,575
1841,675
1842,625
1843,671
1844,475
1845,-125
1846,525
1847,673
1848,675
1849,623
1850,575
1851,625
1852,625
1853,0
1854,473
1855,675
1856,621
1857,625
1858,625
1859,625
1860,575
1861,675
1862,575
1863,573
1864,625
1865,575
1866,-125
1867,575
1868,-81
1869,-25
1870,423
1871,575
1872,573
1873,373
1874,-125
1875,-177
1876,673
1877,675
1878,675
1879,-25
1880,675
1881,673
1882,523
1883,525
1884,625
1885,575
1886,621
1887,-31
1888,475
1889,500
1890,625
1891,675
1892,625
1893,675
1894,-25
1895,575
1896,675
1897,400
1898,625
1899,673
1900,625
1901,675
1902,550
1903,621
1904,675
1905,625
1906,675
1907,625
1908,675
1909,475
1910,525
1911,675
1912,375
1913,625
1914,675
1915,675
1916,348
1917,475
1918,575
1919,675
1920,550
1921,-27
1922,425
1923,675
1924,675
1925,675
1926,-25
1927,548
1928,675
1929,-25
1930,-25
1931,575
1932,571
1933,-75
1934,-79
1935,675
1936,625
1937,673
1938,415
1939,-75
1940,400
1941,675
1942,675
1943,675
1944,673
1945,-77
1946,373
1947,-31
1948,350
1949,298
1950,675
1951,498
1952,675
1953,673
1954,525
1955,625
1956,625
1957,-75
1958,675
1959,625
1960,-75
1961,675
1962,625
1963,675
1964,625
1965,425
1966,-225
1967,-125
1968,625
1969,675
1970,-27
1971,623
1972,425
1973,475
1974,575
1975,396
1976,671
1977,525
1978,-175
1979,625
1980,575
1981,-52
1982,573
1983,525
1984,675
1985,625
1986,625
1987,575
1988,421
1989,625
1990,575
1991,675
1992,-125
1993,675
1994,675
1995,625
1996,-75
1997,575
1998,675
1999,575
2000,575
2001,-125
2002,525
2003,398
2004,-25
2005,675
2006,673
2007,-125
2008,675
2009,575
2010,675
2011,-125
2012,625
2013,248
2014,625
2015,-75
2016,575
2017,675
2018,273
2019,623
2020,-125
2021,673
2022,-4
2023,675
2024,475
2025,298
2026,348
2027,400
2028,623
2029,625
2030,625
2031,623
2032,400
2033,623
2034,625
2035,-79
2036,575
2037,675
2038,625
2039,675
2040,-77
2041,573
2042,673
2043,675
2044,675
2045,-129
2046,300
2047,525
2048,675
2049,575
2050,300
2051,-79
2052,-79
2053,671
2054,671
2055,-252
2056,675
2057,-75
2058,548
2059,673
2060,573
2061,675
2062,-77
2063,621
2064,523
2065,550
2066,675
2067,625
2068,675
2069,673
2070,-25
2071,625
2072,625
2073,450
2074,675
2075,669
2076,673
2077,675
2078,423
2079,675
2080,-33
2081,419
2082,675
2083,675
2084,-27
2085,625
2086,625
2087,625
2088,398
2089,625
2090,623
2091,675
2092,675
2093,523
2094,523
2095,675
2096,675
2097,496
2098,525
2099,400
2100,523
2101,-75
2102,675
2103,-75
2104,625
2105,625
2106,375
2107,675
2108,-75
2109,475
2110,625
2111,671
2112,400
2113,-125
2114,673
2115,525
2116,675
2117,675
2118,675
2119,575
2120,625
2121,675
2122,425
2123,348
2124,675
2125,-125
2126,675
2127,575
2128,550
2129,521
2130,673
2131,675
2132,-79
2133,500
2134,623
2135,525
2136,473
2137,500
2138,623
2139,375
2140,675
2141,375
2142,623
2143,-127
2144,-125
2145,673
2146,-125
2147,375
2148,425
2149,298
2150,548
2151,-75
2152,200
2153,521
2154,675
2155,673
2156,450
2157,623
2158,-27
2159,-125
2160,-125
2161,675
2162,675
2163,673
2164,598
2165,675
2166,675
2167,625
2168,373
2169,544
2170,-77
2171,675
2172,425
2173,675
2174,-125
2175,525
2176,521
2177,675
2178,-177
2179,625
2180,573
2181,675
2182,575
2183,675
2184,400
2185,625
2186,675
2187,675
2188,623
2189,325
2190,-75
2191,625
2192,-127
2193,-125
2194,475
2195,625
2196,-125
2197,673
2198,623
2199,623
2200,500
2201,675
2202,573
2203,675
2204,625
2205,525
2206,675
2207,673
2208,625
2209,469
2210,625
2211,350
2212,625
2213,675
2214,-127
2215,575
2216,-125
2217,150
2218,675
2219,425
2220,575
2221,675
2222,-75
2223,673
2224,492
2225,625
2226,-202
2227,500
2228,675
2229,625
2230,498
2231,625
2232,-125
2233,675
2234,675
2235,573
2236,525
2237,625
2238,621
2239,625
2240,625
2241,673
2242,-75
2243,525
2244,375
2245,-75
2246,675
2247,475
2248,-125
2249,671
2250,498
2251,625
2252,673
2253,623
2254,473
2255,625
2256,675
2257,625
2258,400
2259,-175
2260,623
2261,625
2262,623
2263,673
2264,675
2265,575
2266,625
2267,425
2268,675
2269,675
2270,423
2271,398
2272,-125
2273,575
2274,575
2275,-125
2276,-127
2277,673
2278,675
2279,673
2280,673
2281,675
2282,248
2283,671
2284,600
2285,575
2286,675
2287,673
2288,298
2289,523
2290,350
2291,675
2292,675
2293,-29
2294,496
2295,625
2296,575
2297,675
2298,675
2299,625
2300,-125
2301,675
2302,-75
2303,625
2304,625
2305,675
2306,623
2307,625
2308,675
2309,419
2310,623
2311,525
2312,573
2313,523
2314,-29
2315,625
2316,348
2317,-125
2318,423
2319,673
2320,673
2321,623
2322,623
2323,-200
2324,550
2325,525
2326,675
2327,673
2328,525
2329,148
2330,625
2331,-77
2332,623
2333,-125
2334,675
2335,575
2336,-27
2337,625
2338,600
2339,525
2340,675
2341,675
2342,0
2343,473
2344,673
2345,625
2346,675
2347,623
2348,625
2349,548
2350,673
2351,673
2352,-25
2353,575
2354,675
2355,625
2356,623
2357,425
2358,575
2359,523
2360,523
2361,475
2362,671
2363,623
2364,-75
2365,400
2366,675
2367,625
2368,675
2369,625
2370,675
2371,-125
2372,621
2373,575
2374,675
2375,573
2376,-75
2377,475
2378,675
2379,625
2380,375
2381,625
2382,675
2383,623
2384,-125
2385,-127
2386,675
2387,673
2388,675
2389,625
2390,673
2391,625
2392,675
2393,348
2394,625
2395,-100
2396,-127
2397,425
2398,425
2399,625
2400,675
2401,575
2402,-125
2403,623
2404,-77
2405,-125
2406,675
2407,675
2408,671
2409,475
2410,575
2411,675
2412,-75
2413,673
2414,625
2415,-6
2416,573
2417,-125
2418,-200
2419,575
2420,575
2421,625
2422,575
2423,625
2424,675
2425,621
2426,550
2427,673
2428,525
2429,525
2430,625
2431,425
2432,625
2433,525
2434,625
2435,625
2436,673
2437,625
2438,425
2439,371
2440,400
2441,675
2442,625
2443,-125
2444,673
2445,675
2446,675
2447,675
2448,523
2449,675
2450,423
2451,575
2452,625
2453,675
2454,675
2455,573
2456,675
2457,625
2458,375
2459,496
2460,625
2461,675
2462,248
2463,623
2464,673
2465,625
2466,675
2467,350
2468,-179
2469,525
2470,625
2471,471
2472,-125
2473,-125
2474,625
2475,-27
2476,519
2477,625
2478,548
2479,623
2480,675
2481,-125
2482,675
2483,-75
2484,-125
2485,675
2486,619
2487,675
2488,675
2489,400
2490,-225
2491,425
2492,-75
2493,425
2494,573
2495,675
2496,550
2497,573
2498,625
2499,625
2500,-27
2501,573
2502,-125
2503,575
2504,575
2505,400
2506,675
2507,-29
2508,675
2509,675
2510,625
2511,675
2512,673
2513,575
2514,671
2515,523
2516,-77
2517,675
2518,-125
2519,625
2520,323
2521,375
2522,548
2523,575
2524,625
2525,675
2526,621
2527,575
2528,-179
2529,625
2530,669
2531,575
2532,675
2533,500
2534,675
2535,525
2536,573
2537,473
2538,625
2539,675
2540,575
2541,-27
2542,-79
2543,675
2544,521
2545,-100
2546,598
2547,625
2548,675
2549,675
2550,623
2551,-25
2552,675
2553,575
2554,671
2555,675
2556,625
2557,471
2558,544
2559,673
2560,398
2561,573
2562,675
2563,-125
2564,525
2565,-75
2566,675
2567,675
2568,523
2569,425
2570,-29
2571,-77
2572,-125
2573,675
2574,375
2575,673
2576,573
2577,623
2578,400
2579,500
2580,425
2581,-75
2582,575
2583,625
2584,425
2585,348
2586,625
2587,625
2588,575
2589,575
2590,669
2591,575
2592,669
2593,425
2594,621
2595,623
2596,550
2597,625
2598,-75
2599,-127
2600,425
2601,675
2602,625
2603,300
2604,625
2605,-25
2606,623
2607,-77
2608,675
2609,550
2610,523
2611,575
2612,675
2613,675
2614,-75
2615,675
2616,625
2617,525
2618,671
2619,548
2620,625
2621,623
2622,398
2623,621
2624,-25
2625,625
2626,-75
2627,575
2628,-125
2629,625
2630,498
2631,675
2632,-125
2633,675
2634,-4
2635,525
2636,525
2637,23
2638,675
2639,548
2640,575
2641,625
2642,625
2643,675
2644,573
2645,623
2646,525
2647,525
2648,425
2649,425
2650,525
2651,198
2652,-75
2653,625
2654,625
2655,673
2656,675
2657,675
2658,523
2659,623
2660,-75
2661,475
2662,675
2663,-27
2664,550
2665,623
2666,625
2667,-127
2668,600
2669,625
2670,525
2671,675
2672,625
2673,625
2674,575
2675,675
2676,575
2677,625
2678,675
2679,-127
2680,-125
2681,675
2682,575
2683,675
2684,400
2685,-75
2686,675
2687,-75
2688,-77
2689,625
2690,-125
2691,673
2692,623
2693,675
2694,273
2695,625
2696,675
2697,625
2698,525
2699,675
2700,348
2701,325
2702,373
2703,-77
2704,625
2705,671
2706,425
2707,-77
2708,623
2709,425
2710,-125
2711,525
2712,-127
2713,-27
2714,675
2715,671
2716,575
2717,675
2718,375
2719,-125
2720,200
2721,575
2722,625
2723,475
2724,621
2725,675
2726,675
2727,675
2728,575
2729,673
2730,523
2731,673
2732,-75
2733,675
2734,-75
2735,275
2736,675
2737,525
2738,625
2739,621
2740,675
2741,575
2742,275
2743,-75
2744,625
2745,575
2746,575
2747,73
2748,425
2749,-77
2750,-125
2751,525
2752,425
2753,675
2754,625
2755,571
2756,300
2757,-200
2758,675
2759,623
2760,-75
2761,-85
2762,-75
2763,675
2764,675
2765,675
2766,625
2767,-127
2768,423
2769,675
2770,400
2771,525
2772,625
2773,625
2774,425
2775,523
2776,-125
2777,625
2778,675
2779,475
2780,625
2781,475
2782,525
2783,673
2784,673
2785,675
2786,-127
2787,675
2788,525
2789,675
2790,673
2791,350
2792,-127
2793,425
2794,546
2795,523
2796,-100
2797,-75
2798,673
2799,469
2800,348
2801,625
2802,675
2803,-125
2804,675
2805,675
2806,675
2807,-125
2808,575
2809,675
2810,350
2811,575
2812,675
2813,675
2814,675
2815,625
2816,625
2817,669
2818,575
2819,-125
2820,-125
2821,-75
2822,675
2823,625
2824,521
2825,675
2826,675
2827,675
2828,625
2829,673
2830,623
2831,625
2832,625
2833,475
2834,575
2835,-4
2836,525
2837,-75
2838,519
2839,623
2840,523
2841,-125
2842,296
2843,-129
2844,675
2845,575
2846,523
2847,675
2848,-75
2849,150
2850,573
2851,625
2852,675
2853,675
2854,675
2855,625
2856,625
2857,375
2858,673
2859,-125
2860,400
2861,498
2862,-125
2863,625
2864,675
2865,525
2866,625
2867,675
2868,519
2869,-27
2870,675
2871,575
2872,-75
2873,273
2874,625
2875,-125
2876,500
2877,225
2878,-125
2879,625
2880,-79
2881,673
2882,675
2883,625
2884,675
2885,523
2886,600
2887,675
2888,375
2889,275
2890,373
2891,619
2892,-75
2893,525
2894,475
2895,373
2896,425
2897,675
2898,675
2899,625
2900,571
2901,675
2902,348
2903,675
2904,250
2905,473
2906,625
2907,673
2908,425
2909,225
2910,675
2911,623
2912,525
2913,623
2914,-25
2915,673
2916,475
2917,275
2918,675
2919,675
2920,523
2921,-50
2922,573
2923,548
2924,500
2925,623
2926,-75
2927,523
2928,-125
2929,675
2930,350
2931,675
2932,550
2933,-75
2934,575
2935,523
2936,675
2937,675
2938,625
2939,675
2940,675
2941,473
2942,625
2943,675
2944,675
2945,625
2946,623
2947,671
2948,575
2949,623
2950,248
2951,625
2952,525
2953,675
2954,675
2955,675
2956,500
2957,675
2958,400
2959,675
2960,675
2961,-75
2962,550
2963,625
2964,675
2965,625
2966,0
2967,675
2968,-25
2969,625
2970,-75
2971,675
2972,575
2973,348
2974,-75
2975,-77
2976,-75
2977,375
2978,675
2979,625
2980,550
2981,675
2982,673
2983,673
2984,623
2985,575
2986,625
2987,625
2988,346
2989,300
2990,671
2991,350
2992,625
2993,675
2994,273
2995,-175
2996,625
2997,198
2998,625
2999,350
3000,675
3001,-75
3002,673
3003,573
3004,621
3005,625
3006,625
3007,-75
3008,573
3009,575
3010,-125
3011,625
3012,573
3013,675
3014,625
3015,500
3016,48
3017,-27
3018,675
3019,675
3020,625
3021,-175
3022,673
3023,673
3024,625
3025,425
3026,-75
3027,671
3028,625
3029,673
3030,471
3031,675
3032,675
3033,625
3034,623
3035,523
3036,625
3037,625
3038,625
3039,621
3040,675
3041,573
3042,625
3043,675
3044,625
3045,523
3046,-125
3047,675
3048,623
3049,548
3050,675
3051,-175
3052,400
3053,525
3054,575
3055,548
3056,675
3057,675
3058,473
3059,673
3060,623
3061,625
3062,675
3063,625
3064,250
3065,673
3066,-8
3067,623
3068,675
3069,625
3070,675
3071,675
3072,573
3073,625
3074,675
3075,673
3076,448
3077,475
3078,575
3079,673
3080,625
3081,525
3082,575
3083,675
3084,523
3085,671
3086,425
3087,575
3088,525
3089,398
3090,673
3091,625
3092,-127
3093,525
3094,675
3095,675
3096,673
3097,675
3098,625
3099,671
3100,-75
3101,625
3102,575
3103,675
3104,350
3105,675
3106,623
3107,667
3108,675
3109,625
3110,623
3111,675
3112,-75
3113,-127
3114,675
3115,-77
3116,625
3117,350
3118,350
3119,625
3120,623
3121,675
3122,675
3123,-125
3124,-27
3125,475
3126,373
3127,623
3128,669
3129,673
3130,575
3131,623
3132,675
3133,475
3134,-81
3135,-25
3136,625
3137,675
3138,-2
3139,400
3140,575
3141,-200
3142,575
3143,675
3144,625
3145,675
3146,-25
3147,525
3148,675
3149,575
3150,625
3151,675
3152,675
3153,-77
3154,525
3155,675
3156,625
3157,550
3158,625
3159,625
3160,-25
3161,525
3162,373
3163,400
3164,-27
3165,273
3166,575
3167,623
3168,525
3169,675
3170,425
3171,675
3172,675
3173,-125
3174,523
3175,675
3176,675
3177,623
3178,575
3179,550
3180,673
3181,623
3182,425
3183,675
3184,623
3185,625
3186,473
3187,625
3188,575
3189,523
3190,675
3191,625
3192,625
3193,-125
3194,521
3195,425
3196,550
3197,373
3198,625
3199,675
3200,675
3201,548
3202,625
3203,625
3204,675
3205,575
3206,298
3207,-27
3208,425
3209,675
3210,625
3211,-125
3212,571
3213,675
3214,675
3215,248
3216,625
3217,675
3218,675
3219,-129
3220,675
3221,523
3222,348
3223,675
3224,348
3225,675
3226,375
3227,675
3228,-75
3229,675
3230,-75
3231,671
3232,673
3233,675
3234,675
3235,371
3236,623
3237,675
3238,-127
3239,475
3240,625
3241,625
3242,675
3243,619
3244,625
3245,675
3246,673
3247,625
3248,98
3249,625
3250,575
3251,-29
3252,-125
3253,-25
3254,675
3255,625
3256,675
3257,-77
3258,-25
3259,675
3260,673
3261,675
3262,575
3263,521
3264,675
3265,675
3266,-79
3267,-75
3268,675
3269,673
3270,-125
3271,675
3272,500
3273,671
3274,23
3275,675
3276,-125
3277,623
3278,675
3279,623
3280,625
3281,573
3282,400
3283,-75
3284,675
3285,671
3286,625
3287,625
3288,573
3289,325
3290,673
3291,-25
3292,625
3293,375
3294,625
3295,625
3296,-125
3297,675
3298,548
3299,525
3300,675
3301,-75
3302,248
3303,425
3304,675
3305,375
3306,625
3307,-125
3308,673
3309,100
3310,673
3311,575
3312,400
3313,675
3314,573
3315,-127
3316,-175
3317,675
3318,148
3319,425
3320,-27
3321,475
3322,-125
3323,575
3324,675
3325,-127
3326,-4
3327,225
3328,673
3329,625
3330,675
3331,325
3332,600
3333,675
3334,673
3335,-25
3336,673
3337,673
3338,-25
3339,669
3340,100
3341,673
3342,425
3343,-125
3344,623
3345,573
3346,425
3347,619
3348,675
3349,525
3350,675
3351,673
3352,-175
3353,421
3354,573
3355,625
3356,-27
3357,623
3358,675
3359,675
3360,375
3361,675
3362,675
3363,675
3364,573
3365,625
3366,-127
3367,675
3368,-77
3369,375
3370,675
3371,348
3372,673
3373,571
3374,523
3375,675
3376,523
3377,-175
3378,525
3379,623
3380,498
3381,675
3382,623
3383,673
3384,-75
3385,273
3386,-77
3387,-127
3388,675
3389,625
3390,625
3391,675
3392,625
3393,673
3394,500
3395,575
3396,548
3397,450
3398,421
3399,-27
3400,675
3401,623
3402,671
3403,625
3404,675
3405,625
3406,250
3407,500
3408,575
3409,675
3410,198
3411,573
3412,573
3413,673
3414,573
3415,675
3416,675
3417,625
3418,423
3419,550
3420,625
3421,673
3422,-75
3423,673
3424,348
3425,623
3426,675
3427,621
3428,-75
3429,673
3430,350
3431,673
3432,-52
3433,-127
3434,625
3435,-125
3436,625
3437,623
3438,523
3439,625
3440,673
3441,425
3442,675
3443,675
3444,623
3445,625
3446,675
3447,475
3448,425
3449,525
3450,548
3451,675
3452,673
3453,-77
3454,675
3455,575
3456,673
3457,-75
3458,-25
3459,673
3460,-131
3461,569
3462,-29
3463,623
3464,675
3465,475
3466,675
3467,625
3468,671
3469,675
3470,525
3471,625
3472,400
3473,675
3474,625
3475,523
3476,675
3477,425
3478,671
3479,575
3480,425
3481,519
3482,619
3483,-175
3484,198
3485,198
3486,625
3487,625
3488,-125
3489,671
3490,-125
3491,675
3492,350
3493,675
3494,425
3495,675
3496,625
3497,250
3498,675
3499,623
3500,-75
3501,571
3502,575
3503,521
3504,-125
3505,-83
3506,275
3507,23
3508,150
3509,671
3510,675
3511,675
3512,675
3513,423
3514,625
3515,671
3516,673
3517,571
3518,550
3519,623
3520,425
3521,-25
3522,675
3523,550
3524,425
3525,675
3526,673
3527,-75
3528,623
3529,675
3530,548
3531,675
3532,525
3533,675
3534,675
3535,625
3536,573
3537,675
3538,-27
3539,623
3540,573
3541,-79
3542,625
3543,625
3544,625
3545,475
3546,548
3547,673
3548,673
3549,400
3550,675
3551,-29
3552,573
3553,673
3554,573
3555,375
3556,667
3557,675
3558,625
3559,523
3560,575
3561,625
3562,350
3563,500
3564,675
3565,625
3566,-125
3567,675
3568,575
3569,373
3570,325
3571,673
3572,425
3573,-75
3574,673
3575,675
3576,-127
3577,498
3578,523
3579,675
3580,573
3581,-125
3582,675
3583,475
3584,623
3585,671
3586,400
3587,525
3588,-25
3589,-25
3590,-75
3591,623
3592,500
3593,673
3594,675
3595,425
3596,625
3597,625
3598,675
3599,525
3600,623
3601,623
3602,375
3603,573
3604,575
3605,473
3606,525
3607,673
3608,298
3609,525
3610,-125
3611,350
3612,-125
3613,675
3614,350
3615,625
3616,425
3617,575
3618,-127
3619,673
3620,-75
3621,-75
3622,525
3623,575
3624,625
3625,-75
3626,675
3627,673
3628,619
3629,-175
3630,500
3631,200
3632,-125
3633,625
3634,-75
3635,673
3636,625
3637,573
3638,-125
3639,625
3640,523
3641,675
3642,525
3643,623
3644,625
3645,400
3646,625
3647,673
3648,-125
3649,623
3650,675
3651,675
3652,-77
3653,425
3654,675
3655,623
3656,675
3657,-175
3658,673
3659,375
3660,375
3661,-127
3662,421
3663,400
3664,675
3665,623
3666,673
3667,675
3668,675
3669,675
3670,496
3671,673
3672,419
3673,675
3674,675
3675,625
3676,-79
3677,625
3678,-25
3679,675
3680,-75
3681,450
3682,675
3683,675
3684,675
3685,675
3686,675
3687,425
3688,523
3689,673
3690,-252
3691,525
3692,623
3693,625
3694,675
3695,-127
3696,667
3697,575
3698,675
3699,673
3700,473
3701,675
3702,575
3703,575
3704,425
3705,400
3706,675
3707,623
3708,575
3709,550
3710,673
3711,573
3712,525
3713,675
3714,519
3715,348
3716,675
3717,675
3718,400
3719,675
3720,673
3721,669
3722,375
3723,675
3724,675
3725,371
3726,-125
3727,675
3728,625
3729,523
3730,675
3731,250
3732,-127
3733,625
3734,675
3735,425
3736,625
3737,675
3738,-125
3739,473
3740,625
3741,-77
3742,673
3743,625
3744,625
3745,673
3746,-75
3747,-177
3748,-125
3749,525
3750,675
3751,-125
3752,375
3753,-125
3754,525
3755,675
3756,623
3757,675
3758,-77
3759,675
3760,-79
3761,675
3762,675
3763,0
3764,575
3765,-77
3766,0
3767,675
3768,-75
3769,675
3770,623
3771,675
3772,623
3773,523
3774,525
3775,575
3776,544
3777,-27
3778,521
3779,-125
3780,323
3781,675
3782,250
3783,625
3784,-125
3785,525
3786,519
3787,525
3788,675
3789,575
3790,625
3791,675
3792,625
3793,673
3794,673
3795,675
3796,-75
3797,400
3798,623
3799,373
3800,525
3801,525
3802,625
3803,450
3804,519
3805,-75
3806,550
3807,573
3808,-75
3809,623
3810,625
3811,675
3812,621
3813,573
3814,573
3815,-75
3816,675
3817,250
3818,525
3819,-125
3820,675
3821,675
3822,621
3823,325
3824,-77
3825,675
3826,-75
3827,546
3828,350
3829,575
3830,-125
3831,625
3832,623
3833,623
3834,623
3835,523
3836,-125
3837,625
3838,623
3839,675
3840,573
3841,375
3842,673
3843,675
3844,-127
3845,623
3846,-175
3847,675
3848,625
3849,675
3850,675
3851,675
3852,550
3853,-125
3854,675
3855,575
3856,-31
3857,473
3858,-125
3859,623
3860,623
3861,-75
3862,675
3863,675
3864,675
3865,673
3866,675
3867,623
3868,-77
3869,-127
3870,625
3871,273
3872,450
3873,-77
3874,673
3875,625
3876,625
3877,621
3878,-25
3879,-25
3880,625
3881,675
3882,675
3883,623
3884,-175
3885,325
3886,550
3887,623
3888,550
3889,675
3890,-75
3891,673
3892,-27
3893,675
3894,625
3895,673
3896,675
3897,675
3898,675
3899,-102
3900,550
3901,425
3902,673
3903,375
3904,623
3905,550
3906,623
3907,348
3908,223
3909,675
3910,675
3911,546
3912,348
3913,575
3914,-125
3915,675
3916,675
3917,575
3918,675
3919,525
3920,625
3921,625
3922,423
3923,496
3924,675
3925,623
3926,625
3927,671
3928,623
3929,675
3930,675
3931,321
3932,673
3933,346
3934,675
3935,675
3936,675
3937,625
3938,-75
3939,675
3940,575
3941,-75
3942,619
3943,623
3944,625
3945,375
3946,423
3947,-175
3948,675
3949,398
3950,673
3951,-125
3952,675
3953,673
3954,350
3955,525
3956,625
3957,525
3958,675
3959,675
3960,575
3961,675
3962,473
3963,-27
3964,473
3965,573
3966,548
3967,675
3968,-27
3969,623
3970,623
3971,-127
3972,300
3973,673
3974,375
3975,575
3976,675
3977,425
3978,-77
3979,625
3980,400
3981,623
3982,-125
3983,675
3984,625
3985,675
3986,375
3987,675
3988,673
3989,625
3990,673
3991,675
3992,675
3993,625
3994,625
3995,-125
3996,673
3997,619
3998,500
3999,442
4000,625
4001,673
4002,498
4003,625
4004,-75
4005,525
4006,573
4007,623
4008,-127
4009,225
4010,575
4011,100
4012,498
4013,573
4014,-75
4015,-77
4016,675
4017,425
4018,675
4019,675
4020,675
4021,-125
4022,425
4023,675
4024,675
4025,448
4026,-125
4027,425
4028,400
4029,-175
4030,575
4031,-175
4032,623
4033,675
4034,625
4035,375
4036,675
4037,623
4038,525
4039,625
4040,675
4041,675
4042,-127
4043,625
4044,-125
4045,323
4046,573
4047,-75
4048,475
4049,675
4050,675
4051,98
4052,625
4053,673
4054,573
4055,521
4056,625
4057,0
4058,-125
4059,-125
4060,623
4061,550
4062,675
4063,473
4064,-200
4065,-125
4066,425
4067,625
4068,625
4069,-75
4070,-177
4071,150
4072,575
4073,150
4074,675
4075,675
4076,-125
4077,523
4078,273
4079,673
4080,623
4081,675
4082,625
4083,525
4084,675
4085,-25
4086,675
4087,675
4088,-125
4089,625
4090,550
4091,675
4092,675
4093,675
4094,675
4095,519
4096,523
4097,675
4098,575
4099,421
4100,625
4101,425
4102,573
4103,625
4104,675
4105,573
4106,673
4107,573
4108,675
4109,-125
4110,525
4111,525
4112,625
4113,575
4114,-27
4115,475
4116,673
4117,-125
4118,550
4119,300
4120,398
4121,400
4122,675
4123,-52
4124,675
4125,671
4126,575
4127,675
4128,548
4129,-125
4130,573
4131,573
4132,625
4133,575
4134,-25
4135,673
4136,-27
4137,671
4138,575
4139,675
4140,671
4141,425
4142,273
4143,625
4144,-131
4145,675
4146,675
4147,675
4148,525
4149,673
4150,-25
4151,625
4152,-77
4153,625
4154,575
4155,623
4156,625
4157,675
4158,675
4159,400
4160,546
4161,196
4162,675
4163,575
4164,523
4165,273
4166,473
4167,-25
4168,-125
4169,675
4170,423
4171,675
4172,-175
4173,569
4174,675
4175,673
4176,675
4177,623
4178,675
4179,-125
4180,625
4181,673
4182,675
4183,675
4184,625
4185,619
4186,575
4187,-125
4188,-125
4189,675
4190,675
4191,525
4192,-100
4193,625
4194,-125
4195,323
4196,675
4197,298
4198,-27
4199,525
4200,673
4201,675
4202,496
4203,-100
4204,-125
4205,-75
4206,675
4207,275
4208,675
4209,625
4210,621
4211,-127
4212,625
4213,673
4214,523
4215,673
4216,525
4217,675
4218,625
4219,-125
4220,498
4221,-27
4222,675
4223,673
4224,550
4225,623
4226,525
4227,225
4228,423
4229,-77
4230,625
4231,400
4232,675
4233,625
4234,675
4235,548
4236,348
4237,675
4238,625
4239,350
4240,625
4241,675
4242,675
4243,-75
4244,575
4245,623
4246,575
4247,475
4248,675
4249,623
4250,-125
4251,625
4252,573
4253,625
4254,525
4255,-129
4256,-125
4257,-125
4258,675
4259,675
4260,425
4261,525
4262,-81
4263,-77
4264,300
4265,625
4266,675
4267,675
4268,525
4269,625
4270,575
4271,223
4272,-125
4273,-125
4274,-125
4275,-75
4276,-75
4277,625
4278,573
4279,-79
4280,617
4281,625
4282,625
4283,-125
4284,675
4285,500
4286,673
4287,-127
4288,625
4289,-27
4290,623
4291,673
4292,673
4293,-75
4294,625
4295,673
4296,573
4297,675
4298,675
4299,-25
4300,-200
4301,400
4302,-125
4303,-125
4304,525
4305,-4
4306,625
4307,675
4308,675
4309,623
4310,425
4311,675
4312,-29
4313,525
4314,625
4315,675
4316,675
4317,675
4318,675
4319,675
4320,623
4321,573
4322,675
4323,425
4324,623
4325,623
4326,-77
4327,675
4328,625
4329,473
4330,-27
4331,673
4332,425
4333,523
4334,621
4335,500
4336,475
4337,-77
4338,-29
4339,675
4340,675
4341,623
4342,673
4343,675
4344,673
4345,-50
4346,-125
4347,675
4348,-125
4349,675
4350,625
4351,573
4352,-125
4353,350
4354,523
4355,625
4356,-133
4357,675
4358,623
4359,673
4360,675
4361,625
4362,525
4363,-127
4364,675
4365,625
4366,625
4367,498
4368,350
4369,675
4370,350
4371,300
4372,675
4373,675
4374,-75
4375,625
4376,623
4377,675
4378,675
4379,-77
4380,-77
4381,675
4382,-125
4383,150
4384,423
4385,625
4386,673
4387,475
4388,675
4389,325
4390,425
4391,-129
4392,496
4393,675
4394,525
4395,521
4396,675
4397,575
4398,625
4399,623
4400,575
4401,525
4402,525
4403,473
4404,625
4405,675
4406,673
4407,675
4408,525
4409,625
4410,523
4411,675
4412,625
4413,-127
4414,621
4415,625
4416,625
4417,423
4418,675
4419,548
4420,625
4421,675
4422,675
4423,625
4424,675
4425,675
4426,675
4427,525
4428,625
4429,673
4430,625
4431,625
4432,325
4433,521
4434,325
4435,475
4436,675
4437,-75
4438,-75
4439,675
4440,675
4441,625
4442,675
4443,100
4444,675
4445,571
4446,673
4447,675
4448,-25
4449,623
4450,496
4451,550
4452,-125
4453,550
4454,673
4455,673
4456,475
4457,375
4458,625
4459,521
4460,625
4461,425
4462,500
4463,623
4464,398
4465,623
4466,298
4467,473
4468,298
4469,450
4470,-125
4471,-75
4472,-127
4473,421
4474,525
4475,673
4476,475
4477,625
4478,-125
4479,675
4480,625
4481,-25
4482,675
4483,623
4484,292
4485,525
4486,-75
4487,-27
4488,675
4489,144
4490,425
4491,575
4492,675
4493,525
4494,-77
4495,675
4496,625
4497,400
4498,575
4499,625
4500,346
4501,475
4502,623
4503,523
4504,-27
4505,675
4506,-225
4507,625
4508,-127
4509,575
4510,675
4511,-125
4512,673
4513,673
4514,-77
4515,625
4516,575
4517,625
4518,625
4519,673
4520,-277
4521,675
4522,473
4523,573
4524,673
4525,675
4526,675
4527,675
4528,575
4529,675
4530,625
4531,400
4532,-77
4533,-75
4534,675
4535,675
4536,225
4537,673
4538,675
4539,625
4540,675
4541,673
4542,-75
4543,625
4544,-75
4545,550
4546,675
4547,675
4548,673
4549,625
4550,675
4551,619
4552,-125
4553,-75
4554,625
4555,675
4556,-125
4557,675
4558,675
4559,350
4560,-25
4561,623
4562,675
4563,573
4564,675
4565,625
4566,623
4567,625
4568,623
4569,625
4570,675
4571,575
4572,225
4573,675
4574,675
4575,298
4576,425
4577,-177
4578,625
4579,375
4580,625
4581,625
4582,100
4583,675
4584,625
4585,675
4586,623
4587,523
4588,621
4589,575
4590,-25
4591,375
4592,350
4593,625
4594,673
4595,-77
4596,525
4597,673
4598,625
4599,623
4600,525
4601,625
4602,675
4603,475
4604,-100
4605,-175
4606,250
4607,675
4608,625
4609,150
4610,621
4611,325
4612,625
4613,675
4614,525
4615,625
4616,673
4617,-100
4618,675
4619,623
4620,575
4621,450
4622,625
4623,675
4624,-125
4625,-125
4626,671
4627,300
4628,525
4629,-25
4630,-100
4631,400
4632,-75
4633,671
4634,523
4635,-79
4636,675
4637,575
4638,671
4639,675
4640,675
4641,250
4642,675
4643,-127
4644,-75
4645,675
4646,-25
4647,575
4648,675
4649,675
4650,498
4651,625
4652,675
4653,550
4654,625
4655,425
4656,-125
4657,625
4658,-125
4659,-27
4660,573
4661,675
4662,673
4663,625
4664,673
4665,-129
4666,625
4667,675
4668,525
4669,625
4670,423
4671,625
4672,200
4673,625
4674,-125
4675,25
4676,575
4677,225
4678,375
4679,625
4680,575
4681,571
4682,-125
4683,675
4684,575
4685,-75
4686,423
4687,575
4688,525
4689,673
4690,675
4691,-127
4692,625
4693,673
4694,625
4695,521
4696,675
4697,673
4698,675
4699,673
4700,623
4701,575
4702,275
4703,550
4704,-75
4705,675
4706,675
4707,575
4708,525
4709,523
4710,400
4711,-27
4712,250
4713,475
4714,675
4715,-125
4716,675
4717,625
4718,473
4719,571
4720,675
4721,623
4722,673
4723,373
4724,-2
4725,675
4726,-75
4727,673
4728,400
4729,-75
4730,473
4731,623
4732,-125
4733,575
4734,-75
4735,673
4736,-75
4737,573
4738,473
4739,575
4740,400
4741,673
4742,675
4743,625
4744,400
4745,523
4746,625
4747,523
4748,675
4749,625
4750,621
4751,623
4752,675
4753,-125
4754,525
4755,675
4756,-125
4757,275
4758,575
4759,575
4760,-175
4761,623
4762,623
4763,-75
4764,625
4765,-125
4766,675
4767,675
4768,-75
4769,550
4770,625
4771,75
4772,675
4773,473
4774,675
4775,625
4776,573
4777,625
4778,623
4779,275
4780,625
4781,675
4782,398
4783,625
4784,575
4785,625
4786,675
4787,-127
4788,619
4789,675
4790,675
4791,675
4792,550
4793,-125
4794,571
4795,571
4796,625
4797,525
4798,250
4799,675
4800,675
4801,400
4802,575
4803,398
4804,675
4805,625
4806,500
4807,425
4808,621
4809,-75
4810,519
4811,625
4812,675
4813,625
4814,-125
4815,623
4816,623
4817,-75
4818,321
4819,-27
4820,375
4821,675
4822,-75
4823,625
4824,375
4825,575
4826,525
4827,675
4828,675
4829,625
4830,-125
4831,625
4832,623
4833,675
4834,625
4835,348
4836,675
4837,525
4838,375
4839,675
4840,675
4841,623
4842,-125
4843,575
4844,673
4845,673
4846,575
4847,571
4848,575
4849,525
4850,623
4851,623
4852,675
4853,623
4854,150
4855,625
4856,675
4857,-175
4858,675
4859,675
4860,548
4861,675
4862,375
4863,671
4864,625
4865,523
4866,623
4867,675
4868,498
4869,-125
4870,350
4871,-25
4872,625
4873,675
4874,673
4875,-125
4876,400
4877,-25
4878,573
4879,619
4880,675
4881,625
4882,625
4883,348
4884,675
4885,-225
4886,550
4887,550
4888,675
4889,575
4890,675
4891,675
4892,-127
4893,625
4894,-127
4895,473
4896,-77
4897,173
4898,-125
4899,675
4900,275
4901,573
4902,475
4903,400
4904,673
4905,675
4906,625
4907,673
4908,625
4909,623
4910,675
4911,575
4912,675
4913,425
4914,675
4915,675
4916,675
4917,398
4918,375
4919,273
4920,675
4921,573
4922,675
4923,525
4924,675
4925,673
4926,575
4927,425
4928,-79
4929,625
4930,623
4931,623
4932,550
4933,-177
4934,621
4935,-125
4936,675
4937,575
4938,525
4939,373
4940,625
4941,575
4942,675
4943,-25
4944,625
4945,675
4946,-125
4947,675
4948,-75
4949,-75
4950,-75
4951,675
4952,673
4953,250
4954,-27
4955,675
4956,675
4957,500
4958,475
4959,425
4960,300
4961,475
4962,625
4963,575
4964,400
4965,150
4966,-75
4967,575
4968,575
4969,475
4970,525
4971,625
4972,673
4973,625
4974,525
4975,675
4976,-127
4977,-125
4978,523
4979,623
4980,550
4981,-177
4982,-75
4983,-125
4984,675
4985,675
4986,-25
4987,-77
4988,673
4989,625
4990,525
4991,625
4992,675
4993,673
4994,-125
4995,625
4996,575
4997,673
4998,623
4999,575
5000,575
5001,625
5002,623
5003,623
5004,671
5005,675
5006,600
5007,671
5008,675
5009,548
5010,144
5011,673
5012,673
5013,575
5014,-175
5015,675
5016,675
5017,673
5018,575
5019,400
5020,675
5021,-125
5022,675
5023,496
5024,625
5025,625
5026,673
5027,675
5028,423
5029,-27
5030,-27
5031,671
5032,350
5033,-27
5034,575
5035,625
5036,523
5037,500
5038,-77
5039,675
5040,575
5041,-75
5042,523
5043,675
5044,673
5045,473
5046,350
5047,675
5048,621
5049,575
5050,623
5051,625
5052,675
5053,675
5054,625
5055,423
5056,675
5057,675
5058,625
5059,623
5060,423
5061,675
5062,675
5063,675
5064,500
5065,525
5066,675
5067,571
5068,-75
5069,548
5070,625
5071,625
5072,-25
5073,675
5074,625
5075,675
5076,671
5077,625
5078,400
5079,-125
5080,673
5081,225
5082,-4
5083,-127
5084,523
5085,675
5086,325
5087,-75
5088,473
5089,675
5090,400
5091,-127
5092,675
5093,673
5094,475
5095,623
5096,-75
5097,575
5098,675
5099,623
5100,675
5101,-127
5102,675
5103,-125
5104,-29
5105,675
5106,673
5107,575
5108,-25
5109,625
5110,673
5111,623
5112,546
5113,673
5114,625
5115,-125
5116,625
5117,525
5118,673
5119,-125
5120,-29
5121,146
5122,573
5123,675
5124,675
5125,575
5126,300
5127,675
5128,675
5129,675
5130,471
5131,625
5132,673
5133,-27
5134,675
5135,625
5136,675
5137,675
5138,573
5139,575
5140,400
5141,625
5142,673
5143,250
5144,375
5145,671
5146,150
5147,400
5148,-125
5149,575
5150,-127
5151,675
5152,623
5153,350
5154,625
5155,-75
5156,673
5157,675
5158,575
5159,675
5160,673
5161,-75
5162,575
5163,373
5164,575
5165,575
5166,675
5167,625
5168,525
5169,-125
5170,673
5171,525
5172,298
5173,673
5174,673
5175,-125
5176,675
5177,-200
5178,575
5179,150
5180,675
5181,675
5182,-181
5183,673
5184,-75
5185,675
5186,-177
5187,625
5188,-75
5189,575
5190,675
5191,675
5192,623
5193,-125
5194,200
5195,675
5196,-127
5197,673
5198,571
5199,625
5200,425
5201,425
5202,423
5203,675
5204,425
5205,675
5206,675
5207,671
5208,473
5209,625
5210,675
5211,675
5212,-77
5213,-179
5214,575
5215,575
5216,625
5217,625
5218,675
5219,-125
5220,321
5221,625
5222,471
5223,623
5224,675
5225,400
5226,675
5227,573
5228,525
5229,398
5230,621
5231,673
5232,625
5233,-127
5234,425
5235,623
5236,675
5237,300
5238,-133
5239,675
5240,671
5241,675
5242,373
5243,-125
5244,623
5245,675
5246,675
5247,625
5248,675
5249,673
5250,-327
5251,-125
5252,425
5253,623
5254,-127
5255,575
5256,400
5257,625
5258,575
5259,571
5260,-127
5261,675
5262,575
5263,675
5264,675
5265,23
5266,671
5267,571
5268,425
5269,673
5270,-127
5271,575
5272,625
5273,573
5274,625
5275,625
5276,473
5277,525
5278,-79
5279,621
5280,675
5281,375
5282,525
5283,625
5284,273
5285,575
5286,575
5287,575
5288,548
5289,625
5290,575
5291,673
5292,625
5293,673
5294,-125
5295,-129
5296,625
5297,675
5298,675
5299,573
5300,625
5301,675
5302,623
5303,619
5304,573
5305,-75
5306,573
5307,-25
5308,625
5309,469
5310,575
5311,625
5312,473
5313,623
5314,625
5315,-25
5316,425
5317,575
5318,-75
5319,625
5320,675
5321,625
5322,575
5323,623
5324,-179
5325,623
5326,675
5327,425
5328,-175
5329,375
5330,625
5331,475
5332,425
5333,625
5334,250
5335,275
5336,-125
5337,625
5338,525
5339,425
5340,673
5341,-75
5342,675
5343,673
5344,375
5345,-29
5346,425
5347,623
5348,475
5349,375
5350,525
5351,-27
5352,575
5353,398
5354,-100
5355,671
5356,623
5357,298
5358,623
5359,625
5360,346
5361,548
5362,625
5363,675
5364,75
5365,350
5366,-125
5367,525
5368,675
5369,-125
5370,573
5371,400
5372,523
5373,625
5374,675
5375,525
5376,-75
5377,675
5378,425
5379,575
5380,-125
5381,671
5382,675
5383,675
5384,550
5385,573
5386,-75
5387,621
5388,573
5389,-75
5390,-125
5391,-125
5392,625
5393,669
5394,621
5395,675
5396,-75
5397,275
5398,475
5399,-75
5400,675
5401,-125
5402,194
5403,475
5404,-75
5405,473
5406,675
5407,400
5408,675
5409,596
5410,575
5411,673
5412,-75
5413,625
5414,675
5415,575
5416,623
5417,675
5418,623
5419,523
5420,675
5421,471
5422,673
5423,450
5424,375
5425,625
5426,296
5427,575
5428,675
5429,-31
5430,675
5431,623
5432,425
5433,-125
5434,675
5435,625
5436,675
5437,-75
5438,675
5439,400
5440,425
5441,525
5442,473
5443,525
5444,-125
5445,-127
5446,550
5447,350
5448,675
5449,-125
5450,523
5451,375
5452,625
5453,525
5454,669
5455,425
5456,-204
5457,-75
5458,523
5459,673
5460,500
5461,525
5462,675
5463,525
5464,475
5465,475
5466,673
5467,673
5468,600
5469,625
5470,625
5471,-75
5472,-129
5473,-25
5474,623
5475,625
5476,673
5477,348
5478,0
5479,-127
5480,573
5481,573
5482,675
5483,675
5484,625
5485,675
5486,675
5487,-29
5488,673
5489,-75
5490,-125
5491,675
5492,675
5493,625
5494,346
5495,-75
5496,-75
5497,-75
5498,475
5499,521
5500,669
5501,673
5502,575
5503,675
5504,475
5505,-125
5506,423
5507,625
5508,673
5509,623
5510,475
5511,625
5512,673
5513,423
5514,675
5515,-125
5516,675
5517,673
5518,548
5519,573
5520,573
5521,673
5522,-125
5523,625
5524,623
5525,275
5526,575
5527,525
5528,625
5529,625
5530,669
5531,625
5532,-125
5533,675
5534,-150
5535,521
5536,-100
5537,-29
5538,396
5539,-125
5540,675
5541,675
5542,275
5543,-75
5544,-100
5545,675
5546,473
5547,669
5548,575
5549,-75
5550,623
5551,398
5552,-25
5553,-125
5554,525
5555,-29
5556,423
5557,425
5558,673
5559,625
5560,673
5561,675
5562,625
5563,575
5564,575
5565,-125
5566,550
5567,675
5568,625
5569,575
5570,523
5571,623
5572,623
5573,-25
5574,675
5575,675
5576,675
5577,675
5578,673
5579,573
5580,673
5581,-75
5582,625
5583,673
5584,525
5585,675
5586,623
5587,525
5588,-125
5589,-25
5590,675
5591,-125
5592,525
5593,625
5594,-175
5595,675
5596,675
5597,425
5598,-77
5599,625
5600,623
5601,625
5602,619
5603,623
5604,575
5605,673
5606,675
5607,675
5608,673
5609,498
5610,-75
5611,675
5612,575
5613,675
5614,623
5615,675
5616,625
5617,675
5618,625
5619,623
5620,296
5621,275
5622,-175
5623,-200
5624,-75
5625,-125
5626,675
5627,523
5628,425
5629,475
5630,425
5631,675
5632,425
5633,325
5634,623
5635,675
5636,625
5637,-27
5638,-75
5639,675
5640,575
5641,673
5642,675
5643,575
5644,400
5645,575
5646,500
5647,550
5648,675
5649,473
5650,675
5651,673
5652,575
5653,675
5654,675
5655,673
5656,-125
5657,-75
5658,625
5659,575
5660,421
5661,673
5662,623
5663,623
5664,625
5665,625
5666,675
5667,-25
5668,-77
5669,675
5670,498
5671,621
5672,675
5673,675
5674,621
5675,525
5676,573
5677,-200
5678,273
5679,-175
5680,625
5681,350
5682,571
5683,-131
5684,-102
5685,675
5686,675
5687,673
5688,69
5689,75
5690,625
5691,525
5692,575
5693,373
5694,675
5695,221
5696,575
5697,675
5698,475
5699,675
5700,625
5701,500
5702,-125
5703,675
5704,675
5705,675
5706,675
5707,625
5708,-200
5709,-75
5710,575
5711,625
5712,398
5713,625
5714,575
5715,350
5716,625
5717,625
5718,619
5719,625
5720,625
5721,675
5722,173
5723,625
5724,625
5725,675
5726,573
5727,-77
5728,625
5729,-125
5730,673
5731,548
5732,-27
5733,425
5734,673
5735,473
5736,-125
5737,569
5738,-125
5739,625
5740,521
5741,425
5742,675
5743,625
5744,673
5745,625
5746,675
5747,675
5748,-250
5749,-27
5750,625
5751,-129
5752,625
5753,625
5754,350
5755,625
5756,625
5757,625
5758,575
5759,625
5760,575
5761,400
5762,-25
5763,575
5764,521
5765,248
5766,575
5767,348
5768,348
5769,675
5770,573
5771,575
5772,575
5773,-25
5774,575
5775,146
5776,673
5777,250
5778,671
5779,575
5780,-29
5781,-150
5782,398
5783,625
5784,346
5785,325
5786,675
5787,575
5788,348
5789,625
5790,625
5791,675
5792,671
5793,-77
5794,625
5795,675
5796,675
5797,675
5798,-75
5799,673
5800,425
5801,571
5802,575
5803,475
5804,-79
5805,375
5806,671
5807,448
5808,675
5809,675
5810,-25
5811,675
5812,623
5813,575
5814,573
5815,550
5816,-125
5817,448
5818,675
5819,-31
5820,275
5821,675
5822,425
5823,675
5824,675
5825,623
5826,675
5827,673
5828,-127
5829,-125
5830,625
5831,675
5832,425
5833,248
5834,675
5835,-29
5836,675
5837,625
5838,-125
5839,675
5840,523
5841,400
5842,625
5843,675
5844,-75
5845,548
5846,571
5847,619
5848,500
5849,473
5850,625
5851,475
5852,675
5853,175
5854,625
5855,675
5856,625
5857,625
5858,300
5859,575
5860,-125
5861,623
5862,673
5863,623
5864,623
5865,273
5866,273
5867,673
5868,-77
5869,621
5870,675
5871,523
5872,75
5873,675
5874,-27
5875,575
5876,525
5877,675
5878,-125
5879,675
5880,548
5881,398
5882,573
5883,496
5884,425
5885,-75
5886,675
5887,575
5888,548
5889,675
5890,-125
5891,675
5892,575
5893,675
5894,-25
5895,575
5896,625
5897,621
5898,675
5899,575
5900,675
5901,569
5902,-200
5903,675
5904,498
5905,450
5906,673
5907,675
5908,300
5909,-27
5910,675
5911,544
5912,675
5913,671
5914,675
5915,573
5916,625
5917,675
5918,675
5919,625
5920,475
5921,675
5922,-2
5923,675
5924,675
5925,350
5926,550
5927,625
5928,675
5929,675
5930,348
5931,673
5932,425
5933,575
5934,-225
5935,373
5936,673
5937,-125
5938,625
5939,673
5940,667
5941,323
5942,675
5943,-125
5944,623
5945,525
5946,675
5947,675
5948,673
5949,400
5950,496
5951,675
5952,675
5953,669
5954,475
5955,525
5956,475
5957,575
5958,-125
5959,623
5960,475
5961,625
5962,675
5963,-225
5964,-77
5965,625
5966,625
5967,671
5968,625
5969,575
5970,475
5971,375
5972,400
5973,671
5974,673
5975,-75
5976,675
5977,-129
5978,-50
5979,350
5980,675
5981,-125
5982,625
5983,625
5984,675
5985,400
5986,473
5987,625
5988,675
5989,675
5990,525
5991,675
5992,675
5993,425
5994,-75
5995,-125
5996,623
5997,523
5998,525
5999,625
6000,525
6001,675
6002,375
6003,675
6004,625
6005,625
6006,371
6007,625
6008,625
6009,623
6010,521
6011,673
6012,675
6013,-75
6014,-125
6015,398
6016,575
6017,671
6018,300
6019,625
6020,423
6021,-75
6022,-75
6023,375
6024,-25
6025,625
6026,-77
6027,625
6028,523
6029,675
6030,675
6031,673
6032,623
6033,525
6034,675
6035,625
6036,425
6037,625
6038,675
6039,-125
6040,521
6041,-125
6042,400
6043,571
6044,623
6045,675
6046,473
6047,475
6048,675
6049,625
6050,625
6051,-75
6052,423
6053,675
6054,425
6055,675
6056,675
6057,625
6058,-81
6059,625
6060,523
6061,150
6062,675
6063,675
6064,673
6065,550
6066,673
6067,-175
6068,625
6069,425
6070,-125
6071,625
6072,673
6073,573
6074,423
6075,575
6076,-29
6077,275
6078,625
6079,-25
6080,-25
6081,623
6082,673
6083,575
6084,-125
6085,-27
6086,575
6087,523
6088,625
6089,625
6090,675
6091,673
6092,525
6093,298
6094,621
6095,669
6096,575
6097,525
6098,623
6099,350
6100,575
6101,425
6102,-25
6103,-129
6104,675
6105,669
6106,575
6107,675
6108,-125
6109,675
6110,675
6111,673
6112,623
6113,548
6114,575
6115,-125
6116,571
6117,675
6118,673
6119,673
6120,525
6121,673
6122,675
6123,675
6124,-27
6125,675
6126,621
6127,400
6128,521
6129,675
6130,625
6131,675
6132,623
6133,273
6134,623
6135,350
6136,673
6137,625
6138,496
6139,675
6140,-125
6141,675
6142,675
6143,675
6144,675
6145,575
6146,625
6147,673
6148,573
6149,623
6150,625
6151,-75
6152,500
6153,398
6154,523
6155,575
6156,675
6157,625
6158,323
6159,623
6160,625
6161,375
6162,673
6163,550
6164,571
6165,573
6166,-127
6167,675
6168,675
6169,675
6170,675
6171,625
6172,575
6173,675
6174,675
6175,398
6176,398
6177,673
6178,575
6179,550
6180,625
6181,623
6182,423
6183,-27
6184,550
6185,-175
6186,673
6187,675
6188,-125
6189,-27
6190,675
6191,625
6192,-75
6193,623
6194,575
6195,-29
6196,675
6197,573
6198,300
6199,665
6200,675
6201,-175
6202,571
6203,625
6204,571
6205,675
6206,-125
6207,525
6208,675
6209,625
6210,625
6211,625
6212,675
6213,525
6214,-75
6215,675
6216,348
6217,675
6218,398
6219,675
6220,675
6221,500
6222,573
6223,575
6224,325
6225,625
6226,-29
6227,569
6228,525
6229,-129
6230,675
6231,623
6232,250
6233,-75
6234,-125
6235,625
6236,500
6237,425
6238,675
6239,623
6240,300
6241,573
6242,675
6243,425
6244,348
6245,-25
6246,521
6247,575
6248,625
6249,400
6250,550
6251,675
6252,575
6253,675
6254,525
6255,675
6256,421
6257,575
6258,548
6259,375
6260,675
6261,625
6262,373
6263,673
6264,475
6265,-125
6266,496
6267,525
6268,-125
6269,425
6270,223
6271,400
6272,623
6273,250
6274,-75
6275,673
6276,-25
6277,623
6278,623
6279,675
6280,675
6281,473
6282,523
6283,225
6284,675
6285,675
6286,225
6287,-29
6288,675
6289,675
6290,669
6291,621
6292,673
6293,675
6294,400
6295,621
6296,625
6297,-25
6298,625
6299,625
6300,550
6301,575
6302,675
6303,525
6304,675
6305,473
6306,-77
6307,623
6308,675
6309,-75
6310,675
6311,675
6312,500
6313,623
6314,675
6315,571
6316,-125
6317,400
6318,525
6319,-125
6320,675
6321,500
6322,675
6323,525
6324,321
6325,675
6326,323
6327,675
6328,575
6329,675
6330,675
6331,675
6332,573
6333,525
6334,675
6335,375
6336,373
6337,600
6338,623
6339,625
6340,675
6341,623
6342,571
6343,300
6344,625
6345,523
6346,625
6347,675
6348,-77
6349,546
6350,675
6351,625
6352,675
6353,625
6354,573
6355,425
6356,625
6357,625
6358,525
6359,321
6360,573
6361,575
6362,675
6363,-25
6364,675
6365,675
6366,675
6367,525
6368,325
6369,425
6370,675
6371,625
6372,573
6373,575
6374,625
6375,575
6376,625
6377,425
6378,673
6379,425
6380,625
6381,548
6382,675
6383,575
6384,625
6385,623
6386,-125
6387,325
6388,-129
6389,575
6390,525
6391,525
6392,675
6393,669
6394,425
6395,473
6396,675
6397,675
6398,-104
6399,675
6400,375
6401,-200
6402,675
6403,550
6404,671
6405,250
6406,675
6407,673
6408,625
6409,73
6410,671
6411,675
6412,475
6413,575
6414,675
6415,623
6416,500
6417,623
6418,525
6419,275
6420,425
6421,-229
6422,675
6423,625
6424,675
6425,675
6426,-29
6427,669
6428,573
6429,471
6430,623
6431,621
6432,473
6433,550
6434,575
6435,225
6436,673
6437,573
6438,350
6439,-75
6440,621
6441,-127
6442,-75
6443,-75
6444,669
6445,546
6446,523
6447,573
6448,-27
6449,625
6450,675
6451,673
6452,675
6453,150
6454,-77
6455,525
6456,-77
6457,550
6458,675
6459,673
6460,-75
6461,598
6462,675
6463,475
6464,675
6465,625
6466,675
6467,675
6468,375
6469,675
6470,675
6471,375
6472,275
6473,475
6474,575
6475,-27
6476,625
6477,-75
6478,425
6479,623
6480,350
6481,398
6482,675
6483,550
6484,625
6485,-275
6486,388
6487,500
6488,525
6489,625
6490,573
6491,550
6492,675
6493,-125
6494,673
6495,675
6496,-31
6497,675
6498,-75
6499,398
6500,675
6501,575
6502,375
6503,675
6504,625
6505,673
6506,671
6507,573
6508,-125
6509,575
6510,425
6511,671
6512,675
6513,-25
6514,-75
6515,-75
6516,548
6517,625
6518,675
6519,375
6520,-125
6521,675
6522,-75
6523,675
6524,675
6525,525
6526,675
6527,623
6528,625
6529,-125
6530,-29
6531,625
6532,-27
6533,667
6534,575
6535,625
6536,675
6537,-77
6538,625
6539,-75
6540,575
6541,675
6542,673
6543,400
6544,675
6545,525
6546,575
6547,673
6548,-200
6549,550
6550,625
6551,625
6552,625
6553,575
6554,675
6555,300
6556,675
6557,675
6558,625
6559,371
6560,625
6561,-125
6562,573
6563,675
6564,0
6565,-127
6566,675
6567,675
6568,625
6569,621
6570,673
6571,625
6572,675
6573,575
6574,625
6575,675
6576,675
6577,675
6578,-75
6579,-252
6580,223
6581,623
6582,675
6583,375
6584,675
6585,400
6586,623
6587,-125
6588,-79
6589,-77
6590,-29
6591,473
6592,346
6593,675
6594,523
6595,673
6596,575
6597,275
6598,623
6599,675
6600,-75
6601,275
6602,-125
6603,625
6604,425
6605,300
6606,675
6607,348
6608,-75
6609,623
6610,475
6611,-50
6612,423
6613,675
6614,375
6615,400
6616,-75
6617,675
6618,350
6619,575
6620,625
6621,675
6622,625
6623,625
6624,-75
6625,675
6626,673
6627,573
6628,525
6629,298
6630,675
6631,-25
6632,675
6633,425
6634,673
6635,-27
6636,575
6637,625
6638,673
6639,-75
6640,675
6641,675
6642,525
6643,673
6644,675
6645,-102
6646,300
6647,575
6648,675
6649,623
6650,673
6651,675
6652,250
6653,375
6654,675
6655,675
6656,525
6657,548
6658,275
6659,346
6660,673
6661,-127
6662,425
6663,625
6664,675
6665,675
6666,675
6667,675
6668,325
6669,675
6670,625
6671,425
6672,-177
6673,500
6674,675
6675,525
6676,-125
6677,625
6678,625
6679,298
6680,673
6681,675
6682,400
6683,550
6684,625
6685,675
6686,675
6687,523
6688,623
6689,623
6690,675
6691,625
6692,400
6693,-77
6694,425
6695,673
6696,625
6697,275
6698,575
6699,350
6700,675
6701,425
6702,525
6703,375
6704,375
6705,575
6706,-25
6707,-125
6708,-125
6709,525
6710,675
6711,625
6712,673
6713,675
6714,-127
6715,400
6716,575
6717,675
6718,673
6719,623
6720,675
6721,673
6722,-75
6723,675
6724,623
6725,-2
6726,673
6727,-200
6728,673
6729,575
6730,-75
6731,325
6732,675
6733,375
6734,625
6735,625
6736,475
6737,675
6738,675
6739,-50
6740,625
6741,575
6742,623
6743,623
6744,-75
6745,675
6746,673
6747,623
6748,675
6749,325
6750,675
6751,-75
6752,450
6753,525
6754,675
6755,621
6756,150
6757,675
6758,-200
6759,550
6760,-125
6761,675
6762,575
6763,423
6764,675
6765,673
6766,575
6767,625
6768,275
6769,675
6770,525
6771,448
6772,573
6773,675
6774,525
6775,471
6776,-75
6777,550
6778,675
6779,675
6780,675
6781,675
6782,525
6783,675
6784,-75
6785,575
6786,-279
6787,-25
6788,-125
6789,675
6790,-177
6791,498
6792,521
6793,-125
6794,675
6795,-125
6796,675
6797,475
6798,675
6799,571
6800,-125
6801,400
6802,625
6803,-27
6804,673
6805,-77
6806,623
6807,-75
6808,625
6809,-125
6810,675
6811,-75
6812,675
6813,575
6814,625
6815,675
6816,675
6817,675
6818,575
6819,623
6820,675
6821,425
6822,-77
6823,500
6824,525
6825,675
6826,425
6827,325
6828,625
6829,525
6830,625
6831,-125
6832,-75
6833,675
6834,675
6835,-125
6836,675
6837,-127
6838,-175
6839,-25
6840,-177
6841,546
6842,673
6843,675
6844,675
6845,-75
6846,575
6847,-75
6848,625
6849,475
6850,425
6851,-150
6852,675
6853,625
6854,550
6855,425
6856,575
6857,675
6858,675
6859,515
6860,623
6861,675
6862,475
6863,323
6864,-2
6865,625
6866,625
6867,625
6868,-25
6869,575
6870,475
6871,-125
6872,621
6873,-125
6874,675
6875,321
6876,-75
6877,425
6878,423
6879,-75
6880,350
6881,575
6882,623
6883,521
6884,623
6885,425
6886,625
6887,-175
6888,525
6889,675
6890,-75
6891,675
6892,675
6893,473
6894,525
6895,673
6896,-125
6897,148
6898,623
6899,-75
6900,675
6901,625
6902,675
6903,425
6904,550
6905,675
6906,625
6907,625
6908,575
6909,623
6910,398
6911,575
6912,675
6913,-27
6914,675
6915,675
6916,675
6917,-75
6918,446
6919,675
6920,623
6921,-125
6922,625
6923,625
6924,675
6925,500
6926,673
6927,673
6928,619
6929,675
6930,-125
6931,675
6932,675
6933,523
6934,625
6935,-75
6936,623
6937,625
6938,625
6939,673
6940,-125
6941,475
6942,675
6943,575
6944,575
6945,575
6946,-125
6947,450
6948,675
6949,623
6950,-75
6951,575
6952,673
6953,-125
6954,-125
6955,625
6956,619
6957,623
6958,525
6959,575
6960,-75
6961,350
6962,-125
6963,571
6964,525
6965,525
6966,425
6967,625
6968,544
6969,425
6970,675
6971,625
6972,623
6973,-75
6974,-75
6975,575
6976,675
6977,-27
6978,525
6979,625
6980,625
6981,675
6982,625
6983,-175
6984,425
6985,575
6986,673
6987,396
6988,673
6989,625
6990,675
6991,675
6992,675
6993,-25
6994,573
6995,-75
6996,625
6997,-31
6998,117
6999,675
7000,348
7001,473
7002,675
7003,675
7004,625
7005,675
7006,675
7007,675
7008,675
7009,348
7010,375
7011,671
7012,673
7013,550
7014,623
7015,625
7016,675
7017,673
7018,525
7019,675
7020,675
7021,400
7022,675
7023,675
7024,675
7025,673
7026,673
7027,-127
7028,673
7029,421
7030,625
7031,-25
7032,625
7033,675
7034,-125
7035,673
7036,673
7037,573
7038,323
7039,573
7040,573
7041,675
7042,425
7043,673
7044,673
7045,575
7046,675
7047,-75
7048,625
7049,-75
7050,-175
7051,675
7052,-75
7053,625
7054,550
7055,521
7056,623
7057,525
7058,625
7059,675
7060,623
7061,675
7062,675
7063,675
7064,675
7065,575
7066,675
7067,400
7068,571
7069,625
7070,523
7071,-31
7072,-75
7073,375
7074,673
7075,667
7076,675
7077,675
7078,-100
7079,675
7080,673
7081,575
7082,675
7083,675
7084,550
7085,671
7086,-25
7087,625
7088,675
7089,375
7090,-125
7091,625
7092,500
7093,625
7094,675
7095,-25
7096,471
7097,-25
7098,525
7099,400
7100,675
7101,200
7102,625
7103,675
7104,98
7105,-127
7106,-75
7107,-75
7108,-77
7109,325
7110,273
7111,-52
7112,-29
7113,675
7114,625
7115,675
7116,675
7117,675
7118,225
7119,-75
7120,673
7121,-75
7122,575
7123,525
7124,-75
7125,575
7126,621
7127,425
7128,673
7129,-125
7130,571
7131,475
7132,275
7133,448
7134,625
7135,673
7136,625
7137,-125
7138,675
7139,350
7140,675
7141,675
7142,-125
7143,-125
7144,673
7145,625
7146,625
7147,-125
7148,575
7149,675
7150,673
7151,525
7152,623
7153,671
7154,623
7155,0
7156,394
7157,625
7158,250
7159,-125
7160,675
7161,675
7162,-125
7163,500
7164,-125
7165,625
7166,-29
7167,400
7168,673
7169,675
7170,-29
7171,575
7172,675
7173,675
7174,675
7175,250
7176,675
7177,425
7178,625
7179,-125
7180,-77
7181,475
7182,523
7183,-125
7184,675
7185,523
7186,625
7187,496
7188,-177
7189,346
7190,675
7191,-50
7192,521
7193,675
7194,521
7195,-25
7196,325
7197,-125
7198,625
7199,-200
7200,-125
7201,523
7202,625
7203,625
7204,-77
7205,625
7206,625
7207,625
7208,625
7209,394
7210,625
7211,-200
7212,550
7213,-100
7214,575
7215,575
7216,-75
7217,-129
7218,-25
7219,625
7220,448
7221,673
7222,525
7223,671
7224,-75
7225,673
7226,625
7227,673
7228,250
7229,673
7230,673
7231,-125
7232,675
7233,525
7234,675
7235,-75
7236,675
7237,400
7238,675
7239,-27
7240,675
7241,273
7242,573
7243,625
7244,621
7245,625
7246,623
7247,575
7248,-125
7249,423
7250,675
7251,-125
7252,-127
7253,-75
7254,-125
7255,475
7256,673
7257,673
7258,623
7259,675
7260,-127
7261,621
7262,-75
7263,-125
7264,673
7265,625
7266,-25
7267,525
7268,475
7269,673
7270,425
7271,675
7272,-25
7273,675
7274,625
7275,573
7276,675
7277,675
7278,675
7279,675
7280,150
7281,-125
7282,623
7283,625
7284,-200
7285,673
7286,575
7287,425
7288,675
7289,675
7290,548
7291,675
7292,-225
7293,-79
7294,623
7295,469
7296,675
7297,675
7298,673
7299,-75
7300,467
7301,675
7302,-25
7303,575
7304,675
7305,675
7306,675
7307,-75
7308,519
7309,373
7310,671
7311,-125
7312,675
7313,673
7314,525
7315,348
7316,621
7317,625
7318,675
7319,675
7320,621
7321,571
7322,675
7323,625
7324,673
7325,525
7326,673
7327,673
7328,625
7329,525
7330,525
7331,-125
7332,-125
7333,623
7334,625
7335,623
7336,575
7337,575
7338,173
7339,623
7340,-79
7341,675
7342,-125
7343,673
7344,350
7345,400
7346,625
7347,675
7348,-277
7349,675
7350,625
7351,325
7352,400
7353,-27
7354,625
7355,623
7356,625
7357,625
7358,621
7359,675
7360,673
7361,669
7362,573
7363,625
7364,525
7365,675
7366,-79
7367,-29
7368,550
7369,675
7370,523
7371,198
7372,673
7373,625
7374,525
7375,475
7376,625
7377,523
7378,673
7379,575
7380,675
7381,275
7382,675
7383,675
7384,-125
7385,675
7386,623
7387,575
7388,575
7389,675
7390,-75
7391,425
7392,675
7393,-125
7394,675
7395,623
7396,623
7397,625
7398,625
7399,425
7400,400
7401,673
7402,550
7403,200
7404,498
7405,575
7406,675
7407,575
7408,-27
7409,675
7410,675
7411,525
7412,-127
7413,-75
7414,550
7415,675
7416,-125
7417,625
7418,573
7419,525
7420,-125
7421,673
7422,-25
7423,573
7424,673
7425,671
7426,675
7427,675
7428,-25
7429,675
7430,550
7431,675
7432,375
7433,623
7434,625
7435,625
7436,675
7437,573
7438,-125
7439,-77
7440,675
7441,625
7442,-127
7443,675
7444,675
7445,-25
7446,625
7447,675
7448,575
7449,400
7450,523
7451,623
7452,675
7453,-175
7454,675
7455,521
7456,625
7457,550
7458,625
7459,673
7460,550
7461,675
7462,-75
7463,475
7464,575
7465,575
7466,-75
7467,-125
7468,623
7469,-75
7470,625
7471,621
7472,675
7473,550
7474,675
7475,675
7476,-75
7477,621
7478,675
7479,675
7480,623
7481,425
7482,675
7483,425
7484,-25
7485,575
7486,675
7487,-177
7488,-25
7489,623
7490,350
7491,625
7492,400
7493,675
7494,675
7495,573
7496,675
7497,673
7498,625
7499,675
7500,675
7501,675
7502,675
7503,675
7504,673
7505,571
7506,675
7507,548
7508,675
7509,375
7510,675
7511,673
7512,675
7513,-75
7514,625
7515,573
7516,625
7517,675
7518,675
7519,575
7520,675
7521,675
7522,575
7523,-125
7524,625
7525,425
7526,-79
7527,540
7528,573
7529,673
7530,398
7531,275
7532,-27
7533,571
7534,-175
7535,619
7536,-75
7537,623
7538,675
7539,675
7540,669
7541,550
7542,671
7543,675
7544,-27
7545,675
7546,-79
7547,625
7548,625
7549,625
7550,550
7551,675
7552,675
7553,625
7554,423
7555,200
7556,625
7557,525
7558,673
7559,425
7560,625
7561,575
7562,625
7563,673
7564,671
7565,675
7566,625
7567,-125
7568,625
7569,546
7570,425
7571,675
7572,671
7573,525
7574,423
7575,617
7576,523
7577,673
7578,675
7579,100
7580,425
7581,675
7582,567
7583,625
7584,500
7585,675
7586,675
7587,400
7588,-75
7589,623
7590,-75
7591,675
7592,475
7593,625
7594,550
7595,625
7596,523
7597,550
7598,-100
7599,675
7600,675
7601,673
7602,423
7603,473
7604,375
7605,550
7606,-200
7607,675
7608,373
7609,675
7610,623
7611,425
7612,350
7613,573
7614,548
7615,675
7616,675
7617,673
7618,623
7619,573
7620,623
7621,625
7622,375
7623,625
7624,523
7625,-77
7626,-27
7627,673
7628,473
7629,-125
7630,625
7631,473
7632,623
7633,675
7634,675
7635,675
7636,375
7637,675
7638,-129
7639,525
7640,373
7641,-75
7642,-75
7643,675
7644,675
7645,-200
7646,-127
7647,675
7648,575
7649,675
7650,675
7651,625
7652,-125
7653,623
7654,475
7655,675
7656,400
7657,-125
7658,-77
7659,575
7660,400
7661,675
7662,675
7663,-27
7664,550
7665,523
7666,575
7667,523
7668,675
7669,550
7670,475
7671,450
7672,673
7673,675
7674,150
7675,625
7676,573
7677,675
7678,625
7679,471
7680,575
7681,675
7682,575
7683,673
7684,675
7685,-125
7686,242
7687,625
7688,623
7689,398
7690,675
7691,675
7692,525
7693,-77
7694,625
7695,498
7696,-127
7697,348
7698,625
7699,675
7700,473
7701,675
7702,-77
7703,-79
7704,673
7705,675
7706,675
7707,573
7708,625
7709,673
7710,675
7711,675
7712,675
7713,675
7714,350
7715,523
7716,675
7717,575
7718,525
7719,596
7720,550
7721,525
7722,675
7723,448
7724,675
7725,-75
7726,675
7727,673
7728,623
7729,400
7730,400
7731,675
7732,675
7733,675
7734,623
7735,673
7736,625
7737,496
7738,625
7739,550
7740,525
7741,675
7742,-300
7743,-125
7744,500
7745,275
7746,548
7747,373
7748,423
7749,548
7750,575
7751,425
7752,625
7753,675
7754,-75
7755,425
7756,673
7757,675
7758,-27
7759,675
7760,575
7761,475
7762,625
7763,625
7764,-125
7765,675
7766,575
7767,673
7768,475
7769,-27
7770,675
7771,675
7772,525
7773,-125
7774,673
7775,-75
7776,675
7777,675
7778,-125
7779,675
7780,-75
7781,-81
7782,348
7783,-225
7784,623
7785,-50
7786,475
7787,575
7788,573
7789,-27
7790,623
7791,675
7792,-200
7793,675
7794,673
7795,675
7796,675
7797,675
7798,575
7799,575
7800,675
7801,398
7802,625
7803,-175
7804,675
7805,-125
7806,675
7807,0
7808,675
7809,550
7810,675
7811,575
7812,675
7813,-75
7814,473
7815,673
7816,248
7817,673
7818,575
7819,625
7820,625
7821,675
7822,-129
7823,673
7824,675
7825,425
7826,671
7827,548
7828,675
7829,373
7830,675
7831,625
7832,573
7833,525
7834,250
7835,425
7836,-125
7837,575
7838,625
7839,625
7840,398
7841,498
7842,623
7843,398
7844,-77
7845,523
7846,-25
7847,523
7848,519
7849,625
7850,-25
7851,671
7852,523
7853,675
7854,575
7855,-25
7856,-77
7857,525
7858,669
7859,623
7860,675
7861,675
7862,675
7863,-75
7864,573
7865,573
7866,675
7867,623
7868,675
7869,623
7870,523
7871,675
7872,625
7873,425
7874,625
7875,625
7876,575
7877,575
7878,675
7879,625
7880,523
7881,325
7882,623
7883,-50
7884,-77
7885,-27
7886,675
7887,523
7888,675
7889,673
7890,675
7891,673
7892,575
7893,673
7894,673
7895,423
7896,575
7897,-127
7898,675
7899,675
7900,350
7901,625
7902,625
7903,675
7904,473
7905,675
7906,675
7907,498
7908,675
7909,673
7910,-175
7911,673
7912,425
7913,571
7914,625
7915,350
7916,425
7917,400
7918,-25
7919,673
7920,623
7921,473
7922,398
7923,625
7924,323
7925,675
7926,575
7927,550
7928,425
7929,625
7930,625
7931,148
7932,-125
7933,675
7934,575
7935,673
7936,625
7937,673
7938,525
7939,425
7940,675
7941,-81
7942,300
7943,-75
7944,675
7945,673
7946,-125
7947,675
7948,-125
7949,-125
7950,625
7951,-127
7952,675
7953,625
7954,521
7955,525
7956,675
7957,575
7958,675
7959,525
7960,625
7961,675
7962,575
7963,400
7964,625
7965,625
7966,348
7967,525
7968,-77
7969,375
7970,-75
7971,398
7972,625
7973,575
7974,473
7975,675
7976,673
7977,623
7978,-75
7979,375
7980,675
7981,673
7982,673
7983,375
7984,425
7985,475
7986,625
7987,146
7988,675
7989,-125
7990,525
7991,-129
7992,675
7993,-27
7994,-177
7995,675
7996,-125
7997,675
7998,-75
7999,-100
8000,348
8001,350
8002,625
8003,573
8004,496
8005,625
8006,-125
8007,425
8008,675
8009,625
8010,675
8011,-27
8012,123
8013,323
8014,675
8015,375
8016,675
8017,-25
8018,625
8019,400
8020,-200
8021,244
8022,-25
8023,575
8024,148
8025,675
8026,425
8027,625
8028,473
8029,625
8030,675
8031,673
8032,521
8033,675
8034,-25
8035,575
8036,398
8037,450
8038,-125
8039,669
8040,573
8041,625
8042,675
8043,-125
8044,675
8045,575
8046,548
8047,500
8048,-75
8049,-75
8050,-77
8051,675
8052,550
8053,673
8054,675
8055,625
8056,675
8057,-125
8058,-75
8059,-77
8060,-75
8061,525
8062,625
8063,625
8064,469
8065,675
8066,423
8067,-27
8068,-75
8069,475
8070,475
8071,-75
8072,-125
8073,450
8074,498
8075,425
8076,-27
8077,625
8078,625
8079,625
8080,625
8081,573
8082,-27
8083,-125
8084,675
8085,-202
8086,625
8087,523
8088,675
8089,675
8090,675
8091,498
8092,-125
8093,625
8094,675
8095,521
8096,675
8097,675
8098,675
8099,675
8100,-75
8101,673
8102,673
8103,675
8104,-200
8105,675
8106,525
8107,625
8108,-175
8109,675
8110,523
8111,673
8112,673
8113,675
8114,675
8115,125
8116,-75
8117,-25
8118,425
8119,625
8120,-27
8121,-75
8122,-50
8123,525
8124,675
8125,675
8126,-125
8127,575
8128,623
8129,498
8130,673
8131,625
8132,-75
8133,675
8134,-127
8135,625
8136,625
8137,673
8138,625
8139,673
8140,425
8141,-127
8142,525
8143,675
8144,623
8145,673
8146,675
8147,675
8148,575
8149,475
8150,-100
8151,-77
8152,475
8153,625
8154,575
8155,673
8156,373
8157,200
8158,525
8159,548
8160,-125
8161,-25
8162,523
8163,-125
8164,669
8165,575
8166,623
8167,625
8168,673
8169,-175
8170,523
8171,675
8172,675
8173,675
8174,675
8175,346
8176,623
8177,550
8178,673
8179,298
8180,623
8181,525
8182,675
8183,525
8184,423
8185,348
8186,325
8187,348
8188,350
8189,673
8190,675
8191,675
8192,475
8193,475
8194,-27
8195,625
8196,675
8197,625
8198,396
8199,675
8200,619
8201,675
8202,571
8203,625
8204,625
8205,-25
8206,673
8207,621
8208,400
8209,425
8210,498
8211,525
8212,623
8213,675
8214,675
8215,673
8216,673
8217,575
8218,-125
8219,675
8220,675
8221,521
8222,450
8223,296
8224,675
8225,-127
8226,675
8227,-127
8228,675
8229,625
8230,675
8231,623
8232,575
8233,675
8234,-75
8235,673
8236,-75
8237,-4
8238,675
8239,300
8240,-25
8241,675
8242,-75
8243,-125
8244,625
8245,148
8246,350
8247,625
8248,523
8249,-81
8250,-79
8251,675
8252,250
8253,625
8254,398
8255,573
8256,-125
8257,-200
8258,675
8259,273
8260,675
8261,675
8262,400
8263,673
8264,-56
8265,673
8266,-25
8267,675
8268,675
8269,625
8270,75
8271,573
8272,623
8273,375
8274,398
8275,398
8276,675
8277,298
8278,-27
8279,625
8280,575
8281,575
8282,625
8283,-25
8284,523
8285,525
8286,425
8287,-125
8288,519
8289,625
8290,400
8291,525
8292,623
8293,298
8294,375
8295,-33
8296,-125
8297,675
8298,673
8299,-77
8300,-77
8301,-125
8302,423
8303,623
8304,625
8305,-77
8306,675
8307,625
8308,675
8309,625
8310,675
8311,-125
8312,673
8313,625
8314,525
8315,625
8316,575
8317,523
8318,-127
8319,621
8320,571
8321,575
8322,-254
8323,675
8324,623
8325,350
8326,-75
8327,-300
8328,575
8329,-125
8330,-75
8331,523
8332,623
8333,575
8334,523
8335,675
8336,673
8337,525
8338,673
8339,-125
8340,-200
8341,625
8342,623
8343,275
8344,575
8345,-75
8346,675
8347,550
8348,323
8349,673
8350,-25
8351,625
8352,675
8353,575
8354,571
8355,623
8356,-125
8357,-125
8358,623
8359,625
8360,525
8361,-25
8362,575
8363,675
8364,-75
8365,298
8366,-52
8367,675
8368,-25
8369,423
8370,-31
8371,675
8372,575
8373,675
8374,625
8375,273
8376,423
8377,525
8378,625
8379,675
8380,350
8381,346
8382,673
8383,625
8384,673
8385,675
8386,521
8387,675
8388,575
8389,425
8390,673
8391,-125
8392,569
8393,675
8394,575
8395,-200
8396,-131
8397,150
8398,675
8399,675
8400,475
8401,671
8402,521
8403,671
8404,-125
8405,525
8406,-125
8407,625
8408,675
8409,675
8410,675
8411,673
8412,300
8413,675
8414,673
8415,625
8416,625
8417,423
8418,398
8419,625
8420,675
8421,-25
8422,675
8423,298
8424,225
8425,150
8426,675
8427,625
8428,675
8429,250
8430,623
8431,525
8432,573
8433,348
8434,375
8435,475
8436,675
8437,675
8438,625
8439,523
8440,625
8441,325
8442,248
8443,675
8444,673
8445,623
8446,-125
8447,-125
8448,673
8449,675
8450,625
8451,-77
8452,625
8453,-75
8454,673
8455,448
8456,575
8457,625
8458,625
8459,475
8460,675
8461,675
8462,550
8463,525
8464,-75
8465,621
8466,-27
8467,-125
8468,673
8469,-125
8470,675
8471,625
8472,675
8473,625
8474,623
8475,525
8476,375
8477,625
8478,675
8479,475
8480,625
8481,446
8482,50
8483,298
8484,475
8485,575
8486,471
8487,-125
8488,675
8489,625
8490,575
8491,673
8492,575
8493,673
8494,425
8495,525
8496,425
8497,623
8498,675
8499,-125
8500,571
8501,-125
8502,-127
8503,675
8504,673
8505,675
8506,575
8507,673
8508,675
8509,-29
8510,-75
8511,194
8512,625
8513,573
8514,-127
8515,100
8516,-450
8517,-100
8518,675
8519,673
8520,-129
8521,625
8522,496
8523,-29
8524,675
8525,-127
8526,625
8527,623
8528,575
8529,400
8530,496
8531,475
8532,671
8533,673
8534,675
8535,575
8536,400
8537,673
8538,-75
8539,675
8540,-125
8541,673
8542,675
8543,573
8544,625
8545,669
8546,350
8547,573
8548,-150
8549,548
8550,669
8551,625
8552,675
8553,425
8554,625
8555,-77
8556,-29
8557,-125
8558,673
8559,675
8560,-29
8561,623
8562,-125
8563,-77
8564,623
8565,-127
8566,675
8567,675
8568,-125
8569,-227
8570,623
8571,-77
8572,573
8573,675
8574,400
8575,673
8576,675
8577,675
8578,-125
8579,575
8580,673
8581,-125
8582,619
8583,625
8584,-125
8585,-29
8586,471
8587,675
8588,-127
8589,575
8590,475
8591,675
8592,575
8593,473
8594,625
8595,550
8596,625
8597,623
8598,675
8599,673
8600,673
8601,675
8602,625
8603,-125
8604,675
8605,248
8606,675
8607,275
8608,675
8609,423
8610,675
8611,473
8612,525
8613,423
8614,-75
8615,423
8616,-125
8617,548
8618,-125
8619,-25
8620,675
8621,400
8622,575
8623,625
8624,625
8625,623
8626,-125
8627,-75
8628,675
8629,675
8630,-25
8631,-102
8632,673
8633,673
8634,-27
8635,623
8636,500
8637,575
8638,675
8639,675
8640,625
8641,523
8642,673
8643,525
8644,673
8645,675
8646,673
8647,225
8648,-75
8649,675
8650,571
8651,-125
8652,625
8653,675
8654,373
8655,675
8656,275
8657,625
8658,675
8659,675
8660,625
8661,400
8662,-127
8663,525
8664,675
8665,575
8666,423
8667,275
8668,625
8669,-75
8670,375
8671,571
8672,525
8673,673
8674,623
8675,-77
8676,625
8677,625
8678,675
8679,623
8680,575
8681,675
8682,675
8683,475
8684,675
8685,673
8686,625
8687,-77
8688,675
8689,575
8690,398
8691,675
8692,425
8693,621
8694,-75
8695,-77
8696,-25
8697,523
8698,500
8699,273
8700,673
8701,621
8702,-75
8703,-177
8704,575
8705,673
8706,675
8707,675
8708,675
8709,625
8710,625
8711,569
8712,473
8713,-125
8714,444
8715,625
8716,621
8717,675
8718,625
8719,-131
8720,198
8721,675
8722,473
8723,498
8724,623
8725,-175
8726,523
8727,573
8728,-27
8729,475
8730,573
8731,-125
8732,625
8733,573
8734,675
8735,546
8736,675
8737,623
8738,675
8739,623
8740,475
8741,-27
8742,625
8743,575
8744,675
8745,425
8746,673
8747,623
8748,675
8749,625
8750,-125
8751,350
8752,625
8753,398
8754,-77
8755,573
8756,525
8757,625
8758,675
8759,675
8760,625
8761,571
8762,675
8763,-27
8764,671
8765,575
8766,525
8767,675
8768,-125
8769,425
8770,-25
8771,575
8772,625
8773,573
8774,500
8775,575
8776,675
8777,675
8778,673
8779,671
8780,671
8781,625
8782,675
8783,675
8784,625
8785,-125
8786,673
8787,625
8788,575
8789,521
8790,675
8791,-75
8792,-125
8793,375
8794,625
8795,-152
8796,475
8797,-77
8798,475
8799,675
8800,673
8801,675
8802,625
8803,623
8804,575
8805,675
8806,575
8807,475
8808,-125
8809,625
8810,425
8811,573
8812,-125
8813,625
8814,673
8815,475
8816,396
8817,523
8818,675
8819,375
8820,625
8821,675
8822,-175
8823,325
8824,673
8825,675
8826,-81
8827,221
8828,675
8829,375
8830,673
8831,573
8832,675
8833,575
8834,675
8835,-25
8836,375
8837,675
8838,575
8839,275
8840,-75
8841,-77
8842,623
8843,673
8844,625
8845,425
8846,675
8847,673
8848,675
8849,575
8850,673
8851,548
8852,575
8853,300
8854,575
8855,448
8856,-75
8857,675
8858,675
8859,523
8860,673
8861,675
8862,625
8863,425
8864,675
8865,300
8866,675
8867,225
8868,571
8869,325
8870,550
8871,675
8872,625
8873,300
8874,523
8875,675
8876,573
8877,-125
8878,523
8879,625
8880,675
8881,625
8882,625
8883,625
8884,475
8885,573
8886,675
8887,250
8888,573
8889,675
8890,350
8891,250
8892,550
8893,300
8894,625
8895,348
8896,548
8897,575
8898,675
8899,-125
8900,675
8901,575
8902,625
8903,-125
8904,675
8905,-252
8906,-75
8907,625
8908,394
8909,673
8910,575
8911,673
8912,673
8913,-77
8914,623
8915,675
8916,623
8917,-75
8918,625
8919,-75
8920,625
8921,623
8922,675
8923,675
8924,675
8925,-79
8926,625
8927,571
8928,675
8929,625
8930,673
8931,-25
8932,-25
8933,675
8934,-75
8935,575
8936,675
8937,623
8938,-127
8939,625
8940,625
8941,675
8942,625
8943,-75
8944,673
8945,473
8946,425
8947,-125
8948,423
8949,675
8950,675
8951,300
8952,573
8953,525
8954,625
8955,575
8956,623
8957,625
8958,398
8959,-25
8960,348
8961,398
8962,-25
8963,-127
8964,523
8965,675
8966,675
8967,625
8968,475
8969,623
8970,575
8971,621
8972,146
8973,625
8974,675
8975,600
8976,675
8977,671
8978,673
8979,573
8980,619
8981,523
8982,675
8983,575
8984,625
8985,625
8986,-125
8987,625
8988,675
8989,425
8990,400
8991,625
8992,-125
8993,675
8994,675
8995,623
8996,625
8997,673
8998,625
8999,675
9000,675
9001,-175
9002,625
9003,621
9004,623
9005,673
9006,675
9007,625
9008,575
9009,625
9010,675
9011,675
9012,-175
9013,675
9014,625
9015,675
9016,0
9017,571
9018,425
9019,623
9020,525
9021,423
9022,521
9023,623
9024,675
9025,673
9026,525
9027,575
9028,-75
9029,-125
9030,-125
9031,-125
9032,625
9033,621
9034,675
9035,-77
9036,625
9037,425
9038,521
9039,675
9040,425
9041,623
9042,-25
9043,273
9044,625
9045,100
9046,623
9047,675
9048,348
9049,575
9050,-150
9051,550
9052,448
9053,673
9054,625
9055,571
9056,-127
9057,673
9058,-125
9059,-129
9060,673
9061,671
9062,673
9063,-29
9064,675
9065,675
9066,575
9067,550
9068,675
9069,675
9070,675
9071,625
9072,575
9073,246
9074,550
9075,625
9076,675
9077,323
9078,673
9079,375
9080,550
9081,575
9082,669
9083,675
9084,375
9085,625
9086,100
9087,625
9088,675
9089,246
9090,625
9091,-75
9092,675
9093,675
9094,525
9095,575
9096,575
9097,675
9098,575
9099,-25
9100,673
9101,425
9102,625
9103,525
9104,396
9105,325
9106,675
9107,350
9108,525
9109,475
9110,675
9111,375
9112,525
9113,350
9114,575
9115,675
9116,-6
9117,575
9118,425
9119,625
9120,575
9121,-75
9122,-125
9123,675
9124,673
9125,675
9126,675
9127,675
9128,625
9129,673
9130,625
9131,575
9132,398
9133,-175
9134,300
9135,623
9136,575
9137,523
9138,675
9139,521
9140,250
9141,575
9142,523
9143,625
9144,675
9145,671
9146,548
9147,523
9148,-27
9149,675
9150,575
9151,273
9152,498
9153,675
9154,-25
9155,525
9156,625
9157,623
9158,573
9159,-125
9160,625
9161,625
9162,623
9163,675
9164,625
9165,-75
9166,375
9167,625
9168,500
9169,625
9170,675
9171,673
9172,675
9173,675
9174,-250
9175,-125
9176,323
9177,-75
9178,623
9179,348
9180,573
9181,675
9182,525
9183,675
9184,675
9185,248
9186,625
9187,621
9188,625
9189,-75
9190,573
9191,475
9192,575
9193,675
9194,98
9195,525
9196,675
9197,675
9198,-125
9199,675
9200,475
9201,573
9202,625
9203,-125
9204,675
9205,673
9206,400
9207,400
9208,423
9209,298
9210,625
9211,675
9212,575
9213,625
9214,-127
9215,673
9216,675
9217,523
9218,-125
9219,425
9220,375
9221,-200
9222,675
9223,525
9224,575
9225,625
9226,-127
9227,573
9228,671
9229,673
9230,675
9231,675
9232,675
9233,623
9234,575
9235,550
9236,675
9237,573
9238,523
9239,625
9240,675
9241,550
9242,675
9243,675
9244,-125
9245,623
9246,675
9247,671
9248,-77
9249,-25
9250,675
9251,675
9252,525
9253,-2
9254,623
9255,625
9256,-125
9257,625
9258,623
9259,625
9260,675
9261,400
9262,-75
9263,675
9264,-75
9265,625
9266,-33
9267,498
9268,475
9269,675
9270,-75
9271,673
9272,675
9273,675
9274,-27
9275,675
9276,675
9277,675
9278,500
9279,621
9280,575
9281,675
9282,673
9283,-27
9284,625
9285,623
9286,425
9287,625
9288,575
9289,250
9290,-75
9291,675
9292,350
9293,-25
9294,525
9295,675
9296,-77
9297,625
9298,675
9299,525
9300,673
9301,625
9302,625
9303,575
9304,625
9305,625
9306,-125
9307,625
9308,625
9309,-125
9310,625
9311,623
9312,675
9313,373
9314,623
9315,-125
9316,425
9317,546
9318,573
9319,675
9320,573
9321,625
9322,673
9323,423
9324,-125
9325,625
9326,-202
9327,400
9328,625
9329,-125
9330,675
9331,573
9332,-125
9333,575
9334,-125
9335,623
9336,675
9337,-27
9338,-252
9339,675
9340,625
9341,-125
9342,-125
9343,675
9344,673
9345,675
9346,544
9347,675
9348,675
9349,675
9350,550
9351,675
9352,-133
9353,673
9354,673
9355,675
9356,675
9357,-125
9358,623
9359,625
9360,675
9361,675
9362,-75
9363,675
9364,625
9365,625
9366,550
9367,473
9368,671
9369,675
9370,675
9371,0
9372,675
9373,675
9374,625
9375,473
9376,675
9377,623
9378,-75
9379,400
9380,523
9381,623
9382,673
9383,575
9384,675
9385,673
9386,625
9387,675
9388,-75
9389,-77
9390,-25
9391,548
9392,300
9393,671
9394,423
9395,625
9396,-77
9397,-75
9398,675
9399,673
9400,-29
9401,675
9402,625
9403,623
9404,675
9405,673
9406,675
9407,575
9408,575
9409,-127
9410,575
9411,675
9412,623
9413,275
9414,675
9415,625
9416,521
9417,675
9418,575
9419,623
9420,625
9421,548
9422,523
9423,675
9424,550
9425,375
9426,475
9427,550
9428,625
9429,-27
9430,623
9431,625
9432,-75
9433,675
9434,625
9435,575
9436,375
9437,523
9438,-25
9439,675
9440,-129
9441,475
9442,625
9443,675
9444,673
9445,675
9446,550
9447,675
9448,675
9449,625
9450,523
9451,673
9452,623
9453,523
9454,-75
9455,673
9456,573
9457,673
9458,398
9459,625
9460,575
9461,673
9462,573
9463,521
9464,425
9465,675
9466,625
9467,625
9468,625
9469,550
9470,673
9471,675
9472,675
9473,673
9474,-25
9475,-127
9476,375
9477,473
9478,625
9479,673
9480,-127
9481,400
9482,675
9483,675
9484,625
9485,575
9486,150
9487,525
9488,-77
9489,625
9490,625
9491,675
9492,525
9493,523
9494,500
9495,675
9496,-127
9497,-75
9498,675
9499,675
9500,-27
9501,-77
9502,625
9503,-29
9504,623
9505,675
9506,575
9507,673
9508,675
9509,548
9510,475
9511,-175
9512,-200
9513,573
9514,575
9515,675
9516,625
9517,-25
9518,325
9519,350
9520,-25
9521,-25
9522,525
9523,-75
9524,575
9525,625
9526,525
9527,675
9528,673
9529,-75
9530,673
9531,425
9532,625
9533,421
9534,675
9535,675
9536,575
9537,400
9538,400
9539,625
9540,675
9541,498
9542,325
9543,150
9544,625
9545,396
9546,400
9547,523
9548,675
9549,625
9550,625
9551,625
9552,625
9553,-127
9554,675
9555,675
9556,-125
9557,-125
9558,473
9559,-75
9560,673
9561,546
9562,575
9563,625
9564,675
9565,625
9566,200
9567,-79
9568,673
9569,675
9570,623
9571,623
9572,673
9573,-125
9574,525
9575,675
9576,548
9577,575
9578,675
9579,625
9580,496
9581,375
9582,675
9583,673
9584,625
9585,675
9586,623
9587,625
9588,523
9589,625
9590,575
9591,625
9592,573
9593,525
9594,675
9595,523
9596,-125
9597,675
9598,675
9599,675
9600,425
9601,575
9602,375
9603,425
9604,625
9605,623
9606,-75
9607,525
9608,575
9609,675
9610,-75
9611,675
9612,271
9613,623
9614,-75
9615,550
9616,-129
9617,623
9618,575
9619,625
9620,621
9621,546
9622,-25
9623,675
9624,375
9625,619
9626,575
9627,675
9628,525
9629,675
9630,296
9631,675
9632,525
9633,425
9634,675
9635,-125
9636,625
9637,623
9638,675
9639,675
9640,-125
9641,598
9642,-125
9643,673
9644,625
9645,-75
9646,675
9647,523
9648,625
9649,675
9650,675
9651,325
9652,571
9653,675
9654,675
9655,371
9656,523
9657,425
9658,675
9659,675
9660,346
9661,675
9662,625
9663,625
9664,673
9665,-27
9666,250
9667,473
9668,673
9669,675
9670,673
9671,571
9672,348
9673,-231
9674,673
9675,575
9676,-27
9677,675
9678,-25
9679,625
9680,273
9681,675
9682,575
9683,348
9684,-31
9685,575
9686,625
9687,-25
9688,-125
9689,673
9690,525
9691,623
9692,671
9693,-75
9694,575
9695,675
9696,623
9697,675
9698,525
9699,673
9700,623
9701,-4
9702,675
9703,400
9704,425
9705,573
9706,425
9707,673
9708,673
9709,-125
9710,-25
9711,675
9712,546
9713,675
9714,-75
9715,623
9716,573
9717,-75
9718,425
9719,625
9720,400
9721,675
9722,675
9723,625
9724,625
9725,625
9726,425
9727,625
9728,250
9729,350
9730,625
9731,-175
9732,575
9733,-125
9734,671
9735,573
9736,-77
9737,398
9738,673
9739,623
9740,675
9741,-125
9742,675
9743,673
9744,675
9745,675
9746,575
9747,625
9748,675
9749,675
9750,625
9751,573
9752,625
9753,625
9754,673
9755,675
9756,500
9757,-125
9758,675
9759,-125
9760,375
9761,-25
9762,475
9763,575
9764,525
9765,675
9766,325
9767,675
9768,675
9769,575
9770,-127
9771,75
9772,525
9773,625
9774,675
9775,625
9776,625
9777,148
9778,425
9779,675
9780,673
9781,675
9782,-75
9783,625
9784,675
9785,525
9786,625
9787,575
9788,575
9789,623
9790,675
9791,373
9792,573
9793,575
9794,523
9795,575
9796,675
9797,675
9798,675
9799,525
9800,-75
9801,623
9802,675
9803,-31
9804,523
9805,675
9806,673
9807,675
9808,-27
9809,675
9810,675
9811,623
9812,-75
9813,673
9814,423
9815,675
9816,250
9817,675
9818,675
9819,475
9820,675
9821,-27
9822,675
9823,573
9824,625
9825,350
9826,275
9827,675
9828,673
9829,523
9830,500
9831,621
9832,473
9833,425
9834,-125
9835,625
9836,575
9837,673
9838,575
9839,571
9840,375
9841,-177
9842,675
9843,621
9844,473
9845,625
9846,575
9847,150
9848,421
9849,625
9850,675
9851,323
9852,573
9853,-127
9854,673
9855,673
9856,675
9857,675
9858,473
9859,675
9860,150
9861,625
9862,373
9863,550
9864,348
9865,-75
9866,575
9867,675
9868,-77
9869,-100
9870,-125
9871,675
9872,625
9873,625
9874,625
9875,675
9876,675
9877,675
9878,-25
9879,425
9880,673
9881,246
9882,675
9883,673
9884,425
9885,525
9886,625
9887,523
9888,625
9889,675
9890,498
9891,673
9892,0
9893,300
9894,675
9895,675
9896,675
9897,623
9898,675
9899,675
9900,-225
9901,-77
9902,673
9903,-175
9904,396
9905,-29
9906,625
9907,625
9908,619
9909,675
9910,675
9911,425
9912,494
9913,475
9914,-75
9915,623
9916,496
9917,150
9918,523
9919,675
9920,-25
9921,573
9922,675
9923,425
9924,675
9925,348
9926,621
9927,-25
9928,673
9929,675
9930,675
9931,625
9932,75
9933,675
9934,675
9935,625
9936,675
9937,-125
9938,500
9939,675
9940,625
9941,-125
9942,675
9943,373
9944,623
9945,675
9946,400
9947,675
9948,-127
9949,625
9950,625
9951,675
9952,-127
9953,625
9954,500
9955,571
9956,-125
9957,625
9958,675
9959,525
9960,-100
9961,619
9962,575
9963,623
9964,500
9965,525
9966,675
9967,675
9968,575
9969,-127
9970,675
9971,675
9972,625
9973,675
9974,575
9975,-25
9976,573
9977,-125
9978,675
9979,673
9980,675
9981,425
9982,671
9983,521
9984,-125
9985,675
9986,673
9987,573
9988,375
9989,675
9990,675
9991,675
9992,673
9993,625
9994,625
9995,625
9996,275
9997,673
9998,673
9999,-75
10000,-4
[[(4, 4), 0, -25], [(3, 4), 2, 50], [(3, 3), 2, 50], [(3, 2), 2, 250], [(3, 1), 0, 250], [(2, 1), 0, -25], [(1, 1), 0, -25], [(0, 1), 2, 150]]