1,-204
2,-281
3,-331
4,-464
5,-464
6,-454
7,-235
8,-634
9,-401
10,-460
11,-202
12,-193
13,-83
14,-410
15,425
16,-125
17,-127
18,-204
19,-836
20,-279
21,-401
22,-195
23,-283
24,-397
25,-256
26,-216
27,-204
28,46
29,-204
30,-127
31,-229
32,-233
33,126
34,-152
35,-41
36,-152
37,73
38,-181
39,-179
40,-154
41,346
42,-203
43,-4
44,-52
45,-154
46,-200
47,-339
48,-460
49,-156
50,-293
51,-381
52,-237
53,-205
54,142
55,-335
56,-714
57,-81
58,-204
59,-175
60,-258
61,-345
62,186
63,-227
64,96
65,-254
66,-181
67,-77
68,-200
69,-175
70,-695
71,-272
72,144
73,-189
74,-229
75,-185
76,-104
77,-127
78,-512
79,115
80,-235
81,-851
82,-489
83,-241
84,130
85,-177
86,-135
87,-175
88,-175
89,-204
90,221
91,359
92,234
93,-354
94,-337
95,469
96,23
97,-50
98,-177
99,521
100,-97
101,-185
102,-175
103,-154
104,149
105,136
106,-254
107,100
108,-127
109,-75
110,-31
111,317
112,-283
113,-202
114,-599
115,-616
116,-654
117,-333
118,-102
119,46
120,-202
121,-926
122,-316
123,469
124,21
125,-788
126,-391
127,-305
128,269
129,-125
130,-25
131,473
132,-100
133,-164
134,673
135,-250
136,-125
137,-226
138,-197
139,-101
140,-89
141,-200
142,-179
143,-293
144,-127
145,-135
146,311
147,-239
148,-177
149,340
150,1
151,-352
152,-250
153,-177
154,-125
155,-129
156,-116
157,-75
158,305
159,365
160,-131
161,-354
162,-254
163,-127
164,-31
165,223
166,325
167,244
168,46
169,21
170,-206
171,-79
172,-358
173,-589
174,-252
175,171
176,-210
177,42
178,-133
179,92
180,221
181,-56
182,-129
183,242
184,248
185,296
186,-589
187,419
188,-152
189,196
190,-383
191,119
192,-279
193,296
194,309
195,123
196,-231
197,-354
198,13
199,348
200,-210
201,-227
202,425
203,92
204,-175
205,96
206,325
207,-150
208,-227
209,-29
210,-362
211,548
212,325
213,-133
214,-75
215,48
216,-183
217,171
218,-283
219,-435
220,-125
221,40
222,-227
223,-179
224,-150
225,373
226,-125
227,225
228,-75
229,-202
230,496
231,-127
232,63
233,-200
234,-243
235,469
236,-283
237,-237
238,-137
239,317
240,-212
241,-125
242,-233
243,-370
244,-333
245,23
246,317
247,267
248,250
249,521
250,75
251,-181
252,-229
253,-200
254,365
255,-279
256,-150
257,-510
258,-504
259,325
260,517
261,-29
262,-181
263,-179
264,-133
265,-129
266,-302
267,465
268,-179
269,-75
270,150
271,148
272,471
273,-43
274,-181
275,246
276,169
277,571
278,-125
279,-152
280,250
281,-125
282,394
283,-87
284,471
285,-760
286,-202
287,92
288,625
289,-25
290,-41
291,-818
292,32
293,-181
294,167
295,394
296,294
297,575
298,425
299,-175
300,-493
301,140
302,144
303,550
304,348
305,188
306,-229
307,-81
308,92
309,-75
310,-254
311,-202
312,-154
313,-102
314,467
315,390
316,-279
317,-200
318,519
319,-127
320,675
321,-81
322,-137
323,-125
324,475
325,325
326,-281
327,-200
328,-229
329,323
330,571
331,325
332,-177
333,-179
334,523
335,269
336,-327
337,675
338,471
339,63
340,-200
341,69
342,-75
343,623
344,-66
345,473
346,675
347,325
348,465
349,-160
350,-200
351,575
352,-181
353,-200
354,-127
355,-127
356,-287
357,198
358,-177
359,-135
360,619
361,-329
362,546
363,475
364,-737
365,-131
366,148
367,0
368,-283
369,465
370,-54
371,494
372,344
373,523
374,242
375,-191
376,-381
377,121
378,-81
379,171
380,-79
381,165
382,573
383,134
384,425
385,286
386,17
387,171
388,-125
389,-131
390,-127
391,-75
392,-175
393,573
394,275
395,-127
396,346
397,221
398,-127
399,475
400,94
401,248
402,473
403,667
404,-204
405,-202
406,367
407,450
408,-75
409,-75
410,371
411,-581
412,394
413,-237
414,400
415,421
416,292
417,371
418,350
419,-289
420,-25
421,-281
422,425
423,148
424,-2
425,621
426,98
427,198
428,-75
429,-31
430,-75
431,-225
432,-177
433,-127
434,96
435,-200
436,-575
437,500
438,-277
439,525
440,-127
441,271
442,-75
443,19
444,-77
445,-125
446,146
447,-202
448,515
449,-75
450,-175
451,-131
452,525
453,-75
454,-381
455,-154
456,-75
457,396
458,-125
459,342
460,221
461,-181
462,321
463,-179
464,17
465,525
466,225
467,575
468,-29
469,425
470,92
471,575
472,-81
473,-175
474,271
475,421
476,348
477,471
478,-127
479,-200
480,521
481,-27
482,-127
483,-102
484,448
485,-75
486,625
487,125
488,-100
489,-252
490,550
491,371
492,375
493,-279
494,-175
495,325
496,250
497,-175
498,-29
499,-75
500,121
501,675
502,325
503,623
504,623
505,375
506,675
507,94
508,673
509,-106
510,-179
511,-125
512,473
513,-131
514,373
515,298
516,425
517,521
518,-175
519,-256
520,673
521,-460
522,475
523,575
524,523
525,-31
526,392
527,621
528,675
529,673
530,496
531,-175
532,-454
533,-150
534,146
535,446
536,673
537,-179
538,525
539,375
540,675
541,573
542,-54
543,625
544,-133
545,523
546,-29
547,417
548,350
549,346
550,473
551,-108
552,-27
553,398
554,425
555,-75
556,267
557,-33
558,375
559,-281
560,323
561,465
562,673
563,-125
564,325
565,-125
566,219
567,-200
568,400
569,625
570,519
571,-75
572,471
573,471
574,425
575,-125
576,-77
577,-50
578,148
579,-175
580,-125
581,673
582,-79
583,-127
584,-152
585,298
586,473
587,675
588,673
589,-125
590,-77
591,523
592,673
593,-75
594,-127
595,517
596,50
597,125
598,-133
599,350
600,323
601,573
602,521
603,473
604,400
605,625
606,544
607,221
608,573
609,575
610,-75
611,396
612,-75
613,425
614,423
615,-175
616,425
617,350
618,-125
619,621
620,623
621,-29
622,173
623,275
624,675
625,-81
626,-79
627,223
628,625
629,571
630,-54
631,548
632,-127
633,-75
634,671
635,-125
636,425
637,-200
638,-250
639,398
640,525
641,523
642,675
643,496
644,521
645,519
646,-127
647,-181
648,471
649,150
650,675
651,625
652,-125
653,421
654,623
655,148
656,-77
657,-125
658,-75
659,373
660,248
661,573
662,523
663,417
664,450
665,625
666,413
667,-125
668,625
669,623
670,-125
671,-75
672,-75
673,-79
674,-125
675,-227
676,-75
677,-131
678,675
679,675
680,-177
681,-175
682,675
683,296
684,425
685,-125
686,-125
687,625
688,625
689,-77
690,575
691,523
692,575
693,523
694,423
695,675
696,673
697,675
698,-125
699,673
700,-75
701,-304
702,623
703,523
704,298
705,-125
706,475
707,575
708,523
709,623
710,673
711,219
712,-125
713,223
714,625
715,273
716,523
717,-75
718,421
719,-127
720,573
721,525
722,-127
723,523
724,471
725,-77
726,200
727,400
728,325
729,423
730,-50
731,425
732,475
733,375
734,675
735,523
736,625
737,473
738,675
739,621
740,-125
741,523
742,-175
743,-75
744,625
745,573
746,473
747,-127
748,625
749,-81
750,450
751,525
752,623
753,398
754,573
755,675
756,573
757,625
758,675
759,473
760,396
761,144
762,673
763,573
764,423
765,623
766,325
767,673
768,675
769,75
770,348
771,273
772,398
773,673
774,575
775,621
776,623
777,325
778,523
779,675
780,496
781,-200
782,346
783,-127
784,575
785,525
786,523
787,-377
788,271
789,75
790,-77
791,150
792,325
793,575
794,-227
795,675
796,425
797,675
798,673
799,573
800,375
801,398
802,200
803,398
804,50
805,475
806,525
807,423
808,-125
809,-125
810,-52
811,625
812,675
813,248
814,575
815,671
816,-75
817,619
818,-125
819,675
820,-127
821,548
822,400
823,-75
824,-77
825,473
826,248
827,548
828,569
829,471
830,-125
831,375
832,675
833,325
834,-27
835,523
836,-75
837,575
838,-29
839,375
840,-131
841,475
842,300
843,-125
844,342
845,625
846,571
847,675
848,525
849,673
850,-202
851,573
852,-200
853,675
854,575
855,675
856,-150
857,473
858,625
859,575
860,275
861,-25
862,573
863,625
864,342
865,525
866,675
867,523
868,525
869,675
870,573
871,625
872,-75
873,573
874,-77
875,369
876,-127
877,-75
878,575
879,-75
880,621
881,369
882,625
883,-79
884,346
885,675
886,569
887,-227
888,-127
889,675
890,296
891,475
892,675
893,625
894,425
895,423
896,575
897,-83
898,623
899,296
900,519
901,-125
902,575
903,400
904,673
905,625
906,523
907,342
908,625
909,625
910,196
911,623
912,-125
913,523
914,-100
915,346
916,-125
917,625
918,475
919,-75
920,-125
921,469
922,398
923,342
924,625
925,519
926,375
927,-75
928,673
929,-102
930,546
931,669
932,575
933,675
934,623
935,573
936,400
937,-125
938,521
939,675
940,571
941,-75
942,348
943,-125
944,675
945,-27
946,-125
947,575
948,673
949,525
950,223
951,675
952,623
953,475
954,673
955,250
956,675
957,-75
958,-127
959,-75
960,673
961,575
962,-25
963,-25
964,-175
965,519
966,675
967,673
968,625
969,-127
970,675
971,-125
972,150
973,173
974,673
975,-27
976,-127
977,421
978,673
979,675
980,675
981,625
982,-227
983,573
984,625
985,300
986,673
987,621
988,675
989,575
990,673
991,475
992,675
993,-25
994,475
995,625
996,675
997,-175
998,-127
999,375
1000,575
1001,525
1002,548
1003,625
1004,175
1005,525
1006,675
1007,-75
1008,498
1009,-79
1010,675
1011,675
1012,673
1013,675
1014,675
1015,625
1016,675
1017,-227
1018,300
1019,675
1020,396
1021,675
1022,75
1023,523
1024,673
1025,425
1026,675
1027,-131
1028,623
1029,675
1030,423
1031,300
1032,675
1033,346
1034,-127
1035,498
1036,475
1037,675
1038,573
1039,448
1040,-125
1041,669
1042,625
1043,625
1044,675
1045,375
1046,98
1047,675
1048,625
1049,623
1050,675
1051,675
1052,623
1053,625
1054,625
1055,-75
1056,673
1057,675
1058,675
1059,194
1060,500
1061,575
1062,-127
1063,675
1064,475
1065,675
1066,325
1067,673
1068,-125
1069,523
1070,344
1071,275
1072,575
1073,673
1074,623
1075,623
1076,573
1077,398
1078,625
1079,675
1080,675
1081,-77
1082,675
1083,350
1084,675
1085,623
1086,623
1087,150
1088,623
1089,225
1090,400
1091,623
1092,500
1093,471
1094,-125
1095,-200
1096,-75
1097,371
1098,-127
1099,625
1100,575
1101,575
1102,573
1103,675
1104,675
1105,575
1106,-175
1107,675
1108,675
1109,671
1110,323
1111,571
1112,625
1113,675
1114,625
1115,625
1116,623
1117,-125
1118,-75
1119,550
1120,625
1121,398
1122,-75
1123,-125
1124,575
1125,398
1126,425
1127,350
1128,675
1129,-75
1130,275
1131,621
1132,-200
1133,675
1134,-125
1135,-125
1136,621
1137,-127
1138,623
1139,525
1140,250
1141,675
1142,673
1143,673
1144,194
1145,-127
1146,350
1147,625
1148,675
1149,675
1150,-27
1151,675
1152,673
1153,673
1154,673
1155,675
1156,675
1157,-25
1158,625
1159,521
1160,-125
1161,0
1162,675
1163,573
1164,675
1165,525
1166,550
1167,623
1168,-75
1169,525
1170,-175
1171,673
1172,-75
1173,675
1174,623
1175,675
1176,625
1177,-125
1178,-75
1179,625
1180,498
1181,675
1182,625
1183,575
1184,400
1185,625
1186,675
1187,273
1188,675
1189,425
1190,425
1191,673
1192,673
1193,675
1194,625
1195,550
1196,550
1197,625
1198,523
1199,623
1200,575
1201,625
1202,400
1203,625
1204,575
1205,675
1206,673
1207,675
1208,675
1209,-75
1210,375
1211,675
1212,675
1213,673
1214,350
1215,573
1216,675
1217,575
1218,-75
1219,219
1220,675
1221,675
1222,625
1223,625
1224,675
1225,625
1226,-125
1227,623
1228,523
1229,-25
1230,675
1231,300
1232,625
1233,625
1234,-81
1235,498
1236,575
1237,675
1238,673
1239,-2
1240,525
1241,625
1242,375
1243,625
1244,675
1245,575
1246,425
1247,250
1248,-125
1249,623
1250,675
1251,675
1252,-25
1253,625
1254,100
1255,-25
1256,625
1257,673
1258,400
1259,673
1260,375
1261,673
1262,673
1263,375
1264,-125
1265,450
1266,675
1267,625
1268,675
1269,425
1270,675
1271,675
1272,625
1273,673
1274,675
1275,-75
1276,-75
1277,525
1278,573
1279,-25
1280,673
1281,-125
1282,673
1283,673
1284,623
1285,423
1286,675
1287,675
1288,-27
1289,-125
1290,523
1291,675
1292,425
1293,-75
1294,-125
1295,675
1296,675
1297,625
1298,-75
1299,23
1300,675
1301,375
1302,623
1303,673
1304,671
1305,673
1306,675
1307,623
1308,525
1309,623
1310,675
1311,-177
1312,675
1313,675
1314,675
1315,100
1316,-75
1317,573
1318,621
1319,675
1320,673
1321,523
1322,-125
1323,-127
1324,625
1325,675
1326,673
1327,-125
1328,-127
1329,623
1330,675
1331,525
1332,623
1333,675
1334,675
1335,623
1336,675
1337,675
1338,625
1339,346
1340,675
1341,671
1342,675
1343,673
1344,675
1345,425
1346,623
1347,525
1348,625
1349,475
1350,398
1351,625
1352,673
1353,148
1354,675
1355,675
1356,623
1357,-125
1358,673
1359,425
1360,523
1361,575
1362,675
1363,575
1364,400
1365,346
1366,673
1367,625
1368,625
1369,575
1370,575
1371,575
1372,-127
1373,425
1374,-77
1375,675
1376,546
1377,-75
1378,575
1379,546
1380,673
1381,575
1382,500
1383,-75
1384,673
1385,575
1386,-100
1387,-25
1388,675
1389,625
1390,548
1391,673
1392,675
1393,625
1394,523
1395,625
1396,625
1397,-125
1398,-129
1399,675
1400,448
1401,623
1402,-125
1403,623
1404,171
1405,525
1406,625
1407,425
1408,675
1409,-129
1410,573
1411,-125
1412,675
1413,523
1414,-75
1415,675
1416,623
1417,675
1418,-177
1419,571
1420,425
1421,-75
1422,625
1423,675
1424,675
1425,-52
1426,298
1427,675
1428,546
1429,375
1430,523
1431,625
1432,400
1433,-225
1434,-4
1435,625
1436,673
1437,475
1438,675
1439,350
1440,575
1441,671
1442,675
1443,675
1444,575
1445,525
1446,-75
1447,675
1448,350
1449,98
1450,625
1451,675
1452,-77
1453,675
1454,625
1455,625
1456,675
1457,675
1458,625
1459,-77
1460,675
1461,473
1462,675
1463,673
1464,-75
1465,675
1466,523
1467,625
1468,671
1469,625
1470,571
1471,675
1472,-75
1473,-125
1474,625
1475,-75
1476,625
1477,675
1478,525
1479,-77
1480,625
1481,548
1482,673
1483,375
1484,575
1485,400
1486,-77
1487,675
1488,425
1489,575
1490,-200
1491,675
1492,-125
1493,675
1494,-27
1495,625
1496,675
1497,-125
1498,673
1499,675
1500,275
1501,575
1502,525
1503,-75
1504,-75
1505,675
1506,-75
1507,625
1508,671
1509,275
1510,-275
1511,-175
1512,525
1513,-77
1514,-125
1515,-127
1516,675
1517,575
1518,400
1519,475
1520,-75
1521,473
1522,623
1523,673
1524,400
1525,375
1526,623
1527,575
1528,290
1529,675
1530,375
1531,250
1532,550
1533,-25
1534,375
1535,550
1536,625
1537,323
1538,398
1539,-25
1540,623
1541,475
1542,675
1543,250
1544,675
1545,375
1546,625
1547,675
1548,550
1549,350
1550,-75
1551,375
1552,673
1553,675
1554,-25
1555,198
1556,425
1557,625
1558,625
1559,-125
1560,575
1561,675
1562,625
1563,400
1564,675
1565,675
1566,-75
1567,625
1568,-125
1569,675
1570,675
1571,675
1572,-75
1573,-75
1574,498
1575,675
1576,675
1577,-27
1578,573
1579,525
1580,300
1581,523
1582,575
1583,575
1584,625
1585,523
1586,675
1587,-75
1588,673
1589,525
1590,-300
1591,523
1592,-125
1593,623
1594,521
1595,425
1596,-125
1597,625
1598,375
1599,675
1600,348
1601,623
1602,675
1603,675
1604,-125
1605,671
1606,625
1607,623
1608,-75
1609,600
1610,675
1611,-175
1612,569
1613,625
1614,525
1615,573
1616,675
1617,-77
1618,575
1619,-79
1620,573
1621,-33
1622,573
1623,675
1624,575
1625,96
1626,675
1627,675
1628,525
1629,673
1630,625
1631,675
1632,675
1633,-77
1634,675
1635,548
1636,675
1637,425
1638,623
1639,671
1640,317
1641,400
1642,573
1643,425
1644,625
1645,623
1646,673
1647,575
1648,675
1649,673
1650,523
1651,475
1652,625
1653,-127
1654,623
1655,571
1656,575
1657,475
1658,400
1659,671
1660,571
1661,0
1662,498
1663,-129
1664,425
1665,546
1666,523
1667,525
1668,675
1669,300
1670,475
1671,546
1672,525
1673,-129
1674,675
1675,575
1676,525
1677,400
1678,675
1679,523
1680,575
1681,525
1682,673
1683,275
1684,-25
1685,675
1686,-77
1687,673
1688,425
1689,-25
1690,675
1691,398
1692,675
1693,673
1694,425
1695,469
1696,675
1697,625
1698,675
1699,-27
1700,625
1701,-27
1702,623
1703,-125
1704,673
1705,625
1706,675
1707,-177
1708,675
1709,675
1710,550
1711,350
1712,575
1713,-25
1714,675
1715,675
1716,675
1717,673
1718,575
1719,-75
1720,675
1721,523
1722,398
1723,-27
1724,673
1725,575
1726,575
1727,573
1728,-125
1729,675
1730,675
1731,-29
1732,625
1733,-77
1734,-25
1735,675
1736,675
1737,425
1738,675
1739,675
1740,675
1741,-100
1742,-75
1743,623
1744,625
1745,473
1746,675
1747,675
1748,575
1749,675
1750,450
1751,675
1752,675
1753,621
1754,523
1755,375
1756,575
1757,675
1758,-127
1759,-75
1760,673
1761,625
1762,675
1763,575
1764,-125
1765,675
1766,-77
1767,671
1768,671
1769,-31
1770,673
1771,471
1772,-50
1773,675
1774,300
1775,675
1776,625
1777,675
1778,673
1779,425
1780,-125
1781,-27
1782,525
1783,625
1784,575
1785,-125
1786,675
1787,675
1788,625
1789,425
1790,473
1791,675
1792,-27
1793,673
1794,675
1795,675
1796,300
1797,575
1798,675
1799,675
1800,523
1801,-202
1802,675
1803,373
1804,-29
1805,573
1806,625
1807,625
1808,673
1809,519
1810,423
1811,675
1812,625
1813,-77
1814,523
1815,450
1816,625
1817,625
1818,625
1819,-127
1820,625
1821,675
1822,675
1823,675
1824,625
1825,625
1826,500
1827,675
1828,575
1829,-25
1830,675
1831,525
1832,625
1833,500
1834,-125
1835,398
1836,625
1837,396
1838,348
1839,-175
1840,675
1841,400
1842,-175
1843,675
1844,-175
1845,671
1846,673
1847,623
1848,625
1849,625
1850,-75
1851,575
1852,623
1853,0
1854,625
1855,673
1856,623
1857,675
1858,625
1859,-127
1860,475
1861,-125
1862,-125
1863,525
1864,-125
1865,623
1866,675
1867,623
1868,-75
1869,625
1870,675
1871,625
1872,171
1873,675
1874,-75
1875,625
1876,675
1877,325
1878,550
1879,625
1880,275
1881,675
1882,-125
1883,400
1884,625
1885,475
1886,625
1887,575
1888,425
1889,673
1890,-127
1891,675
1892,417
1893,675
1894,575
1895,675
1896,675
1897,675
1898,-127
1899,675
1900,-27
1901,-125
1902,675
1903,-75
1904,675
1905,675
1906,348
1907,523
1908,625
1909,625
1910,625
1911,625
1912,675
1913,673
1914,546
1915,-25
1916,575
1917,498
1918,575
1919,675
1920,471
1921,671
1922,-25
1923,625
1924,625
1925,675
1926,-125
1927,623
1928,525
1929,675
1930,550
1931,675
1932,675
1933,575
1934,521
1935,675
1936,275
1937,675
1938,-125
1939,-127
1940,675
1941,625
1942,-127
1943,625
1944,675
1945,625
1946,571
1947,675
1948,625
1949,675
1950,671
1951,425
1952,573
1953,623
1954,-125
1955,625
1956,675
1957,675
1958,548
1959,675
1960,423
1961,623
1962,675
1963,625
1964,-77
1965,675
1966,625
1967,625
1968,673
1969,473
1970,673
1971,-125
1972,550
1973,675
1974,675
1975,675
1976,450
1977,675
1978,-202
1979,525
1980,-75
1981,673
1982,525
1983,625
1984,673
1985,521
1986,450
1987,625
1988,675
1989,550
1990,675
1991,675
1992,623
1993,-125
1994,-127
1995,673
1996,675
1997,525
1998,523
1999,425
2000,675
2001,-129
2002,521
2003,623
2004,400
2005,573
2006,300
2007,573
2008,521
2009,675
2010,548
2011,625
2012,675
2013,-175
2014,669
2015,-127
2016,-25
2017,625
2018,575
2019,675
2020,625
2021,625
2022,575
2023,-52
2024,625
2025,673
2026,350
2027,525
2028,425
2029,298
2030,675
2031,675
2032,-125
2033,575
2034,-127
2035,523
2036,675
2037,-125
2038,450
2039,575
2040,498
2041,625
2042,525
2043,675
2044,-29
2045,623
2046,-25
2047,450
2048,675
2049,-77
2050,625
2051,575
2052,-127
2053,623
2054,-75
2055,671
2056,675
2057,-27
2058,575
2059,575
2060,571
2061,625
2062,-127
2063,675
2064,675
2065,623
2066,675
2067,675
2068,523
2069,675
2070,673
2071,673
2072,625
2073,-127
2074,573
2075,244
2076,625
2077,675
2078,-125
2079,625
2080,625
2081,675
2082,446
2083,625
2084,625
2085,375
2086,621
2087,525
2088,273
2089,625
2090,671
2091,575
2092,675
2093,575
2094,-25
2095,675
2096,375
2097,450
2098,-25
2099,625
2100,-125
2101,525
2102,675
2103,423
2104,625
2105,298
2106,675
2107,675
2108,675
2109,-33
2110,675
2111,675
2112,-127
2113,675
2114,550
2115,348
2116,569
2117,625
2118,671
2119,-52
2120,625
2121,519
2122,675
2123,675
2124,598
2125,675
2126,675
2127,675
2128,623
2129,-125
2130,575
2131,625
2132,675
2133,625
2134,623
2135,-75
2136,550
2137,623
2138,625
2139,623
2140,-177
2141,-125
2142,500
2143,498
2144,-31
2145,625
2146,673
2147,425
2148,448
2149,675
2150,575
2151,523
2152,475
2153,675
2154,400
2155,673
2156,225
2157,675
2158,573
2159,521
2160,675
2161,625
2162,-75
2163,-125
2164,675
2165,400
2166,675
2167,575
2168,675
2169,675
2170,-125
2171,675
2172,400
2173,675
2174,200
2175,575
2176,-200
2177,675
2178,675
2179,-75
2180,350
2181,675
2182,673
2183,475
2184,-75
2185,625
2186,575
2187,625
2188,225
2189,623
2190,675
2191,148
2192,575
2193,675
2194,675
2195,675
2196,275
2197,-75
2198,348
2199,673
2200,623
2201,348
2202,673
2203,-175
2204,675
2205,573
2206,625
2207,-25
2208,575
2209,625
2210,625
2211,-179
2212,273
2213,673
2214,575
2215,375
2216,-79
2217,625
2218,325
2219,675
2220,571
2221,621
2222,625
2223,-25
2224,675
2225,625
2226,625
2227,675
2228,-225
2229,-75
2230,523
2231,675
2232,225
2233,571
2234,-75
2235,-125
2236,375
2237,673
2238,550
2239,625
2240,675
2241,548
2242,673
2243,673
2244,-75
2245,500
2246,550
2247,348
2248,523
2249,623
2250,675
2251,473
2252,-125
2253,548
2254,625
2255,675
2256,675
2257,-127
2258,623
2259,571
2260,-127
2261,-127
2262,675
2263,-25
2264,575
2265,575
2266,525
2267,623
2268,-27
2269,-125
2270,550
2271,-75
2272,-125
2273,525
2274,675
2275,625
2276,675
2277,-29
2278,498
2279,675
2280,673
2281,623
2282,625
2283,423
2284,525
2285,425
2286,675
2287,675
2288,573
2289,675
2290,-125
2291,425
2292,398
2293,623
2294,525
2295,675
2296,675
2297,375
2298,-125
2299,-77
2300,675
2301,-27
2302,425
2303,-127
2304,675
2305,675
2306,675
2307,625
2308,625
2309,623
2310,525
2311,675
2312,625
2313,-125
2314,498
2315,625
2316,300
2317,625
2318,675
2319,675
2320,675
2321,675
2322,625
2323,675
2324,350
2325,475
2326,675
2327,-75
2328,-150
2329,500
2330,675
2331,573
2332,675
2333,673
2334,-29
2335,573
2336,675
2337,348
2338,673
2339,675
2340,-27
2341,575
2342,673
2343,523
2344,300
2345,675
2346,573
2347,-125
2348,600
2349,-125
2350,546
2351,625
2352,525
2353,525
2354,619
2355,523
2356,425
2357,-75
2358,625
2359,675
2360,-75
2361,-77
2362,575
2363,-127
2364,-27
2365,573
2366,575
2367,675
2368,348
2369,575
2370,425
2371,-77
2372,-4
2373,325
2374,625
2375,623
2376,575
2377,625
2378,675
2379,673
2380,675
2381,423
2382,625
2383,675
2384,623
2385,675
2386,675
2387,623
2388,675
2389,425
2390,675
2391,425
2392,423
2393,675
2394,673
2395,625
2396,573
2397,-75
2398,398
2399,-75
2400,150
2401,425
2402,625
2403,675
2404,475
2405,675
2406,625
2407,-325
2408,673
2409,625
2410,-125
2411,625
2412,625
2413,673
2414,625
2415,675
2416,-125
2417,675
2418,-75
2419,675
2420,-77
2421,300
2422,675
2423,525
2424,625
2425,348
2426,621
2427,673
2428,525
2429,-100
2430,575
2431,625
2432,675
2433,523
2434,621
2435,546
2436,350
2437,525
2438,546
2439,625
2440,625
2441,625
2442,673
2443,375
2444,625
2445,623
2446,425
2447,573
2448,625
2449,-129
2450,675
2451,-75
2452,-29
2453,-27
2454,673
2455,675
2456,625
2457,150
2458,573
2459,675
2460,-75
2461,573
2462,675
2463,675
2464,675
2465,550
2466,675
2467,548
2468,673
2469,475
2470,550
2471,-77
2472,675
2473,675
2474,-179
2475,675
2476,675
2477,198
2478,673
2479,521
2480,675
2481,625
2482,573
2483,575
2484,625
2485,575
2486,-127
2487,348
2488,675
2489,625
2490,400
2491,675
2492,673
2493,573
2494,-54
2495,-125
2496,325
2497,425
2498,619
2499,575
2500,675
2501,475
2502,548
2503,675
2504,625
2505,625
2506,-75
2507,350
2508,675
2509,575
2510,573
2511,473
2512,625
2513,625
2514,-27
2515,673
2516,625
2517,525
2518,-75
2519,625
2520,623
2521,-29
2522,521
2523,544
2524,-175
2525,675
2526,475
2527,675
2528,475
2529,675
2530,-75
2531,623
2532,623
2533,675
2534,-125
2535,400
2536,675
2537,-75
2538,423
2539,-127
2540,675
2541,475
2542,425
2543,396
2544,-79
2545,-77
2546,675
2547,675
2548,625
2549,625
2550,350
2551,475
2552,573
2553,675
2554,525
2555,-29
2556,-175
2557,673
2558,300
2559,675
2560,675
2561,519
2562,673
2563,625
2564,675
2565,575
2566,575
2567,475
2568,675
2569,573
2570,625
2571,625
2572,675
2573,-27
2574,673
2575,675
2576,375
2577,675
2578,675
2579,325
2580,548
2581,525
2582,675
2583,248
2584,675
2585,473
2586,625
2587,675
2588,400
2589,-81
2590,675
2591,675
2592,575
2593,675
2594,675
2595,625
2596,525
2597,575
2598,346
2599,-227
2600,475
2601,675
2602,625
2603,625
2604,675
2605,625
2606,-75
2607,675
2608,675
2609,625
2610,-125
2611,625
2612,675
2613,675
2614,525
2615,-200
2616,623
2617,-52
2618,425
2619,675
2620,675
2621,671
2622,475
2623,625
2624,-127
2625,675
2626,675
2627,675
2628,525
2629,375
2630,573
2631,675
2632,673
2633,675
2634,573
2635,573
2636,675
2637,550
2638,398
2639,673
2640,625
2641,500
2642,575
2643,675
2644,675
2645,673
2646,675
2647,673
2648,623
2649,-75
2650,-75
2651,350
2652,575
2653,625
2654,-200
2655,442
2656,-129
2657,425
2658,673
2659,575
2660,675
2661,550
2662,575
2663,675
2664,623
2665,525
2666,671
2667,523
2668,673
2669,625
2670,548
2671,500
2672,675
2673,500
2674,525
2675,-25
2676,525
2677,625
2678,400
2679,-75
2680,675
2681,625
2682,-125
2683,675
2684,619
2685,548
2686,525
2687,625
2688,575
2689,675
2690,573
2691,425
2692,-75
2693,375
2694,523
2695,425
2696,673
2697,675
2698,-177
2699,675
2700,625
2701,675
2702,623
2703,623
2704,573
2705,300
2706,625
2707,400
2708,398
2709,-27
2710,523
2711,350
2712,375
2713,475
2714,-75
2715,425
2716,525
2717,675
2718,573
2719,-125
2720,573
2721,675
2722,525
2723,-125
2724,298
2725,675
2726,425
2727,621
2728,373
2729,-25
2730,675
2731,675
2732,675
2733,675
2734,675
2735,673
2736,675
2737,675
2738,675
2739,425
2740,625
2741,-25
2742,498
2743,675
2744,673
2745,673
2746,-75
2747,625
2748,569
2749,350
2750,675
2751,-25
2752,675
2753,548
2754,525
2755,500
2756,-27
2757,198
2758,-27
2759,621
2760,675
2761,423
2762,623
2763,675
2764,675
2765,398
2766,673
2767,625
2768,623
2769,673
2770,-75
2771,-25
2772,-27
2773,-75
2774,673
2775,675
2776,148
2777,675
2778,0
2779,625
2780,625
2781,500
2782,675
2783,675
2784,375
2785,625
2786,398
2787,575
2788,50
2789,350
2790,-75
2791,625
2792,-75
2793,-127
2794,675
2795,300
2796,471
2797,675
2798,575
2799,575
2800,-27
2801,675
2802,-375
2803,673
2804,675
2805,675
2806,425
2807,-75
2808,625
2809,675
2810,-75
2811,475
2812,400
2813,675
2814,-127
2815,675
2816,475
2817,-125
2818,475
2819,-127
2820,675
2821,623
2822,675
2823,623
2824,198
2825,675
2826,625
2827,675
2828,625
2829,675
2830,675
2831,675
2832,675
2833,423
2834,673
2835,623
2836,625
2837,625
2838,350
2839,575
2840,625
2841,575
2842,525
2843,475
2844,-125
2845,523
2846,675
2847,625
2848,-200
2849,525
2850,623
2851,575
2852,523
2853,673
2854,675
2855,675
2856,673
2857,675
2858,675
2859,575
2860,571
2861,425
2862,348
2863,-75
2864,350
2865,-125
2866,673
2867,625
2868,-175
2869,523
2870,623
2871,475
2872,546
2873,673
2874,675
2875,573
2876,675
2877,519
2878,625
2879,675
2880,575
2881,675
2882,625
2883,-75
2884,500
2885,425
2886,675
2887,625
2888,675
2889,625
2890,-75
2891,573
2892,450
2893,-125
2894,-177
2895,625
2896,525
2897,-75
2898,625
2899,-125
2900,625
2901,675
2902,523
2903,623
2904,523
2905,348
2906,-75
2907,675
2908,675
2909,48
2910,-127
2911,471
2912,575
2913,625
2914,550
2915,525
2916,625
2917,525
2918,575
2919,375
2920,575
2921,673
2922,-129
2923,625
2924,-125
2925,523
2926,575
2927,400
2928,-125
2929,-75
2930,625
2931,673
2932,-102
2933,-75
2934,-75
2935,623
2936,423
2937,625
2938,623
2939,625
2940,673
2941,-127
2942,425
2943,625
2944,521
2945,623
2946,373
2947,548
2948,675
2949,623
2950,-75
2951,525
2952,673
2953,625
2954,675
2955,-75
2956,-25
2957,573
2958,573
2959,523
2960,-129
2961,375
2962,673
2963,671
2964,675
2965,548
2966,625
2967,621
2968,671
2969,625
2970,-125
2971,675
2972,300
2973,-125
2974,398
2975,425
2976,673
2977,673
2978,575
2979,619
2980,-27
2981,575
2982,-75
2983,625
2984,625
2985,419
2986,673
2987,675
2988,625
2989,-27
2990,675
2991,373
2992,675
2993,625
2994,423
2995,675
2996,450
2997,-75
2998,573
2999,550
3000,-75
3001,521
3002,-2
3003,94
3004,623
3005,625
3006,350
3007,146
3008,575
3009,675
3010,675
3011,-75
3012,675
3013,425
3014,625
3015,425
3016,621
3017,675
3018,375
3019,-29
3020,675
3021,500
3022,-77
3023,348
3024,550
3025,-25
3026,675
3027,625
3028,623
3029,675
3030,675
3031,-77
3032,625
3033,275
3034,625
3035,573
3036,675
3037,-27
3038,623
3039,675
3040,273
3041,300
3042,0
3043,523
3044,623
3045,625
3046,475
3047,548
3048,575
3049,573
3050,575
3051,150
3052,625
3053,675
3054,-175
3055,625
3056,475
3057,575
3058,675
3059,675
3060,523
3061,300
3062,575
3063,-125
3064,675
3065,525
3066,625
3067,475
3068,675
3069,673
3070,-75
3071,675
3072,423
3073,675
3074,575
3075,673
3076,573
3077,675
3078,675
3079,675
3080,675
3081,-202
3082,625
3083,673
3084,375
3085,673
3086,425
3087,-129
3088,500
3089,-27
3090,575
3091,523
3092,498
3093,425
3094,571
3095,669
3096,575
3097,625
3098,625
3099,550
3100,575
3101,675
3102,-125
3103,550
3104,675
3105,444
3106,550
3107,673
3108,573
3109,673
3110,575
3111,675
3112,623
3113,673
3114,625
3115,673
3116,623
3117,-75
3118,675
3119,-29
3120,-75
3121,675
3122,275
3123,525
3124,-75
3125,625
3126,675
3127,-125
3128,-125
3129,525
3130,675
3131,-125
3132,373
3133,-25
3134,523
3135,623
3136,673
3137,675
3138,623
3139,675
3140,675
3141,669
3142,421
3143,675
3144,625
3145,-77
3146,675
3147,523
3148,-75
3149,275
3150,625
3151,-25
3152,-127
3153,-125
3154,675
3155,-75
3156,619
3157,675
3158,675
3159,325
3160,625
3161,671
3162,473
3163,575
3164,-125
3165,621
3166,675
3167,-77
3168,425
3169,623
3170,675
3171,673
3172,575
3173,623
3174,625
3175,523
3176,675
3177,573
3178,344
3179,525
3180,371
3181,398
3182,350
3183,675
3184,396
3185,400
3186,675
3187,625
3188,675
3189,625
3190,675
3191,600
3192,625
3193,673
3194,398
3195,675
3196,-129
3197,675
3198,-125
3199,567
3200,473
3201,475
3202,575
3203,-75
3204,673
3205,523
3206,575
3207,325
3208,675
3209,675
3210,673
3211,675
3212,473
3213,-75
3214,-77
3215,675
3216,500
3217,673
3218,673
3219,498
3220,575
3221,525
3222,623
3223,-75
3224,675
3225,371
3226,448
3227,425
3228,623
3229,625
3230,619
3231,675
3232,-179
3233,-125
3234,625
3235,150
3236,-29
3237,625
3238,-77
3239,500
3240,675
3241,400
3242,625
3243,675
3244,675
3245,-2
3246,298
3247,675
3248,675
3249,273
3250,675
3251,625
3252,375
3253,-200
3254,-125
3255,623
3256,675
3257,575
3258,398
3259,525
3260,575
3261,-175
3262,671
3263,523
3264,425
3265,-75
3266,675
3267,346
3268,623
3269,-27
3270,-125
3271,623
3272,323
3273,625
3274,625
3275,-75
3276,300
3277,673
3278,548
3279,425
3280,675
3281,625
3282,425
3283,675
3284,669
3285,675
3286,675
3287,623
3288,675
3289,625
3290,-27
3291,673
3292,673
3293,675
3294,623
3295,625
3296,550
3297,523
3298,-125
3299,625
3300,550
3301,675
3302,625
3303,-125
3304,400
3305,621
3306,671
3307,675
3308,625
3309,623
3310,575
3311,675
3312,525
3313,623
3314,625
3315,-125
3316,673
3317,-75
3318,-77
3319,-325
3320,348
3321,-75
3322,625
3323,623
3324,550
3325,-75
3326,625
3327,675
3328,625
3329,-125
3330,623
3331,598
3332,619
3333,475
3334,-152
3335,675
3336,675
3337,625
3338,221
3339,350
3340,550
3341,673
3342,569
3343,625
3344,-75
3345,375
3346,-29
3347,-125
3348,625
3349,421
3350,575
3351,575
3352,346
3353,625
3354,673
3355,675
3356,625
3357,623
3358,-75
3359,425
3360,-75
3361,675
3362,573
3363,625
3364,675
3365,-125
3366,-27
3367,396
3368,400
3369,575
3370,675
3371,625
3372,625
3373,525
3374,675
3375,675
3376,-25
3377,525
3378,625
3379,-75
3380,675
3381,-127
3382,675
3383,-27
3384,425
3385,375
3386,573
3387,575
3388,625
3389,375
3390,621
3391,673
3392,575
3393,575
3394,675
3395,425
3396,573
3397,675
3398,473
3399,675
3400,675
3401,625
3402,500
3403,575
3404,571
3405,625
3406,525
3407,575
3408,-25
3409,675
3410,-75
3411,-104
3412,-75
3413,0
3414,498
3415,673
3416,623
3417,675
3418,350
3419,675
3420,-125
3421,550
3422,575
3423,625
3424,-75
3425,673
3426,675
3427,500
3428,675
3429,571
3430,521
3431,625
3432,525
3433,-75
3434,575
3435,673
3436,673
3437,-125
3438,623
3439,675
3440,-125
3441,675
3442,625
3443,-29
3444,-75
3445,523
3446,475
3447,673
3448,525
3449,625
3450,350
3451,550
3452,375
3453,-125
3454,675
3455,-25
3456,675
3457,-175
3458,-29
3459,675
3460,575
3461,575
3462,673
3463,525
3464,675
3465,573
3466,300
3467,-175
3468,675
3469,675
3470,675
3471,346
3472,675
3473,-27
3474,675
3475,575
3476,221
3477,-75
3478,673
3479,-125
3480,675
3481,-125
3482,675
3483,523
3484,673
3485,675
3486,-125
3487,625
3488,625
3489,675
3490,675
3491,275
3492,675
3493,550
3494,675
3495,673
3496,500
3497,673
3498,-125
3499,625
3500,573
3501,425
3502,-125
3503,425
3504,575
3505,525
3506,675
3507,673
3508,625
3509,675
3510,675
3511,573
3512,675
3513,675
3514,675
3515,675
3516,575
3517,673
3518,575
3519,575
3520,675
3521,625
3522,573
3523,-152
3524,573
3525,675
3526,-75
3527,621
3528,623
3529,675
3530,-127
3531,675
3532,673
3533,575
3534,73
3535,625
3536,675
3537,675
3538,471
3539,675
3540,673
3541,675
3542,-25
3543,225
3544,675
3545,250
3546,573
3547,550
3548,-29
3549,-125
3550,398
3551,675
3552,675
3553,575
3554,23
3555,625
3556,-125
3557,-75
3558,-75
3559,673
3560,625
3561,573
3562,675
3563,525
3564,373
3565,-27
3566,671
3567,250
3568,350
3569,675
3570,423
3571,675
3572,523
3573,623
3574,475
3575,575
3576,673
3577,675
3578,471
3579,675
3580,673
3581,-75
3582,675
3583,625
3584,325
3585,625
3586,575
3587,675
3588,-25
3589,675
3590,625
3591,375
3592,-54
3593,525
3594,-125
3595,673
3596,-129
3597,675
3598,621
3599,623
3600,400
3601,473
3602,575
3603,675
3604,675
3605,-129
3606,675
3607,625
3608,575
3609,-25
3610,525
3611,350
3612,625
3613,521
3614,550
3615,623
3616,525
3617,523
3618,425
3619,575
3620,550
3621,675
3622,623
3623,625
3624,525
3625,-175
3626,675
3627,675
3628,625
3629,625
3630,373
3631,-125
3632,-179
3633,325
3634,675
3635,625
3636,625
3637,221
3638,475
3639,673
3640,-75
3641,519
3642,675
3643,675
3644,-175
3645,425
3646,675
3647,400
3648,625
3649,73
3650,573
3651,575
3652,-125
3653,473
3654,373
3655,392
3656,625
3657,575
3658,675
3659,348
3660,225
3661,-125
3662,398
3663,-125
3664,500
3665,573
3666,-52
3667,-27
3668,573
3669,575
3670,675
3671,525
3672,525
3673,675
3674,425
3675,675
3676,375
3677,625
3678,623
3679,623
3680,-25
3681,544
3682,673
3683,-125
3684,625
3685,573
3686,673
3687,525
3688,675
3689,-125
3690,-29
3691,525
3692,575
3693,425
3694,625
3695,-81
3696,675
3697,675
3698,-125
3699,625
3700,425
3701,-75
3702,-75
3703,-125
3704,575
3705,625
3706,625
3707,675
3708,673
3709,625
3710,675
3711,-25
3712,473
3713,625
3714,675
3715,325
3716,675
3717,673
3718,550
3719,675
3720,625
3721,671
3722,500
3723,-125
3724,-175
3725,575
3726,344
3727,348
3728,550
3729,425
3730,675
3731,625
3732,625
3733,225
3734,673
3735,673
3736,548
3737,673
3738,675
3739,248
3740,425
3741,625
3742,150
3743,675
3744,673
3745,623
3746,621
3747,-79
3748,223
3749,675
3750,675
3751,375
3752,623
3753,675
3754,625
3755,575
3756,-77
3757,200
3758,625
3759,-25
3760,625
3761,623
3762,623
3763,625
3764,-77
3765,400
3766,475
3767,-27
3768,-125
3769,575
3770,123
3771,573
3772,398
3773,-81
3774,-200
3775,675
3776,675
3777,-125
3778,623
3779,525
3780,-125
3781,523
3782,0
3783,575
3784,623
3785,625
3786,-125
3787,675
3788,-175
3789,573
3790,625
3791,575
3792,625
3793,525
3794,625
3795,-125
3796,625
3797,-125
3798,-75
3799,673
3800,675
3801,275
3802,625
3803,623
3804,273
3805,300
3806,525
3807,573
3808,625
3809,575
3810,400
3811,-27
3812,671
3813,675
3814,-75
3815,523
3816,600
3817,675
3818,425
3819,423
3820,575
3821,573
3822,675
3823,675
3824,675
3825,675
3826,675
3827,625
3828,575
3829,675
3830,575
3831,621
3832,546
3833,623
3834,625
3835,625
3836,550
3837,623
3838,625
3839,675
3840,548
3841,673
3842,523
3843,-25
3844,625
3845,373
3846,246
3847,-129
3848,475
3849,400
3850,-33
3851,523
3852,625
3853,625
3854,-75
3855,423
3856,673
3857,675
3858,625
3859,498
3860,623
3861,-75
3862,471
3863,300
3864,-125
3865,575
3866,375
3867,525
3868,-125
3869,625
3870,673
3871,473
3872,-75
3873,325
3874,375
3875,525
3876,575
3877,675
3878,575
3879,571
3880,675
3881,625
3882,375
3883,675
3884,350
3885,675
3886,675
3887,675
3888,573
3889,625
3890,473
3891,148
3892,400
3893,573
3894,-77
3895,-200
3896,250
3897,346
3898,575
3899,573
3900,398
3901,623
3902,675
3903,623
3904,675
3905,-125
3906,625
3907,-75
3908,625
3909,525
3910,-2
3911,573
3912,498
3913,575
3914,673
3915,625
3916,523
3917,623
3918,625
3919,298
3920,671
3921,625
3922,-75
3923,-75
3924,475
3925,673
3926,675
3927,523
3928,423
3929,625
3930,0
3931,573
3932,471
3933,623
3934,525
3935,625
3936,-27
3937,-200
3938,673
3939,621
3940,675
3941,350
3942,621
3943,-125
3944,625
3945,400
3946,675
3947,-25
3948,669
3949,525
3950,673
3951,625
3952,675
3953,675
3954,675
3955,425
3956,675
3957,675
3958,571
3959,675
3960,675
3961,-125
3962,575
3963,623
3964,671
3965,675
3966,675
3967,375
3968,-79
3969,-25
3970,675
3971,625
3972,625
3973,675
3974,-75
3975,625
3976,675
3977,625
3978,621
3979,675
3980,-175
3981,625
3982,575
3983,-125
3984,623
3985,625
3986,675
3987,673
3988,525
3989,321
3990,625
3991,425
3992,675
3993,675
3994,675
3995,-127
3996,675
3997,575
3998,625
3999,567
4000,625
4001,400
4002,675
4003,625
4004,525
4005,625
4006,675
4007,375
4008,-75
4009,223
4010,-79
4011,575
4012,221
4013,673
4014,523
4015,548
4016,573
4017,675
4018,675
4019,298
4020,671
4021,675
4022,675
4023,-27
4024,523
4025,521
4026,675
4027,-27
4028,-125
4029,-125
4030,673
4031,675
4032,550
4033,673
4034,298
4035,-125
4036,625
4037,-75
4038,675
4039,675
4040,623
4041,673
4042,-225
4043,675
4044,473
4045,525
4046,575
4047,-75
4048,625
4049,625
4050,575
4051,625
4052,248
4053,675
4054,198
4055,373
4056,675
4057,675
4058,0
4059,575
4060,223
4061,475
4062,675
4063,525
4064,675
4065,471
4066,425
4067,573
4068,623
4069,273
4070,571
4071,425
4072,625
4073,300
4074,675
4075,673
4076,625
4077,575
4078,-125
4079,675
4080,569
4081,-127
4082,675
4083,523
4084,625
4085,525
4086,675
4087,425
4088,675
4089,-125
4090,675
4091,-77
4092,621
4093,625
4094,625
4095,675
4096,275
4097,-75
4098,573
4099,625
4100,550
4101,296
4102,675
4103,625
4104,573
4105,-27
4106,475
4107,-75
4108,350
4109,-75
4110,575
4111,-175
4112,675
4113,625
4114,525
4115,673
4116,548
4117,475
4118,-77
4119,675
4120,575
4121,350
4122,-29
4123,675
4124,275
4125,675
4126,667
4127,625
4128,623
4129,375
4130,575
4131,625
4132,-75
4133,525
4134,373
4135,475
4136,675
4137,673
4138,-75
4139,625
4140,675
4141,675
4142,671
4143,-125
4144,425
4145,675
4146,-75
4147,625
4148,623
4149,575
4150,571
4151,675
4152,675
4153,471
4154,-127
4155,623
4156,550
4157,525
4158,-75
4159,-75
4160,-125
4161,375
4162,-200
4163,675
4164,675
4165,550
4166,550
4167,675
4168,625
4169,400
4170,498
4171,625
4172,-229
4173,575
4174,250
4175,498
4176,625
4177,475
4178,-100
4179,675
4180,671
4181,675
4182,475
4183,625
4184,575
4185,575
4186,-25
4187,573
4188,548
4189,475
4190,523
4191,673
4192,671
4193,625
4194,523
4195,523
4196,348
4197,473
4198,675
4199,-125
4200,675
4201,-27
4202,673
4203,675
4204,675
4205,400
4206,671
4207,525
4208,675
4209,-129
4210,375
4211,625
4212,271
4213,623
4214,675
4215,-125
4216,625
4217,275
4218,623
4219,673
4220,375
4221,675
4222,398
4223,625
4224,-125
4225,-27
4226,-104
4227,400
4228,571
4229,675
4230,475
4231,475
4232,575
4233,675
4234,671
4235,625
4236,-75
4237,623
4238,675
4239,150
4240,373
4241,675
4242,-127
4243,625
4244,275
4245,675
4246,573
4247,625
4248,525
4249,625
4250,673
4251,625
4252,525
4253,623
4254,475
4255,398
4256,623
4257,623
4258,575
4259,625
4260,675
4261,673
4262,-125
4263,675
4264,-29
4265,400
4266,675
4267,571
4268,-177
4269,-125
4270,423
4271,400
4272,675
4273,675
4274,625
4275,521
4276,625
4277,675
4278,400
4279,625
4280,400
4281,675
4282,675
4283,425
4284,-175
4285,675
4286,675
4287,223
4288,623
4289,625
4290,575
4291,-77
4292,623
4293,425
4294,-75
4295,-102
4296,625
4297,575
4298,348
4299,675
4300,250
4301,673
4302,346
4303,675
4304,-125
4305,-127
4306,196
4307,296
4308,625
4309,521
4310,673
4311,-125
4312,625
4313,573
4314,-125
4315,675
4316,425
4317,625
4318,525
4319,448
4320,675
4321,375
4322,-25
4323,675
4324,675
4325,573
4326,575
4327,675
4328,-125
4329,475
4330,675
4331,473
4332,623
4333,-75
4334,525
4335,675
4336,423
4337,675
4338,675
4339,675
4340,400
4341,398
4342,-75
4343,275
4344,675
4345,575
4346,671
4347,675
4348,625
4349,248
4350,-127
4351,450
4352,575
4353,475
4354,675
4355,675
4356,671
4357,673
4358,575
4359,675
4360,675
4361,575
4362,673
4363,625
4364,675
4365,675
4366,675
4367,425
4368,623
4369,575
4370,573
4371,621
4372,675
4373,625
4374,575
4375,675
4376,623
4377,-127
4378,675
4379,-4
4380,623
4381,625
4382,625
4383,675
4384,675
4385,675
4386,223
4387,623
4388,425
4389,625
4390,673
4391,625
4392,525
4393,-25
4394,521
4395,575
4396,675
4397,675
4398,623
4399,425
4400,475
4401,-2
4402,198
4403,-125
4404,621
4405,675
4406,398
4407,673
4408,625
4409,625
4410,675
4411,675
4412,625
4413,675
4414,575
4415,675
4416,623
4417,398
4418,473
4419,625
4420,675
4421,525
4422,675
4423,625
4424,673
4425,-75
4426,675
4427,671
4428,625
4429,675
4430,675
4431,-25
4432,675
4433,673
4434,675
4435,675
4436,-125
4437,-31
4438,625
4439,-75
4440,675
4441,400
4442,523
4443,425
4444,521
4445,675
4446,675
4447,625
4448,394
4449,325
4450,671
4451,-127
4452,396
4453,475
4454,-75
4455,-125
4456,-125
4457,248
4458,675
4459,675
4460,625
4461,575
4462,525
4463,-200
4464,348
4465,300
4466,475
4467,673
4468,671
4469,673
4470,673
4471,675
4472,350
4473,675
4474,625
4475,550
4476,625
4477,525
4478,-225
4479,-79
4480,675
4481,673
4482,675
4483,673
4484,625
4485,625
4486,623
4487,573
4488,425
4489,625
4490,671
4491,523
4492,675
4493,425
4494,471
4495,575
4496,673
4497,498
4498,675
4499,675
4500,323
4501,425
4502,-175
4503,373
4504,-100
4505,523
4506,225
4507,-125
4508,675
4509,525
4510,673
4511,669
4512,675
4513,-75
4514,325
4515,625
4516,623
4517,623
4518,673
4519,521
4520,550
4521,675
4522,623
4523,-125
4524,675
4525,-127
4526,525
4527,675
4528,625
4529,-200
4530,625
4531,675
4532,-75
4533,525
4534,525
4535,-125
4536,-25
4537,675
4538,425
4539,346
4540,400
4541,521
4542,-75
4543,675
4544,400
4545,-125
4546,0
4547,625
4548,523
4549,425
4550,-127
4551,675
4552,400
4553,623
4554,625
4555,575
4556,598
4557,550
4558,400
4559,523
4560,550
4561,350
4562,673
4563,625
4564,569
4565,625
4566,375
4567,625
4568,673
4569,625
4570,575
4571,673
4572,392
4573,425
4574,625
4575,375
4576,625
4577,375
4578,675
4579,425
4580,575
4581,625
4582,400
4583,423
4584,525
4585,625
4586,475
4587,623
4588,625
4589,673
4590,425
4591,675
4592,575
4593,625
4594,625
4595,525
4596,675
4597,575
4598,-77
4599,673
4600,423
4601,523
4602,675
4603,573
4604,625
4605,-75
4606,475
4607,575
4608,519
4609,675
4610,-125
4611,625
4612,575
4613,623
4614,475
4615,-75
4616,625
4617,498
4618,625
4619,625
4620,548
4621,-227
4622,325
4623,550
4624,-175
4625,675
4626,-75
4627,550
4628,498
4629,-25
4630,500
4631,548
4632,675
4633,675
4634,625
4635,675
4636,-75
4637,473
4638,348
4639,675
4640,675
4641,623
4642,675
4643,675
4644,500
4645,675
4646,550
4647,625
4648,623
4649,573
4650,550
4651,573
4652,500
4653,525
4654,675
4655,675
4656,673
4657,671
4658,300
4659,675
4660,375
4661,423
4662,675
4663,575
4664,398
4665,675
4666,-125
4667,573
4668,625
4669,675
4670,625
4671,625
4672,675
4673,673
4674,525
4675,625
4676,-25
4677,348
4678,-125
4679,625
4680,621
4681,400
4682,625
4683,-125
4684,675
4685,-177
4686,675
4687,550
4688,-77
4689,425
4690,675
4691,675
4692,375
4693,675
4694,475
4695,675
4696,625
4697,675
4698,625
4699,350
4700,523
4701,623
4702,675
4703,573
4704,498
4705,625
4706,671
4707,671
4708,400
4709,400
4710,673
4711,525
4712,673
4713,346
4714,673
4715,625
4716,-77
4717,625
4718,625
4719,521
4720,675
4721,673
4722,525
4723,475
4724,-127
4725,-75
4726,300
4727,625
4728,450
4729,625
4730,673
4731,-6
4732,546
4733,675
4734,673
4735,525
4736,498
4737,673
4738,625
4739,625
4740,625
4741,-75
4742,-100
4743,675
4744,675
4745,-27
4746,675
4747,475
4748,671
4749,500
4750,523
4751,-125
4752,575
4753,-125
4754,673
4755,-250
4756,-27
4757,625
4758,-125
4759,525
4760,-75
4761,-100
4762,625
4763,675
4764,-125
4765,625
4766,675
4767,298
4768,675
4769,473
4770,675
4771,625
4772,275
4773,575
4774,500
4775,575
4776,500
4777,625
4778,-75
4779,348
4780,675
4781,625
4782,675
4783,675
4784,-125
4785,546
4786,148
4787,475
4788,675
4789,425
4790,625
4791,575
4792,221
4793,396
4794,575
4795,525
4796,675
4797,625
4798,-175
4799,625
4800,425
4801,675
4802,-75
4803,675
4804,675
4805,346
4806,150
4807,625
4808,475
4809,525
4810,675
4811,473
4812,673
4813,350
4814,673
4815,-54
4816,448
4817,675
4818,-75
4819,-77
4820,423
4821,625
4822,-127
4823,471
4824,625
4825,525
4826,523
4827,-75
4828,475
4829,625
4830,125
4831,625
4832,675
4833,625
4834,673
4835,623
4836,675
4837,675
4838,573
4839,675
4840,623
4841,675
4842,525
4843,275
4844,621
4845,625
4846,-150
4847,675
4848,675
4849,673
4850,625
4851,-75
4852,-75
4853,675
4854,673
4855,625
4856,-100
4857,375
4858,375
4859,625
4860,-125
4861,73
4862,675
4863,675
4864,375
4865,-75
4866,525
4867,623
4868,623
4869,400
4870,573
4871,523
4872,550
4873,-2
4874,621
4875,675
4876,525
4877,-175
4878,675
4879,573
4880,-27
4881,475
4882,0
4883,575
4884,500
4885,625
4886,25
4887,675
4888,623
4889,675
4890,573
4891,625
4892,673
4893,-125
4894,400
4895,271
4896,-127
4897,673
4898,-125
4899,98
4900,625
4901,621
4902,525
4903,-125
4904,523
4905,-125
4906,675
4907,625
4908,373
4909,573
4910,-75
4911,625
4912,498
4913,300
4914,675
4915,675
4916,-127
4917,675
4918,675
4919,525
4920,173
4921,675
4922,675
4923,625
4924,-175
4925,625
4926,498
4927,625
4928,625
4929,675
4930,525
4931,-125
4932,675
4933,444
4934,673
4935,673
4936,623
4937,-177
4938,625
4939,-125
4940,575
4941,398
4942,623
4943,-127
4944,675
4945,625
4946,675
4947,-200
4948,673
4949,525
4950,350
4951,675
4952,675
4953,150
4954,573
4955,525
4956,575
4957,625
4958,0
4959,675
4960,-29
4961,573
4962,675
4963,-75
4964,400
4965,575
4966,571
4967,-25
4968,625
4969,675
4970,625
4971,621
4972,525
4973,675
4974,575
4975,625
4976,575
4977,525
4978,-125
4979,625
4980,675
4981,425
4982,500
4983,625
4984,625
4985,625
4986,675
4987,673
4988,675
4989,671
4990,675
4991,575
4992,575
4993,350
4994,475
4995,675
4996,625
4997,-27
4998,323
4999,675
5000,625
5001,246
5002,625
5003,673
5004,625
5005,425
5006,350
5007,550
5008,625
5009,348
5010,675
5011,625
5012,375
5013,625
5014,675
5015,675
5016,475
5017,623
5018,350
5019,-31
5020,-129
5021,669
5022,675
5023,-75
5024,523
5025,625
5026,675
5027,323
5028,575
5029,425
5030,475
5031,625
5032,675
5033,625
5034,675
5035,675
5036,-225
5037,673
5038,675
5039,425
5040,-75
5041,675
5042,675
5043,575
5044,525
5045,675
5046,675
5047,398
5048,625
5049,575
5050,625
5051,625
5052,-75
5053,625
5054,675
5055,-127
5056,625
5057,625
5058,673
5059,-75
5060,623
5061,-25
5062,675
5063,-77
5064,573
5065,623
5066,575
5067,325
5068,575
5069,350
5070,298
5071,625
5072,250
5073,-75
5074,523
5075,-125
5076,625
5077,525
5078,625
5079,623
5080,675
5081,400
5082,625
5083,550
5084,425
5085,673
5086,675
5087,675
5088,-25
5089,623
5090,-75
5091,625
5092,-125
5093,673
5094,375
5095,673
5096,-125
5097,625
5098,675
5099,-125
5100,373
5101,573
5102,673
5103,517
5104,675
5105,550
5106,671
5107,525
5108,623
5109,-25
5110,525
5111,625
5112,675
5113,-27
5114,473
5115,673
5116,675
5117,-77
5118,673
5119,500
5120,675
5121,-127
5122,-75
5123,500
5124,675
5125,-125
5126,269
5127,550
5128,675
5129,675
5130,-77
5131,500
5132,-125
5133,625
5134,625
5135,673
5136,675
5137,425
5138,-25
5139,25
5140,675
5141,673
5142,625
5143,325
5144,625
5145,623
5146,475
5147,675
5148,675
5149,623
5150,673
5151,475
5152,446
5153,673
5154,-177
5155,400
5156,-127
5157,673
5158,671
5159,675
5160,673
5161,550
5162,625
5163,623
5164,575
5165,371
5166,398
5167,623
5168,-75
5169,-125
5170,575
5171,625
5172,471
5173,675
5174,675
5175,625
5176,675
5177,673
5178,625
5179,675
5180,425
5181,-300
5182,675
5183,-200
5184,621
5185,-77
5186,625
5187,625
5188,625
5189,673
5190,673
5191,0
5192,-125
5193,625
5194,425
5195,-129
5196,525
5197,675
5198,571
5199,450
5200,675
5201,575
5202,-27
5203,675
5204,623
5205,673
5206,673
5207,-75
5208,473
5209,623
5210,425
5211,525
5212,625
5213,675
5214,675
5215,623
5216,675
5217,625
5218,575
5219,546
5220,398
5221,-125
5222,300
5223,548
5224,675
5225,625
5226,275
5227,473
5228,-202
5229,-250
5230,623
5231,675
5232,-25
5233,675
5234,675
5235,525
5236,475
5237,373
5238,500
5239,-75
5240,250
5241,-125
5242,675
5243,600
5244,425
5245,50
5246,-125
5247,-127
5248,525
5249,523
5250,475
5251,623
5252,623
5253,625
5254,575
5255,673
5256,675
5257,-25
5258,675
5259,625
5260,325
5261,675
5262,675
5263,625
5264,425
5265,573
5266,-75
5267,675
5268,675
5269,675
5270,673
5271,-177
5272,625
5273,350
5274,675
5275,-125
5276,675
5277,625
5278,-125
5279,623
5280,675
5281,523
5282,348
5283,623
5284,-125
5285,625
5286,625
5287,-25
5288,625
5289,573
5290,625
5291,-75
5292,-75
5293,625
5294,671
5295,-25
5296,-100
5297,571
5298,-25
5299,575
5300,548
5301,573
5302,673
5303,-225
5304,575
5305,373
5306,675
5307,675
5308,675
5309,625
5310,673
5311,275
5312,573
5313,625
5314,673
5315,525
5316,625
5317,398
5318,675
5319,625
5320,675
5321,525
5322,673
5323,625
5324,-125
5325,673
5326,573
5327,350
5328,625
5329,673
5330,571
5331,625
5332,625
5333,425
5334,625
5335,-125
5336,625
5337,473
5338,625
5339,-27
5340,673
5341,625
5342,673
5343,575
5344,673
5345,-25
5346,675
5347,675
5348,475
5349,623
5350,671
5351,123
5352,-200
5353,425
5354,623
5355,673
5356,396
5357,573
5358,475
5359,519
5360,673
5361,675
5362,575
5363,348
5364,-129
5365,625
5366,575
5367,573
5368,673
5369,675
5370,625
5371,571
5372,521
5373,673
5374,-127
5375,-27
5376,675
5377,-125
5378,675
5379,673
5380,-125
5381,573
5382,-177
5383,625
5384,625
5385,350
5386,625
5387,-175
5388,-125
5389,675
5390,573
5391,675
5392,675
5393,571
5394,575
5395,-79
5396,400
5397,623
5398,625
5399,-125
5400,625
5401,625
5402,467
5403,425
5404,675
5405,675
5406,-25
5407,492
5408,425
5409,675
5410,-75
5411,675
5412,-100
5413,675
5414,625
5415,675
5416,-75
5417,675
5418,625
5419,675
5420,623
5421,625
5422,623
5423,375
5424,-131
5425,521
5426,550
5427,-125
5428,625
5429,523
5430,671
5431,550
5432,675
5433,-125
5434,323
5435,-125
5436,500
5437,-75
5438,400
5439,625
5440,625
5441,375
5442,-27
5443,675
5444,675
5445,625
5446,623
5447,525
5448,-75
5449,675
5450,675
5451,-175
5452,625
5453,675
5454,573
5455,-125
5456,448
5457,-125
5458,625
5459,-100
5460,575
5461,425
5462,396
5463,675
5464,675
5465,623
5466,623
5467,675
5468,675
5469,673
5470,-75
5471,-125
5472,675
5473,625
5474,671
5475,625
5476,425
5477,523
5478,625
5479,675
5480,-125
5481,675
5482,669
5483,625
5484,673
5485,-75
5486,675
5487,275
5488,625
5489,623
5490,-125
5491,675
5492,675
5493,623
5494,425
5495,573
5496,675
5497,625
5498,-29
5499,525
5500,675
5501,-127
5502,623
5503,675
5504,625
5505,623
5506,675
5507,525
5508,575
5509,375
5510,573
5511,675
5512,675
5513,523
5514,250
5515,600
5516,-202
5517,-77
5518,673
5519,625
5520,621
5521,625
5522,575
5523,675
5524,621
5525,-127
5526,675
5527,-75
5528,-77
5529,548
5530,675
5531,675
5532,575
5533,400
5534,-77
5535,575
5536,675
5537,675
5538,673
5539,675
5540,523
5541,573
5542,425
5543,625
5544,675
5545,550
5546,600
5547,400
5548,623
5549,673
5550,675
5551,675
5552,625
5553,575
5554,525
5555,575
5556,675
5557,525
5558,675
5559,625
5560,623
5561,575
5562,675
5563,-175
5564,-125
5565,673
5566,-125
5567,675
5568,-75
5569,671
5570,673
5571,500
5572,573
5573,675
5574,673
5575,675
5576,675
5577,575
5578,525
5579,-125
5580,621
5581,-27
5582,521
5583,250
5584,-27
5585,625
5586,400
5587,625
5588,675
5589,673
5590,-231
5591,625
5592,475
5593,400
5594,625
5595,-25
5596,423
5597,675
5598,675
5599,523
5600,673
5601,623
5602,675
5603,675
5604,275
5605,-125
5606,400
5607,450
5608,75
5609,675
5610,625
5611,675
5612,621
5613,675
5614,675
5615,625
5616,423
5617,675
5618,475
5619,-177
5620,625
5621,623
5622,400
5623,350
5624,675
5625,-35
5626,442
5627,-75
5628,546
5629,625
5630,675
5631,523
5632,573
5633,548
5634,675
5635,573
5636,-31
5637,575
5638,-175
5639,675
5640,-77
5641,-125
5642,575
5643,625
5644,675
5645,-125
5646,473
5647,425
5648,673
5649,673
5650,623
5651,675
5652,525
5653,325
5654,150
5655,675
5656,425
5657,573
5658,669
5659,621
5660,675
5661,675
5662,525
5663,350
5664,675
5665,425
5666,-127
5667,675
5668,675
5669,673
5670,-179
5671,-125
5672,-125
5673,675
5674,-77
5675,675
5676,623
5677,625
5678,548
5679,675
5680,625
5681,673
5682,625
5683,575
5684,615
5685,375
5686,-200
5687,250
5688,675
5689,673
5690,673
5691,423
5692,325
5693,623
5694,471
5695,673
5696,-75
5697,398
5698,625
5699,571
5700,100
5701,675
5702,675
5703,675
5704,675
5705,675
5706,-75
5707,0
5708,-77
5709,575
5710,675
5711,525
5712,675
5713,625
5714,675
5715,425
5716,675
5717,673
5718,396
5719,373
5720,-125
5721,375
5722,348
5723,525
5724,-75
5725,350
5726,550
5727,623
5728,573
5729,-77
5730,625
5731,469
5732,-125
5733,-75
5734,673
5735,-125
5736,675
5737,519
5738,623
5739,673
5740,398
5741,621
5742,-25
5743,621
5744,-127
5745,-77
5746,625
5747,-75
5748,-75
5749,675
5750,619
5751,625
5752,575
5753,525
5754,675
5755,423
5756,525
5757,575
5758,625
5759,625
5760,-79
5761,375
5762,675
5763,625
5764,348
5765,-75
5766,619
5767,525
5768,-125
5769,-125
5770,673
5771,675
5772,675
5773,-200
5774,625
5775,575
5776,550
5777,-125
5778,673
5779,0
5780,-75
5781,675
5782,675
5783,-77
5784,575
5785,-75
5786,275
5787,675
5788,-177
5789,625
5790,525
5791,675
5792,373
5793,523
5794,-125
5795,625
5796,625
5797,-200
5798,-125
5799,150
5800,623
5801,625
5802,525
5803,675
5804,675
5805,623
5806,550
5807,425
5808,575
5809,625
5810,675
5811,-125
5812,-125
5813,350
5814,673
5815,523
5816,673
5817,425
5818,-125
5819,25
5820,-152
5821,525
5822,-77
5823,675
5824,675
5825,-75
5826,623
5827,423
5828,-175
5829,671
5830,625
5831,-125
5832,425
5833,448
5834,-75
5835,675
5836,625
5837,-75
5838,625
5839,150
5840,-81
5841,475
5842,575
5843,425
5844,625
5845,571
5846,-125
5847,523
5848,525
5849,-79
5850,-125
5851,-200
5852,575
5853,-75
5854,425
5855,-125
5856,-25
5857,600
5858,-2
5859,675
5860,675
5861,625
5862,623
5863,625
5864,-75
5865,675
5866,400
5867,573
5868,623
5869,-125
5870,675
5871,625
5872,-125
5873,675
5874,675
5875,675
5876,-77
5877,575
5878,569
5879,-77
5880,625
5881,248
5882,573
5883,525
5884,575
5885,525
5886,250
5887,625
5888,675
5889,525
5890,548
5891,575
5892,-25
5893,675
5894,-125
5895,242
5896,473
5897,625
5898,-127
5899,575
5900,675
5901,-75
5902,-125
5903,421
5904,625
5905,675
5906,450
5907,573
5908,423
5909,675
5910,375
5911,625
5912,675
5913,-125
5914,375
5915,575
5916,673
5917,673
5918,625
5919,675
5920,623
5921,-125
5922,525
5923,625
5924,625
5925,675
5926,625
5927,675
5928,625
5929,500
5930,673
5931,675
5932,675
5933,675
5934,548
5935,623
5936,673
5937,675
5938,673
5939,250
5940,625
5941,298
5942,625
5943,250
5944,625
5945,521
5946,375
5947,625
5948,675
5949,525
5950,-100
5951,675
5952,-75
5953,573
5954,-127
5955,625
5956,619
5957,400
5958,675
5959,623
5960,519
5961,-25
5962,-125
5963,-52
5964,523
5965,525
5966,675
5967,473
5968,475
5969,373
5970,675
5971,571
5972,675
5973,-125
5974,-25
5975,523
5976,-175
5977,675
5978,675
5979,-25
5980,523
5981,573
5982,19
5983,425
5984,625
5985,675
5986,675
5987,-125
5988,375
5989,425
5990,-75
5991,-125
5992,625
5993,-125
5994,575
5995,673
5996,-79
5997,400
5998,673
5999,675
6000,675
6001,525
6002,525
6003,673
6004,475
6005,675
6006,575
6007,-125
6008,521
6009,673
6010,469
6011,-125
6012,675
6013,571
6014,-29
6015,525
6016,625
6017,675
6018,673
6019,671
6020,523
6021,675
6022,673
6023,150
6024,675
6025,675
6026,475
6027,621
6028,-25
6029,625
6030,675
6031,625
6032,573
6033,448
6034,298
6035,625
6036,675
6037,-2
6038,-75
6039,300
6040,573
6041,473
6042,575
6043,575
6044,550
6045,675
6046,675
6047,-29
6048,-125
6049,623
6050,623
6051,571
6052,400
6053,-125
6054,625
6055,550
6056,275
6057,-75
6058,-75
6059,675
6060,675
6061,673
6062,475
6063,625
6064,423
6065,675
6066,625
6067,525
6068,625
6069,523
6070,675
6071,-177
6072,623
6073,675
6074,-125
6075,548
6076,673
6077,-75
6078,-179
6079,625
6080,625
6081,421
6082,625
6083,623
6084,673
6085,675
6086,523
6087,621
6088,-127
6089,673
6090,523
6091,675
6092,-75
6093,675
6094,475
6095,625
6096,-200
6097,550
6098,675
6099,519
6100,625
6101,673
6102,675
6103,623
6104,675
6105,400
6106,675
6107,373
6108,575
6109,-125
6110,400
6111,471
6112,425
6113,425
6114,675
6115,-27
6116,-75
6117,625
6118,-125
6119,625
6120,425
6121,675
6122,675
6123,575
6124,-254
6125,-125
6126,-25
6127,623
6128,475
6129,675
6130,473
6131,521
6132,525
6133,-125
6134,625
6135,371
6136,573
6137,-127
6138,675
6139,673
6140,623
6141,623
6142,200
6143,675
6144,675
6145,675
6146,150
6147,600
6148,-200
6149,473
6150,625
6151,675
6152,675
6153,425
6154,375
6155,623
6156,350
6157,-179
6158,623
6159,675
6160,75
6161,673
6162,-75
6163,623
6164,625
6165,623
6166,625
6167,671
6168,623
6169,525
6170,673
6171,623
6172,525
6173,675
6174,675
6175,-127
6176,550
6177,673
6178,-125
6179,-25
6180,-75
6181,623
6182,625
6183,-31
6184,425
6185,673
6186,-125
6187,523
6188,571
6189,675
6190,-175
6191,525
6192,-75
6193,675
6194,675
6195,675
6196,675
6197,675
6198,625
6199,671
6200,-25
6201,494
6202,525
6203,-125
6204,371
6205,-125
6206,675
6207,675
6208,525
6209,675
6210,625
6211,-75
6212,523
6213,-77
6214,675
6215,625
6216,523
6217,575
6218,-27
6219,500
6220,75
6221,625
6222,571
6223,673
6224,575
6225,675
6226,625
6227,675
6228,625
6229,675
6230,625
6231,675
6232,250
6233,671
6234,246
6235,675
6236,-175
6237,675
6238,675
6239,400
6240,675
6241,625
6242,450
6243,675
6244,-279
6245,625
6246,675
6247,525
6248,475
6249,523
6250,525
6251,625
6252,425
6253,575
6254,675
6255,371
6256,675
6257,525
6258,675
6259,573
6260,675
6261,-125
6262,671
6263,496
6264,523
6265,-75
6266,675
6267,673
6268,300
6269,-75
6270,75
6271,625
6272,-77
6273,-79
6274,525
6275,375
6276,625
6277,-125
6278,350
6279,625
6280,675
6281,675
6282,-127
6283,350
6284,623
6285,675
6286,473
6287,-75
6288,525
6289,675
6290,675
6291,673
6292,525
6293,-25
6294,473
6295,623
6296,571
6297,625
6298,623
6299,346
6300,-125
6301,400
6302,675
6303,625
6304,575
6305,671
6306,575
6307,623
6308,550
6309,675
6310,423
6311,673
6312,575
6313,-29
6314,-175
6315,-25
6316,675
6317,673
6318,625
6319,-75
6320,675
6321,575
6322,-29
6323,625
6324,575
6325,625
6326,525
6327,675
6328,-75
6329,625
6330,550
6331,625
6332,246
6333,673
6334,496
6335,523
6336,-77
6337,375
6338,-129
6339,-125
6340,523
6341,675
6342,671
6343,-75
6344,625
6345,625
6346,250
6347,673
6348,475
6349,525
6350,625
6351,675
6352,675
6353,675
6354,300
6355,675
6356,473
6357,675
6358,625
6359,675
6360,675
6361,575
6362,-125
6363,-77
6364,-127
6365,675
6366,275
6367,675
6368,625
6369,-77
6370,475
6371,675
6372,425
6373,550
6374,675
6375,-25
6376,550
6377,-75
6378,673
6379,523
6380,623
6381,675
6382,525
6383,623
6384,675
6385,673
6386,673
6387,-125
6388,623
6389,625
6390,350
6391,-127
6392,523
6393,-27
6394,425
6395,-127
6396,675
6397,673
6398,-75
6399,675
6400,621
6401,-77
6402,671
6403,625
6404,-75
6405,625
6406,475
6407,-75
6408,-129
6409,675
6410,525
6411,475
6412,548
6413,-77
6414,675
6415,521
6416,625
6417,675
6418,523
6419,273
6420,625
6421,573
6422,675
6423,675
6424,673
6425,621
6426,675
6427,625
6428,625
6429,473
6430,675
6431,375
6432,575
6433,275
6434,675
6435,675
6436,673
6437,-75
6438,625
6439,-77
6440,425
6441,523
6442,675
6443,-75
6444,-177
6445,623
6446,-75
6447,675
6448,625
6449,625
6450,675
6451,675
6452,675
6453,675
6454,625
6455,471
6456,675
6457,623
6458,623
6459,-27
6460,625
6461,-25
6462,625
6463,-25
6464,675
6465,575
6466,625
6467,675
6468,0
6469,675
6470,625
6471,573
6472,-125
6473,625
6474,625
6475,675
6476,-25
6477,623
6478,-27
6479,150
6480,475
6481,675
6482,675
6483,375
6484,675
6485,675
6486,519
6487,669
6488,675
6489,521
6490,546
6491,550
6492,675
6493,621
6494,673
6495,-127
6496,675
6497,625
6498,625
6499,675
6500,675
6501,100
6502,-127
6503,521
6504,525
6505,525
6506,523
6507,669
6508,475
6509,-125
6510,625
6511,425
6512,625
6513,-125
6514,621
6515,425
6516,425
6517,575
6518,-125
6519,-75
6520,675
6521,273
6522,623
6523,675
6524,-25
6525,398
6526,675
6527,673
6528,-77
6529,425
6530,-75
6531,573
6532,425
6533,525
6534,-27
6535,625
6536,675
6537,250
6538,-75
6539,625
6540,150
6541,675
6542,623
6543,-77
6544,400
6545,675
6546,150
6547,423
6548,623
6549,525
6550,525
6551,448
6552,675
6553,571
6554,275
6555,525
6556,623
6557,-125
6558,625
6559,625
6560,-75
6561,450
6562,675
6563,-127
6564,573
6565,623
6566,625
6567,675
6568,344
6569,623
6570,575
6571,625
6572,625
6573,675
6574,623
6575,675
6576,550
6577,575
6578,398
6579,675
6580,675
6581,673
6582,621
6583,675
6584,675
6585,-25
6586,-225
6587,525
6588,675
6589,-75
6590,623
6591,-127
6592,525
6593,398
6594,-25
6595,673
6596,675
6597,625
6598,573
6599,-125
6600,675
6601,675
6602,625
6603,673
6604,675
6605,500
6606,675
6607,675
6608,675
6609,621
6610,625
6611,575
6612,675
6613,498
6614,548
6615,675
6616,675
6617,0
6618,625
6619,473
6620,671
6621,625
6622,675
6623,-75
6624,673
6625,-133
6626,675
6627,525
6628,625
6629,673
6630,573
6631,-125
6632,669
6633,248
6634,675
6635,675
6636,-75
6637,398
6638,-125
6639,675
6640,675
6641,675
6642,300
6643,675
6644,625
6645,475
6646,675
6647,673
6648,575
6649,446
6650,625
6651,-125
6652,-75
6653,-125
6654,675
6655,673
6656,671
6657,544
6658,675
6659,625
6660,675
6661,625
6662,625
6663,-100
6664,400
6665,625
6666,371
6667,675
6668,-75
6669,675
6670,675
6671,346
6672,667
6673,325
6674,575
6675,623
6676,550
6677,523
6678,675
6679,-75
6680,548
6681,675
6682,675
6683,571
6684,671
6685,675
6686,-125
6687,675
6688,525
6689,373
6690,523
6691,625
6692,600
6693,673
6694,525
6695,525
6696,-75
6697,625
6698,623
6699,-75
6700,-25
6701,200
6702,-75
6703,675
6704,575
6705,673
6706,675
6707,675
6708,675
6709,-75
6710,569
6711,575
6712,675
6713,675
6714,575
6715,375
6716,673
6717,625
6718,673
6719,675
6720,523
6721,623
6722,-125
6723,-75
6724,-77
6725,625
6726,625
6727,248
6728,673
6729,675
6730,675
6731,625
6732,675
6733,675
6734,0
6735,-129
6736,450
6737,425
6738,623
6739,471
6740,523
6741,-77
6742,673
6743,300
6744,350
6745,673
6746,398
6747,573
6748,675
6749,675
6750,623
6751,-25
6752,-150
6753,525
6754,250
6755,673
6756,675
6757,625
6758,573
6759,548
6760,569
6761,625
6762,525
6763,300
6764,-27
6765,425
6766,523
6767,675
6768,-75
6769,425
6770,623
6771,675
6772,675
6773,-27
6774,600
6775,621
6776,525
6777,625
6778,525
6779,675
6780,675
6781,100
6782,-200
6783,-75
6784,675
6785,673
6786,673
6787,675
6788,623
6789,350
6790,673
6791,350
6792,675
6793,675
6794,673
6795,673
6796,673
6797,-127
6798,675
6799,-127
6800,573
6801,673
6802,-102
6803,623
6804,548
6805,525
6806,-179
6807,-75
6808,623
6809,675
6810,473
6811,398
6812,675
6813,517
6814,675
6815,-75
6816,575
6817,571
6818,425
6819,-125
6820,523
6821,673
6822,625
6823,671
6824,675
6825,-25
6826,148
6827,675
6828,-125
6829,625
6830,575
6831,621
6832,675
6833,-125
6834,623
6835,-125
6836,521
6837,625
6838,575
6839,673
6840,-25
6841,675
6842,623
6843,575
6844,675
6845,275
6846,250
6847,-75
6848,621
6849,-75
6850,-25
6851,575
6852,675
6853,675
6854,625
6855,575
6856,573
6857,375
6858,475
6859,375
6860,-25
6861,400
6862,-75
6863,498
6864,625
6865,-127
6866,673
6867,-77
6868,625
6869,673
6870,525
6871,675
6872,398
6873,525
6874,-125
6875,675
6876,673
6877,375
6878,625
6879,573
6880,575
6881,625
6882,675
6883,675
6884,675
6885,575
6886,375
6887,-125
6888,623
6889,675
6890,275
6891,575
6892,575
6893,625
6894,675
6895,494
6896,625
6897,625
6898,673
6899,-125
6900,673
6901,-125
6902,346
6903,425
6904,625
6905,-75
6906,675
6907,325
6908,625
6909,575
6910,-125
6911,75
6912,673
6913,350
6914,573
6915,-25
6916,425
6917,-125
6918,675
6919,-125
6920,623
6921,475
6922,673
6923,675
6924,-127
6925,-177
6926,671
6927,-175
6928,475
6929,573
6930,623
6931,525
6932,-77
6933,375
6934,-77
6935,521
6936,673
6937,-127
6938,525
6939,521
6940,525
6941,573
6942,675
6943,525
6944,675
6945,625
6946,200
6947,669
6948,248
6949,625
6950,423
6951,625
6952,675
6953,548
6954,-77
6955,675
6956,625
6957,425
6958,675
6959,400
6960,675
6961,296
6962,623
6963,673
6964,548
6965,473
6966,525
6967,525
6968,300
6969,575
6970,375
6971,673
6972,625
6973,673
6974,675
6975,673
6976,423
6977,625
6978,-77
6979,675
6980,675
6981,-79
6982,425
6983,673
6984,523
6985,625
6986,350
6987,271
6988,-179
6989,425
6990,296
6991,623
6992,-52
6993,673
6994,525
6995,673
6996,-175
6997,673
6998,623
6999,675
7000,625
7001,675
7002,675
7003,-100
7004,675
7005,625
7006,-25
7007,625
7008,398
7009,625
7010,675
7011,-75
7012,675
7013,550
7014,673
7015,-125
7016,625
7017,675
7018,623
7019,675
7020,-125
7021,-125
7022,-27
7023,673
7024,475
7025,-75
7026,500
7027,623
7028,475
7029,573
7030,-77
7031,625
7032,625
7033,675
7034,525
7035,625
7036,675
7037,575
7038,675
7039,-127
7040,675
7041,498
7042,623
7043,675
7044,623
7045,573
7046,200
7047,500
7048,-175
7049,625
7050,525
7051,350
7052,675
7053,425
7054,675
7055,623
7056,675
7057,350
7058,425
7059,675
7060,625
7061,625
7062,-150
7063,625
7064,675
7065,-125
7066,350
7067,348
7068,671
7069,623
7070,675
7071,675
7072,-75
7073,525
7074,-75
7075,-75
7076,675
7077,-175
7078,625
7079,673
7080,-125
7081,-77
7082,375
7083,675
7084,625
7085,673
7086,673
7087,625
7088,675
7089,675
7090,625
7091,400
7092,625
7093,675
7094,550
7095,523
7096,-125
7097,425
7098,675
7099,675
7100,675
7101,550
7102,475
7103,-33
7104,298
7105,475
7106,625
7107,-75
7108,573
7109,523
7110,675
7111,625
7112,675
7113,-125
7114,-125
7115,625
7116,623
7117,625
7118,625
7119,-125
7120,625
7121,623
7122,675
7123,475
7124,673
7125,575
7126,625
7127,675
7128,673
7129,675
7130,523
7131,498
7132,575
7133,-127
7134,-150
7135,-125
7136,675
7137,625
7138,-79
7139,673
7140,623
7141,425
7142,675
7143,571
7144,575
7145,675
7146,673
7147,425
7148,75
7149,398
7150,675
7151,-75
7152,625
7153,-127
7154,675
7155,675
7156,623
7157,425
7158,673
7159,675
7160,-75
7161,673
7162,-125
7163,-75
7164,-75
7165,675
7166,-25
7167,675
7168,-100
7169,625
7170,-129
7171,675
7172,625
7173,671
7174,-77
7175,-75
7176,575
7177,575
7178,625
7179,-75
7180,-77
7181,675
7182,548
7183,625
7184,623
7185,675
7186,673
7187,675
7188,350
7189,323
7190,625
7191,525
7192,625
7193,625
7194,-27
7195,675
7196,-75
7197,400
7198,-81
7199,675
7200,625
7201,573
7202,-75
7203,473
7204,423
7205,573
7206,675
7207,496
7208,671
7209,275
7210,675
7211,-127
7212,623
7213,521
7214,-75
7215,625
7216,625
7217,575
7218,573
7219,675
7220,625
7221,-125
7222,673
7223,425
7224,625
7225,575
7226,675
7227,-125
7228,673
7229,625
7230,625
7231,573
7232,-125
7233,448
7234,500
7235,598
7236,225
7237,-125
7238,-125
7239,675
7240,673
7241,575
7242,-127
7243,673
7244,675
7245,-77
7246,-25
7247,425
7248,-75
7249,625
7250,675
7251,675
7252,675
7253,675
7254,423
7255,625
7256,673
7257,675
7258,425
7259,623
7260,523
7261,625
7262,-175
7263,673
7264,525
7265,425
7266,573
7267,496
7268,548
7269,675
7270,625
7271,525
7272,573
7273,398
7274,675
7275,350
7276,523
7277,625
7278,575
7279,400
7280,625
7281,-75
7282,625
7283,675
7284,425
7285,675
7286,-27
7287,575
7288,400
7289,675
7290,475
7291,675
7292,575
7293,575
7294,425
7295,273
7296,-81
7297,-125
7298,675
7299,625
7300,625
7301,-125
7302,673
7303,675
7304,673
7305,398
7306,325
7307,673
7308,625
7309,-75
7310,625
7311,675
7312,575
7313,21
7314,625
7315,-125
7316,373
7317,-25
7318,625
7319,525
7320,673
7321,625
7322,-125
7323,-125
7324,575
7325,525
7326,575
7327,500
7328,675
7329,-179
7330,-125
7331,625
7332,525
7333,375
7334,425
7335,575
7336,548
7337,-125
7338,573
7339,675
7340,421
7341,675
7342,673
7343,-127
7344,-125
7345,625
7346,675
7347,625
7348,625
7349,621
7350,573
7351,625
7352,-125
7353,-75
7354,521
7355,425
7356,673
7357,625
7358,673
7359,625
7360,625
7361,-125
7362,348
7363,400
7364,-77
7365,-75
7366,375
7367,625
7368,673
7369,-25
7370,-200
7371,25
7372,300
7373,-125
7374,575
7375,625
7376,375
7377,-77
7378,673
7379,500
7380,675
7381,523
7382,675
7383,675
7384,-75
7385,675
7386,625
7387,521
7388,675
7389,675
7390,573
7391,573
7392,621
7393,573
7394,-127
7395,-4
7396,-77
7397,573
7398,475
7399,675
7400,623
7401,275
7402,625
7403,500
7404,-200
7405,-77
7406,675
7407,-125
7408,625
7409,625
7410,673
7411,575
7412,-125
7413,621
7414,621
7415,675
7416,350
7417,675
7418,350
7419,619
7420,625
7421,675
7422,573
7423,675
7424,350
7425,400
7426,-125
7427,675
7428,625
7429,675
7430,-29
7431,-125
7432,423
7433,571
7434,625
7435,675
7436,-75
7437,-152
7438,-125
7439,675
7440,-125
7441,623
7442,-125
7443,525
7444,675
7445,523
7446,675
7447,198
7448,525
7449,625
7450,673
7451,473
7452,573
7453,373
7454,-125
7455,-75
7456,-25
7457,225
7458,675
7459,625
7460,-25
7461,623
7462,-125
7463,625
7464,-125
7465,575
7466,475
7467,675
7468,525
7469,-125
7470,-75
7471,-125
7472,625
7473,523
7474,573
7475,575
7476,625
7477,-25
7478,-77
7479,625
7480,-127
7481,548
7482,525
7483,675
7484,-175
7485,-25
7486,546
7487,525
7488,675
7489,-81
7490,575
7491,-125
7492,675
7493,350
7494,675
7495,675
7496,675
7497,473
7498,675
7499,-175
7500,625
7501,398
7502,-77
7503,673
7504,575
7505,423
7506,625
7507,675
7508,-79
7509,-125
7510,625
7511,-52
7512,673
7513,571
7514,350
7515,373
7516,350
7517,-75
7518,573
7519,625
7520,575
7521,675
7522,675
7523,675
7524,400
7525,-75
7526,675
7527,625
7528,525
7529,548
7530,544
7531,498
7532,325
7533,675
7534,625
7535,625
7536,625
7537,-27
7538,623
7539,675
7540,475
7541,675
7542,673
7543,625
7544,673
7545,425
7546,-75
7547,675
7548,675
7549,621
7550,625
7551,625
7552,675
7553,-127
7554,323
7555,675
7556,675
7557,571
7558,575
7559,675
7560,525
7561,275
7562,-79
7563,-125
7564,625
7565,-181
7566,-75
7567,446
7568,398
7569,625
7570,625
7571,573
7572,-181
7573,575
7574,621
7575,-202
7576,625
7577,425
7578,625
7579,625
7580,-75
7581,625
7582,673
7583,625
7584,-77
7585,623
7586,675
7587,673
7588,-127
7589,475
7590,550
7591,-75
7592,400
7593,675
7594,423
7595,475
7596,675
7597,621
7598,-75
7599,-127
7600,571
7601,250
7602,675
7603,525
7604,675
7605,623
7606,625
7607,671
7608,625
7609,617
7610,-25
7611,-175
7612,46
7613,275
7614,625
7615,-127
7616,623
7617,571
7618,675
7619,621
7620,-125
7621,375
7622,675
7623,673
7624,575
7625,-75
7626,598
7627,-27
7628,425
7629,398
7630,575
7631,-125
7632,623
7633,425
7634,675
7635,675
7636,625
7637,323
7638,675
7639,623
7640,673
7641,625
7642,625
7643,-125
7644,675
7645,575
7646,375
7647,575
7648,-75
7649,525
7650,600
7651,575
7652,625
7653,-25
7654,400
7655,675
7656,573
7657,-125
7658,573
7659,675
7660,296
7661,673
7662,625
7663,-75
7664,623
7665,623
7666,-25
7667,675
7668,475
7669,625
7670,473
7671,325
7672,675
7673,675
7674,-131
7675,350
7676,673
7677,675
7678,425
7679,671
7680,525
7681,625
7682,623
7683,675
7684,525
7685,625
7686,498
7687,-125
7688,673
7689,675
7690,523
7691,-81
7692,673
7693,-77
7694,425
7695,525
7696,575
7697,475
7698,625
7699,625
7700,-27
7701,-77
7702,-75
7703,396
7704,573
7705,550
7706,-125
7707,625
7708,-127
7709,625
7710,-25
7711,575
7712,523
7713,673
7714,623
7715,675
7716,-77
7717,673
7718,521
7719,673
7720,673
7721,673
7722,675
7723,425
7724,621
7725,396
7726,675
7727,325
7728,623
7729,573
7730,625
7731,475
7732,625
7733,623
7734,675
7735,473
7736,-29
7737,350
7738,675
7739,573
7740,675
7741,573
7742,675
7743,-27
7744,575
7745,675
7746,673
7747,-125
7748,575
7749,-125
7750,475
7751,571
7752,625
7753,525
7754,550
7755,625
7756,575
7757,575
7758,575
7759,425
7760,-125
7761,200
7762,675
7763,673
7764,575
7765,623
7766,573
7767,625
7768,675
7769,573
7770,575
7771,675
7772,575
7773,573
7774,350
7775,271
7776,623
7777,675
7778,675
7779,-125
7780,621
7781,623
7782,500
7783,625
7784,675
7785,-75
7786,675
7787,625
7788,675
7789,375
7790,425
7791,400
7792,400
7793,675
7794,623
7795,600
7796,625
7797,625
7798,623
7799,625
7800,625
7801,473
7802,625
7803,375
7804,-127
7805,623
7806,500
7807,425
7808,-75
7809,675
7810,-75
7811,250
7812,625
7813,675
7814,423
7815,675
7816,573
7817,-25
7818,-131
7819,-125
7820,675
7821,623
7822,621
7823,675
7824,-27
7825,575
7826,625
7827,573
7828,669
7829,675
7830,-75
7831,575
7832,675
7833,675
7834,625
7835,-25
7836,-127
7837,523
7838,671
7839,675
7840,675
7841,548
7842,625
7843,425
7844,425
7845,675
7846,475
7847,675
7848,623
7849,525
7850,571
7851,-125
7852,675
7853,623
7854,675
7855,675
7856,675
7857,671
7858,-75
7859,675
7860,675
7861,671
7862,-125
7863,525
7864,675
7865,375
7866,625
7867,673
7868,-75
7869,550
7870,573
7871,675
7872,50
7873,350
7874,575
7875,-27
7876,675
7877,575
7878,475
7879,623
7880,475
7881,-127
7882,-127
7883,675
7884,675
7885,625
7886,-75
7887,523
7888,425
7889,675
7890,600
7891,675
7892,-75
7893,-75
7894,675
7895,675
7896,473
7897,675
7898,-25
7899,-125
7900,523
7901,300
7902,525
7903,525
7904,225
7905,675
7906,675
7907,548
7908,-75
7909,623
7910,-125
7911,621
7912,673
7913,298
7914,150
7915,425
7916,625
7917,675
7918,673
7919,346
7920,575
7921,400
7922,675
7923,623
7924,348
7925,275
7926,-125
7927,675
7928,0
7929,625
7930,675
7931,425
7932,625
7933,675
7934,625
7935,398
7936,248
7937,-77
7938,575
7939,-127
7940,-125
7941,575
7942,675
7943,575
7944,500
7945,625
7946,550
7947,623
7948,-127
7949,625
7950,621
7951,548
7952,621
7953,525
7954,575
7955,-125
7956,625
7957,567
7958,675
7959,446
7960,425
7961,623
7962,525
7963,675
7964,625
7965,573
7966,673
7967,573
7968,673
7969,419
7970,625
7971,475
7972,-225
7973,375
7974,625
7975,625
7976,675
7977,573
7978,623
7979,423
7980,623
7981,623
7982,625
7983,675
7984,575
7985,673
7986,575
7987,400
7988,371
7989,-75
7990,148
7991,623
7992,673
7993,-104
7994,-183
7995,625
7996,423
7997,-125
7998,573
7999,625
8000,-125
8001,523
8002,-75
8003,675
8004,675
8005,550
8006,675
8007,-75
8008,473
8009,475
8010,675
8011,675
8012,546
8013,-129
8014,673
8015,675
8016,675
8017,675
8018,-25
8019,675
8020,625
8021,625
8022,675
8023,425
8024,675
8025,675
8026,623
8027,625
8028,675
8029,-200
8030,675
8031,675
8032,625
8033,573
8034,625
8035,575
8036,671
8037,675
8038,673
8039,400
8040,0
8041,625
8042,423
8043,150
8044,625
8045,675
8046,-175
8047,673
8048,369
8049,625
8050,425
8051,625
8052,623
8053,-125
8054,500
8055,575
8056,673
8057,525
8058,-125
8059,-77
8060,625
8061,675
8062,371
8063,673
8064,548
8065,-75
8066,675
8067,-125
8068,675
8069,675
8070,573
8071,525
8072,575
8073,673
8074,450
8075,575
8076,673
8077,675
8078,325
8079,673
8080,469
8081,500
8082,-75
8083,621
8084,-175
8085,625
8086,675
8087,-125
8088,350
8089,675
8090,398
8091,671
8092,525
8093,-175
8094,244
8095,673
8096,-31
8097,675
8098,575
8099,673
8100,673
8101,525
8102,575
8103,625
8104,675
8105,673
8106,273
8107,625
8108,-133
8109,575
8110,675
8111,623
8112,675
8113,673
8114,550
8115,544
8116,575
8117,-75
8118,675
8119,425
8120,350
8121,675
8122,675
8123,300
8124,375
8125,-75
8126,575
8127,525
8128,573
8129,573
8130,-2
8131,675
8132,525
8133,675
8134,675
8135,675
8136,673
8137,348
8138,525
8139,675
8140,575
8141,675
8142,525
8143,675
8144,-77
8145,625
8146,675
8147,673
8148,673
8149,250
8150,398
8151,623
8152,623
8153,673
8154,625
8155,248
8156,673
8157,350
8158,521
8159,673
8160,573
8161,-125
8162,625
8163,675
8164,625
8165,475
8166,-27
8167,-25
8168,-125
8169,675
8170,-27
8171,-77
8172,-125
8173,425
8174,621
8175,525
8176,675
8177,323
8178,450
8179,675
8180,675
8181,-75
8182,450
8183,-75
8184,-75
8185,573
8186,525
8187,623
8188,498
8189,-125
8190,-125
8191,625
8192,275
8193,400
8194,-75
8195,675
8196,575
8197,621
8198,675
8199,675
8200,-25
8201,271
8202,575
8203,675
8204,625
8205,-125
8206,625
8207,-2
8208,675
8209,623
8210,350
8211,525
8212,675
8213,-81
8214,525
8215,300
8216,625
8217,623
8218,-75
8219,-77
8220,625
8221,675
8222,-75
8223,675
8224,473
8225,275
8226,673
8227,548
8228,675
8229,675
8230,-25
8231,675
8232,-75
8233,675
8234,625
8235,400
8236,623
8237,625
8238,623
8239,675
8240,625
8241,675
8242,421
8243,375
8244,675
8245,625
8246,-125
8247,475
8248,248
8249,623
8250,298
8251,625
8252,-29
8253,673
8254,525
8255,623
8256,675
8257,675
8258,625
8259,-29
8260,675
8261,675
8262,675
8263,575
8264,475
8265,673
8266,673
8267,625
8268,-125
8269,623
8270,673
8271,-25
8272,625
8273,673
8274,448
8275,625
8276,-125
8277,673
8278,-27
8279,-127
8280,-77
8281,673
8282,-125
8283,-75
8284,-75
8285,-29
8286,475
8287,-125
8288,-2
8289,348
8290,675
8291,623
8292,-125
8293,675
8294,-125
8295,675
8296,625
8297,-25
8298,523
8299,-125
8300,675
8301,-75
8302,-125
8303,425
8304,673
8305,548
8306,296
8307,675
8308,675
8309,500
8310,-79
8311,-125
8312,425
8313,675
8314,671
8315,625
8316,325
8317,675
8318,675
8319,675
8320,425
8321,348
8322,623
8323,525
8324,575
8325,-77
8326,625
8327,521
8328,675
8329,-125
8330,-75
8331,-100
8332,675
8333,625
8334,475
8335,625
8336,675
8337,-125
8338,575
8339,-125
8340,400
8341,625
8342,623
8343,348
8344,675
8345,675
8346,675
8347,625
8348,175
8349,673
8350,623
8351,425
8352,675
8353,425
8354,575
8355,671
8356,675
8357,473
8358,675
8359,-125
8360,625
8361,-125
8362,-125
8363,625
8364,573
8365,675
8366,500
8367,475
8368,675
8369,575
8370,675
8371,523
8372,525
8373,675
8374,625
8375,375
8376,673
8377,625
8378,600
8379,675
8380,-75
8381,525
8382,525
8383,525
8384,475
8385,623
8386,-127
8387,625
8388,325
8389,675
8390,675
8391,275
8392,475
8393,-125
8394,400
8395,-125
8396,575
8397,521
8398,619
8399,625
8400,550
8401,471
8402,375
8403,673
8404,625
8405,675
8406,675
8407,675
8408,348
8409,675
8410,-75
8411,675
8412,675
8413,625
8414,575
8415,673
8416,623
8417,623
8418,675
8419,-125
8420,-29
8421,500
8422,-125
8423,675
8424,548
8425,625
8426,625
8427,569
8428,98
8429,425
8430,675
8431,675
8432,-77
8433,498
8434,673
8435,350
8436,525
8437,-75
8438,675
8439,500
8440,575
8441,625
8442,675
8443,244
8444,625
8445,-227
8446,-75
8447,573
8448,675
8449,-75
8450,575
8451,675
8452,623
8453,471
8454,675
8455,673
8456,675
8457,625
8458,575
8459,575
8460,250
8461,675
8462,525
8463,348
8464,625
8465,223
8466,-175
8467,625
8468,-75
8469,575
8470,625
8471,-125
8472,673
8473,-75
8474,-125
8475,548
8476,675
8477,-129
8478,575
8479,425
8480,675
8481,675
8482,673
8483,625
8484,-77
8485,675
8486,575
8487,675
8488,525
8489,98
8490,675
8491,575
8492,625
8493,375
8494,375
8495,-25
8496,675
8497,500
8498,575
8499,575
8500,550
8501,575
8502,525
8503,548
8504,573
8505,623
8506,675
8507,375
8508,625
8509,571
8510,525
8511,-77
8512,-75
8513,623
8514,675
8515,525
8516,625
8517,673
8518,673
8519,625
8520,673
8521,473
8522,673
8523,625
8524,398
8525,675
8526,625
8527,673
8528,571
8529,-75
8530,525
8531,625
8532,475
8533,-154
8534,425
8535,-75
8536,-127
8537,-75
8538,625
8539,623
8540,675
8541,623
8542,-75
8543,625
8544,675
8545,623
8546,171
8547,425
8548,675
8549,-125
8550,425
8551,623
8552,575
8553,346
8554,675
8555,673
8556,675
8557,675
8558,675
8559,300
8560,-77
8561,623
8562,-29
8563,-25
8564,-125
8565,250
8566,575
8567,623
8568,523
8569,675
8570,625
8571,598
8572,625
8573,-33
8574,425
8575,373
8576,675
8577,625
8578,373
8579,623
8580,673
8581,-225
8582,625
8583,300
8584,-202
8585,475
8586,625
8587,400
8588,621
8589,623
8590,675
8591,371
8592,-125
8593,625
8594,675
8595,525
8596,423
8597,-25
8598,675
8599,348
8600,575
8601,623
8602,675
8603,-25
8604,400
8605,-25
8606,675
8607,625
8608,675
8609,675
8610,-125
8611,475
8612,625
8613,625
8614,673
8615,575
8616,525
8617,-125
8618,675
8619,673
8620,0
8621,675
8622,625
8623,625
8624,350
8625,-52
8626,625
8627,-127
8628,675
8629,621
8630,675
8631,567
8632,673
8633,423
8634,473
8635,350
8636,-77
8637,575
8638,-125
8639,571
8640,625
8641,-25
8642,619
8643,621
8644,675
8645,-150
8646,298
8647,673
8648,675
8649,623
8650,400
8651,-27
8652,675
8653,623
8654,675
8655,523
8656,550
8657,675
8658,675
8659,425
8660,673
8661,625
8662,525
8663,621
8664,571
8665,675
8666,625
8667,573
8668,675
8669,673
8670,623
8671,673
8672,-127
8673,423
8674,-125
8675,575
8676,-125
8677,573
8678,-125
8679,621
8680,398
8681,-125
8682,498
8683,625
8684,675
8685,669
8686,-125
8687,-27
8688,271
8689,625
8690,275
8691,675
8692,623
8693,675
8694,525
8695,-125
8696,375
8697,675
8698,675
8699,673
8700,550
8701,675
8702,423
8703,675
8704,-179
8705,675
8706,575
8707,525
8708,675
8709,-33
8710,448
8711,575
8712,-75
8713,673
8714,325
8715,348
8716,625
8717,625
8718,673
8719,673
8720,325
8721,475
8722,-75
8723,671
8724,675
8725,475
8726,675
8727,675
8728,475
8729,-100
8730,150
8731,673
8732,673
8733,675
8734,675
8735,675
8736,625
8737,625
8738,398
8739,-125
8740,675
8741,400
8742,-25
8743,675
8744,198
8745,473
8746,575
8747,475
8748,673
8749,623
8750,550
8751,625
8752,675
8753,625
8754,625
8755,625
8756,523
8757,625
8758,625
8759,-100
8760,50
8761,623
8762,-125
8763,398
8764,675
8765,675
8766,675
8767,625
8768,-125
8769,523
8770,625
8771,575
8772,625
8773,-75
8774,573
8775,525
8776,673
8777,673
8778,675
8779,625
8780,623
8781,625
8782,625
8783,500
8784,-75
8785,475
8786,625
8787,575
8788,-25
8789,525
8790,675
8791,525
8792,625
8793,673
8794,-29
8795,575
8796,623
8797,575
8798,-75
8799,675
8800,575
8801,-27
8802,250
8803,575
8804,525
8805,573
8806,675
8807,398
8808,625
8809,-75
8810,571
8811,525
8812,625
8813,675
8814,-127
8815,550
8816,623
8817,525
8818,300
8819,-75
8820,573
8821,625
8822,625
8823,-127
8824,625
8825,-75
8826,573
8827,575
8828,-129
8829,-25
8830,675
8831,675
8832,671
8833,-75
8834,675
8835,400
8836,675
8837,621
8838,625
8839,-27
8840,673
8841,675
8842,-127
8843,400
8844,398
8845,475
8846,-127
8847,671
8848,623
8849,525
8850,675
8851,675
8852,425
8853,573
8854,-27
8855,575
8856,625
8857,273
8858,573
8859,-127
8860,675
8861,675
8862,575
8863,550
8864,475
8865,525
8866,-202
8867,675
8868,500
8869,525
8870,375
8871,675
8872,673
8873,-125
8874,675
8875,525
8876,625
8877,498
8878,625
8879,625
8880,273
8881,75
8882,-27
8883,573
8884,675
8885,573
8886,623
8887,523
8888,625
8889,-175
8890,-181
8891,425
8892,625
8893,-125
8894,173
8895,575
8896,500
8897,675
8898,400
8899,673
8900,673
8901,496
8902,675
8903,-175
8904,675
8905,623
8906,621
8907,523
8908,675
8909,523
8910,623
8911,625
8912,-27
8913,-75
8914,425
8915,625
8916,675
8917,473
8918,675
8919,-2
8920,573
8921,525
8922,-75
8923,373
8924,325
8925,675
8926,673
8927,675
8928,675
8929,625
8930,575
8931,525
8932,675
8933,675
8934,221
8935,675
8936,-200
8937,-125
8938,675
8939,525
8940,673
8941,675
8942,675
8943,-75
8944,625
8945,625
8946,-75
8947,673
8948,623
8949,673
8950,675
8951,-77
8952,523
8953,671
8954,298
8955,573
8956,519
8957,625
8958,575
8959,675
8960,625
8961,625
8962,673
8963,675
8964,675
8965,-75
8966,525
8967,675
8968,675
8969,621
8970,475
8971,525
8972,-125
8973,675
8974,675
8975,625
8976,525
8977,675
8978,675
8979,623
8980,-25
8981,625
8982,571
8983,325
8984,673
8985,-25
8986,575
8987,673
8988,675
8989,575
8990,198
8991,673
8992,-79
8993,-25
8994,-33
8995,475
8996,350
8997,625
8998,625
8999,-27
9000,-125
9001,-127
9002,623
9003,400
9004,575
9005,625
9006,675
9007,625
9008,625
9009,675
9010,675
9011,400
9012,673
9013,625
9014,623
9015,400
9016,625
9017,-79
9018,398
9019,525
9020,675
9021,-75
9022,625
9023,623
9024,675
9025,675
9026,425
9027,-75
9028,525
9029,-125
9030,348
9031,623
9032,671
9033,675
9034,675
9035,673
9036,575
9037,550
9038,625
9039,575
9040,375
9041,346
9042,675
9043,625
9044,-27
9045,-29
9046,671
9047,400
9048,623
9049,623
9050,675
9051,675
9052,623
9053,398
9054,675
9055,400
9056,675
9057,625
9058,623
9059,375
9060,523
9061,675
9062,623
9063,675
9064,-125
9065,350
9066,625
9067,623
9068,625
9069,625
9070,298
9071,673
9072,625
9073,373
9074,675
9075,425
9076,-127
9077,569
9078,521
9079,675
9080,325
9081,498
9082,675
9083,673
9084,675
9085,625
9086,523
9087,400
9088,473
9089,675
9090,675
9091,625
9092,625
9093,621
9094,-25
9095,-25
9096,675
9097,625
9098,673
9099,673
9100,423
9101,375
9102,-125
9103,675
9104,-77
9105,675
9106,-25
9107,575
9108,-25
9109,-75
9110,625
9111,621
9112,400
9113,-177
9114,625
9115,675
9116,-75
9117,675
9118,-125
9119,525
9120,425
9121,525
9122,-175
9123,671
9124,-127
9125,673
9126,675
9127,619
9128,350
9129,350
9130,-75
9131,675
9132,-27
9133,573
9134,73
9135,298
9136,675
9137,423
9138,-75
9139,-127
9140,675
9141,425
9142,225
9143,-27
9144,421
9145,675
9146,675
9147,575
9148,-27
9149,675
9150,300
9151,625
9152,673
9153,675
9154,675
9155,671
9156,625
9157,300
9158,400
9159,623
9160,625
9161,573
9162,623
9163,623
9164,673
9165,400
9166,171
9167,675
9168,250
9169,675
9170,573
9171,571
9172,523
9173,-75
9174,625
9175,623
9176,-125
9177,523
9178,673
9179,623
9180,673
9181,625
9182,675
9183,573
9184,675
9185,671
9186,625
9187,625
9188,675
9189,-25
9190,-77
9191,550
9192,-77
9193,575
9194,623
9195,575
9196,623
9197,-500
9198,671
9199,675
9200,-125
9201,623
9202,675
9203,500
9204,675
9205,-79
9206,675
9207,-25
9208,625
9209,525
9210,-75
9211,375
9212,-125
9213,-125
9214,625
9215,675
9216,625
9217,225
9218,573
9219,-75
9220,150
9221,675
9222,573
9223,623
9224,675
9225,-50
9226,675
9227,675
9228,525
9229,-177
9230,675
9231,675
9232,673
9233,675
9234,675
9235,-25
9236,425
9237,673
9238,-125
9239,400
9240,675
9241,675
9242,675
9243,-127
9244,400
9245,671
9246,-29
9247,625
9248,575
9249,473
9250,673
9251,675
9252,248
9253,-75
9254,275
9255,623
9256,625
9257,575
9258,623
9259,675
9260,675
9261,-75
9262,675
9263,675
9264,675
9265,450
9266,573
9267,375
9268,375
9269,675
9270,525
9271,525
9272,625
9273,575
9274,519
9275,625
9276,400
9277,675
9278,625
9279,675
9280,350
9281,398
9282,675
9283,525
9284,675
9285,675
9286,623
9287,625
9288,675
9289,-77
9290,625
9291,675
9292,250
9293,375
9294,675
9295,373
9296,673
9297,625
9298,575
9299,675
9300,625
9301,625
9302,625
9303,625
9304,150
9305,671
9306,298
9307,625
9308,492
9309,673
9310,573
9311,575
9312,-77
9313,475
9314,675
9315,625
9316,-75
9317,625
9318,375
9319,623
9320,425
9321,673
9322,675
9323,675
9324,675
9325,675
9326,375
9327,573
9328,-127
9329,623
9330,675
9331,673
9332,625
9333,-177
9334,575
9335,98
9336,398
9337,-50
9338,-125
9339,625
9340,-77
9341,625
9342,150
9343,625
9344,325
9345,550
9346,675
9347,-125
9348,673
9349,675
9350,673
9351,625
9352,348
9353,523
9354,475
9355,675
9356,573
9357,375
9358,625
9359,675
9360,675
9361,-127
9362,373
9363,625
9364,298
9365,575
9366,675
9367,625
9368,275
9369,675
9370,573
9371,675
9372,423
9373,-125
9374,623
9375,625
9376,-127
9377,625
9378,-225
9379,673
9380,-29
9381,400
9382,-175
9383,625
9384,550
9385,675
9386,375
9387,-175
9388,625
9389,675
9390,350
9391,673
9392,625
9393,625
9394,-27
9395,398
9396,625
9397,575
9398,-125
9399,425
9400,675
9401,675
9402,425
9403,671
9404,-25
9405,673
9406,-31
9407,398
9408,-75
9409,625
9410,525
9411,675
9412,348
9413,425
9414,-127
9415,373
9416,525
9417,-125
9418,625
9419,375
9420,675
9421,525
9422,673
9423,-125
9424,148
9425,675
9426,675
9427,673
9428,394
9429,675
9430,675
9431,250
9432,625
9433,0
9434,100
9435,575
9436,-125
9437,673
9438,565
9439,400
9440,396
9441,675
9442,675
9443,671
9444,675
9445,625
9446,350
9447,675
9448,625
9449,575
9450,396
9451,-29
9452,675
9453,625
9454,523
9455,625
9456,523
9457,-129
9458,625
9459,-200
9460,623
9461,-27
9462,400
9463,623
9464,425
9465,150
9466,-27
9467,675
9468,617
9469,625
9470,525
9471,498
9472,675
9473,275
9474,521
9475,623
9476,-175
9477,325
9478,575
9479,573
9480,400
9481,-175
9482,625
9483,675
9484,150
9485,575
9486,575
9487,525
9488,675
9489,675
9490,525
9491,675
9492,-125
9493,425
9494,-75
9495,575
9496,675
9497,625
9498,621
9499,525
9500,675
9501,625
9502,-77
9503,500
9504,473
9505,675
9506,675
9507,623
9508,-125
9509,350
9510,573
9511,625
9512,523
9513,675
9514,675
9515,525
9516,621
9517,-75
9518,-75
9519,246
9520,473
9521,-75
9522,675
9523,671
9524,675
9525,-75
9526,625
9527,623
9528,600
9529,625
9530,-75
9531,575
9532,525
9533,-25
9534,573
9535,425
9536,675
9537,673
9538,623
9539,192
9540,675
9541,575
9542,675
9543,621
9544,-75
9545,-175
9546,-25
9547,575
9548,675
9549,625
9550,-77
9551,375
9552,523
9553,425
9554,675
9555,275
9556,625
9557,625
9558,673
9559,675
9560,675
9561,425
9562,673
9563,623
9564,473
9565,425
9566,-125
9567,675
9568,623
9569,346
9570,575
9571,675
9572,-27
9573,675
9574,575
9575,675
9576,625
9577,675
9578,675
9579,625
9580,625
9581,250
9582,575
9583,348
9584,625
9585,-25
9586,675
9587,523
9588,-125
9589,625
9590,625
9591,575
9592,523
9593,425
9594,573
9595,400
9596,675
9597,398
9598,675
9599,673
9600,625
9601,675
9602,350
9603,675
9604,625
9605,673
9606,600
9607,675
9608,675
9609,350
9610,673
9611,575
9612,675
9613,669
9614,625
9615,575
9616,471
9617,673
9618,675
9619,521
9620,523
9621,625
9622,675
9623,-175
9624,525
9625,625
9626,573
9627,-125
9628,-25
9629,248
9630,623
9631,-125
9632,671
9633,475
9634,-125
9635,623
9636,625
9637,0
9638,675
9639,675
9640,-125
9641,-25
9642,623
9643,525
9644,675
9645,675
9646,-77
9647,625
9648,675
9649,675
9650,625
9651,575
9652,575
9653,400
9654,525
9655,675
9656,623
9657,675
9658,675
9659,675
9660,523
9661,400
9662,625
9663,625
9664,398
9665,675
9666,-177
9667,575
9668,623
9669,675
9670,575
9671,623
9672,625
9673,525
9674,623
9675,675
9676,575
9677,675
9678,-125
9679,-77
9680,623
9681,625
9682,-125
9683,575
9684,675
9685,-177
9686,625
9687,500
9688,350
9689,-125
9690,-75
9691,625
9692,471
9693,-77
9694,573
9695,-27
9696,-152
9697,673
9698,671
9699,244
9700,623
9701,-77
9702,675
9703,550
9704,150
9705,623
9706,475
9707,625
9708,675
9709,373
9710,673
9711,423
9712,150
9713,-75
9714,623
9715,675
9716,525
9717,-77
9718,575
9719,575
9720,625
9721,475
9722,575
9723,621
9724,675
9725,298
9726,425
9727,-75
9728,575
9729,525
9730,673
9731,525
9732,625
9733,675
9734,350
9735,-75
9736,373
9737,675
9738,-125
9739,-100
9740,675
9741,671
9742,473
9743,675
9744,-29
9745,525
9746,673
9747,371
9748,675
9749,575
9750,423
9751,673
9752,625
9753,675
9754,521
9755,500
9756,-225
9757,450
9758,671
9759,575
9760,-75
9761,675
9762,525
9763,248
9764,348
9765,-125
9766,250
9767,550
9768,671
9769,525
9770,675
9771,-77
9772,-125
9773,675
9774,675
9775,675
9776,550
9777,575
9778,621
9779,550
9780,625
9781,675
9782,-75
9783,350
9784,675
9785,623
9786,-250
9787,475
9788,625
9789,573
9790,-27
9791,525
9792,623
9793,675
9794,-125
9795,623
9796,-75
9797,621
9798,525
9799,673
9800,-125
9801,623
9802,625
9803,673
9804,675
9805,575
9806,-27
9807,625
9808,675
9809,625
9810,625
9811,675
9812,625
9813,623
9814,-77
9815,400
9816,675
9817,575
9818,673
9819,625
9820,-29
9821,625
9822,621
9823,675
9824,525
9825,0
9826,675
9827,625
9828,675
9829,625
9830,525
9831,625
9832,625
9833,675
9834,675
9835,-125
9836,625
9837,673
9838,625
9839,623
9840,675
9841,675
9842,-75
9843,675
9844,475
9845,675
9846,623
9847,673
9848,-200
9849,-27
9850,675
9851,675
9852,-75
9853,675
9854,475
9855,523
9856,625
9857,475
9858,675
9859,675
9860,675
9861,-177
9862,425
9863,450
9864,-75
9865,525
9866,675
9867,675
9868,675
9869,675
9870,-125
9871,675
9872,-125
9873,625
9874,-75
9875,675
9876,621
9877,675
9878,675
9879,-127
9880,675
9881,371
9882,-127
9883,675
9884,673
9885,675
9886,-25
9887,-77
9888,675
9889,-125
9890,625
9891,171
9892,575
9893,-27
9894,673
9895,-75
9896,375
9897,473
9898,675
9899,621
9900,-77
9901,-75
9902,-127
9903,-127
9904,625
9905,423
9906,673
9907,675
9908,-75
9909,525
9910,671
9911,675
9912,623
9913,346
9914,325
9915,350
9916,671
9917,673
9918,500
9919,-125
9920,623
9921,350
9922,-77
9923,150
9924,675
9925,523
9926,-250
9927,625
9928,673
9929,675
9930,575
9931,-25
9932,673
9933,675
9934,-200
9935,573
9936,675
9937,625
9938,-125
9939,375
9940,625
9941,-75
9942,-125
9943,625
9944,498
9945,625
9946,-75
9947,625
9948,625
9949,575
9950,675
9951,675
9952,475
9953,621
9954,-125
9955,575
9956,-125
9957,575
9958,-77
9959,275
9960,573
9961,498
9962,625
9963,425
9964,-202
9965,625
9966,675
9967,675
9968,-25
9969,-25
9970,675
9971,425
9972,-175
9973,673
9974,675
9975,675
9976,-125
9977,623
9978,675
9979,423
9980,675
9981,673
9982,525
9983,-29
9984,623
9985,675
9986,-27
9987,-204
9988,571
9989,200
9990,425
9991,300
9992,675
9993,425
9994,675
9995,425
9996,-127
9997,625
9998,473
9999,675
10000,621
[[(4, 4), 0, -25], [(3, 4), 2, 50], [(3, 3), 2, 50], [(3, 2), 2, 250], [(3, 1), 0, 250], [(2, 1), 0, -25], [(1, 1), 0, -25], [(0, 1), 2, 150]]