1,-3850
2,-347
3,-1901
4,-1199
5,-2327
6,-2171
7,-1793
8,-145
9,-4126
10,-903
11,-685
12,-2489
13,-399
14,-429
15,-127
16,-597
17,-499
18,-3223
19,-2513
20,-4080
21,-1855
22,-1013
23,-2463
24,-77
25,-583
26,-587
27,-4034
28,-3551
29,-913
30,-1439
31,-841
32,-237
33,-1003
34,-385
35,-1559
36,-905
37,-1089
38,-585
39,-289
40,-1455
41,-3199
42,-1611
43,-1349
44,-385
45,-1625
46,-529
47,-233
48,-179
49,-493
50,-1049
51,-2057
52,-637
53,-1215
54,-1533
55,-3429
56,-85
57,-505
58,-4287
59,-379
60,-689
61,-3183
62,-549
63,-235
64,-3445
65,-3727
66,-779
67,-2875
68,-629
69,-3413
70,-1603
71,-2743
72,-1497
73,-4264
74,-1801
75,-799
76,-1297
77,-279
78,-699
79,-179
80,-755
81,-143
82,-1033
83,-947
84,-533
85,-541
86,-713
87,-1047
88,-589
89,-285
90,-287
91,-3251
92,-2597
93,-485
94,-707
95,-407
96,-1157
97,-141
98,-643
99,-1045
100,-1507
101,-127
102,-1033
103,-959
104,-383
105,-1049
106,-907
107,-1341
108,-295
109,-605
110,-1041
111,-487
112,-241
113,-549
114,-1093
115,-1091
116,-431
117,-703
118,-1841
119,-81
120,-1255
121,-461
122,-1209
123,-85
124,-75
125,-603
126,-185
127,-2113
128,-595
129,-251
130,-293
131,-685
132,-129
133,-1977
134,-759
135,-2831
136,-231
137,-79
138,-753
139,-431
140,-489
141,-737
142,-1289
143,-543
144,-195
145,-25
146,-537
147,-435
148,-1221
149,-1289
150,-235
151,-351
152,-207
153,-599
154,-329
155,-897
156,-711
157,-277
158,-335
159,-697
160,-277
161,-397
162,-243
163,-503
164,-297
165,-193
166,-295
167,-231
168,-745
169,-201
170,-181
171,-1119
172,-855
173,-333
174,-391
175,-643
176,-593
177,-495
178,-243
179,-139
180,-919
181,-1261
182,-915
183,-75
184,-551
185,-37
186,-789
187,-391
188,-303
189,-695
190,-763
191,-905
192,-181
193,-761
194,-499
195,-721
196,-135
197,-77
198,-1191
199,-301
200,-743
201,-333
202,-179
203,-131
204,-181
205,-349
206,-743
207,-283
208,-105
209,-549
210,-479
211,-1203
212,-235
213,-887
214,-631
215,-293
216,-1445
217,-79
218,-1217
219,-697
220,-287
221,-625
222,-387
223,-391
224,-735
225,-341
226,-547
227,-77
228,-181
229,-83
230,-691
231,-747
232,-29
233,-95
234,-35
235,-1007
236,-631
237,-285
238,-747
239,-133
240,-329
241,-651
242,-933
243,-29
244,-907
245,-839
246,-203
247,-609
248,-231
249,-553
250,-255
251,-349
252,-453
253,-459
254,-859
255,-485
256,-569
257,-539
258,-595
259,-381
260,-853
261,-651
262,-549
263,-141
264,-1097
265,-237
266,-287
267,-549
268,-643
269,-235
270,-137
271,-399
272,-361
273,-393
274,-1029
275,-985
276,-287
277,-127
278,-677
279,-75
280,-447
281,-843
282,-191
283,-191
284,-391
285,-281
286,-1143
287,-183
288,-257
289,-745
290,-37
291,-337
292,-585
293,-251
294,-333
295,-295
296,-447
297,-293
298,-581
299,-183
300,-645
301,-187
302,-917
303,-439
304,-343
305,-331
306,-281
307,-595
308,-203
309,-351
310,-631
311,-683
312,-279
313,-235
314,-241
315,-81
316,-189
317,-499
318,-545
319,-127
320,-401
321,-459
322,-693
323,-337
324,-443
325,-143
326,-737
327,-87
328,-129
329,-237
330,-91
331,-91
332,-641
333,-343
334,-189
335,-85
336,-189
337,-137
338,-35
339,-477
340,-139
341,-929
342,-781
343,-429
344,-409
345,-341
346,-583
347,-1087
348,-283
349,-393
350,-241
351,-41
352,-233
353,-307
354,-151
355,-343
356,-237
357,-183
358,-343
359,-437
360,-85
361,-235
362,-347
363,-25
364,-703
365,-433
366,-189
367,-437
368,-75
369,-313
370,-135
371,-137
372,-131
373,-337
374,-227
375,-507
376,-281
377,-245
378,-147
379,-233
380,-139
381,-87
382,-129
383,-33
384,-83
385,-83
386,-131
387,-429
388,-389
389,-477
390,-185
391,-339
392,-185
393,-543
394,-335
395,-243
396,-505
397,-35
398,-253
399,-245
400,-83
401,-281
402,-349
403,-367
404,-139
405,-37
406,-81
407,-345
408,-81
409,-433
410,-41
411,-499
412,-525
413,-393
414,-447
415,-81
416,-197
417,-347
418,-791
419,-29
420,-455
421,-251
422,-147
423,-77
424,-279
425,-377
426,-877
427,-297
428,-511
429,-31
430,-265
431,-31
432,-79
433,-183
434,-79
435,-283
436,-495
437,-595
438,-35
439,-607
440,-533
441,-245
442,-581
443,-99
444,-199
445,-843
446,-135
447,-127
448,-27
449,-187
450,-131
451,-145
452,-179
453,-575
454,-331
455,-141
456,-151
457,-139
458,-489
459,-241
460,-83
461,-145
462,-153
463,-247
464,-219
465,-129
466,-913
467,-83
468,-81
469,-85
470,-191
471,-105
472,-403
473,-433
474,-179
475,-79
476,-383
477,-83
478,-297
479,-43
480,-89
481,-457
482,-761
483,-179
484,-447
485,-363
486,-83
487,-661
488,-143
489,-385
490,-35
491,-105
492,-89
493,-77
494,-139
495,-97
496,-45
497,-131
498,-293
499,-217
500,-193
[[(4, 4), 1, -2], [(4, 4), 1, -2], [(4, 4), 1, -2], [(4, 4), 1, -2], [(4, 4), 1, -2], [(4, 4), 1, -2], [(4, 4), 1, -2], [(4, 4), 1, -2], [(4, 4), 1, -2], [(4, 4), 1, -2], [(4, 4), 1, -2], [(4, 4), 1, -2], [(4, 4), 1, -2], [(4, 4), 1, -2], [(4, 4), 1, -2], [(4, 4), 1, -2], [(4, 4), 1, -2], [(4, 4), 1, -2], [(4, 4), 1, -2], [(4, 4), 1, -2], [(4, 4), 1, -2], [(4, 4), 1, -2], [(4, 4), 1, -2], [(4, 4), 1, -2], [(4, 4), 1, -2], [(4, 4), 1, -2], [(4, 4), 1, -2], [(4, 4), 1, -2], [(4, 4), 1, -2], [(4, 4), 1, -2], [(4, 4), 1, -2], [(4, 4), 1, -2], [(4, 4), 1, -2], [(4, 4), 1, -2], [(4, 4), 1, -2], [(4, 4), 1, -2], [(4, 4), 1, -2], [(4, 4), 1, -2], [(4, 4), 1, -2], [(4, 4), 1, -2], [(4, 4), 1, -2], [(4, 4), 1, -2], [(4, 4), 1, -2], [(4, 4), 1, -2], [(4, 4), 1, -2], [(4, 4), 1, -2], [(4, 4), 1, -2], [(4, 4), 1, -2], [(4, 4), 1, -2], [(4, 4), 1, -2], [(4, 4), 1, -2], [(4, 4), 1, -2], [(4, 4), 1, -2], [(4, 4), 1, -2], [(4, 4), 1, -2], [(4, 4), 1, -2], [(4, 4), 1, -2], [(4, 4), 1, -2], [(4, 4), 1, -2], [(4, 4), 1, -2], [(4, 4), 1, -2], [(4, 4), 1, -2], [(4, 4), 1, -2], [(4, 4), 1, -2], [(4, 4), 1, -2], [(4, 4), 1, -2], [(4, 4), 1, -2], [(4, 4), 1, -2], [(4, 4), 1, -2], [(4, 4), 1, -2], [(4, 4), 1, -2], [(4, 4), 1, -2], [(4, 4), 1, -2], [(4, 4), 1, -2], [(4, 4), 1, -2], [(4, 4), 1, -2], [(4, 4), 1, -2], [(4, 4), 1, -2], [(4, 4), 1, -2], [(4, 4), 1, -2], [(4, 4), 1, -2], [(4, 4), 1, -2], [(4, 4), 1, -2], [(4, 4), 1, -2], [(4, 4), 1, -2], [(4, 4), 1, -2], [(4, 4), 1, -2], [(4, 4), 1, -2], [(4, 4), 1, -2], [(4, 4), 1, -2], [(4, 4), 1, -2], [(4, 4), 1, -2], [(4, 4), 1, -2], [(4, 4), 1, -2], [(4, 4), 1, -2], [(4, 4), 1, -2], [(4, 4), 1, -2], [(4, 4), 1, -2], [(4, 4), 1, -2], [(4, 4), 1, -2], [(4, 4), 1, -2], [(4, 4), 1, -2], [(4, 4), 1, -2], [(4, 4), 1, -2], [(4, 4), 1, -2], [(4, 4), 1, -2], [(4, 4), 1, -2], [(4, 4), 1, -2], [(4, 4), 1, -2], [(4, 4), 1, -2], [(4, 4), 1, -2], [(4, 4), 1, -2], [(4, 4), 1, -2], [(4, 4), 1, -2], [(4, 4), 1, -2], [(4, 4), 1, -2], [(4, 4), 1, -2], [(4, 4), 1, -2], [(4, 4), 1, -2], [(4, 4), 1, -2], [(4, 4), 1, -2], [(4, 4), 1, -2], [(4, 4), 1, -2], [(4, 4), 1, -2], [(4, 4), 1, -2], [(4, 4), 1, -2], [(4, 4), 1, -2], [(4, 4), 1, -2], [(4, 4), 1, -2], [(4, 4), 1, -2], [(4, 4), 1, -2], [(4, 4), 1, -2], [(4, 4), 1, -2], [(4, 4), 1, -2], [(4, 4), 1, -2], [(4, 4), 1, -2], [(4, 4), 1, -2], [(4, 4), 1, -2], [(4, 4), 1, -2], [(4, 4), 1, -2], [(4, 4), 1, -2], [(4, 4), 1, -2], [(4, 4), 1, -2], [(4, 4), 1, -2], [(4, 4), 1, -2], [(4, 4), 1, -2], [(4, 4), 1, -2], [(4, 4), 1, -2], [(4, 4), 1, -2], [(4, 4), 1, -2], [(4, 4), 1, -2], [(4, 4), 1, -2], [(4, 4), 1, -2], [(4, 4), 1, -2], [(4, 4), 1, -2], [(4, 4), 1, -2], [(4, 4), 1, -2], [(4, 4), 1, -2], [(4, 4), 1, -2], [(4, 4), 1, -2], [(4, 4), 1, -2], [(4, 4), 1, -2], [(4, 4), 1, -2], [(4, 4), 1, -2], [(4, 4), 1, -2], [(4, 4), 1, -2], [(4, 4), 1, -2], [(4, 4), 1, -2], [(4, 4), 1, -2], [(4, 4), 1, -2], [(4, 4), 1, -2], [(4, 4), 1, -2], [(4, 4), 1, -2], [(4, 4), 1, -2], [(4, 4), 1, -2], [(4, 4), 1, -2], [(4, 4), 1, -2], [(4, 4), 1, -2], [(4, 4), 1, -2], [(4, 4), 1, -2], [(4, 4), 1, -2], [(4, 4), 1, -2], [(4, 4), 1, -2], [(4, 4), 1, -2], [(4, 4), 1, -2], [(4, 4), 1, -2], [(4, 4), 1, -2], [(4, 4), 1, -2], [(4, 4), 1, -2], [(4, 4), 1, -2], [(4, 4), 1, -2], [(4, 4), 1, -2], [(4, 4), 1, -2], [(4, 4), 1, -2], [(4, 4), 1, -2], [(4, 4), 1, -2], [(4, 4), 1, -2], [(4, 4), 1, -2], [(4, 4), 1, -2], [(4, 4), 1, -2], [(4, 4), 1, -2], [(4, 4), 1, -2], [(4, 4), 1, -2], [(4, 4), 1, -2], [(4, 4), 1, -2], [(4, 4), 1, -2], [(4, 4), 1, -2], [(4, 4), 1, -2], [(4, 4), 1, -2], [(4, 4), 1, -2], [(4, 4), 1, -2], [(4, 4), 1, -2], [(4, 4), 1, -2], [(4, 4), 1, -2], [(4, 4), 1, -2], [(4, 4), 1, -2], [(4, 4), 1, -2], [(4, 4), 1, -2], [(4, 4), 1, -2], [(4, 4), 1, -2], [(4, 4), 1, -2], [(4, 4), 1, -2], [(4, 4), 1, -2], [(4, 4), 1, -2], [(4, 4), 1, -2], [(4, 4), 1, -2], [(4, 4), 1, -2], [(4, 4), 1, -2], [(4, 4), 1, -2], [(4, 4), 1, -2], [(4, 4), 1, -2], [(4, 4), 1, -2], [(4, 4), 1, -2], [(4, 4), 1, -2], [(4, 4), 1, -2], [(4, 4), 1, -2], [(4, 4), 1, -2], [(4, 4), 1, -2], [(4, 4), 1, -2], [(4, 4), 1, -2], [(4, 4), 1, -2], [(4, 4), 1, -2], [(4, 4), 1, -2], [(4, 4), 1, -2], [(4, 4), 1, -2], [(4, 4), 1, -2], [(4, 4), 1, -2], [(4, 4), 1, -2], [(4, 4), 1, -2], [(4, 4), 1, -2], [(4, 4), 1, -2], [(4, 4), 1, -2], [(4, 4), 1, -2], [(4, 4), 1, -2], [(4, 4), 1, -2], [(4, 4), 1, -2], [(4, 4), 1, -2], [(4, 4), 1, -2], [(4, 4), 1, -2], [(4, 4), 1, -2], [(4, 4), 1, -2], [(4, 4), 1, -2], [(4, 4), 1, -2], [(4, 4), 1, -2], [(4, 4), 1, -2], [(4, 4), 1, -2], [(4, 4), 1, -2], [(4, 4), 1, -2], [(4, 4), 1, -2], [(4, 4), 1, -2], [(4, 4), 1, -2], [(4, 4), 1, -2], [(4, 4), 1, -2], [(4, 4), 1, -2], [(4, 4), 1, -2], [(4, 4), 1, -2], [(4, 4), 1, -2], [(4, 4), 1, -2], [(4, 4), 1, -2], [(4, 4), 1, -2], [(4, 4), 1, -2], [(4, 4), 1, -2], [(4, 4), 1, -2], [(4, 4), 1, -2], [(4, 4), 1, -2], [(4, 4), 1, -2], [(4, 4), 1, -2], [(4, 4), 1, -2], [(4, 4), 1, -2], [(4, 4), 1, -2], [(4, 4), 1, -2], [(4, 4), 1, -2], [(4, 4), 1, -2], [(4, 4), 1, -2], [(4, 4), 1, -2], [(4, 4), 1, -2], [(4, 4), 1, -2], [(4, 4), 1, -2], [(4, 4), 1, -2], [(4, 4), 1, -2], [(4, 4), 1, -2], [(4, 4), 1, -2], [(4, 4), 1, -2], [(4, 4), 1, -2], [(4, 4), 1, -2], [(4, 4), 1, -2], [(4, 4), 1, -2], [(4, 4), 1, -2], [(4, 4), 1, -2], [(4, 4), 1, -2], [(4, 4), 1, -2], [(4, 4), 1, -2], [(4, 4), 1, -2], [(4, 4), 1, -2], [(4, 4), 1, -2], [(4, 4), 1, -2], [(4, 4), 1, -2], [(4, 4), 1, -2], [(4, 4), 1, -2], [(4, 4), 1, -2], [(4, 4), 1, -2], [(4, 4), 1, -2], [(4, 4), 1, -2], [(4, 4), 1, -2], [(4, 4), 1, -2], [(4, 4), 1, -2], [(4, 4), 1, -2], [(4, 4), 1, -2], [(4, 4), 1, -2], [(4, 4), 1, -2], [(4, 4), 1, -2], [(4, 4), 1, -2], [(4, 4), 1, -2], [(4, 4), 1, -2], [(4, 4), 1, -2], [(4, 4), 1, -2], [(4, 4), 1, -2], [(4, 4), 1, -2], [(4, 4), 1, -2], [(4, 4), 1, -2], [(4, 4), 1, -2], [(4, 4), 1, -2], [(4, 4), 1, -2], [(4, 4), 1, -2], [(4, 4), 1, -2], [(4, 4), 1, -2], [(4, 4), 1, -2], [(4, 4), 1, -2], [(4, 4), 1, -2], [(4, 4), 1, -2], [(4, 4), 1, -2], [(4, 4), 1, -2], [(4, 4), 1, -2], [(4, 4), 1, -2], [(4, 4), 1, -2], [(4, 4), 1, -2], [(4, 4), 1, -2], [(4, 4), 1, -2], [(4, 4), 1, -2], [(4, 4), 1, -2], [(4, 4), 1, -2], [(4, 4), 1, -2], [(4, 4), 1, -2], [(4, 4), 1, -2], [(4, 4), 1, -2], [(4, 4), 1, -2], [(4, 4), 1, -2], [(4, 4), 1, -2], [(4, 4), 1, -2], [(4, 4), 1, -2], [(4, 4), 1, -2], [(4, 4), 1, -2], [(4, 4), 1, -2], [(4, 4), 1, -2], [(4, 4), 1, -2], [(4, 4), 1, -2], [(4, 4), 1, -2], [(4, 4), 1, -2], [(4, 4), 1, -2], [(4, 4), 1, -2], [(4, 4), 1, -2], [(4, 4), 1, -2], [(4, 4), 1, -2], [(4, 4), 1, -2], [(4, 4), 1, -2], [(4, 4), 1, -2], [(4, 4), 1, -2], [(4, 4), 1, -2], [(4, 4), 1, -2], [(4, 4), 1, -2], [(4, 4), 1, -2], [(4, 4), 1, -2], [(4, 4), 1, -2], [(4, 4), 1, -2], [(4, 4), 1, -2], [(4, 4), 1, -2], [(4, 4), 1, -2], [(4, 4), 1, -2], [(4, 4), 1, -2], [(4, 4), 1, -2], [(4, 4), 1, -2], [(4, 4), 1, -2], [(4, 4), 1, -2], [(4, 4), 1, -2], [(4, 4), 1, -2], [(4, 4), 1, -2], [(4, 4), 1, -2], [(4, 4), 1, -2], [(4, 4), 1, -2], [(4, 4), 1, -2], [(4, 4), 1, -2], [(4, 4), 1, -2], [(4, 4), 1, -2], [(4, 4), 1, -2], [(4, 4), 1, -2], [(4, 4), 1, -2], [(4, 4), 1, -2], [(4, 4), 1, -2], [(4, 4), 1, -2], [(4, 4), 1, -2], [(4, 4), 1, -2], [(4, 4), 1, -2], [(4, 4), 1, -2], [(4, 4), 1, -2], [(4, 4), 1, -2], [(4, 4), 1, -2], [(4, 4), 1, -2], [(4, 4), 1, -2], [(4, 4), 1, -2], [(4, 4), 1, -2], [(4, 4), 1, -2], [(4, 4), 1, -2], [(4, 4), 1, -2], [(4, 4), 1, -2], [(4, 4), 1, -2], [(4, 4), 1, -2], [(4, 4), 1, -2], [(4, 4), 1, -2], [(4, 4), 1, -2], [(4, 4), 1, -2], [(4, 4), 1, -2], [(4, 4), 1, -2], [(4, 4), 1, -2], [(4, 4), 1, -2], [(4, 4), 1, -2], [(4, 4), 1, -2], [(4, 4), 1, -2], [(4, 4), 1, -2], [(4, 4), 1, -2], [(4, 4), 1, -2], [(4, 4), 1, -2], [(4, 4), 1, -2], [(4, 4), 1, -2], [(4, 4), 1, -2], [(4, 4), 1, -2], [(4, 4), 1, -2], [(4, 4), 1, -2], [(4, 4), 1, -2], [(4, 4), 1, -2], [(4, 4), 1, -2], [(4, 4), 1, -2], [(4, 4), 1, -2], [(4, 4), 1, -2], [(4, 4), 1, -2], [(4, 4), 1, -2], [(4, 4), 1, -2], [(4, 4), 1, -2], [(4, 4), 1, -2], [(4, 4), 1, -2], [(4, 4), 1, -2], [(4, 4), 1, -2], [(4, 4), 1, -2], [(4, 4), 1, -2], [(4, 4), 1, -2], [(4, 4), 1, -2], [(4, 4), 1, -2], [(4, 4), 1, -2], [(4, 4), 1, -2], [(4, 4), 1, -2], [(4, 4), 1, -2], [(4, 4), 1, -2], [(4, 4), 1, -2], [(4, 4), 1, -2], [(4, 4), 1, -2], [(4, 4), 1, -2], [(4, 4), 1, -2], [(4, 4), 1, -2], [(4, 4), 1, -2], [(4, 4), 1, -2], [(4, 4), 1, -2], [(4, 4), 1, -2], [(4, 4), 1, -2], [(4, 4), 1, -2], [(4, 4), 1, -2], [(4, 4), 1, -2], [(4, 4), 1, -2], [(4, 4), 1, -2], [(4, 4), 1, -2], [(4, 4), 1, -2], [(4, 4), 1, -2]]