1,-385
2,-682
3,-1030
4,-158
5,-256
6,-277
7,-258
8,-414
9,-559
10,-204
11,-206
12,-898
13,-177
14,-177
15,-227
16,-742
17,-289
18,-320
19,-356
20,-206
21,-185
22,-613
23,-485
24,-206
25,-295
26,-275
27,215
28,-429
29,-152
30,-200
31,-258
32,-125
33,-664
34,-299
35,-206
36,-185
37,-1125
38,-510
39,-229
40,-281
41,-183
42,-125
43,-300
44,-370
45,-129
46,-641
47,-157
48,-547
49,344
50,-175
51,-133
52,-125
53,-131
54,-202
55,-135
56,-202
57,-597
58,-185
59,-116
60,-131
61,-202
62,-129
63,-335
64,-202
65,-647
66,-164
67,-187
68,-200
69,323
70,-266
71,313
72,12
73,-181
74,-204
75,-510
76,-314
77,-293
78,-75
79,-335
80,-200
81,-54
82,-603
83,117
84,21
85,-227
86,-127
87,-464
88,-478
89,-204
90,167
91,-325
92,-402
93,-480
94,-54
95,-181
96,-164
97,-33
98,-129
99,519
100,-277
101,-152
102,367
103,-264
104,-175
105,-287
106,-397
107,-49
108,44
109,319
110,-419
111,-49
112,-108
113,342
114,-66
115,-474
116,-81
117,5
118,-179
119,-791
120,-391
121,99
122,-131
123,13
124,-125
125,17
126,-175
127,-125
128,-260
129,-131
130,-77
131,-260
132,-177
133,-277
134,-177
135,-100
136,115
137,-200
138,-200
139,-233
140,-129
141,-283
142,-150
143,-108
144,-459
145,-41
146,-458
147,-202
148,-229
149,-79
150,292
151,-1059
152,-177
153,-175
154,-327
155,-791
156,26
157,-479
158,-252
159,-127
160,-431
161,-235
162,473
163,-433
164,-75
165,-201
166,469
167,-451
168,-524
169,-185
170,-185
171,275
172,-541
173,-133
174,-133
175,-125
176,-100
177,521
178,-125
179,-227
180,-339
181,317
182,48
183,21
184,-131
185,242
186,-231
187,173
188,-31
189,15
190,-254
191,492
192,-200
193,-564
194,361
195,0
196,344
197,71
198,-474
199,-141
200,-41
201,-175
202,-177
203,373
204,-306
205,-152
206,-77
207,-266
208,55
209,409
210,-183
211,-237
212,286
213,-260
214,-127
215,425
216,294
217,-127
218,523
219,371
220,473
221,-131
222,-102
223,369
224,359
225,298
226,146
227,-127
228,523
229,-12
230,440
231,-154
232,-75
233,317
234,-83
235,203
236,-129
237,-152
238,-206
239,-208
240,513
241,-185
242,-77
243,-175
244,521
245,-125
246,-75
247,423
248,623
249,-179
250,219
251,-27
252,-127
253,367
254,246
255,44
256,-200
257,-131
258,573
259,223
260,319
261,-229
262,-127
263,113
264,219
265,323
266,319
267,-20
268,673
269,-181
270,71
271,119
272,-79
273,-227
274,319
275,521
276,-135
277,-127
278,215
279,-125
280,-179
281,-27
282,-125
283,313
284,98
285,-77
286,-77
287,-129
288,521
289,392
290,-127
291,-208
292,375
293,-437
294,65
295,-4
296,-250
297,-102
298,-387
299,-208
300,-387
301,-252
302,225
303,371
304,248
305,525
306,-68
307,-429
308,465
309,-456
310,421
311,473
312,-227
313,321
314,25
315,-175
316,425
317,-75
318,-260
319,-283
320,73
321,-129
322,525
323,425
324,296
325,369
326,-18
327,-197
328,-75
329,-154
330,373
331,-125
332,498
333,142
334,619
335,-127
336,-150
337,571
338,-29
339,221
340,23
341,-156
342,-202
343,294
344,198
345,-2
346,69
347,150
348,-54
349,48
350,323
351,46
352,423
353,-126
354,-177
355,419
356,-131
357,-79
358,398
359,-254
360,-33
361,523
362,423
363,100
364,-75
365,-158
366,-179
367,271
368,-202
369,-75
370,-77
371,617
372,-75
373,300
374,196
375,675
376,575
377,-91
378,-131
379,75
380,-75
381,-275
382,-131
383,-150
384,-202
385,350
386,575
387,275
388,-250
389,-152
390,348
391,573
392,-175
393,225
394,121
395,-54
396,211
397,575
398,-100
399,-127
400,325
401,675
402,525
403,323
404,-177
405,519
406,450
407,396
408,365
409,-129
410,523
411,315
412,-250
413,298
414,142
415,-227
416,42
417,425
418,-129
419,575
420,-125
421,325
422,-27
423,-79
424,-202
425,300
426,-125
427,-154
428,-300
429,519
430,-75
431,319
432,-227
433,-229
434,-125
435,223
436,-202
437,-102
438,573
439,346
440,-25
441,511
442,-150
443,673
444,346
445,148
446,0
447,-337
448,325
449,146
450,169
451,-177
452,623
453,-81
454,369
455,-125
456,-77
457,-125
458,-27
459,-158
460,-339
461,98
462,340
463,294
464,42
465,271
466,-125
467,350
468,-125
469,-275
470,196
471,-287
472,344
473,567
474,221
475,423
476,325
477,234
478,92
479,-152
480,-125
481,-225
482,100
483,625
484,-79
485,-127
486,246
487,344
488,573
489,521
490,100
491,-125
492,423
493,-79
494,-202
495,-79
496,-333
497,-75
498,473
499,423
500,675
501,417
502,550
503,-185
504,-179
505,423
506,248
507,250
508,571
509,323
510,473
511,446
512,-177
513,348
514,423
515,619
516,-166
517,-27
518,448
519,-2
520,-127
521,567
522,-175
523,521
524,117
525,573
526,523
527,300
528,-350
529,-125
530,-208
531,371
532,-127
533,675
534,325
535,625
536,573
537,523
538,273
539,523
540,421
541,575
542,-27
543,-125
544,-104
545,342
546,517
547,523
548,621
549,225
550,471
551,-75
552,525
553,-75
554,273
555,373
556,523
557,246
558,73
559,575
560,425
561,-79
562,-177
563,467
564,-129
565,425
566,-177
567,425
568,419
569,-177
570,523
571,-6
572,-175
573,225
574,-139
575,-225
576,-229
577,525
578,523
579,-125
580,-135
581,675
582,-125
583,-225
584,675
585,-35
586,169
587,519
588,-31
589,525
590,567
591,-4
592,-125
593,350
594,-89
595,-254
596,575
597,475
598,523
599,373
600,398
601,467
602,446
603,448
604,-175
605,575
606,450
607,-125
608,371
609,-25
610,500
611,-125
612,613
613,325
614,371
615,571
616,394
617,523
618,575
619,523
620,-252
621,673
622,375
623,219
624,194
625,248
626,623
627,271
628,675
629,246
630,450
631,321
632,675
633,625
634,-125
635,-127
636,523
637,-125
638,675
639,-281
640,671
641,-75
642,-81
643,625
644,321
645,523
646,571
647,400
648,323
649,-25
650,625
651,575
652,575
653,-27
654,250
655,-79
656,623
657,525
658,75
659,323
660,523
661,623
662,-129
663,-81
664,523
665,675
666,573
667,250
668,375
669,473
670,496
671,475
672,623
673,423
674,-75
675,-125
676,475
677,575
678,525
679,573
680,548
681,675
682,623
683,525
684,-77
685,625
686,575
687,221
688,-75
689,623
690,271
691,-125
692,625
693,498
694,423
695,-125
696,-75
697,373
698,167
699,521
700,-127
701,-77
702,621
703,473
704,198
705,625
706,425
707,-127
708,675
709,-125
710,223
711,248
712,-75
713,623
714,625
715,400
716,625
717,425
718,671
719,-177
720,-79
721,425
722,-277
723,673
724,-125
725,521
726,198
727,-125
728,473
729,625
730,675
731,125
732,573
733,-125
734,-75
735,575
736,-75
737,673
738,-29
739,398
740,673
741,625
742,625
743,473
744,250
745,525
746,-33
747,571
748,625
749,625
750,369
751,-75
752,-125
753,525
754,473
755,450
756,150
757,496
758,498
759,294
760,-281
761,625
762,575
763,100
764,625
765,425
766,575
767,-77
768,623
769,671
770,-127
771,-177
772,673
773,623
774,-202
775,573
776,675
777,-175
778,-75
779,575
780,625
781,200
782,673
783,-25
784,200
785,621
786,675
787,598
788,525
789,375
790,273
791,-125
792,550
793,525
794,-125
795,675
796,-175
797,-127
798,398
799,246
800,525
801,0
802,600
803,675
804,475
805,-75
806,-25
807,-25
808,675
809,623
810,625
811,375
812,673
813,575
814,471
815,515
816,-75
817,675
818,623
819,475
820,423
821,321
822,625
823,-75
824,-75
825,-175
826,675
827,575
828,150
829,675
830,675
831,525
832,573
833,400
834,671
835,475
836,625
837,173
838,621
839,521
840,548
841,623
842,-81
843,625
844,-75
845,675
846,-125
847,625
848,425
849,675
850,625
851,423
852,-181
853,-125
854,623
855,498
856,-4
857,675
858,423
859,348
860,548
861,625
862,-77
863,475
864,375
865,675
866,675
867,-125
868,498
869,398
870,-27
871,350
872,675
873,-125
874,-125
875,-127
876,273
877,623
878,523
879,671
880,523
881,675
882,575
883,-175
884,-75
885,-75
886,-100
887,673
888,575
889,373
890,625
891,675
892,575
893,-75
894,625
895,-75
896,-129
897,523
898,-125
899,675
900,625
901,621
902,544
903,-77
904,675
905,-29
906,671
907,-125
908,425
909,348
910,675
911,675
912,625
913,475
914,617
915,348
916,-75
917,-75
918,-27
919,675
920,673
921,-127
922,675
923,671
924,675
925,-4
926,-129
927,-175
928,-125
929,675
930,623
931,673
932,525
933,-27
934,-125
935,621
936,525
937,571
938,575
939,475
940,521
941,623
942,675
943,673
944,623
945,-125
946,523
947,400
948,675
949,98
950,673
951,-127
952,-127
953,525
954,-79
955,523
956,550
957,573
958,-75
959,-27
960,573
961,573
962,625
963,573
964,667
965,350
966,-77
967,575
968,625
969,-129
970,575
971,-125
972,-75
973,-75
974,575
975,625
976,667
977,623
978,425
979,-75
980,525
981,675
982,623
983,473
984,573
985,667
986,525
987,573
988,-125
989,375
990,-125
991,375
992,675
993,350
994,323
995,400
996,675
997,400
998,525
999,573
1000,-200
1001,625
1002,675
1003,625
1004,675
1005,-200
1006,-75
1007,675
1008,675
1009,675
1010,-100
1011,625
1012,575
1013,-127
1014,625
1015,675
1016,273
1017,675
1018,225
1019,675
1020,675
1021,521
1022,425
1023,521
1024,675
1025,148
1026,625
1027,250
1028,621
1029,675
1030,575
1031,475
1032,525
1033,625
1034,-27
1035,675
1036,575
1037,-25
1038,623
1039,523
1040,675
1041,673
1042,575
1043,623
1044,423
1045,673
1046,575
1047,-177
1048,473
1049,523
1050,675
1051,575
1052,475
1053,-125
1054,-27
1055,575
1056,675
1057,-200
1058,675
1059,625
1060,-77
1061,675
1062,625
1063,-127
1064,675
1065,525
1066,675
1067,-125
1068,398
1069,675
1070,623
1071,675
1072,275
1073,525
1074,671
1075,-125
1076,400
1077,-27
1078,673
1079,375
1080,675
1081,675
1082,673
1083,625
1084,623
1085,673
1086,-29
1087,675
1088,675
1089,375
1090,675
1091,621
1092,-75
1093,675
1094,625
1095,675
1096,-125
1097,619
1098,623
1099,425
1100,675
1101,-200
1102,575
1103,523
1104,200
1105,625
1106,675
1107,-75
1108,675
1109,625
1110,48
1111,-4
1112,-25
1113,-27
1114,-29
1115,-127
1116,398
1117,575
1118,625
1119,675
1120,75
1121,400
1122,573
1123,675
1124,675
1125,675
1126,675
1127,673
1128,675
1129,-75
1130,675
1131,675
1132,675
1133,473
1134,675
1135,425
1136,675
1137,623
1138,675
1139,550
1140,-125
1141,575
1142,325
1143,671
1144,623
1145,673
1146,673
1147,675
1148,-125
1149,-25
1150,675
1151,575
1152,675
1153,675
1154,625
1155,523
1156,573
1157,625
1158,100
1159,673
1160,400
1161,425
1162,-25
1163,673
1164,675
1165,675
1166,625
1167,567
1168,625
1169,475
1170,675
1171,675
1172,675
1173,300
1174,673
1175,675
1176,675
1177,425
1178,675
1179,550
1180,675
1181,-125
1182,625
1183,-25
1184,623
1185,21
1186,-254
1187,675
1188,348
1189,675
1190,250
1191,-75
1192,675
1193,675
1194,675
1195,575
1196,675
1197,-125
1198,675
1199,675
1200,575
1201,675
1202,673
1203,625
1204,675
1205,625
1206,675
1207,300
1208,-125
1209,673
1210,475
1211,675
1212,-125
1213,625
1214,667
1215,521
1216,625
1217,450
1218,475
1219,525
1220,625
1221,673
1222,423
1223,625
1224,550
1225,675
1226,625
1227,675
1228,625
1229,-125
1230,675
1231,675
1232,625
1233,623
1234,675
1235,675
1236,623
1237,-27
1238,573
1239,575
1240,673
1241,625
1242,398
1243,623
1244,573
1245,473
1246,673
1247,675
1248,675
1249,625
1250,625
1251,675
1252,625
1253,675
1254,675
1255,275
1256,-25
1257,675
1258,-129
1259,-75
1260,625
1261,675
1262,675
1263,675
1264,625
1265,-100
1266,623
1267,-300
1268,617
1269,675
1270,623
1271,675
1272,-77
1273,150
1274,625
1275,-127
1276,675
1277,-302
1278,575
1279,675
1280,675
1281,675
1282,673
1283,-125
1284,-127
1285,675
1286,-75
1287,675
1288,625
1289,525
1290,673
1291,400
1292,621
1293,623
1294,-75
1295,400
1296,671
1297,473
1298,675
1299,500
1300,573
1301,521
1302,673
1303,623
1304,575
1305,673
1306,75
1307,569
1308,-25
1309,575
1310,275
1311,675
1312,523
1313,671
1314,450
1315,450
1316,575
1317,673
1318,675
1319,625
1320,523
1321,675
1322,475
1323,675
1324,621
1325,673
1326,675
1327,275
1328,625
1329,-125
1330,621
1331,675
1332,423
1333,250
1334,675
1335,673
1336,675
1337,675
1338,671
1339,400
1340,675
1341,573
1342,675
1343,400
1344,525
1345,673
1346,-75
1347,675
1348,671
1349,575
1350,-77
1351,675
1352,400
1353,675
1354,373
1355,525
1356,623
1357,625
1358,675
1359,-175
1360,575
1361,675
1362,-77
1363,523
1364,-25
1365,675
1366,623
1367,575
1368,625
1369,623
1370,573
1371,625
1372,625
1373,400
1374,675
1375,625
1376,625
1377,-75
1378,321
1379,350
1380,348
1381,623
1382,-77
1383,148
1384,675
1385,550
1386,-75
1387,550
1388,675
1389,625
1390,675
1391,625
1392,625
1393,675
1394,625
1395,625
1396,400
1397,675
1398,625
1399,-27
1400,-75
1401,575
1402,-125
1403,675
1404,573
1405,425
1406,346
1407,673
1408,675
1409,-75
1410,625
1411,573
1412,625
1413,673
1414,425
1415,675
1416,671
1417,675
1418,425
1419,673
1420,673
1421,-75
1422,400
1423,675
1424,496
1425,575
1426,250
1427,450
1428,525
1429,-75
1430,473
1431,398
1432,523
1433,375
1434,675
1435,473
1436,675
1437,675
1438,150
1439,-125
1440,373
1441,398
1442,425
1443,673
1444,-102
1445,625
1446,523
1447,625
1448,675
1449,525
1450,425
1451,675
1452,675
1453,-75
1454,625
1455,623
1456,675
1457,625
1458,675
1459,-27
1460,-125
1461,621
1462,675
1463,-177
1464,673
1465,673
1466,425
1467,625
1468,548
1469,625
1470,675
1471,675
1472,675
1473,575
1474,273
1475,573
1476,625
1477,673
1478,673
1479,625
1480,-75
1481,675
1482,448
1483,625
1484,250
1485,500
1486,675
1487,625
1488,675
1489,450
1490,675
1491,-129
1492,625
1493,-129
1494,423
1495,525
1496,425
1497,675
1498,625
1499,675
1500,525
1501,625
1502,675
1503,625
1504,73
1505,-125
1506,623
1507,373
1508,575
1509,525
1510,400
1511,675
1512,-29
1513,675
1514,-125
1515,525
1516,-127
1517,523
1518,625
1519,-27
1520,675
1521,675
1522,525
1523,298
1524,675
1525,548
1526,575
1527,675
1528,673
1529,150
1530,623
1531,-29
1532,623
1533,475
1534,675
1535,625
1536,675
1537,-27
1538,575
1539,625
1540,675
1541,671
1542,-77
1543,-125
1544,-175
1545,675
1546,350
1547,675
1548,-25
1549,675
1550,675
1551,623
1552,623
1553,625
1554,621
1555,375
1556,675
1557,275
1558,673
1559,448
1560,525
1561,675
1562,573
1563,550
1564,525
1565,675
1566,673
1567,-125
1568,625
1569,675
1570,575
1571,-175
1572,-75
1573,623
1574,625
1575,623
1576,675
1577,100
1578,575
1579,675
1580,-125
1581,500
1582,673
1583,675
1584,475
1585,523
1586,550
1587,675
1588,673
1589,625
1590,575
1591,425
1592,675
1593,623
1594,573
1595,-75
1596,148
1597,300
1598,-75
1599,625
1600,675
1601,623
1602,423
1603,625
1604,500
1605,348
1606,675
1607,625
1608,673
1609,675
1610,525
1611,300
1612,675
1613,675
1614,575
1615,675
1616,-75
1617,523
1618,675
1619,625
1620,675
1621,-29
1622,675
1623,-127
1624,375
1625,675
1626,675
1627,525
1628,573
1629,673
1630,575
1631,625
1632,675
1633,-250
1634,-25
1635,671
1636,673
1637,675
1638,498
1639,573
1640,550
1641,525
1642,625
1643,675
1644,625
1645,623
1646,673
1647,623
1648,625
1649,673
1650,0
1651,625
1652,623
1653,623
1654,-125
1655,675
1656,-125
1657,673
1658,675
1659,625
1660,523
1661,525
1662,625
1663,525
1664,525
1665,525
1666,675
1667,673
1668,675
1669,525
1670,675
1671,625
1672,625
1673,623
1674,-25
1675,671
1676,673
1677,-75
1678,675
1679,146
1680,546
1681,673
1682,619
1683,675
1684,523
1685,-27
1686,675
1687,675
1688,475
1689,675
1690,675
1691,475
1692,-125
1693,675
1694,-25
1695,325
1696,673
1697,525
1698,400
1699,675
1700,623
1701,475
1702,300
1703,323
1704,623
1705,625
1706,673
1707,625
1708,-127
1709,625
1710,675
1711,673
1712,598
1713,673
1714,0
1715,425
1716,625
1717,621
1718,675
1719,675
1720,675
1721,573
1722,600
1723,671
1724,-75
1725,625
1726,500
1727,448
1728,625
1729,425
1730,523
1731,675
1732,675
1733,625
1734,675
1735,575
1736,623
1737,673
1738,523
1739,673
1740,-75
1741,-75
1742,573
1743,675
1744,525
1745,525
1746,-75
1747,625
1748,625
1749,625
1750,625
1751,675
1752,675
1753,-127
1754,675
1755,-125
1756,425
1757,498
1758,675
1759,623
1760,425
1761,-52
1762,-281
1763,525
1764,623
1765,-27
1766,675
1767,423
1768,675
1769,625
1770,500
1771,675
1772,675
1773,-75
1774,-77
1775,625
1776,425
1777,350
1778,373
1779,-125
1780,675
1781,673
1782,625
1783,623
1784,-75
1785,675
1786,525
1787,-227
1788,425
1789,475
1790,623
1791,-177
1792,573
1793,675
1794,673
1795,625
1796,673
1797,475
1798,675
1799,675
1800,675
1801,475
1802,675
1803,550
1804,625
1805,625
1806,625
1807,675
1808,625
1809,675
1810,525
1811,625
1812,-125
1813,625
1814,675
1815,375
1816,-125
1817,623
1818,675
1819,673
1820,-75
1821,673
1822,675
1823,623
1824,623
1825,75
1826,623
1827,621
1828,-125
1829,575
1830,675
1831,675
1832,623
1833,-27
1834,425
1835,-181
1836,375
1837,675
1838,623
1839,675
1840,575
1841,-33
1842,625
1843,425
1844,575
1845,623
1846,625
1847,-125
1848,575
1849,525
1850,625
1851,-75
1852,675
1853,-125
1854,-75
1855,525
1856,675
1857,475
1858,571
1859,-75
1860,625
1861,298
1862,575
1863,673
1864,671
1865,675
1866,625
1867,-77
1868,-125
1869,675
1870,673
1871,575
1872,625
1873,575
1874,675
1875,-125
1876,-125
1877,-177
1878,348
1879,523
1880,573
1881,-129
1882,675
1883,625
1884,98
1885,523
1886,225
1887,675
1888,-127
1889,525
1890,625
1891,-75
1892,-177
1893,525
1894,673
1895,-75
1896,348
1897,625
1898,675
1899,623
1900,575
1901,525
1902,675
1903,567
1904,625
1905,373
1906,-25
1907,423
1908,675
1909,-125
1910,-75
1911,673
1912,400
1913,275
1914,573
1915,625
1916,625
1917,623
1918,625
1919,675
1920,575
1921,625
1922,275
1923,675
1924,298
1925,625
1926,425
1927,625
1928,625
1929,625
1930,150
1931,673
1932,-75
1933,625
1934,575
1935,675
1936,675
1937,625
1938,-75
1939,-175
1940,-200
1941,669
1942,673
1943,625
1944,-150
1945,675
1946,625
1947,675
1948,-231
1949,-175
1950,673
1951,675
1952,625
1953,675
1954,548
1955,625
1956,673
1957,100
1958,-200
1959,-75
1960,625
1961,300
1962,675
1963,-227
1964,525
1965,325
1966,521
1967,675
1968,248
1969,675
1970,575
1971,-29
1972,-25
1973,575
1974,675
1975,475
1976,625
1977,675
1978,675
1979,671
1980,625
1981,675
1982,575
1983,673
1984,525
1985,675
1986,521
1987,575
1988,-75
1989,525
1990,425
1991,173
1992,550
1993,-27
1994,-125
1995,625
1996,521
1997,-125
1998,675
1999,473
2000,625
2001,400
2002,-125
2003,673
2004,523
2005,625
2006,-125
2007,675
2008,375
2009,525
2010,392
2011,525
2012,350
2013,-125
2014,575
2015,498
2016,-200
2017,375
2018,673
2019,575
2020,323
2021,625
2022,325
2023,375
2024,575
2025,673
2026,673
2027,675
2028,673
2029,175
2030,675
2031,621
2032,675
2033,673
2034,-75
2035,550
2036,-127
2037,-129
2038,673
2039,300
2040,-125
2041,675
2042,400
2043,-152
2044,673
2045,675
2046,675
2047,-227
2048,625
2049,-75
2050,675
2051,675
2052,675
2053,625
2054,-75
2055,-129
2056,625
2057,-27
2058,250
2059,673
2060,625
2061,575
2062,425
2063,398
2064,475
2065,675
2066,623
2067,-77
2068,673
2069,475
2070,350
2071,675
2072,396
2073,346
2074,425
2075,675
2076,625
2077,575
2078,425
2079,473
2080,625
2081,623
2082,375
2083,575
2084,-75
2085,-125
2086,675
2087,-27
2088,-125
2089,575
2090,425
2091,675
2092,625
2093,673
2094,671
2095,-25
2096,-125
2097,525
2098,625
2099,675
2100,-25
2101,-125
2102,350
2103,575
2104,675
2105,425
2106,573
2107,623
2108,-175
2109,100
2110,375
2111,575
2112,425
2113,675
2114,625
2115,625
2116,625
2117,525
2118,525
2119,400
2120,425
2121,-27
2122,375
2123,675
2124,350
2125,-125
2126,675
2127,425
2128,625
2129,673
2130,625
2131,625
2132,400
2133,675
2134,625
2135,625
2136,-175
2137,-50
2138,573
2139,625
2140,-25
2141,400
2142,500
2143,375
2144,673
2145,675
2146,623
2147,525
2148,-75
2149,625
2150,571
2151,675
2152,148
2153,525
2154,625
2155,675
2156,-127
2157,-200
2158,675
2159,675
2160,673
2161,525
2162,-79
2163,575
2164,548
2165,675
2166,23
2167,625
2168,623
2169,675
2170,623
2171,-75
2172,523
2173,425
2174,675
2175,625
2176,575
2177,-25
2178,500
2179,498
2180,-127
2181,-54
2182,675
2183,525
2184,348
2185,625
2186,-75
2187,623
2188,-75
2189,246
2190,625
2191,398
2192,675
2193,673
2194,673
2195,625
2196,625
2197,675
2198,-75
2199,625
2200,675
2201,-125
2202,625
2203,498
2204,675
2205,673
2206,-127
2207,-125
2208,625
2209,625
2210,375
2211,-27
2212,-75
2213,-125
2214,575
2215,600
2216,621
2217,675
2218,350
2219,675
2220,625
2221,425
2222,673
2223,-75
2224,-125
2225,623
2226,623
2227,673
2228,350
2229,625
2230,348
2231,675
2232,623
2233,675
2234,675
2235,671
2236,575
2237,673
2238,675
2239,625
2240,-77
2241,625
2242,623
2243,-77
2244,525
2245,525
2246,-150
2247,475
2248,675
2249,625
2250,-227
2251,675
2252,673
2253,-125
2254,521
2255,523
2256,623
2257,625
2258,671
2259,673
2260,575
2261,625
2262,675
2263,675
2264,675
2265,-129
2266,398
2267,673
2268,671
2269,675
2270,-29
2271,473
2272,498
2273,525
2274,-125
2275,675
2276,673
2277,325
2278,573
2279,625
2280,675
2281,675
2282,675
2283,673
2284,-175
2285,-77
2286,550
2287,675
2288,325
2289,573
2290,675
2291,375
2292,625
2293,625
2294,-125
2295,-127
2296,573
2297,625
2298,673
2299,625
2300,623
2301,675
2302,425
2303,675
2304,675
2305,621
2306,448
2307,-125
2308,-127
2309,-77
2310,675
2311,675
2312,-75
2313,675
2314,675
2315,575
2316,625
2317,625
2318,675
2319,-27
2320,521
2321,548
2322,673
2323,675
2324,675
2325,675
2326,-125
2327,300
2328,-225
2329,425
2330,675
2331,675
2332,675
2333,-125
2334,623
2335,675
2336,625
2337,-125
2338,348
2339,675
2340,525
2341,573
2342,625
2343,625
2344,623
2345,675
2346,571
2347,625
2348,625
2349,625
2350,673
2351,-125
2352,475
2353,675
2354,625
2355,675
2356,523
2357,425
2358,675
2359,673
2360,673
2361,573
2362,673
2363,398
2364,675
2365,500
2366,625
2367,675
2368,625
2369,625
2370,625
2371,623
2372,675
2373,625
2374,525
2375,575
2376,475
2377,675
2378,375
2379,-125
2380,425
2381,625
2382,425
2383,523
2384,473
2385,625
2386,521
2387,625
2388,675
2389,675
2390,-77
2391,621
2392,-127
2393,-252
2394,625
2395,550
2396,675
2397,50
2398,675
2399,400
2400,675
2401,675
2402,400
2403,573
2404,625
2405,675
2406,625
2407,625
2408,550
2409,-175
2410,-125
2411,675
2412,471
2413,623
2414,-125
2415,471
2416,625
2417,525
2418,673
2419,-25
2420,675
2421,-125
2422,673
2423,-125
2424,625
2425,496
2426,525
2427,425
2428,573
2429,671
2430,675
2431,-175
2432,550
2433,-75
2434,523
2435,0
2436,423
2437,625
2438,625
2439,675
2440,675
2441,469
2442,623
2443,525
2444,-25
2445,675
2446,623
2447,671
2448,675
2449,675
2450,-25
2451,675
2452,675
2453,675
2454,575
2455,625
2456,525
2457,675
2458,675
2459,675
2460,675
2461,625
2462,275
2463,-75
2464,-25
2465,373
2466,673
2467,348
2468,675
2469,675
2470,-125
2471,625
2472,300
2473,550
2474,675
2475,675
2476,123
2477,623
2478,675
2479,550
2480,-125
2481,675
2482,575
2483,675
2484,-125
2485,675
2486,475
2487,423
2488,675
2489,673
2490,-125
2491,625
2492,398
2493,-75
2494,675
2495,-75
2496,-125
2497,525
2498,675
2499,-25
2500,625
2501,673
2502,475
2503,671
2504,-25
2505,675
2506,573
2507,625
2508,525
2509,575
2510,450
2511,-125
2512,625
2513,575
2514,-75
2515,675
2516,675
2517,-125
2518,400
2519,525
2520,525
2521,623
2522,500
2523,675
2524,675
2525,675
2526,-75
2527,571
2528,625
2529,375
2530,-75
2531,675
2532,675
2533,673
2534,675
2535,450
2536,573
2537,425
2538,675
2539,625
2540,619
2541,473
2542,625
2543,673
2544,269
2545,100
2546,573
2547,575
2548,573
2549,625
2550,675
2551,675
2552,275
2553,675
2554,475
2555,625
2556,675
2557,525
2558,550
2559,675
2560,673
2561,346
2562,296
2563,400
2564,-125
2565,269
2566,425
2567,-25
2568,675
2569,-225
2570,673
2571,673
2572,675
2573,525
2574,575
2575,671
2576,675
2577,625
2578,675
2579,675
2580,298
2581,523
2582,619
2583,675
2584,675
2585,250
2586,675
2587,625
2588,525
2589,-27
2590,275
2591,675
2592,73
2593,625
2594,575
2595,-77
2596,675
2597,625
2598,425
2599,425
2600,625
2601,621
2602,675
2603,471
2604,225
2605,675
2606,-125
2607,348
2608,623
2609,575
2610,675
2611,675
2612,675
2613,525
2614,448
2615,625
2616,423
2617,673
2618,625
2619,675
2620,621
2621,500
2622,621
2623,625
2624,619
2625,473
2626,675
2627,-75
2628,625
2629,625
2630,675
2631,525
2632,673
2633,675
2634,525
2635,671
2636,625
2637,625
2638,575
2639,673
2640,623
2641,273
2642,625
2643,675
2644,673
2645,575
2646,500
2647,575
2648,421
2649,423
2650,675
2651,375
2652,675
2653,673
2654,625
2655,571
2656,-75
2657,-125
2658,625
2659,475
2660,675
2661,675
2662,-125
2663,-125
2664,625
2665,625
2666,525
2667,-77
2668,673
2669,569
2670,375
2671,298
2672,673
2673,675
2674,425
2675,525
2676,675
2677,673
2678,673
2679,-27
2680,-125
2681,623
2682,398
2683,625
2684,625
2685,675
2686,375
2687,-75
2688,673
2689,675
2690,525
2691,-77
2692,675
2693,625
2694,425
2695,425
2696,-75
2697,675
2698,675
2699,575
2700,-175
2701,146
2702,-125
2703,675
2704,-75
2705,625
2706,-125
2707,675
2708,573
2709,475
2710,-75
2711,-127
2712,-125
2713,-77
2714,675
2715,575
2716,675
2717,575
2718,625
2719,475
2720,271
2721,-75
2722,671
2723,675
2724,675
2725,425
2726,-125
2727,423
2728,-125
2729,675
2730,625
2731,673
2732,675
2733,623
2734,625
2735,-75
2736,-27
2737,625
2738,548
2739,675
2740,375
2741,675
2742,675
2743,425
2744,675
2745,675
2746,675
2747,323
2748,150
2749,673
2750,296
2751,-125
2752,675
2753,625
2754,573
2755,521
2756,675
2757,-125
2758,196
2759,519
2760,575
2761,625
2762,-25
2763,675
2764,325
2765,675
2766,623
2767,675
2768,-175
2769,400
2770,525
2771,625
2772,623
2773,675
2774,673
2775,625
2776,-125
2777,25
2778,675
2779,525
2780,675
2781,625
2782,625
2783,-25
2784,575
2785,675
2786,675
2787,573
2788,-75
2789,448
2790,675
2791,-25
2792,673
2793,675
2794,-79
2795,-75
2796,671
2797,673
2798,673
2799,-25
2800,425
2801,623
2802,-75
2803,675
2804,150
2805,575
2806,675
2807,625
2808,425
2809,675
2810,523
2811,-125
2812,625
2813,-75
2814,-25
2815,623
2816,-75
2817,400
2818,325
2819,671
2820,-77
2821,-27
2822,523
2823,275
2824,673
2825,525
2826,-75
2827,675
2828,625
2829,675
2830,-75
2831,675
2832,625
2833,471
2834,423
2835,-125
2836,621
2837,675
2838,675
2839,325
2840,625
2841,575
2842,523
2843,675
2844,675
2845,673
2846,675
2847,675
2848,673
2849,573
2850,673
2851,625
2852,-79
2853,-125
2854,525
2855,350
2856,625
2857,398
2858,625
2859,675
2860,673
2861,375
2862,625
2863,675
2864,625
2865,673
2866,400
2867,623
2868,-227
2869,673
2870,-127
2871,675
2872,675
2873,675
2874,425
2875,675
2876,675
2877,625
2878,675
2879,525
2880,625
2881,400
2882,-125
2883,675
2884,575
2885,423
2886,523
2887,673
2888,675
2889,673
2890,-75
2891,546
2892,625
2893,623
2894,523
2895,575
2896,625
2897,-75
2898,-75
2899,623
2900,75
2901,571
2902,500
2903,-125
2904,-125
2905,675
2906,-25
2907,525
2908,569
2909,-75
2910,550
2911,425
2912,575
2913,625
2914,-75
2915,575
2916,575
2917,350
2918,546
2919,673
2920,-27
2921,675
2922,-125
2923,425
2924,448
2925,675
2926,675
2927,625
2928,675
2929,-75
2930,675
2931,575
2932,625
2933,675
2934,-75
2935,-127
2936,571
2937,-183
2938,575
2939,675
2940,496
2941,675
2942,425
2943,525
2944,673
2945,-127
2946,625
2947,675
2948,-125
2949,675
2950,675
2951,525
2952,-125
2953,448
2954,200
2955,573
2956,625
2957,-25
2958,671
2959,-25
2960,625
2961,675
2962,323
2963,348
2964,-75
2965,675
2966,673
2967,-125
2968,398
2969,-125
2970,625
2971,675
2972,-27
2973,398
2974,-175
2975,575
2976,-127
2977,475
2978,675
2979,-75
2980,675
2981,673
2982,-75
2983,623
2984,625
2985,-127
2986,625
2987,575
2988,675
2989,425
2990,673
2991,450
2992,573
2993,625
2994,575
2995,625
2996,575
2997,-75
2998,623
2999,575
3000,675
3001,475
3002,675
3003,425
3004,675
3005,673
3006,-100
3007,675
3008,575
3009,675
3010,675
3011,575
3012,675
3013,625
3014,673
3015,423
3016,325
3017,548
3018,675
3019,673
3020,625
3021,500
3022,675
3023,421
3024,-175
3025,673
3026,-75
3027,373
3028,521
3029,471
3030,675
3031,625
3032,625
3033,300
3034,673
3035,-125
3036,-125
3037,523
3038,373
3039,625
3040,425
3041,675
3042,675
3043,623
3044,675
3045,150
3046,623
3047,675
3048,623
3049,623
3050,450
3051,625
3052,675
3053,625
3054,675
3055,625
3056,398
3057,673
3058,625
3059,398
3060,525
3061,673
3062,-175
3063,675
3064,675
3065,-83
3066,623
3067,525
3068,-75
3069,575
3070,673
3071,471
3072,575
3073,-125
3074,575
3075,475
3076,625
3077,675
3078,625
3079,550
3080,675
3081,625
3082,473
3083,-25
3084,-75
3085,673
3086,375
3087,571
3088,-200
3089,675
3090,-75
3091,575
3092,675
3093,423
3094,250
3095,575
3096,400
3097,675
3098,300
3099,525
3100,400
3101,373
3102,-75
3103,625
3104,-129
3105,-127
3106,625
3107,498
3108,575
3109,625
3110,425
3111,573
3112,623
3113,548
3114,475
3115,675
3116,673
3117,673
3118,350
3119,496
3120,250
3121,275
3122,-29
3123,450
3124,375
3125,450
3126,425
3127,619
3128,-125
3129,523
3130,625
3131,475
3132,-250
3133,625
3134,225
3135,425
3136,575
3137,500
3138,675
3139,673
3140,575
3141,675
3142,-125
3143,425
3144,-25
3145,400
3146,675
3147,400
3148,423
3149,500
3150,398
3151,550
3152,675
3153,-125
3154,-29
3155,373
3156,625
3157,623
3158,675
3159,523
3160,675
3161,673
3162,-127
3163,523
3164,-27
3165,350
3166,675
3167,-75
3168,-125
3169,-129
3170,675
3171,675
3172,623
3173,-150
3174,-125
3175,-125
3176,-75
3177,675
3178,-125
3179,-27
3180,575
3181,675
3182,-31
3183,523
3184,-125
3185,550
3186,625
3187,625
3188,575
3189,673
3190,675
3191,673
3192,525
3193,523
3194,625
3195,-77
3196,-175
3197,573
3198,623
3199,473
3200,-75
3201,673
3202,-100
3203,-75
3204,621
3205,300
3206,550
3207,523
3208,-175
3209,625
3210,675
3211,-125
3212,496
3213,-75
3214,-127
3215,425
3216,571
3217,575
3218,625
3219,673
3220,675
3221,675
3222,675
3223,625
3224,673
3225,625
3226,675
3227,373
3228,675
3229,675
3230,623
3231,623
3232,525
3233,675
3234,675
3235,571
3236,575
3237,675
3238,525
3239,625
3240,673
3241,675
3242,550
3243,-81
3244,625
3245,-125
3246,-225
3247,325
3248,425
3249,523
3250,300
3251,398
3252,623
3253,675
3254,625
3255,525
3256,-125
3257,600
3258,673
3259,-75
3260,-27
3261,575
3262,623
3263,625
3264,625
3265,625
3266,625
3267,496
3268,425
3269,525
3270,675
3271,625
3272,625
3273,-75
3274,375
3275,625
3276,673
3277,546
3278,-125
3279,-125
3280,575
3281,675
3282,575
3283,521
3284,350
3285,-75
3286,619
3287,425
3288,-77
3289,-125
3290,625
3291,-125
3292,-75
3293,-75
3294,-75
3295,675
3296,625
3297,621
3298,675
3299,625
3300,475
3301,-125
3302,675
3303,625
3304,623
3305,575
3306,-175
3307,623
3308,548
3309,675
3310,373
3311,673
3312,325
3313,425
3314,575
3315,398
3316,675
3317,673
3318,625
3319,675
3320,675
3321,425
3322,425
3323,625
3324,675
3325,675
3326,-77
3327,625
3328,523
3329,575
3330,-102
3331,623
3332,673
3333,473
3334,200
3335,675
3336,673
3337,525
3338,-77
3339,273
3340,575
3341,573
3342,525
3343,571
3344,525
3345,625
3346,621
3347,625
3348,425
3349,-125
3350,673
3351,525
3352,675
3353,671
3354,675
3355,525
3356,273
3357,573
3358,675
3359,425
3360,573
3361,625
3362,575
3363,-75
3364,625
3365,625
3366,-50
3367,423
3368,525
3369,675
3370,-27
3371,473
3372,-75
3373,525
3374,673
3375,625
3376,548
3377,398
3378,523
3379,-77
3380,673
3381,675
3382,675
3383,675
3384,623
3385,525
3386,623
3387,-75
3388,675
3389,-125
3390,675
3391,675
3392,671
3393,673
3394,675
3395,425
3396,-200
3397,675
3398,425
3399,-125
3400,525
3401,-125
3402,398
3403,573
3404,625
3405,-104
3406,550
3407,523
3408,675
3409,550
3410,673
3411,150
3412,523
3413,-25
3414,673
3415,-127
3416,425
3417,625
3418,-100
3419,675
3420,675
3421,-127
3422,673
3423,-75
3424,-75
3425,575
3426,625
3427,623
3428,475
3429,575
3430,548
3431,675
3432,-177
3433,625
3434,673
3435,575
3436,475
3437,675
3438,675
3439,675
3440,675
3441,525
3442,523
3443,400
3444,673
3445,573
3446,475
3447,373
3448,623
3449,525
3450,-175
3451,-25
3452,571
3453,675
3454,-75
3455,675
3456,675
3457,400
3458,350
3459,673
3460,573
3461,621
3462,375
3463,675
3464,-29
3465,400
3466,425
3467,550
3468,548
3469,400
3470,675
3471,625
3472,575
3473,375
3474,-75
3475,673
3476,-175
3477,571
3478,625
3479,673
3480,675
3481,-125
3482,623
3483,673
3484,523
3485,625
3486,325
3487,-29
3488,673
3489,623
3490,675
3491,621
3492,523
3493,675
3494,675
3495,400
3496,-125
3497,625
3498,625
3499,675
3500,575
3501,-75
3502,675
3503,-75
3504,675
3505,-125
3506,625
3507,675
3508,675
3509,671
3510,-75
3511,569
3512,625
3513,525
3514,-150
3515,675
3516,625
3517,673
3518,225
3519,673
3520,625
3521,-125
3522,350
3523,673
3524,525
3525,571
3526,573
3527,-125
3528,575
3529,625
3530,-25
3531,-125
3532,425
3533,350
3534,625
3535,675
3536,346
3537,625
3538,350
3539,675
3540,273
3541,525
3542,-125
3543,-75
3544,398
3545,625
3546,398
3547,-127
3548,675
3549,673
3550,473
3551,523
3552,625
3553,625
3554,673
3555,673
3556,675
3557,-29
3558,669
3559,625
3560,425
3561,673
3562,600
3563,675
3564,150
3565,-300
3566,625
3567,-202
3568,625
3569,675
3570,673
3571,400
3572,625
3573,625
3574,575
3575,673
3576,346
3577,625
3578,675
3579,621
3580,300
3581,673
3582,675
3583,625
3584,625
3585,-200
3586,-25
3587,675
3588,-125
3589,423
3590,675
3591,525
3592,525
3593,375
3594,675
3595,673
3596,625
3597,473
3598,-125
3599,671
3600,675
3601,669
3602,625
3603,675
3604,625
3605,623
3606,623
3607,525
3608,573
3609,425
3610,-202
3611,575
3612,623
3613,675
3614,673
3615,671
3616,350
3617,-75
3618,-127
3619,-75
3620,625
3621,575
3622,575
3623,675
3624,675
3625,675
3626,675
3627,-77
3628,525
3629,575
3630,-125
3631,425
3632,-77
3633,550
3634,550
3635,675
3636,675
3637,-75
3638,-125
3639,348
3640,-25
3641,623
3642,623
3643,523
3644,575
3645,671
3646,348
3647,675
3648,673
3649,673
3650,675
3651,625
3652,550
3653,423
3654,625
3655,-150
3656,-200
3657,625
3658,675
3659,675
3660,673
3661,-77
3662,621
3663,-75
3664,625
3665,675
3666,300
3667,-75
3668,675
3669,425
3670,-29
3671,525
3672,175
3673,625
3674,575
3675,548
3676,300
3677,675
3678,523
3679,673
3680,625
3681,275
3682,675
3683,-125
3684,675
3685,373
3686,675
3687,-125
3688,625
3689,198
3690,425
3691,625
3692,-75
3693,673
3694,673
3695,-75
3696,548
3697,675
3698,425
3699,623
3700,525
3701,625
3702,-75
3703,675
3704,273
3705,675
3706,375
3707,550
3708,475
3709,525
3710,425
3711,675
3712,525
3713,475
3714,525
3715,0
3716,575
3717,671
3718,398
3719,-25
3720,625
3721,675
3722,-75
3723,425
3724,675
3725,-77
3726,-125
3727,625
3728,398
3729,673
3730,675
3731,521
3732,475
3733,475
3734,575
3735,675
3736,625
3737,-50
3738,-125
3739,675
3740,625
3741,675
3742,-25
3743,400
3744,671
3745,675
3746,671
3747,675
3748,550
3749,-75
3750,675
3751,675
3752,623
3753,-127
3754,19
3755,625
3756,671
3757,-125
3758,-125
3759,575
3760,675
3761,675
3762,675
3763,523
3764,348
3765,623
3766,400
3767,625
3768,425
3769,625
3770,523
3771,573
3772,-125
3773,625
3774,675
3775,675
3776,675
3777,350
3778,-27
3779,400
3780,548
3781,675
3782,300
3783,625
3784,625
3785,-125
3786,673
3787,625
3788,575
3789,-125
3790,675
3791,-75
3792,625
3793,267
3794,623
3795,396
3796,625
3797,675
3798,425
3799,-125
3800,-102
3801,569
3802,675
3803,675
3804,675
3805,575
3806,573
3807,673
3808,673
3809,625
3810,-25
3811,625
3812,673
3813,625
3814,675
3815,625
3816,621
3817,675
3818,675
3819,548
3820,573
3821,675
3822,-79
3823,423
3824,625
3825,675
3826,673
3827,625
3828,625
3829,673
3830,675
3831,573
3832,575
3833,675
3834,550
3835,571
3836,675
3837,375
3838,498
3839,-125
3840,673
3841,523
3842,-125
3843,675
3844,675
3845,675
3846,-75
3847,673
3848,575
3849,296
3850,625
3851,675
3852,575
3853,675
3854,675
3855,525
3856,-127
3857,625
3858,323
3859,675
3860,-75
3861,673
3862,625
3863,-75
3864,-125
3865,625
3866,-54
3867,625
3868,673
3869,498
3870,675
3871,-125
3872,625
3873,550
3874,525
3875,673
3876,625
3877,625
3878,-175
3879,-100
3880,150
3881,675
3882,-75
3883,523
3884,-125
3885,675
3886,350
3887,575
3888,348
3889,500
3890,675
3891,425
3892,96
3893,625
3894,500
3895,375
3896,475
3897,675
3898,625
3899,475
3900,675
3901,575
3902,673
3903,348
3904,573
3905,675
3906,625
3907,675
3908,-75
3909,500
3910,625
3911,625
3912,525
3913,675
3914,348
3915,523
3916,675
3917,575
3918,575
3919,473
3920,525
3921,575
3922,598
3923,300
3924,675
3925,475
3926,523
3927,673
3928,675
3929,675
3930,625
3931,675
3932,625
3933,673
3934,-27
3935,475
3936,325
3937,548
3938,-125
3939,423
3940,523
3941,573
3942,625
3943,400
3944,573
3945,673
3946,625
3947,-125
3948,525
3949,496
3950,673
3951,625
3952,-127
3953,675
3954,425
3955,673
3956,525
3957,575
3958,675
3959,425
3960,-79
3961,-135
3962,673
3963,675
3964,250
3965,675
3966,675
3967,621
3968,400
3969,400
3970,625
3971,425
3972,675
3973,673
3974,675
3975,673
3976,521
3977,675
3978,423
3979,675
3980,575
3981,671
3982,625
3983,396
3984,673
3985,-125
3986,-127
3987,673
3988,575
3989,575
3990,525
3991,300
3992,675
3993,625
3994,673
3995,675
3996,625
3997,575
3998,619
3999,-127
4000,525
4001,671
4002,298
4003,525
4004,498
4005,246
4006,675
4007,398
4008,-77
4009,625
4010,625
4011,200
4012,625
4013,675
4014,-127
4015,-27
4016,675
4017,675
4018,675
4019,-125
4020,675
4021,-81
4022,625
4023,-75
4024,675
4025,550
4026,-129
4027,675
4028,-127
4029,671
4030,523
4031,673
4032,325
4033,575
4034,625
4035,625
4036,-127
4037,625
4038,625
4039,500
4040,571
4041,575
4042,-125
4043,621
4044,625
4045,525
4046,625
4047,375
4048,421
4049,623
4050,123
4051,223
4052,675
4053,625
4054,675
4055,-75
4056,675
4057,450
4058,394
4059,-125
4060,423
4061,675
4062,675
4063,-125
4064,675
4065,575
4066,575
4067,675
4068,-75
4069,525
4070,675
4071,625
4072,525
4073,675
4074,575
4075,575
4076,-125
4077,625
4078,675
4079,-33
4080,-29
4081,-202
4082,-75
4083,673
4084,675
4085,350
4086,675
4087,575
4088,575
4089,425
4090,350
4091,675
4092,-125
4093,423
4094,600
4095,673
4096,675
4097,623
4098,625
4099,575
4100,675
4101,675
4102,673
4103,625
4104,675
4105,-125
4106,525
4107,625
4108,675
4109,-75
4110,525
4111,400
4112,675
4113,625
4114,350
4115,623
4116,523
4117,475
4118,-200
4119,675
4120,625
4121,250
4122,425
4123,375
4124,-127
4125,675
4126,-25
4127,375
4128,-75
4129,621
4130,673
4131,-75
4132,550
4133,448
4134,575
4135,425
4136,-75
4137,675
4138,425
4139,475
4140,625
4141,673
4142,675
4143,150
4144,-75
4145,625
4146,625
4147,-125
4148,675
4149,625
4150,625
4151,623
4152,571
4153,623
4154,675
4155,623
4156,619
4157,-125
4158,398
4159,625
4160,-125
4161,475
4162,675
4163,625
4164,-27
4165,-127
4166,675
4167,667
4168,-25
4169,148
4170,525
4171,-25
4172,-125
4173,673
4174,671
4175,625
4176,-77
4177,525
4178,675
4179,621
4180,675
4181,425
4182,296
4183,-75
4184,-125
4185,-125
4186,548
4187,523
4188,275
4189,625
4190,523
4191,523
4192,-127
4193,-25
4194,625
4195,-75
4196,-125
4197,475
4198,575
4199,625
4200,675
4201,675
4202,625
4203,675
4204,625
4205,-25
4206,-100
4207,675
4208,-125
4209,500
4210,525
4211,625
4212,623
4213,675
4214,573
4215,625
4216,400
4217,-125
4218,350
4219,425
4220,423
4221,-125
4222,575
4223,523
4224,623
4225,400
4226,521
4227,-77
4228,-125
4229,523
4230,675
4231,621
4232,675
4233,473
4234,675
4235,375
4236,-129
4237,521
4238,248
4239,625
4240,523
4241,573
4242,273
4243,425
4244,675
4245,571
4246,550
4247,675
4248,625
4249,625
4250,675
4251,675
4252,675
4253,175
4254,-100
4255,-125
4256,675
4257,548
4258,623
4259,569
4260,675
4261,625
4262,-125
4263,675
4264,425
4265,623
4266,-102
4267,675
4268,575
4269,325
4270,675
4271,675
4272,-75
4273,521
4274,675
4275,671
4276,673
4277,621
4278,675
4279,623
4280,623
4281,675
4282,473
4283,675
4284,575
4285,575
4286,625
4287,675
4288,425
4289,-125
4290,625
4291,-77
4292,525
4293,675
4294,675
4295,-75
4296,448
4297,-127
4298,675
4299,625
4300,673
4301,525
4302,675
4303,675
4304,675
4305,-27
4306,-177
4307,675
4308,675
4309,673
4310,675
4311,325
4312,625
4313,625
4314,675
4315,675
4316,673
4317,625
4318,673
4319,-77
4320,571
4321,525
4322,573
4323,621
4324,0
4325,673
4326,675
4327,300
4328,625
4329,500
4330,675
4331,623
4332,525
4333,525
4334,-75
4335,523
4336,575
4337,523
4338,625
4339,369
4340,623
4341,675
4342,625
4343,625
4344,623
4345,575
4346,525
4347,625
4348,675
4349,575
4350,546
4351,675
4352,675
4353,575
4354,673
4355,623
4356,625
4357,623
4358,425
4359,-175
4360,400
4361,623
4362,-25
4363,475
4364,-75
4365,675
4366,-125
4367,675
4368,573
4369,248
4370,-125
4371,-102
4372,-79
4373,348
4374,-125
4375,421
4376,621
4377,625
4378,575
4379,625
4380,625
4381,625
4382,625
4383,250
4384,575
4385,148
4386,675
4387,675
4388,673
4389,475
4390,625
4391,673
4392,675
4393,-125
4394,625
4395,625
4396,446
4397,350
4398,625
4399,200
4400,573
4401,398
4402,521
4403,-127
4404,525
4405,573
4406,-125
4407,671
4408,425
4409,550
4410,625
4411,-175
4412,146
4413,675
4414,675
4415,373
4416,525
4417,-77
4418,-177
4419,-77
4420,673
4421,625
4422,675
4423,300
4424,675
4425,675
4426,673
4427,223
4428,-75
4429,-25
4430,675
4431,625
4432,-25
4433,625
4434,571
4435,575
4436,673
4437,575
4438,425
4439,-202
4440,348
4441,-77
4442,-75
4443,625
4444,-177
4445,525
4446,-125
4447,673
4448,-75
4449,573
4450,675
4451,673
4452,673
4453,300
4454,625
4455,475
4456,675
4457,-175
4458,-77
4459,625
4460,675
4461,675
4462,675
4463,150
4464,675
4465,673
4466,573
4467,575
4468,675
4469,300
4470,675
4471,625
4472,-125
4473,673
4474,525
4475,675
4476,425
4477,425
4478,425
4479,423
4480,623
4481,625
4482,550
4483,-25
4484,623
4485,673
4486,625
4487,248
4488,525
4489,675
4490,673
4491,425
4492,-127
4493,525
4494,-77
4495,625
4496,-125
4497,525
4498,625
4499,-225
4500,675
4501,300
4502,421
4503,550
4504,571
4505,-125
4506,675
4507,550
4508,-25
4509,625
4510,675
4511,423
4512,0
4513,-75
4514,523
4515,675
4516,-127
4517,-75
4518,525
4519,675
4520,675
4521,625
4522,675
4523,-125
4524,675
4525,-25
4526,400
4527,623
4528,400
4529,675
4530,675
4531,621
4532,625
4533,425
4534,523
4535,-125
4536,325
4537,423
4538,673
4539,675
4540,423
4541,-125
4542,625
4543,675
4544,273
4545,575
4546,550
4547,523
4548,675
4549,623
4550,675
4551,667
4552,675
4553,675
4554,625
4555,575
4556,625
4557,671
4558,625
4559,-25
4560,-125
4561,571
4562,675
4563,573
4564,-175
4565,525
4566,-75
4567,525
4568,375
4569,671
4570,-25
4571,675
4572,546
4573,425
4574,675
4575,550
4576,671
4577,623
4578,625
4579,625
4580,573
4581,-77
4582,-25
4583,525
4584,300
4585,625
4586,625
4587,298
4588,425
4589,671
4590,675
4591,-177
4592,575
4593,-125
4594,675
4595,475
4596,425
4597,-79
4598,275
4599,625
4600,398
4601,-177
4602,625
4603,675
4604,-125
4605,625
4606,-127
4607,625
4608,475
4609,523
4610,-125
4611,625
4612,-175
4613,425
4614,625
4615,675
4616,621
4617,-75
4618,675
4619,673
4620,675
4621,625
4622,625
4623,-25
4624,675
4625,421
4626,-125
4627,675
4628,500
4629,525
4630,525
4631,223
4632,575
4633,675
4634,150
4635,675
4636,623
4637,625
4638,617
4639,500
4640,-75
4641,575
4642,-200
4643,675
4644,625
4645,625
4646,525
4647,-75
4648,546
4649,675
4650,625
4651,575
4652,475
4653,625
4654,673
4655,671
4656,625
4657,-100
4658,571
4659,625
4660,575
4661,675
4662,625
4663,525
4664,550
4665,625
4666,-75
4667,675
4668,425
4669,548
4670,300
4671,300
4672,675
4673,675
4674,550
4675,675
4676,623
4677,625
4678,425
4679,675
4680,675
4681,671
4682,673
4683,673
4684,575
4685,625
4686,-25
4687,-77
4688,425
4689,-25
4690,300
4691,675
4692,675
4693,525
4694,673
4695,375
4696,673
4697,400
4698,321
4699,673
4700,675
4701,-125
4702,625
4703,-125
4704,675
4705,-125
4706,675
4707,-279
4708,675
4709,423
4710,425
4711,423
4712,425
4713,675
4714,373
4715,-127
4716,425
4717,-325
4718,-125
4719,675
4720,525
4721,625
4722,623
4723,475
4724,625
4725,519
4726,400
4727,673
4728,675
4729,250
4730,675
4731,521
4732,675
4733,625
4734,348
4735,575
4736,625
4737,575
4738,673
4739,673
4740,625
4741,675
4742,425
4743,675
4744,675
4745,625
4746,625
4747,-125
4748,675
4749,-125
4750,575
4751,625
4752,675
4753,673
4754,-2
4755,525
4756,-27
4757,675
4758,625
4759,673
4760,-125
4761,623
4762,400
4763,573
4764,475
4765,675
4766,625
4767,575
4768,525
4769,550
4770,675
4771,675
4772,673
4773,673
4774,675
4775,-227
4776,475
4777,625
4778,573
4779,521
4780,525
4781,625
4782,675
4783,-125
4784,673
4785,673
4786,300
4787,673
4788,523
4789,625
4790,521
4791,673
4792,673
4793,673
4794,573
4795,675
4796,471
4797,300
4798,425
4799,623
4800,623
4801,625
4802,625
4803,675
4804,571
4805,675
4806,625
4807,625
4808,548
4809,325
4810,621
4811,675
4812,-125
4813,425
4814,-25
4815,575
4816,-125
4817,675
4818,569
4819,-125
4820,625
4821,-125
4822,675
4823,275
4824,500
4825,575
4826,675
4827,-125
4828,298
4829,473
4830,-100
4831,675
4832,423
4833,525
4834,675
4835,621
4836,573
4837,673
4838,-125
4839,573
4840,421
4841,573
4842,-77
4843,-125
4844,675
4845,-25
4846,-31
4847,625
4848,573
4849,-125
4850,625
4851,-77
4852,675
4853,675
4854,625
4855,623
4856,623
4857,673
4858,425
4859,-129
4860,500
4861,573
4862,675
4863,525
4864,-75
4865,-75
4866,625
4867,675
4868,675
4869,675
4870,421
4871,398
4872,673
4873,-77
4874,623
4875,573
4876,-125
4877,400
4878,675
4879,523
4880,625
4881,-125
4882,350
4883,525
4884,675
4885,-75
4886,500
4887,-77
4888,675
4889,675
4890,-75
4891,425
4892,-2
4893,575
4894,675
4895,673
4896,573
4897,575
4898,675
4899,673
4900,573
4901,675
4902,400
4903,-75
4904,621
4905,-125
4906,625
4907,0
4908,425
4909,675
4910,-81
4911,-125
4912,675
4913,348
4914,673
4915,675
4916,-29
4917,675
4918,623
4919,625
4920,675
4921,673
4922,573
4923,673
4924,-75
4925,-125
4926,473
4927,575
4928,350
4929,675
4930,675
4931,675
4932,673
4933,475
4934,675
4935,675
4936,500
4937,625
4938,675
4939,-81
4940,-75
4941,-125
4942,-27
4943,675
4944,425
4945,498
4946,675
4947,675
4948,675
4949,171
4950,-25
4951,400
4952,425
4953,498
4954,575
4955,675
4956,625
4957,675
4958,-29
4959,625
4960,-75
4961,-75
4962,575
4963,-27
4964,375
4965,675
4966,573
4967,575
4968,-25
4969,623
4970,625
4971,-125
4972,675
4973,675
4974,625
4975,675
4976,673
4977,675
4978,425
4979,625
4980,625
4981,523
4982,523
4983,525
4984,575
4985,671
4986,625
4987,671
4988,550
4989,342
4990,-77
4991,621
4992,475
4993,625
4994,675
4995,675
4996,675
4997,-125
4998,675
4999,-75
5000,425
5001,425
5002,673
5003,575
5004,675
5005,671
5006,573
5007,675
5008,-125
5009,-75
5010,675
5011,625
5012,350
5013,621
5014,623
5015,375
5016,675
5017,623
5018,625
5019,-125
5020,-125
5021,675
5022,-125
5023,675
5024,-25
5025,625
5026,-75
5027,521
5028,575
5029,-200
5030,525
5031,675
5032,425
5033,425
5034,550
5035,575
5036,675
5037,675
5038,625
5039,-75
5040,675
5041,525
5042,675
5043,675
5044,525
5045,323
5046,625
5047,171
5048,-25
5049,675
5050,-27
5051,625
5052,400
5053,-75
5054,523
5055,675
5056,625
5057,625
5058,675
5059,-127
5060,625
5061,675
5062,625
5063,675
5064,575
5065,675
5066,473
5067,621
5068,675
5069,625
5070,525
5071,675
5072,623
5073,671
5074,250
5075,-125
5076,675
5077,-125
5078,671
5079,-75
5080,-75
5081,621
5082,625
5083,675
5084,675
5085,675
5086,625
5087,525
5088,425
5089,-125
5090,673
5091,-25
5092,675
5093,375
5094,675
5095,496
5096,625
5097,673
5098,625
5099,621
5100,-250
5101,375
5102,675
5103,625
5104,675
5105,625
5106,625
5107,-25
5108,675
5109,625
5110,275
5111,673
5112,575
5113,575
5114,675
5115,550
5116,675
5117,-25
5118,623
5119,-25
5120,625
5121,575
5122,-125
5123,-75
5124,-77
5125,573
5126,475
5127,621
5128,625
5129,675
5130,625
5131,523
5132,625
5133,625
5134,575
5135,675
5136,623
5137,675
5138,-177
5139,571
5140,675
5141,-75
5142,423
5143,573
5144,573
5145,-125
5146,525
5147,625
5148,625
5149,400
5150,-175
5151,673
5152,673
5153,675
5154,575
5155,675
5156,423
5157,625
5158,-81
5159,675
5160,675
5161,525
5162,625
5163,-75
5164,623
5165,675
5166,-125
5167,675
5168,196
5169,-175
5170,500
5171,-125
5172,-25
5173,675
5174,-75
5175,-127
5176,623
5177,-127
5178,-200
5179,500
5180,-25
5181,625
5182,675
5183,625
5184,673
5185,471
5186,-125
5187,-25
5188,469
5189,673
5190,621
5191,623
5192,625
5193,525
5194,675
5195,625
5196,623
5197,625
5198,248
5199,675
5200,675
5201,-125
5202,675
5203,525
5204,573
5205,623
5206,525
5207,-125
5208,-129
5209,400
5210,573
5211,623
5212,271
5213,675
5214,373
5215,671
5216,675
5217,425
5218,675
5219,625
5220,675
5221,573
5222,-375
5223,-25
5224,523
5225,625
5226,571
5227,621
5228,250
5229,-75
5230,575
5231,675
5232,475
5233,675
5234,675
5235,371
5236,425
5237,675
5238,625
5239,675
5240,675
5241,625
5242,675
5243,-225
5244,675
5245,398
5246,621
5247,675
5248,675
5249,525
5250,523
5251,675
5252,671
5253,475
5254,623
5255,346
5256,675
5257,623
5258,675
5259,675
5260,523
5261,673
5262,-25
5263,573
5264,423
5265,273
5266,-77
5267,-75
5268,675
5269,673
5270,525
5271,625
5272,625
5273,675
5274,675
5275,548
5276,350
5277,623
5278,623
5279,675
5280,675
5281,625
5282,375
5283,425
5284,519
5285,571
5286,675
5287,425
5288,-125
5289,625
5290,-25
5291,675
5292,675
5293,225
5294,575
5295,625
5296,525
5297,675
5298,546
5299,675
5300,375
5301,623
5302,673
5303,675
5304,550
5305,675
5306,621
5307,575
5308,625
5309,625
5310,425
5311,398
5312,673
5313,675
5314,675
5315,-125
5316,-75
5317,571
5318,-27
5319,625
5320,-75
5321,525
5322,525
5323,575
5324,600
5325,473
5326,625
5327,675
5328,621
5329,-27
5330,-127
5331,675
5332,-25
5333,623
5334,571
5335,625
5336,-75
5337,400
5338,675
5339,625
5340,550
5341,-154
5342,675
5343,675
5344,673
5345,621
5346,675
5347,625
5348,625
5349,348
5350,400
5351,-125
5352,673
5353,623
5354,623
5355,623
5356,525
5357,-127
5358,625
5359,675
5360,625
5361,623
5362,675
5363,348
5364,498
5365,425
5366,675
5367,623
5368,675
5369,675
5370,673
5371,525
5372,400
5373,675
5374,-125
5375,450
5376,673
5377,-77
5378,671
5379,675
5380,-125
5381,625
5382,673
5383,675
5384,-25
5385,675
5386,425
5387,-75
5388,625
5389,675
5390,675
5391,-75
5392,-75
5393,-127
5394,675
5395,-75
5396,573
5397,-27
5398,625
5399,298
5400,625
5401,675
5402,525
5403,625
5404,675
5405,500
5406,675
5407,671
5408,525
5409,575
5410,273
5411,675
5412,625
5413,-125
5414,675
5415,623
5416,521
5417,-77
5418,675
5419,625
5420,-29
5421,-125
5422,575
5423,625
5424,525
5425,350
5426,675
5427,625
5428,675
5429,275
5430,673
5431,450
5432,-33
5433,673
5434,573
5435,550
5436,625
5437,425
5438,625
5439,675
5440,-75
5441,550
5442,675
5443,573
5444,298
5445,623
5446,675
5447,625
5448,625
5449,575
5450,673
5451,625
5452,675
5453,625
5454,675
5455,675
5456,625
5457,200
5458,621
5459,623
5460,575
5461,325
5462,-125
5463,625
5464,673
5465,673
5466,625
5467,671
5468,675
5469,675
5470,623
5471,125
5472,575
5473,675
5474,675
5475,625
5476,123
5477,323
5478,675
5479,-75
5480,671
5481,475
5482,675
5483,675
5484,625
5485,375
5486,525
5487,673
5488,375
5489,623
5490,625
5491,-77
5492,671
5493,525
5494,573
5495,575
5496,673
5497,573
5498,623
5499,525
5500,675
5501,525
5502,673
5503,625
5504,673
5505,-75
5506,625
5507,-75
5508,675
5509,675
5510,625
5511,675
5512,575
5513,675
5514,623
5515,625
5516,675
5517,-75
5518,673
5519,-125
5520,675
5521,469
5522,623
5523,619
5524,675
5525,373
5526,675
5527,675
5528,675
5529,375
5530,575
5531,-125
5532,348
5533,625
5534,623
5535,675
5536,525
5537,675
5538,675
5539,300
5540,675
5541,525
5542,425
5543,625
5544,625
5545,623
5546,675
5547,350
5548,-125
5549,575
5550,325
5551,275
5552,571
5553,573
5554,-75
5555,-31
5556,525
5557,673
5558,0
5559,521
5560,425
5561,575
5562,621
5563,675
5564,298
5565,675
5566,575
5567,575
5568,575
5569,625
5570,625
5571,575
5572,623
5573,675
5574,575
5575,571
5576,350
5577,425
5578,573
5579,625
5580,398
5581,-75
5582,323
5583,673
5584,675
5585,-127
5586,675
5587,625
5588,-75
5589,673
5590,500
5591,575
5592,675
5593,475
5594,575
5595,575
5596,625
5597,400
5598,625
5599,-125
5600,625
5601,625
5602,625
5603,673
5604,675
5605,571
5606,625
5607,-125
5608,-75
5609,-125
5610,425
5611,525
5612,675
5613,675
5614,625
5615,423
5616,475
5617,675
5618,675
5619,625
5620,675
5621,-125
5622,675
5623,675
5624,575
5625,-29
5626,575
5627,-2
5628,623
5629,400
5630,-25
5631,625
5632,-75
5633,625
5634,400
5635,-125
5636,625
5637,671
5638,125
5639,675
5640,675
5641,673
5642,575
5643,573
5644,673
5645,400
5646,-125
5647,-200
5648,-125
5649,-75
5650,623
5651,498
5652,523
5653,250
5654,400
5655,675
5656,-75
5657,623
5658,325
5659,625
5660,675
5661,669
5662,525
5663,675
5664,675
5665,625
5666,475
5667,-125
5668,675
5669,675
5670,575
5671,400
5672,625
5673,575
5674,675
5675,-25
5676,575
5677,525
5678,673
5679,-175
5680,675
5681,675
5682,550
5683,75
5684,573
5685,675
5686,-125
5687,-125
5688,-77
5689,625
5690,550
5691,625
5692,675
5693,548
5694,625
5695,673
5696,617
5697,673
5698,500
5699,-75
5700,673
5701,525
5702,671
5703,675
5704,673
5705,625
5706,675
5707,673
5708,675
5709,675
5710,75
5711,450
5712,475
5713,246
5714,623
5715,-125
5716,-75
5717,-125
5718,-77
5719,675
5720,675
5721,673
5722,625
5723,471
5724,675
5725,-75
5726,675
5727,625
5728,675
5729,673
5730,523
5731,625
5732,550
5733,575
5734,525
5735,623
5736,-75
5737,623
5738,-75
5739,625
5740,-125
5741,625
5742,575
5743,625
5744,521
5745,573
5746,675
5747,350
5748,-225
5749,375
5750,673
5751,573
5752,-125
5753,475
5754,625
5755,675
5756,400
5757,575
5758,573
5759,625
5760,400
5761,675
5762,375
5763,-75
5764,675
5765,675
5766,669
5767,-75
5768,575
5769,625
5770,625
5771,675
5772,623
5773,-77
5774,-25
5775,573
5776,675
5777,675
5778,-125
5779,625
5780,621
5781,523
5782,667
5783,625
5784,298
5785,673
5786,673
5787,573
5788,525
5789,400
5790,273
5791,-225
5792,675
5793,625
5794,550
5795,-204
5796,469
5797,675
5798,-125
5799,675
5800,675
5801,396
5802,525
5803,425
5804,625
5805,398
5806,575
5807,-275
5808,-75
5809,675
5810,425
5811,625
5812,625
5813,675
5814,0
5815,-27
5816,625
5817,525
5818,675
5819,575
5820,675
5821,675
5822,571
5823,-75
5824,573
5825,-29
5826,300
5827,-125
5828,625
5829,425
5830,675
5831,675
5832,425
5833,298
5834,400
5835,525
5836,675
5837,425
5838,675
5839,675
5840,675
5841,673
5842,575
5843,675
5844,625
5845,621
5846,550
5847,621
5848,671
5849,-25
5850,573
5851,671
5852,673
5853,675
5854,673
5855,675
5856,-277
5857,625
5858,675
5859,471
5860,-77
5861,-100
5862,673
5863,0
5864,0
5865,625
5866,325
5867,523
5868,625
5869,-27
5870,623
5871,523
5872,398
5873,623
5874,475
5875,369
5876,575
5877,575
5878,625
5879,-127
5880,423
5881,375
5882,-200
5883,-75
5884,623
5885,550
5886,623
5887,621
5888,523
5889,675
5890,525
5891,675
5892,550
5893,675
5894,-25
5895,675
5896,625
5897,544
5898,475
5899,673
5900,523
5901,423
5902,-75
5903,675
5904,275
5905,625
5906,-100
5907,-25
5908,521
5909,675
5910,625
5911,625
5912,-75
5913,625
5914,-175
5915,-125
5916,675
5917,325
5918,550
5919,475
5920,-177
5921,575
5922,675
5923,675
5924,523
5925,675
5926,623
5927,625
5928,300
5929,625
5930,550
5931,675
5932,625
5933,375
5934,375
5935,673
5936,425
5937,425
5938,623
5939,675
5940,-125
5941,473
5942,669
5943,475
5944,625
5945,575
5946,675
5947,-150
5948,625
5949,675
5950,575
5951,625
5952,-52
5953,473
5954,675
5955,348
5956,673
5957,625
5958,-79
5959,623
5960,573
5961,325
5962,673
5963,675
5964,250
5965,675
5966,625
5967,573
5968,675
5969,675
5970,398
5971,625
5972,625
5973,523
5974,500
5975,248
5976,625
5977,-77
5978,625
5979,225
5980,625
5981,621
5982,523
5983,550
5984,675
5985,573
5986,675
5987,675
5988,298
5989,675
5990,348
5991,673
5992,575
5993,675
5994,550
5995,671
5996,625
5997,-127
5998,675
5999,550
6000,-125
6001,-227
6002,675
6003,550
6004,573
6005,575
6006,425
6007,673
6008,675
6009,675
6010,-75
6011,675
6012,398
6013,625
6014,548
6015,573
6016,675
6017,575
6018,675
6019,675
6020,523
6021,523
6022,625
6023,500
6024,573
6025,573
6026,623
6027,571
6028,675
6029,669
6030,-25
6031,675
6032,250
6033,-175
6034,325
6035,625
6036,521
6037,-127
6038,675
6039,621
6040,673
6041,575
6042,675
6043,525
6044,619
6045,375
6046,675
6047,550
6048,398
6049,-77
6050,523
6051,675
6052,617
6053,675
6054,623
6055,575
6056,425
6057,675
6058,675
6059,-125
6060,675
6061,673
6062,500
6063,625
6064,675
6065,675
6066,525
6067,550
6068,675
6069,625
6070,673
6071,-75
6072,546
6073,675
6074,571
6075,425
6076,475
6077,675
6078,625
6079,673
6080,-81
6081,675
6082,400
6083,-125
6084,675
6085,675
6086,623
6087,673
6088,350
6089,-25
6090,523
6091,625
6092,300
6093,675
6094,575
6095,398
6096,-125
6097,-75
6098,525
6099,625
6100,671
6101,675
6102,573
6103,625
6104,625
6105,673
6106,-127
6107,675
6108,673
6109,675
6110,675
6111,675
6112,575
6113,675
6114,625
6115,500
6116,675
6117,273
6118,450
6119,673
6120,-77
6121,523
6122,400
6123,525
6124,375
6125,671
6126,-202
6127,625
6128,-127
6129,625
6130,98
6131,671
6132,625
6133,673
6134,421
6135,125
6136,675
6137,675
6138,675
6139,523
6140,625
6141,-77
6142,-125
6143,675
6144,625
6145,675
6146,673
6147,621
6148,525
6149,425
6150,675
6151,675
6152,398
6153,-125
6154,-129
6155,350
6156,623
6157,-152
6158,675
6159,575
6160,-75
6161,675
6162,623
6163,673
6164,675
6165,673
6166,675
6167,425
6168,623
6169,573
6170,573
6171,675
6172,675
6173,675
6174,375
6175,573
6176,475
6177,673
6178,573
6179,675
6180,625
6181,275
6182,525
6183,575
6184,675
6185,473
6186,521
6187,675
6188,625
6189,421
6190,300
6191,575
6192,425
6193,-54
6194,450
6195,673
6196,625
6197,575
6198,675
6199,567
6200,575
6201,250
6202,675
6203,548
6204,673
6205,-27
6206,500
6207,475
6208,-129
6209,673
6210,-125
6211,623
6212,673
6213,623
6214,-125
6215,275
6216,573
6217,675
6218,-75
6219,548
6220,625
6221,-125
6222,673
6223,425
6224,625
6225,523
6226,300
6227,621
6228,575
6229,675
6230,625
6231,673
6232,525
6233,675
6234,675
6235,675
6236,623
6237,500
6238,550
6239,-27
6240,425
6241,673
6242,575
6243,498
6244,625
6245,-29
6246,673
6247,-152
6248,-75
6249,475
6250,-327
6251,673
6252,73
6253,619
6254,625
6255,675
6256,625
6257,675
6258,675
6259,625
6260,573
6261,671
6262,675
6263,625
6264,-75
6265,675
6266,625
6267,300
6268,623
6269,675
6270,575
6271,523
6272,625
6273,473
6274,575
6275,675
6276,675
6277,675
6278,350
6279,-100
6280,623
6281,525
6282,575
6283,-125
6284,675
6285,625
6286,-125
6287,400
6288,623
6289,623
6290,675
6291,573
6292,396
6293,571
6294,523
6295,425
6296,675
6297,425
6298,325
6299,675
6300,671
6301,673
6302,469
6303,575
6304,-25
6305,575
6306,373
6307,573
6308,675
6309,671
6310,-25
6311,675
6312,400
6313,675
6314,673
6315,575
6316,523
6317,625
6318,375
6319,575
6320,623
6321,375
6322,625
6323,-75
6324,-29
6325,350
6326,-175
6327,625
6328,625
6329,625
6330,-125
6331,-125
6332,475
6333,425
6334,575
6335,473
6336,475
6337,-125
6338,623
6339,148
6340,625
6341,673
6342,675
6343,671
6344,675
6345,-75
6346,-27
6347,-27
6348,523
6349,523
6350,673
6351,521
6352,625
6353,625
6354,-31
6355,675
6356,300
6357,623
6358,625
6359,675
6360,625
6361,675
6362,-175
6363,675
6364,550
6365,623
6366,675
6367,250
6368,475
6369,475
6370,673
6371,675
6372,673
6373,675
6374,625
6375,675
6376,475
6377,625
6378,675
6379,-175
6380,623
6381,575
6382,525
6383,150
6384,350
6385,573
6386,-75
6387,625
6388,675
6389,421
6390,625
6391,575
6392,671
6393,475
6394,550
6395,625
6396,-27
6397,-179
6398,673
6399,350
6400,675
6401,375
6402,-75
6403,675
6404,550
6405,625
6406,575
6407,675
6408,675
6409,675
6410,675
6411,-125
6412,621
6413,421
6414,625
6415,675
6416,675
6417,-125
6418,-281
6419,625
6420,525
6421,-125
6422,675
6423,475
6424,675
6425,625
6426,-75
6427,621
6428,525
6429,675
6430,-27
6431,675
6432,675
6433,573
6434,550
6435,675
6436,350
6437,-25
6438,675
6439,675
6440,673
6441,573
6442,623
6443,675
6444,-125
6445,525
6446,675
6447,675
6448,625
6449,-75
6450,425
6451,344
6452,625
6453,421
6454,625
6455,425
6456,-75
6457,673
6458,675
6459,675
6460,675
6461,675
6462,398
6463,325
6464,675
6465,-127
6466,673
6467,623
6468,400
6469,348
6470,525
6471,675
6472,375
6473,-27
6474,475
6475,575
6476,325
6477,625
6478,625
6479,675
6480,675
6481,675
6482,575
6483,-75
6484,475
6485,625
6486,671
6487,-175
6488,-375
6489,475
6490,673
6491,675
6492,575
6493,623
6494,625
6495,675
6496,471
6497,-27
6498,-75
6499,-125
6500,-25
6501,-125
6502,-175
6503,-75
6504,673
6505,-125
6506,673
6507,450
6508,675
6509,625
6510,675
6511,675
6512,575
6513,-125
6514,525
6515,675
6516,394
6517,550
6518,675
6519,550
6520,575
6521,675
6522,496
6523,671
6524,-125
6525,-125
6526,-125
6527,-75
6528,375
6529,525
6530,625
6531,625
6532,625
6533,548
6534,-125
6535,625
6536,448
6537,375
6538,-25
6539,575
6540,-77
6541,573
6542,423
6543,625
6544,625
6545,675
6546,623
6547,675
6548,275
6549,625
6550,673
6551,675
6552,-75
6553,523
6554,575
6555,673
6556,625
6557,625
6558,575
6559,625
6560,-125
6561,623
6562,675
6563,675
6564,625
6565,675
6566,675
6567,671
6568,675
6569,675
6570,-125
6571,400
6572,675
6573,575
6574,675
6575,-125
6576,-200
6577,275
6578,621
6579,671
6580,-75
6581,675
6582,525
6583,673
6584,675
6585,575
6586,425
6587,-75
6588,675
6589,625
6590,675
6591,623
6592,475
6593,-125
6594,-125
6595,621
6596,575
6597,525
6598,425
6599,-75
6600,671
6601,675
6602,625
6603,673
6604,675
6605,573
6606,625
6607,-25
6608,675
6609,-175
6610,571
6611,625
6612,-125
6613,625
6614,625
6615,675
6616,673
6617,625
6618,673
6619,675
6620,575
6621,-125
6622,673
6623,575
6624,346
6625,675
6626,523
6627,573
6628,575
6629,623
6630,473
6631,675
6632,675
6633,525
6634,675
6635,675
6636,150
6637,673
6638,575
6639,625
6640,675
6641,425
6642,0
6643,-179
6644,-75
6645,523
6646,675
6647,-75
6648,-77
6649,675
6650,473
6651,525
6652,473
6653,625
6654,675
6655,625
6656,675
6657,500
6658,625
6659,-125
6660,23
6661,-125
6662,523
6663,473
6664,625
6665,573
6666,400
6667,575
6668,625
6669,525
6670,-75
6671,675
6672,625
6673,-27
6674,371
6675,673
6676,-125
6677,-75
6678,265
6679,625
6680,621
6681,675
6682,673
6683,400
6684,673
6685,425
6686,-75
6687,400
6688,-25
6689,575
6690,350
6691,96
6692,-127
6693,625
6694,-27
6695,575
6696,675
6697,675
6698,625
6699,300
6700,525
6701,675
6702,675
6703,675
6704,348
6705,625
6706,575
6707,348
6708,-29
6709,673
6710,675
6711,573
6712,675
6713,494
6714,673
6715,625
6716,675
6717,575
6718,-75
6719,575
6720,125
6721,673
6722,675
6723,-125
6724,525
6725,625
6726,675
6727,-75
6728,-52
6729,423
6730,675
6731,675
6732,-75
6733,673
6734,423
6735,625
6736,675
6737,573
6738,673
6739,625
6740,423
6741,675
6742,675
6743,675
6744,673
6745,525
6746,675
6747,-25
6748,475
6749,450
6750,675
6751,346
6752,625
6753,-200
6754,548
6755,623
6756,300
6757,671
6758,675
6759,-75
6760,-29
6761,400
6762,675
6763,673
6764,625
6765,573
6766,675
6767,575
6768,675
6769,625
6770,423
6771,-75
6772,625
6773,575
6774,675
6775,575
6776,473
6777,625
6778,-29
6779,575
6780,623
6781,350
6782,623
6783,-125
6784,100
6785,675
6786,621
6787,550
6788,625
6789,575
6790,623
6791,623
6792,625
6793,-25
6794,675
6795,625
6796,575
6797,150
6798,675
6799,473
6800,525
6801,675
6802,-75
6803,400
6804,625
6805,625
6806,625
6807,-127
6808,300
6809,675
6810,375
6811,625
6812,-75
6813,175
6814,-27
6815,-25
6816,296
6817,675
6818,-75
6819,275
6820,673
6821,346
6822,-75
6823,-77
6824,550
6825,625
6826,625
6827,623
6828,621
6829,498
6830,-200
6831,575
6832,548
6833,673
6834,625
6835,400
6836,-125
6837,-25
6838,-125
6839,625
6840,675
6841,-27
6842,-29
6843,675
6844,573
6845,-227
6846,525
6847,675
6848,675
6849,671
6850,675
6851,623
6852,-177
6853,675
6854,673
6855,675
6856,573
6857,675
6858,675
6859,675
6860,625
6861,-125
6862,625
6863,523
6864,673
6865,673
6866,-75
6867,-75
6868,621
6869,675
6870,475
6871,523
6872,425
6873,625
6874,475
6875,-177
6876,623
6877,-75
6878,573
6879,625
6880,675
6881,625
6882,519
6883,475
6884,-125
6885,-127
6886,673
6887,-200
6888,-77
6889,-29
6890,675
6891,375
6892,623
6893,675
6894,425
6895,373
6896,621
6897,625
6898,675
6899,-125
6900,575
6901,425
6902,425
6903,521
6904,298
6905,575
6906,423
6907,575
6908,573
6909,473
6910,-125
6911,675
6912,575
6913,575
6914,-25
6915,625
6916,150
6917,575
6918,675
6919,425
6920,525
6921,-125
6922,-77
6923,525
6924,625
6925,300
6926,675
6927,250
6928,519
6929,575
6930,398
6931,625
6932,673
6933,225
6934,-125
6935,-75
6936,146
6937,575
6938,573
6939,425
6940,548
6941,675
6942,625
6943,675
6944,571
6945,675
6946,675
6947,623
6948,575
6949,525
6950,575
6951,675
6952,669
6953,423
6954,498
6955,425
6956,525
6957,575
6958,675
6959,425
6960,675
6961,475
6962,-125
6963,498
6964,673
6965,473
6966,673
6967,625
6968,675
6969,675
6970,571
6971,675
6972,-75
6973,675
6974,-27
6975,675
6976,-77
6977,450
6978,623
6979,675
6980,623
6981,575
6982,675
6983,-125
6984,675
6985,-239
6986,675
6987,575
6988,575
6989,675
6990,523
6991,-125
6992,623
6993,625
6994,373
6995,-125
6996,150
6997,575
6998,673
6999,323
7000,675
7001,-75
7002,675
7003,273
7004,675
7005,400
7006,675
7007,675
7008,625
7009,500
7010,-125
7011,675
7012,400
7013,625
7014,421
7015,675
7016,-75
7017,675
7018,673
7019,-125
7020,375
7021,625
7022,-75
7023,675
7024,675
7025,-125
7026,625
7027,675
7028,525
7029,275
7030,675
7031,575
7032,575
7033,671
7034,550
7035,675
7036,675
7037,550
7038,300
7039,573
7040,-229
7041,625
7042,-125
7043,-125
7044,523
7045,625
7046,623
7047,550
7048,675
7049,671
7050,675
7051,625
7052,425
7053,-75
7054,625
7055,625
7056,-125
7057,675
7058,400
7059,621
7060,625
7061,275
7062,575
7063,-75
7064,475
7065,625
7066,-77
7067,623
7068,525
7069,525
7070,-127
7071,675
7072,625
7073,425
7074,675
7075,500
7076,421
7077,250
7078,619
7079,323
7080,-125
7081,425
7082,625
7083,-75
7084,348
7085,-127
7086,575
7087,150
7088,550
7089,571
7090,675
7091,675
7092,625
7093,275
7094,575
7095,675
7096,300
7097,300
7098,625
7099,675
7100,523
7101,475
7102,673
7103,673
7104,675
7105,671
7106,375
7107,675
7108,-125
7109,671
7110,550
7111,673
7112,675
7113,575
7114,675
7115,675
7116,-75
7117,625
7118,625
7119,475
7120,575
7121,250
7122,525
7123,625
7124,-75
7125,-125
7126,-77
7127,-79
7128,573
7129,100
7130,675
7131,-27
7132,400
7133,400
7134,675
7135,623
7136,525
7137,625
7138,-200
7139,298
7140,673
7141,575
7142,675
7143,325
7144,675
7145,675
7146,625
7147,575
7148,575
7149,673
7150,673
7151,625
7152,625
7153,625
7154,575
7155,625
7156,575
7157,475
7158,300
7159,673
7160,675
7161,623
7162,625
7163,619
7164,625
7165,625
7166,625
7167,675
7168,669
7169,-2
7170,525
7171,-75
7172,550
7173,-125
7174,673
7175,675
7176,673
7177,500
7178,675
7179,-127
7180,623
7181,375
7182,548
7183,671
7184,673
7185,375
7186,525
7187,623
7188,575
7189,423
7190,525
7191,548
7192,525
7193,-175
7194,348
7195,275
7196,375
7197,-29
7198,-125
7199,625
7200,675
7201,617
7202,575
7203,298
7204,673
7205,623
7206,150
7207,625
7208,675
7209,675
7210,623
7211,675
7212,625
7213,398
7214,623
7215,575
7216,246
7217,-177
7218,400
7219,625
7220,675
7221,300
7222,525
7223,625
7224,550
7225,-125
7226,-175
7227,673
7228,575
7229,-75
7230,673
7231,673
7232,673
7233,-27
7234,-125
7235,-127
7236,-125
7237,-25
7238,625
7239,675
7240,575
7241,50
7242,-125
7243,350
7244,325
7245,-75
7246,573
7247,398
7248,623
7249,471
7250,525
7251,575
7252,673
7253,673
7254,-27
7255,675
7256,675
7257,625
7258,675
7259,675
7260,400
7261,-77
7262,675
7263,623
7264,575
7265,673
7266,673
7267,625
7268,350
7269,-125
7270,525
7271,573
7272,625
7273,-127
7274,-125
7275,625
7276,169
7277,525
7278,623
7279,-225
7280,675
7281,673
7282,573
7283,675
7284,-75
7285,-75
7286,675
7287,300
7288,625
7289,500
7290,375
7291,675
7292,675
7293,675
7294,575
7295,625
7296,-75
7297,-125
7298,675
7299,-77
7300,675
7301,625
7302,-125
7303,623
7304,673
7305,675
7306,-175
7307,-25
7308,675
7309,625
7310,673
7311,675
7312,675
7313,625
7314,-100
7315,675
7316,425
7317,675
7318,675
7319,625
7320,573
7321,575
7322,675
7323,623
7324,675
7325,675
7326,500
7327,675
7328,675
7329,25
7330,575
7331,525
7332,675
7333,625
7334,673
7335,675
7336,-75
7337,-75
7338,673
7339,675
7340,225
7341,625
7342,-75
7343,525
7344,525
7345,673
7346,625
7347,671
7348,-175
7349,575
7350,675
7351,675
7352,-75
7353,-77
7354,-75
7355,675
7356,675
7357,623
7358,625
7359,-77
7360,-175
7361,675
7362,475
7363,625
7364,575
7365,575
7366,550
7367,625
7368,675
7369,673
7370,675
7371,421
7372,500
7373,673
7374,475
7375,575
7376,673
7377,575
7378,673
7379,523
7380,675
7381,425
7382,525
7383,625
7384,675
7385,675
7386,-125
7387,675
7388,623
7389,623
7390,625
7391,621
7392,675
7393,398
7394,-102
7395,375
7396,371
7397,375
7398,-75
7399,475
7400,625
7401,525
7402,-125
7403,575
7404,625
7405,523
7406,625
7407,473
7408,575
7409,623
7410,623
7411,675
7412,675
7413,675
7414,-125
7415,-125
7416,-75
7417,625
7418,-125
7419,-125
7420,673
7421,525
7422,473
7423,675
7424,625
7425,623
7426,473
7427,625
7428,400
7429,675
7430,675
7431,300
7432,575
7433,673
7434,675
7435,625
7436,471
7437,575
7438,623
7439,573
7440,675
7441,625
7442,675
7443,350
7444,350
7445,475
7446,75
7447,-25
7448,675
7449,-125
7450,-75
7451,525
7452,625
7453,-125
7454,525
7455,675
7456,623
7457,675
7458,375
7459,575
7460,673
7461,623
7462,673
7463,525
7464,-125
7465,675
7466,573
7467,675
7468,469
7469,673
7470,675
7471,673
7472,273
7473,623
7474,625
7475,675
7476,675
7477,623
7478,675
7479,575
7480,473
7481,523
7482,625
7483,623
7484,498
7485,273
7486,-127
7487,673
7488,623
7489,675
7490,-175
7491,-77
7492,575
7493,525
7494,623
7495,-25
7496,675
7497,575
7498,523
7499,-25
7500,623
7501,-125
7502,675
7503,673
7504,625
7505,623
7506,525
7507,625
7508,400
7509,675
7510,571
7511,675
7512,425
7513,675
7514,296
7515,673
7516,623
7517,550
7518,675
7519,575
7520,-125
7521,573
7522,625
7523,675
7524,625
7525,673
7526,350
7527,400
7528,425
7529,675
7530,575
7531,425
7532,675
7533,-75
7534,623
7535,500
7536,675
7537,621
7538,-125
7539,-175
7540,675
7541,675
7542,625
7543,-125
7544,573
7545,625
7546,575
7547,625
7548,475
7549,73
7550,400
7551,471
7552,675
7553,-31
7554,398
7555,675
7556,625
7557,573
7558,625
7559,675
7560,-31
7561,575
7562,573
7563,-125
7564,623
7565,675
7566,100
7567,-125
7568,575
7569,625
7570,675
7571,625
7572,675
7573,575
7574,-75
7575,675
7576,675
7577,-27
7578,675
7579,-175
7580,625
7581,-29
7582,625
7583,675
7584,-75
7585,625
7586,575
7587,675
7588,-125
7589,-25
7590,100
7591,675
7592,675
7593,675
7594,675
7595,-275
7596,623
7597,625
7598,675
7599,671
7600,675
7601,621
7602,-75
7603,675
7604,673
7605,425
7606,-77
7607,625
7608,-75
7609,675
7610,673
7611,669
7612,425
7613,-127
7614,675
7615,575
7616,623
7617,573
7618,475
7619,425
7620,673
7621,575
7622,625
7623,623
7624,-125
7625,550
7626,625
7627,548
7628,425
7629,625
7630,548
7631,625
7632,575
7633,400
7634,673
7635,-125
7636,-125
7637,573
7638,-31
7639,-75
7640,675
7641,571
7642,625
7643,425
7644,675
7645,400
7646,625
7647,625
7648,675
7649,675
7650,-125
7651,675
7652,675
7653,573
7654,675
7655,-77
7656,625
7657,425
7658,675
7659,523
7660,625
7661,625
7662,675
7663,673
7664,-75
7665,675
7666,673
7667,675
7668,350
7669,675
7670,673
7671,350
7672,571
7673,575
7674,671
7675,625
7676,521
7677,400
7678,675
7679,573
7680,675
7681,675
7682,523
7683,400
7684,550
7685,623
7686,625
7687,621
7688,625
7689,-125
7690,625
7691,-75
7692,673
7693,673
7694,675
7695,-75
7696,625
7697,575
7698,675
7699,625
7700,-25
7701,673
7702,675
7703,-175
7704,-175
7705,375
7706,-125
7707,521
7708,575
7709,673
7710,625
7711,-125
7712,575
7713,-77
7714,675
7715,575
7716,675
7717,350
7718,-25
7719,675
7720,675
7721,425
7722,-175
7723,573
7724,-75
7725,375
7726,425
7727,398
7728,250
7729,321
7730,673
7731,625
7732,-77
7733,-27
7734,525
7735,325
7736,-27
7737,675
7738,675
7739,525
7740,623
7741,-25
7742,-75
7743,275
7744,625
7745,575
7746,673
7747,675
7748,75
7749,-125
7750,675
7751,675
7752,675
7753,623
7754,675
7755,675
7756,625
7757,625
7758,675
7759,675
7760,625
7761,675
7762,400
7763,548
7764,625
7765,675
7766,-27
7767,625
7768,-125
7769,675
7770,625
7771,500
7772,-125
7773,575
7774,675
7775,573
7776,373
7777,525
7778,-25
7779,525
7780,673
7781,675
7782,575
7783,675
7784,550
7785,-200
7786,550
7787,425
7788,400
7789,575
7790,675
7791,-27
7792,575
7793,425
7794,-125
7795,-77
7796,475
7797,625
7798,673
7799,625
7800,244
7801,-125
7802,623
7803,625
7804,675
7805,675
7806,425
7807,673
7808,-79
7809,-25
7810,425
7811,575
7812,400
7813,575
7814,671
7815,575
7816,573
7817,-75
7818,425
7819,625
7820,625
7821,625
7822,350
7823,298
7824,-125
7825,673
7826,148
7827,515
7828,675
7829,573
7830,625
7831,675
7832,675
7833,571
7834,550
7835,625
7836,673
7837,-125
7838,625
7839,675
7840,625
7841,573
7842,625
7843,675
7844,525
7845,625
7846,623
7847,-125
7848,675
7849,425
7850,625
7851,675
7852,675
7853,525
7854,675
7855,675
7856,675
7857,-200
7858,675
7859,-125
7860,571
7861,675
7862,675
7863,625
7864,575
7865,675
7866,625
7867,-75
7868,-175
7869,350
7870,675
7871,-27
7872,675
7873,298
7874,350
7875,348
7876,673
7877,625
7878,625
7879,423
7880,675
7881,425
7882,-31
7883,-29
7884,675
7885,675
7886,625
7887,400
7888,575
7889,675
7890,300
7891,-125
7892,625
7893,425
7894,321
7895,-175
7896,0
7897,500
7898,-27
7899,671
7900,625
7901,623
7902,400
7903,673
7904,350
7905,671
7906,675
7907,375
7908,625
7909,-125
7910,-75
7911,623
7912,675
7913,623
7914,675
7915,625
7916,575
7917,-75
7918,675
7919,675
7920,550
7921,250
7922,-200
7923,675
7924,298
7925,-27
7926,675
7927,673
7928,625
7929,375
7930,525
7931,675
7932,575
7933,275
7934,675
7935,671
7936,675
7937,623
7938,625
7939,621
7940,625
7941,-27
7942,675
7943,521
7944,-75
7945,400
7946,673
7947,671
7948,425
7949,-75
7950,0
7951,675
7952,425
7953,323
7954,398
7955,623
7956,675
7957,-125
7958,425
7959,619
7960,675
7961,375
7962,575
7963,675
7964,623
7965,623
7966,621
7967,675
7968,575
7969,-127
7970,425
7971,-27
7972,675
7973,248
7974,675
7975,575
7976,625
7977,675
7978,-75
7979,621
7980,350
7981,-25
7982,673
7983,575
7984,673
7985,-125
7986,625
7987,-125
7988,625
7989,-79
7990,625
7991,348
7992,575
7993,675
7994,-127
7995,675
7996,675
7997,623
7998,-127
7999,-125
8000,400
8001,-125
8002,675
8003,498
8004,425
8005,575
8006,-125
8007,675
8008,675
8009,575
8010,398
8011,675
8012,675
8013,675
8014,525
8015,-75
8016,623
8017,675
8018,575
8019,625
8020,623
8021,473
8022,623
8023,-200
8024,525
8025,675
8026,350
8027,-75
8028,-125
8029,675
8030,675
8031,625
8032,675
8033,425
8034,423
8035,625
8036,575
8037,348
8038,-75
8039,398
8040,-125
8041,675
8042,425
8043,625
8044,675
8045,675
8046,675
8047,573
8048,175
8049,-125
8050,-27
8051,-75
8052,-75
8053,673
8054,625
8055,625
8056,623
8057,-75
8058,621
8059,623
8060,525
8061,675
8062,325
8063,-179
8064,673
8065,675
8066,675
8067,525
8068,625
8069,-127
8070,423
8071,675
8072,400
8073,675
8074,623
8075,548
8076,498
8077,-125
8078,350
8079,675
8080,675
8081,-125
8082,421
8083,675
8084,625
8085,673
8086,-29
8087,400
8088,675
8089,625
8090,600
8091,625
8092,425
8093,-77
8094,673
8095,575
8096,671
8097,-75
8098,425
8099,673
8100,625
8101,-25
8102,625
8103,671
8104,250
8105,625
8106,525
8107,675
8108,675
8109,548
8110,675
8111,625
8112,-50
8113,500
8114,469
8115,621
8116,275
8117,673
8118,550
8119,523
8120,675
8121,625
8122,575
8123,623
8124,425
8125,423
8126,671
8127,400
8128,675
8129,669
8130,-77
8131,-125
8132,675
8133,-75
8134,675
8135,673
8136,298
8137,675
8138,675
8139,-125
8140,-125
8141,-75
8142,-75
8143,-129
8144,625
8145,625
8146,525
8147,-50
8148,571
8149,571
8150,523
8151,675
8152,-75
8153,425
8154,600
8155,675
8156,673
8157,575
8158,675
8159,-125
8160,546
8161,523
8162,675
8163,675
8164,423
8165,400
8166,575
8167,-125
8168,569
8169,675
8170,-75
8171,625
8172,423
8173,675
8174,496
8175,475
8176,675
8177,525
8178,673
8179,473
8180,421
8181,-200
8182,673
8183,625
8184,675
8185,-75
8186,350
8187,375
8188,675
8189,573
8190,675
8191,623
8192,-25
8193,673
8194,425
8195,573
8196,-125
8197,675
8198,625
8199,-27
8200,621
8201,525
8202,673
8203,521
8204,525
8205,523
8206,573
8207,571
8208,423
8209,573
8210,-79
8211,673
8212,625
8213,675
8214,671
8215,625
8216,-125
8217,-75
8218,25
8219,375
8220,625
8221,623
8222,675
8223,525
8224,548
8225,525
8226,-75
8227,675
8228,575
8229,-77
8230,-75
8231,675
8232,625
8233,675
8234,623
8235,675
8236,-25
8237,673
8238,25
8239,675
8240,400
8241,523
8242,573
8243,-175
8244,675
8245,-77
8246,675
8247,-75
8248,625
8249,400
8250,473
8251,625
8252,675
8253,275
8254,625
8255,300
8256,-77
8257,625
8258,675
8259,625
8260,-27
8261,675
8262,675
8263,625
8264,673
8265,675
8266,523
8267,-75
8268,625
8269,-127
8270,625
8271,417
8272,523
8273,625
8274,521
8275,675
8276,548
8277,-27
8278,623
8279,573
8280,100
8281,375
8282,673
8283,625
8284,-75
8285,-125
8286,575
8287,625
8288,-75
8289,-75
8290,623
8291,300
8292,-75
8293,675
8294,-125
8295,-100
8296,675
8297,623
8298,-75
8299,675
8300,-275
8301,625
8302,-75
8303,350
8304,-75
8305,673
8306,350
8307,675
8308,-77
8309,675
8310,473
8311,-75
8312,550
8313,-25
8314,675
8315,675
8316,500
8317,400
8318,675
8319,575
8320,625
8321,-125
8322,671
8323,523
8324,444
8325,623
8326,-75
8327,625
8328,573
8329,550
8330,525
8331,525
8332,575
8333,375
8334,673
8335,675
8336,-127
8337,575
8338,-75
8339,575
8340,-202
8341,625
8342,575
8343,550
8344,575
8345,673
8346,623
8347,521
8348,575
8349,-75
8350,-75
8351,500
8352,575
8353,-125
8354,675
8355,321
8356,-75
8357,-127
8358,673
8359,575
8360,-75
8361,-77
8362,600
8363,675
8364,573
8365,675
8366,-25
8367,400
8368,575
8369,-75
8370,623
8371,273
8372,-75
8373,-31
8374,623
8375,675
8376,625
8377,550
8378,675
8379,623
8380,-77
8381,375
8382,-27
8383,525
8384,571
8385,-29
8386,-75
8387,675
8388,625
8389,675
8390,425
8391,-125
8392,525
8393,573
8394,625
8395,525
8396,519
8397,673
8398,675
8399,675
8400,675
8401,623
8402,675
8403,223
8404,375
8405,73
8406,675
8407,575
8408,623
8409,675
8410,675
8411,-77
8412,675
8413,625
8414,575
8415,673
8416,625
8417,625
8418,550
8419,525
8420,-77
8421,-25
8422,625
8423,675
8424,673
8425,573
8426,625
8427,573
8428,575
8429,473
8430,400
8431,675
8432,573
8433,-75
8434,673
8435,-125
8436,-75
8437,423
8438,475
8439,669
8440,675
8441,625
8442,-75
8443,675
8444,-25
8445,673
8446,-125
8447,-77
8448,425
8449,571
8450,673
8451,625
8452,550
8453,373
8454,675
8455,373
8456,625
8457,623
8458,675
8459,675
8460,675
8461,523
8462,673
8463,450
8464,625
8465,-125
8466,625
8467,350
8468,300
8469,673
8470,673
8471,675
8472,623
8473,623
8474,-27
8475,-4
8476,575
8477,-25
8478,421
8479,-75
8480,675
8481,625
8482,625
8483,150
8484,-125
8485,469
8486,-125
8487,575
8488,675
8489,125
8490,673
8491,675
8492,625
8493,475
8494,573
8495,625
8496,-25
8497,675
8498,625
8499,573
8500,675
8501,190
8502,625
8503,675
8504,675
8505,575
8506,675
8507,625
8508,675
8509,375
8510,623
8511,673
8512,350
8513,625
8514,346
8515,625
8516,673
8517,525
8518,425
8519,675
8520,625
8521,623
8522,550
8523,-125
8524,675
8525,575
8526,525
8527,550
8528,623
8529,621
8530,625
8531,623
8532,425
8533,442
8534,623
8535,675
8536,675
8537,525
8538,675
8539,-75
8540,623
8541,550
8542,523
8543,675
8544,623
8545,623
8546,575
8547,625
8548,475
8549,675
8550,425
8551,-125
8552,350
8553,0
8554,475
8555,550
8556,569
8557,-125
8558,675
8559,523
8560,423
8561,548
8562,675
8563,400
8564,623
8565,675
8566,673
8567,573
8568,675
8569,673
8570,675
8571,675
8572,-250
8573,623
8574,350
8575,475
8576,623
8577,425
8578,625
8579,673
8580,-125
8581,625
8582,350
8583,623
8584,675
8585,-200
8586,625
8587,575
8588,575
8589,675
8590,-125
8591,675
8592,525
8593,400
8594,575
8595,-75
8596,675
8597,675
8598,-127
8599,673
8600,548
8601,675
8602,348
8603,525
8604,573
8605,675
8606,675
8607,473
8608,625
8609,623
8610,575
8611,575
8612,-77
8613,675
8614,-77
8615,423
8616,675
8617,625
8618,673
8619,675
8620,423
8621,675
8622,575
8623,675
8624,675
8625,323
8626,-125
8627,-125
8628,575
8629,625
8630,525
8631,398
8632,400
8633,623
8634,625
8635,521
8636,675
8637,-125
8638,-125
8639,675
8640,667
8641,675
8642,348
8643,625
8644,525
8645,625
8646,625
8647,675
8648,673
8649,-77
8650,625
8651,625
8652,-125
8653,375
8654,675
8655,619
8656,675
8657,673
8658,-75
8659,350
8660,675
8661,671
8662,575
8663,675
8664,675
8665,425
8666,575
8667,375
8668,625
8669,350
8670,625
8671,350
8672,225
8673,398
8674,675
8675,-202
8676,669
8677,675
8678,623
8679,625
8680,573
8681,-125
8682,675
8683,171
8684,625
8685,625
8686,623
8687,625
8688,475
8689,-127
8690,-25
8691,625
8692,625
8693,473
8694,621
8695,625
8696,625
8697,-125
8698,675
8699,625
8700,623
8701,673
8702,575
8703,548
8704,675
8705,625
8706,625
8707,-125
8708,625
8709,575
8710,-75
8711,-35
8712,-75
8713,75
8714,473
8715,675
8716,550
8717,675
8718,-125
8719,-77
8720,-79
8721,573
8722,450
8723,-75
8724,425
8725,675
8726,667
8727,623
8728,625
8729,100
8730,-125
8731,100
8732,375
8733,625
8734,-25
8735,675
8736,625
8737,575
8738,673
8739,573
8740,-125
8741,675
8742,673
8743,675
8744,-25
8745,575
8746,-25
8747,423
8748,575
8749,675
8750,675
8751,471
8752,623
8753,400
8754,673
8755,425
8756,625
8757,200
8758,625
8759,246
8760,675
8761,525
8762,575
8763,248
8764,521
8765,675
8766,623
8767,423
8768,623
8769,675
8770,573
8771,625
8772,525
8773,625
8774,-27
8775,573
8776,575
8777,625
8778,-75
8779,523
8780,548
8781,675
8782,673
8783,450
8784,623
8785,575
8786,244
8787,673
8788,675
8789,623
8790,575
8791,375
8792,23
8793,673
8794,623
8795,623
8796,575
8797,675
8798,-125
8799,625
8800,-50
8801,625
8802,-25
8803,621
8804,-25
8805,625
8806,325
8807,573
8808,-77
8809,675
8810,675
8811,-75
8812,550
8813,573
8814,675
8815,675
8816,-127
8817,-75
8818,671
8819,625
8820,625
8821,673
8822,673
8823,675
8824,625
8825,673
8826,675
8827,625
8828,623
8829,-229
8830,625
8831,623
8832,625
8833,625
8834,625
8835,673
8836,675
8837,425
8838,675
8839,575
8840,575
8841,675
8842,575
8843,625
8844,625
8845,675
8846,248
8847,675
8848,-125
8849,675
8850,-125
8851,-75
8852,425
8853,-225
8854,425
8855,-177
8856,675
8857,525
8858,675
8859,-175
8860,675
8861,675
8862,500
8863,-125
8864,623
8865,-75
8866,-75
8867,525
8868,275
8869,675
8870,423
8871,-127
8872,473
8873,-200
8874,625
8875,673
8876,621
8877,-125
8878,625
8879,625
8880,-75
8881,625
8882,523
8883,625
8884,394
8885,548
8886,675
8887,621
8888,473
8889,-29
8890,675
8891,-200
8892,575
8893,675
8894,675
8895,675
8896,675
8897,575
8898,575
8899,498
8900,625
8901,525
8902,675
8903,-29
8904,625
8905,-127
8906,675
8907,675
8908,675
8909,394
8910,575
8911,675
8912,-125
8913,323
8914,-25
8915,-75
8916,675
8917,-125
8918,-125
8919,525
8920,73
8921,450
8922,425
8923,348
8924,425
8925,300
8926,548
8927,-127
8928,375
8929,475
8930,573
8931,525
8932,-175
8933,-150
8934,-75
8935,573
8936,625
8937,675
8938,675
8939,573
8940,625
8941,271
8942,673
8943,675
8944,-125
8945,525
8946,623
8947,525
8948,675
8949,575
8950,625
8951,625
8952,523
8953,675
8954,-75
8955,675
8956,673
8957,-125
8958,400
8959,473
8960,350
8961,675
8962,-125
8963,675
8964,-75
8965,425
8966,-27
8967,673
8968,-200
8969,-125
8970,673
8971,523
8972,575
8973,623
8974,525
8975,675
8976,-77
8977,-75
8978,-75
8979,-79
8980,625
8981,542
8982,-125
8983,675
8984,400
8985,625
8986,473
8987,473
8988,623
8989,525
8990,625
8991,675
8992,148
8993,625
8994,575
8995,373
8996,675
8997,-125
8998,675
8999,673
9000,675
9001,621
9002,675
9003,573
9004,475
9005,673
9006,-125
9007,675
9008,673
9009,675
9010,373
9011,425
9012,250
9013,-75
9014,298
9015,425
9016,473
9017,498
9018,-25
9019,575
9020,625
9021,-75
9022,498
9023,-77
9024,675
9025,625
9026,673
9027,-127
9028,675
9029,671
9030,673
9031,623
9032,625
9033,675
9034,675
9035,675
9036,625
9037,-25
9038,673
9039,-75
9040,625
9041,571
9042,-77
9043,675
9044,575
9045,675
9046,625
9047,675
9048,675
9049,673
9050,-200
9051,275
9052,625
9053,675
9054,625
9055,525
9056,300
9057,625
9058,673
9059,100
9060,673
9061,675
9062,-25
9063,673
9064,-102
9065,675
9066,-131
9067,-75
9068,-75
9069,-125
9070,673
9071,-75
9072,500
9073,625
9074,675
9075,675
9076,675
9077,625
9078,450
9079,-31
9080,471
9081,625
9082,623
9083,573
9084,625
9085,523
9086,625
9087,525
9088,625
9089,623
9090,-52
9091,-75
9092,400
9093,625
9094,675
9095,-75
9096,500
9097,675
9098,523
9099,475
9100,425
9101,675
9102,675
9103,675
9104,623
9105,400
9106,500
9107,575
9108,525
9109,-125
9110,575
9111,373
9112,523
9113,523
9114,575
9115,-77
9116,671
9117,625
9118,-75
9119,-25
9120,625
9121,675
9122,525
9123,523
9124,575
9125,573
9126,675
9127,-75
9128,675
9129,350
9130,675
9131,225
9132,-125
9133,425
9134,600
9135,100
9136,621
9137,675
9138,625
9139,-125
9140,-25
9141,-125
9142,623
9143,425
9144,-75
9145,-75
9146,-175
9147,575
9148,-125
9149,623
9150,-227
9151,323
9152,675
9153,675
9154,625
9155,675
9156,625
9157,396
9158,675
9159,675
9160,398
9161,471
9162,-75
9163,521
9164,250
9165,-75
9166,625
9167,675
9168,-125
9169,-75
9170,573
9171,575
9172,675
9173,0
9174,669
9175,675
9176,-77
9177,-200
9178,623
9179,675
9180,625
9181,675
9182,-202
9183,673
9184,675
9185,675
9186,671
9187,575
9188,475
9189,673
9190,673
9191,675
9192,475
9193,-75
9194,675
9195,-25
9196,675
9197,-125
9198,625
9199,521
9200,625
9201,675
9202,575
9203,-125
9204,425
9205,625
9206,575
9207,275
9208,625
9209,625
9210,671
9211,675
9212,500
9213,673
9214,675
9215,-77
9216,675
9217,675
9218,673
9219,-127
9220,575
9221,675
9222,625
9223,473
9224,523
9225,298
9226,675
9227,-125
9228,625
9229,300
9230,675
9231,673
9232,523
9233,675
9234,525
9235,-75
9236,675
9237,348
9238,-75
9239,425
9240,425
9241,623
9242,573
9243,-75
9244,325
9245,350
9246,675
9247,-75
9248,623
9249,675
9250,621
9251,575
9252,675
9253,673
9254,575
9255,-125
9256,200
9257,625
9258,623
9259,550
9260,675
9261,523
9262,625
9263,-75
9264,475
9265,625
9266,398
9267,623
9268,623
9269,375
9270,675
9271,-77
9272,398
9273,675
9274,575
9275,471
9276,625
9277,623
9278,500
9279,623
9280,673
9281,675
9282,475
9283,525
9284,623
9285,-77
9286,625
9287,675
9288,625
9289,673
9290,425
9291,625
9292,675
9293,625
9294,623
9295,625
9296,623
9297,525
9298,-25
9299,-75
9300,375
9301,-75
9302,-31
9303,673
9304,673
9305,675
9306,575
9307,398
9308,575
9309,621
9310,675
9311,425
9312,425
9313,325
9314,575
9315,625
9316,-75
9317,625
9318,-75
9319,250
9320,473
9321,425
9322,-175
9323,425
9324,675
9325,-125
9326,425
9327,675
9328,675
9329,675
9330,-27
9331,675
9332,675
9333,-25
9334,-75
9335,-77
9336,625
9337,-127
9338,375
9339,623
9340,625
9341,625
9342,675
9343,675
9344,148
9345,-75
9346,575
9347,673
9348,-75
9349,-125
9350,525
9351,625
9352,375
9353,673
9354,675
9355,625
9356,525
9357,575
9358,573
9359,525
9360,625
9361,675
9362,275
9363,200
9364,625
9365,-125
9366,525
9367,623
9368,625
9369,673
9370,-25
9371,675
9372,-175
9373,-75
9374,-125
9375,675
9376,675
9377,673
9378,675
9379,300
9380,675
9381,250
9382,675
9383,575
9384,673
9385,573
9386,675
9387,-125
9388,675
9389,625
9390,675
9391,621
9392,625
9393,575
9394,523
9395,-225
9396,675
9397,625
9398,625
9399,-25
9400,625
9401,523
9402,675
9403,-125
9404,623
9405,625
9406,625
9407,-75
9408,673
9409,525
9410,400
9411,575
9412,-125
9413,425
9414,71
9415,-125
9416,375
9417,450
9418,673
9419,675
9420,523
9421,621
9422,448
9423,675
9424,-77
9425,425
9426,575
9427,-79
9428,625
9429,675
9430,669
9431,675
9432,675
9433,498
9434,-125
9435,-25
9436,625
9437,675
9438,671
9439,673
9440,-125
9441,48
9442,-175
9443,425
9444,673
9445,671
9446,-75
9447,-125
9448,423
9449,-75
9450,675
9451,-54
9452,-125
9453,575
9454,625
9455,625
9456,675
9457,675
9458,625
9459,-77
9460,673
9461,523
9462,423
9463,625
9464,625
9465,675
9466,573
9467,469
9468,-75
9469,571
9470,675
9471,625
9472,623
9473,625
9474,-175
9475,150
9476,-75
9477,475
9478,675
9479,225
9480,675
9481,623
9482,625
9483,675
9484,525
9485,621
9486,675
9487,625
9488,625
9489,625
9490,675
9491,298
9492,-77
9493,623
9494,-75
9495,525
9496,575
9497,625
9498,473
9499,-27
9500,523
9501,675
9502,521
9503,425
9504,-25
9505,-100
9506,675
9507,548
9508,623
9509,396
9510,675
9511,-125
9512,625
9513,625
9514,675
9515,673
9516,675
9517,-202
9518,673
9519,623
9520,625
9521,625
9522,675
9523,-75
9524,675
9525,-81
9526,575
9527,675
9528,-75
9529,675
9530,548
9531,521
9532,673
9533,-77
9534,-75
9535,625
9536,521
9537,175
9538,446
9539,675
9540,673
9541,550
9542,475
9543,625
9544,673
9545,-127
9546,575
9547,625
9548,675
9549,675
9550,-127
9551,675
9552,525
9553,-75
9554,-175
9555,425
9556,575
9557,673
9558,573
9559,-25
9560,-27
9561,625
9562,675
9563,575
9564,350
9565,398
9566,675
9567,671
9568,550
9569,625
9570,623
9571,675
9572,625
9573,350
9574,625
9575,673
9576,-75
9577,-125
9578,473
9579,375
9580,675
9581,-25
9582,348
9583,400
9584,623
9585,575
9586,673
9587,523
9588,473
9589,673
9590,675
9591,675
9592,675
9593,425
9594,296
9595,-77
9596,625
9597,675
9598,623
9599,600
9600,675
9601,623
9602,525
9603,569
9604,625
9605,619
9606,-81
9607,375
9608,675
9609,-75
9610,398
9611,-77
9612,575
9613,573
9614,573
9615,-125
9616,392
9617,475
9618,675
9619,-125
9620,675
9621,296
9622,673
9623,575
9624,675
9625,675
9626,675
9627,675
9628,625
9629,675
9630,425
9631,675
9632,675
9633,400
9634,675
9635,673
9636,625
9637,673
9638,623
9639,675
9640,-27
9641,575
9642,673
9643,675
9644,571
9645,675
9646,675
9647,675
9648,-77
9649,-125
9650,550
9651,625
9652,575
9653,675
9654,675
9655,625
9656,625
9657,623
9658,573
9659,375
9660,625
9661,423
9662,-127
9663,675
9664,673
9665,348
9666,675
9667,523
9668,373
9669,675
9670,575
9671,675
9672,-125
9673,400
9674,673
9675,-175
9676,325
9677,-77
9678,575
9679,575
9680,375
9681,623
9682,625
9683,625
9684,-29
9685,675
9686,400
9687,-125
9688,523
9689,248
9690,625
9691,623
9692,375
9693,473
9694,-125
9695,625
9696,348
9697,425
9698,675
9699,-75
9700,-125
9701,-125
9702,673
9703,625
9704,623
9705,575
9706,671
9707,525
9708,625
9709,675
9710,523
9711,675
9712,675
9713,675
9714,675
9715,575
9716,-81
9717,-125
9718,675
9719,625
9720,-25
9721,625
9722,-77
9723,673
9724,523
9725,575
9726,375
9727,575
9728,673
9729,425
9730,673
9731,673
9732,-29
9733,675
9734,675
9735,-75
9736,625
9737,550
9738,625
9739,573
9740,275
9741,-125
9742,600
9743,519
9744,675
9745,-125
9746,-125
9747,-100
9748,525
9749,625
9750,675
9751,575
9752,675
9753,673
9754,675
9755,525
9756,425
9757,525
9758,425
9759,675
9760,-27
9761,625
9762,625
9763,-50
9764,625
9765,625
9766,625
9767,371
9768,598
9769,623
9770,-77
9771,673
9772,-75
9773,275
9774,-75
9775,375
9776,150
9777,673
9778,623
9779,675
9780,325
9781,625
9782,675
9783,-52
9784,-125
9785,671
9786,675
9787,525
9788,-125
9789,348
9790,675
9791,675
9792,525
9793,623
9794,575
9795,575
9796,396
9797,625
9798,675
9799,675
9800,625
9801,625
9802,-252
9803,573
9804,675
9805,625
9806,350
9807,348
9808,623
9809,625
9810,675
9811,575
9812,-127
9813,375
9814,475
9815,625
9816,675
9817,675
9818,475
9819,-125
9820,-127
9821,623
9822,625
9823,425
9824,625
9825,-29
9826,-29
9827,675
9828,675
9829,-75
9830,-127
9831,675
9832,623
9833,521
9834,675
9835,-75
9836,675
9837,-125
9838,219
9839,550
9840,675
9841,625
9842,-25
9843,-175
9844,-125
9845,-125
9846,-75
9847,-252
9848,-125
9849,621
9850,246
9851,671
9852,675
9853,423
9854,396
9855,575
9856,675
9857,-125
9858,675
9859,675
9860,425
9861,-125
9862,350
9863,673
9864,-75
9865,575
9866,373
9867,473
9868,375
9869,-125
9870,-25
9871,575
9872,-127
9873,673
9874,400
9875,625
9876,348
9877,575
9878,673
9879,-75
9880,673
9881,673
9882,675
9883,-75
9884,375
9885,623
9886,625
9887,398
9888,625
9889,150
9890,675
9891,473
9892,-27
9893,675
9894,-75
9895,673
9896,-75
9897,675
9898,398
9899,673
9900,425
9901,398
9902,371
9903,573
9904,525
9905,623
9906,625
9907,573
9908,346
9909,425
9910,625
9911,371
9912,675
9913,348
9914,575
9915,123
9916,423
9917,298
9918,-27
9919,-125
9920,675
9921,-125
9922,675
9923,375
9924,673
9925,-125
9926,673
9927,675
9928,625
9929,675
9930,623
9931,621
9932,675
9933,625
9934,-75
9935,275
9936,-75
9937,350
9938,673
9939,575
9940,-227
9941,525
9942,248
9943,225
9944,675
9945,675
9946,573
9947,-77
9948,675
9949,675
9950,425
9951,398
9952,550
9953,675
9954,673
9955,-125
9956,623
9957,675
9958,673
9959,575
9960,621
9961,-75
9962,525
9963,675
9964,350
9965,575
9966,-27
9967,675
9968,675
9969,675
9970,575
9971,675
9972,-75
9973,473
9974,675
9975,625
9976,-75
9977,-125
9978,-125
9979,425
9980,625
9981,525
9982,-75
9983,625
9984,675
9985,275
9986,-175
9987,625
9988,-75
9989,625
9990,400
9991,400
9992,673
9993,-50
9994,-77
9995,471
9996,425
9997,675
9998,-29
9999,575
10000,675
[[(4, 4), 0, -25], [(3, 4), 2, 50], [(3, 3), 2, 50], [(3, 2), 2, 250], [(3, 1), 0, 250], [(2, 1), 0, -25], [(1, 1), 0, -25], [(0, 1), 2, 150]]