1,-203
2,-252
3,-345
4,-118
5,-202
6,-125
7,-381
8,-395
9,-202
10,-615
11,-416
12,-445
13,-766
14,-337
15,242
16,-714
17,267
18,-416
19,-177
20,-100
21,494
22,-722
23,-615
24,-139
25,-256
26,-157
27,-1042
28,-324
29,-461
30,-489
31,471
32,-435
33,-81
34,-529
35,-202
36,-83
37,-268
38,465
39,-220
40,-202
41,-337
42,153
43,248
44,-258
45,-497
46,-439
47,-562
48,44
49,-79
50,-306
51,-185
52,-31
53,-150
54,-204
55,-179
56,-156
57,74
58,-310
59,-252
60,-988
61,-314
62,-389
63,-175
64,-175
65,-541
66,-175
67,-341
68,-143
69,-383
70,-630
71,-568
72,-20
73,-289
74,275
75,-389
76,-208
77,-318
78,-125
79,-200
80,-401
81,146
82,-264
83,-225
84,-87
85,-75
86,-491
87,421
88,-341
89,98
90,-237
91,-389
92,-227
93,-75
94,-133
95,203
96,-131
97,-131
98,-125
99,-129
100,-369
101,-177
102,-131
103,-193
104,190
105,-245
106,-158
107,298
108,-129
109,273
110,-125
111,365
112,-54
113,21
114,-200
115,-310
116,-433
117,-177
118,47
119,-127
120,-233
121,-175
122,-767
123,-310
124,138
125,69
126,-276
127,540
128,-6
129,-200
130,-175
131,390
132,623
133,-737
134,-150
135,-252
136,-187
137,-131
138,-79
139,-175
140,223
141,-277
142,400
143,-214
144,271
145,-131
146,-418
147,-129
148,-354
149,-254
150,-179
151,-210
152,150
153,-229
154,-225
155,469
156,623
157,13
158,-541
159,-616
160,-187
161,-266
162,-152
163,323
164,-131
165,373
166,-106
167,-35
168,-306
169,-1201
170,-131
171,-249
172,446
173,-283
174,-29
175,-722
176,-258
177,98
178,-285
179,-358
180,544
181,265
182,-485
183,-131
184,-129
185,-356
186,-202
187,-385
188,315
189,-577
190,48
191,-289
192,-131
193,-460
194,-250
195,50
196,-175
197,-739
198,-302
199,373
200,267
201,-410
202,121
203,-179
204,-237
205,473
206,90
207,-77
208,-231
209,-147
210,163
211,100
212,-125
213,-75
214,-156
215,373
216,-231
217,165
218,-175
219,-127
220,-75
221,-225
222,-609
223,-129
224,-179
225,192
226,-125
227,221
228,-85
229,50
230,-125
231,19
232,-177
233,294
234,-75
235,-287
236,373
237,-102
238,-127
239,-77
240,-151
241,-110
242,-177
243,-75
244,267
245,-202
246,-227
247,-237
248,98
249,67
250,250
251,-177
252,-227
253,469
254,-154
255,344
256,421
257,-75
258,-131
259,-127
260,267
261,-275
262,-54
263,21
264,90
265,-127
266,340
267,419
268,171
269,-179
270,-333
271,292
272,71
273,169
274,-137
275,-100
276,48
277,-160
278,425
279,-127
280,190
281,-454
282,-175
283,425
284,569
285,-127
286,346
287,296
288,423
289,375
290,-202
291,-208
292,-200
293,675
294,-229
295,17
296,-125
297,-127
298,-56
299,313
300,-125
301,-179
302,675
303,-166
304,-229
305,419
306,-83
307,-125
308,490
309,225
310,423
311,-433
312,623
313,473
314,-202
315,-100
316,-127
317,169
318,325
319,246
320,-304
321,-177
322,-150
323,-104
324,-27
325,-129
326,523
327,550
328,257
329,496
330,136
331,423
332,625
333,-281
334,257
335,-118
336,-389
337,-175
338,-150
339,-129
340,-175
341,-181
342,-127
343,-129
344,-125
345,136
346,-127
347,-231
348,569
349,523
350,-127
351,-179
352,-74
353,273
354,496
355,675
356,-225
357,-127
358,498
359,-135
360,425
361,-179
362,298
363,423
364,-125
365,-254
366,196
367,473
368,-27
369,323
370,-77
371,121
372,473
373,-225
374,425
375,-335
376,-2
377,13
378,-175
379,571
380,294
381,525
382,-252
383,98
384,323
385,-235
386,-81
387,-175
388,-81
389,-302
390,167
391,-200
392,-33
393,-125
394,673
395,-229
396,494
397,248
398,-200
399,-75
400,-200
401,423
402,525
403,517
404,215
405,425
406,319
407,146
408,-200
409,142
410,-77
411,573
412,321
413,373
414,-104
415,573
416,419
417,-237
418,471
419,421
420,-75
421,271
422,673
423,-233
424,-125
425,-175
426,-29
427,371
428,-79
429,348
430,-358
431,421
432,-239
433,-127
434,-100
435,-764
436,-125
437,-239
438,298
439,200
440,-335
441,148
442,92
443,115
444,-300
445,398
446,571
447,625
448,469
449,371
450,348
451,-74
452,521
453,-77
454,573
455,223
456,425
457,373
458,-125
459,623
460,423
461,617
462,-227
463,-277
464,196
465,-185
466,573
467,84
468,-75
469,465
470,667
471,-75
472,275
473,-125
474,325
475,521
476,371
477,298
478,-329
479,173
480,623
481,350
482,271
483,496
484,323
485,623
486,-125
487,-202
488,425
489,350
490,575
491,-283
492,-77
493,525
494,-75
495,425
496,-227
497,-75
498,571
499,625
500,-125
501,-102
502,-127
503,567
504,625
505,621
506,675
507,515
508,523
509,298
510,473
511,625
512,448
513,371
514,-125
515,-75
516,575
517,-75
518,623
519,475
520,-27
521,-75
522,-404
523,525
524,-125
525,625
526,-29
527,373
528,-125
529,675
530,625
531,71
532,146
533,-129
534,-175
535,-481
536,348
537,-125
538,271
539,621
540,373
541,525
542,-125
543,221
544,525
545,-81
546,-100
547,550
548,-29
549,94
550,117
551,-77
552,325
553,475
554,121
555,-227
556,-79
557,-127
558,223
559,-183
560,-183
561,-75
562,621
563,565
564,-131
565,-75
566,-127
567,-35
568,-125
569,573
570,-202
571,-100
572,-202
573,-200
574,-33
575,-77
576,273
577,498
578,-125
579,575
580,419
581,371
582,625
583,673
584,671
585,48
586,244
587,400
588,471
589,-200
590,-79
591,623
592,-302
593,671
594,621
595,575
596,-75
597,525
598,675
599,575
600,-125
601,-52
602,525
603,523
604,625
605,-4
606,623
607,423
608,525
609,-331
610,-75
611,523
612,573
613,623
614,575
615,575
616,371
617,-75
618,575
619,373
620,-27
621,675
622,-200
623,571
624,375
625,575
626,-233
627,571
628,-125
629,-125
630,475
631,221
632,-235
633,398
634,273
635,523
636,-125
637,-125
638,175
639,571
640,-204
641,73
642,400
643,-125
644,521
645,-75
646,473
647,446
648,473
649,475
650,446
651,673
652,525
653,-125
654,523
655,448
656,-27
657,-175
658,623
659,525
660,-252
661,446
662,673
663,350
664,-131
665,673
666,623
667,-75
668,675
669,-27
670,-125
671,625
672,675
673,575
674,-175
675,575
676,-175
677,150
678,575
679,323
680,-235
681,-177
682,248
683,523
684,-125
685,-127
686,-75
687,548
688,575
689,-125
690,625
691,475
692,-77
693,575
694,623
695,571
696,490
697,425
698,425
699,-75
700,467
701,-127
702,-127
703,-75
704,223
705,571
706,623
707,625
708,275
709,673
710,375
711,425
712,300
713,-2
714,623
715,423
716,625
717,448
718,475
719,675
720,-256
721,-129
722,625
723,675
724,673
725,523
726,175
727,-79
728,-75
729,525
730,-125
731,550
732,575
733,573
734,323
735,473
736,550
737,675
738,625
739,-79
740,573
741,425
742,-31
743,625
744,-27
745,375
746,673
747,519
748,573
749,621
750,625
751,575
752,-75
753,523
754,573
755,325
756,-127
757,625
758,573
759,575
760,525
761,-83
762,-200
763,-75
764,-27
765,-127
766,521
767,675
768,625
769,-177
770,-175
771,-29
772,421
773,675
774,625
775,475
776,-127
777,575
778,225
779,675
780,350
781,-125
782,425
783,425
784,521
785,619
786,675
787,375
788,550
789,573
790,396
791,-125
792,673
793,423
794,-200
795,-125
796,623
797,-231
798,-125
799,-27
800,375
801,475
802,375
803,-125
804,-75
805,-25
806,296
807,575
808,300
809,-79
810,-100
811,496
812,-125
813,575
814,-125
815,-125
816,-77
817,675
818,398
819,625
820,673
821,673
822,471
823,423
824,623
825,-181
826,673
827,673
828,398
829,-125
830,-125
831,-77
832,425
833,525
834,-81
835,575
836,425
837,-27
838,525
839,425
840,548
841,519
842,625
843,150
844,396
845,-29
846,575
847,-129
848,625
849,425
850,-129
851,425
852,673
853,273
854,625
855,-125
856,523
857,-75
858,673
859,-81
860,-75
861,271
862,-275
863,-125
864,-127
865,300
866,623
867,675
868,673
869,-175
870,425
871,523
872,448
873,525
874,273
875,673
876,-25
877,673
878,623
879,-77
880,344
881,425
882,675
883,525
884,-75
885,-27
886,-125
887,521
888,675
889,625
890,-125
891,675
892,-125
893,675
894,-31
895,625
896,-27
897,-175
898,675
899,-25
900,675
901,525
902,673
903,573
904,671
905,-177
906,-75
907,400
908,673
909,673
910,673
911,-77
912,575
913,323
914,675
915,675
916,425
917,573
918,575
919,350
920,348
921,525
922,623
923,623
924,-52
925,400
926,673
927,-77
928,298
929,673
930,-75
931,-125
932,548
933,-27
934,673
935,-125
936,500
937,500
938,-227
939,625
940,-127
941,375
942,350
943,625
944,523
945,525
946,-27
947,625
948,523
949,325
950,523
951,-125
952,125
953,23
954,-29
955,675
956,348
957,425
958,319
959,571
960,623
961,621
962,673
963,623
964,548
965,675
966,523
967,675
968,473
969,225
970,-75
971,-75
972,575
973,-125
974,-25
975,-75
976,-125
977,200
978,673
979,525
980,-75
981,525
982,296
983,675
984,675
985,-277
986,623
987,-125
988,148
989,473
990,-175
991,671
992,675
993,673
994,-75
995,625
996,575
997,-125
998,525
999,-77
1000,-125
1001,300
1002,473
1003,573
1004,525
1005,373
1006,675
1007,671
1008,575
1009,-25
1010,675
1011,498
1012,675
1013,623
1014,525
1015,573
1016,525
1017,-75
1018,671
1019,450
1020,675
1021,350
1022,-25
1023,-400
1024,673
1025,573
1026,425
1027,523
1028,-450
1029,525
1030,675
1031,-129
1032,-29
1033,-231
1034,673
1035,371
1036,675
1037,400
1038,298
1039,-125
1040,625
1041,-127
1042,673
1043,273
1044,623
1045,400
1046,625
1047,675
1048,550
1049,675
1050,673
1051,675
1052,-127
1053,250
1054,-75
1055,625
1056,-125
1057,675
1058,573
1059,425
1060,675
1061,575
1062,-75
1063,271
1064,671
1065,-75
1066,375
1067,673
1068,673
1069,623
1070,523
1071,675
1072,675
1073,250
1074,625
1075,623
1076,673
1077,475
1078,575
1079,675
1080,575
1081,625
1082,675
1083,471
1084,-50
1085,375
1086,525
1087,523
1088,621
1089,675
1090,673
1091,625
1092,625
1093,573
1094,425
1095,371
1096,675
1097,621
1098,675
1099,675
1100,675
1101,625
1102,675
1103,675
1104,669
1105,550
1106,-175
1107,325
1108,625
1109,625
1110,575
1111,623
1112,675
1113,673
1114,425
1115,675
1116,425
1117,500
1118,575
1119,675
1120,673
1121,675
1122,-75
1123,375
1124,548
1125,-227
1126,675
1127,-25
1128,473
1129,675
1130,400
1131,-75
1132,-75
1133,623
1134,-125
1135,675
1136,575
1137,675
1138,675
1139,-125
1140,675
1141,675
1142,625
1143,473
1144,-125
1145,675
1146,623
1147,673
1148,500
1149,675
1150,623
1151,-29
1152,623
1153,-25
1154,-75
1155,348
1156,675
1157,-125
1158,325
1159,-77
1160,625
1161,498
1162,521
1163,525
1164,675
1165,673
1166,625
1167,-25
1168,-81
1169,567
1170,625
1171,675
1172,-177
1173,675
1174,550
1175,575
1176,675
1177,625
1178,-25
1179,375
1180,-125
1181,625
1182,625
1183,675
1184,-75
1185,675
1186,675
1187,400
1188,-125
1189,675
1190,675
1191,575
1192,625
1193,-27
1194,-77
1195,-77
1196,300
1197,-79
1198,150
1199,-125
1200,675
1201,675
1202,-175
1203,675
1204,298
1205,625
1206,423
1207,625
1208,675
1209,-125
1210,623
1211,675
1212,625
1213,675
1214,673
1215,475
1216,625
1217,625
1218,-127
1219,575
1220,675
1221,-75
1222,675
1223,-75
1224,675
1225,-75
1226,473
1227,525
1228,550
1229,673
1230,675
1231,-75
1232,675
1233,425
1234,625
1235,-129
1236,675
1237,675
1238,623
1239,675
1240,675
1241,673
1242,675
1243,575
1244,-225
1245,623
1246,675
1247,675
1248,373
1249,675
1250,400
1251,675
1252,400
1253,675
1254,371
1255,-125
1256,673
1257,625
1258,673
1259,423
1260,-125
1261,621
1262,675
1263,673
1264,669
1265,675
1266,375
1267,-75
1268,575
1269,625
1270,675
1271,-125
1272,525
1273,675
1274,675
1275,675
1276,675
1277,675
1278,675
1279,425
1280,675
1281,325
1282,271
1283,625
1284,675
1285,550
1286,525
1287,675
1288,525
1289,673
1290,-125
1291,525
1292,575
1293,625
1294,-125
1295,421
1296,621
1297,-125
1298,575
1299,-125
1300,-125
1301,675
1302,-125
1303,348
1304,623
1305,-75
1306,675
1307,-125
1308,673
1309,675
1310,625
1311,675
1312,675
1313,675
1314,348
1315,573
1316,673
1317,371
1318,625
1319,675
1320,-79
1321,625
1322,675
1323,625
1324,-75
1325,525
1326,625
1327,525
1328,675
1329,623
1330,675
1331,525
1332,525
1333,523
1334,625
1335,623
1336,671
1337,669
1338,448
1339,625
1340,-127
1341,675
1342,300
1343,-125
1344,623
1345,523
1346,-125
1347,675
1348,573
1349,625
1350,348
1351,675
1352,375
1353,675
1354,675
1355,575
1356,625
1357,575
1358,675
1359,673
1360,675
1361,525
1362,-125
1363,675
1364,623
1365,-27
1366,473
1367,525
1368,675
1369,673
1370,621
1371,423
1372,521
1373,-125
1374,623
1375,575
1376,575
1377,425
1378,350
1379,675
1380,525
1381,675
1382,673
1383,625
1384,625
1385,675
1386,521
1387,525
1388,346
1389,675
1390,675
1391,375
1392,473
1393,623
1394,675
1395,-79
1396,575
1397,673
1398,475
1399,675
1400,-77
1401,125
1402,675
1403,425
1404,400
1405,575
1406,673
1407,525
1408,475
1409,673
1410,-75
1411,675
1412,673
1413,325
1414,673
1415,573
1416,675
1417,-75
1418,673
1419,625
1420,675
1421,-125
1422,-225
1423,625
1424,675
1425,625
1426,625
1427,625
1428,-79
1429,675
1430,675
1431,-75
1432,-127
1433,-75
1434,675
1435,675
1436,-102
1437,625
1438,350
1439,673
1440,675
1441,500
1442,-75
1443,625
1444,450
1445,498
1446,550
1447,-25
1448,673
1449,-25
1450,575
1451,446
1452,673
1453,673
1454,623
1455,625
1456,625
1457,425
1458,475
1459,573
1460,-125
1461,475
1462,675
1463,673
1464,-127
1465,625
1466,525
1467,525
1468,-27
1469,625
1470,-125
1471,525
1472,575
1473,-175
1474,621
1475,675
1476,625
1477,625
1478,-127
1479,-100
1480,675
1481,550
1482,623
1483,675
1484,675
1485,623
1486,392
1487,675
1488,625
1489,348
1490,675
1491,623
1492,675
1493,473
1494,673
1495,675
1496,673
1497,523
1498,673
1499,675
1500,673
1501,-127
1502,-125
1503,625
1504,675
1505,-125
1506,675
1507,475
1508,673
1509,675
1510,675
1511,673
1512,348
1513,675
1514,525
1515,-75
1516,573
1517,673
1518,675
1519,275
1520,473
1521,675
1522,673
1523,275
1524,625
1525,673
1526,675
1527,625
1528,675
1529,623
1530,673
1531,523
1532,669
1533,373
1534,625
1535,-175
1536,475
1537,-25
1538,525
1539,-27
1540,675
1541,400
1542,523
1543,675
1544,573
1545,675
1546,675
1547,675
1548,675
1549,-25
1550,625
1551,525
1552,575
1553,-25
1554,-125
1555,521
1556,550
1557,400
1558,673
1559,623
1560,523
1561,375
1562,575
1563,625
1564,575
1565,625
1566,621
1567,575
1568,-75
1569,675
1570,675
1571,675
1572,475
1573,473
1574,425
1575,623
1576,-27
1577,573
1578,625
1579,525
1580,625
1581,575
1582,-125
1583,550
1584,525
1585,623
1586,673
1587,-75
1588,625
1589,625
1590,523
1591,669
1592,675
1593,675
1594,673
1595,675
1596,675
1597,-75
1598,-77
1599,625
1600,675
1601,623
1602,673
1603,675
1604,675
1605,523
1606,675
1607,675
1608,575
1609,150
1610,669
1611,275
1612,575
1613,573
1614,675
1615,675
1616,675
1617,150
1618,621
1619,673
1620,673
1621,625
1622,625
1623,671
1624,-125
1625,525
1626,673
1627,575
1628,625
1629,575
1630,-75
1631,325
1632,-27
1633,-77
1634,675
1635,573
1636,675
1637,525
1638,550
1639,575
1640,671
1641,675
1642,675
1643,675
1644,675
1645,-75
1646,623
1647,575
1648,675
1649,675
1650,548
1651,75
1652,675
1653,398
1654,-200
1655,523
1656,675
1657,625
1658,675
1659,675
1660,675
1661,300
1662,623
1663,-25
1664,675
1665,475
1666,523
1667,623
1668,675
1669,673
1670,-125
1671,625
1672,325
1673,621
1674,675
1675,475
1676,-6
1677,-27
1678,675
1679,525
1680,-129
1681,675
1682,625
1683,573
1684,-75
1685,-75
1686,-75
1687,675
1688,471
1689,675
1690,473
1691,350
1692,575
1693,625
1694,-75
1695,-125
1696,521
1697,548
1698,375
1699,475
1700,350
1701,421
1702,475
1703,621
1704,675
1705,675
1706,675
1707,-77
1708,450
1709,425
1710,675
1711,625
1712,-75
1713,-77
1714,675
1715,50
1716,-125
1717,575
1718,-29
1719,675
1720,400
1721,400
1722,625
1723,523
1724,548
1725,625
1726,625
1727,675
1728,675
1729,-127
1730,625
1731,523
1732,573
1733,675
1734,423
1735,625
1736,675
1737,575
1738,450
1739,250
1740,569
1741,623
1742,548
1743,673
1744,675
1745,-100
1746,-127
1747,671
1748,675
1749,423
1750,673
1751,675
1752,-125
1753,675
1754,525
1755,675
1756,675
1757,625
1758,-75
1759,673
1760,475
1761,675
1762,625
1763,371
1764,673
1765,625
1766,425
1767,673
1768,-31
1769,623
1770,-125
1771,573
1772,525
1773,75
1774,521
1775,-125
1776,623
1777,673
1778,675
1779,575
1780,-75
1781,-75
1782,675
1783,575
1784,675
1785,421
1786,325
1787,-125
1788,-75
1789,623
1790,425
1791,675
1792,625
1793,471
1794,625
1795,673
1796,623
1797,525
1798,669
1799,675
1800,625
1801,498
1802,-127
1803,475
1804,625
1805,675
1806,523
1807,525
1808,-77
1809,473
1810,-75
1811,675
1812,-75
1813,-125
1814,675
1815,496
1816,550
1817,300
1818,350
1819,625
1820,419
1821,571
1822,398
1823,675
1824,475
1825,521
1826,675
1827,221
1828,625
1829,548
1830,-77
1831,675
1832,375
1833,500
1834,425
1835,-177
1836,675
1837,673
1838,425
1839,575
1840,625
1841,675
1842,671
1843,625
1844,623
1845,673
1846,625
1847,625
1848,-125
1849,300
1850,625
1851,675
1852,-125
1853,675
1854,675
1855,673
1856,625
1857,675
1858,625
1859,525
1860,223
1861,525
1862,625
1863,575
1864,675
1865,575
1866,675
1867,575
1868,675
1869,575
1870,575
1871,675
1872,0
1873,625
1874,573
1875,-27
1876,673
1877,675
1878,675
1879,-125
1880,-152
1881,625
1882,623
1883,-125
1884,575
1885,675
1886,-125
1887,575
1888,625
1889,675
1890,425
1891,623
1892,-75
1893,625
1894,-125
1895,-129
1896,667
1897,525
1898,-75
1899,675
1900,575
1901,675
1902,-75
1903,675
1904,621
1905,398
1906,671
1907,675
1908,-25
1909,98
1910,625
1911,671
1912,675
1913,-77
1914,400
1915,623
1916,494
1917,623
1918,575
1919,523
1920,-25
1921,617
1922,425
1923,550
1924,625
1925,525
1926,575
1927,275
1928,571
1929,348
1930,523
1931,-125
1932,225
1933,498
1934,675
1935,625
1936,300
1937,625
1938,-27
1939,525
1940,548
1941,625
1942,625
1943,675
1944,623
1945,625
1946,623
1947,521
1948,-227
1949,675
1950,625
1951,625
1952,675
1953,625
1954,675
1955,348
1956,675
1957,625
1958,625
1959,623
1960,-125
1961,-125
1962,425
1963,-25
1964,373
1965,675
1966,396
1967,525
1968,575
1969,671
1970,623
1971,623
1972,200
1973,-125
1974,-125
1975,623
1976,675
1977,625
1978,223
1979,175
1980,673
1981,-125
1982,625
1983,675
1984,625
1985,625
1986,-175
1987,423
1988,675
1989,625
1990,573
1991,625
1992,-125
1993,248
1994,621
1995,425
1996,575
1997,498
1998,-127
1999,-125
2000,673
2001,-75
2002,475
2003,473
2004,375
2005,-27
2006,323
2007,625
2008,675
2009,525
2010,623
2011,221
2012,625
2013,475
2014,-77
2015,621
2016,550
2017,675
2018,675
2019,675
2020,-181
2021,523
2022,675
2023,500
2024,671
2025,625
2026,298
2027,675
2028,675
2029,-175
2030,575
2031,675
2032,673
2033,298
2034,675
2035,675
2036,-75
2037,675
2038,573
2039,623
2040,575
2041,625
2042,423
2043,625
2044,469
2045,625
2046,673
2047,623
2048,473
2049,673
2050,675
2051,573
2052,675
2053,625
2054,400
2055,-127
2056,675
2057,625
2058,475
2059,625
2060,275
2061,623
2062,675
2063,675
2064,575
2065,400
2066,675
2067,625
2068,425
2069,623
2070,-29
2071,673
2072,550
2073,673
2074,248
2075,-75
2076,348
2077,625
2078,425
2079,-125
2080,-125
2081,575
2082,625
2083,-125
2084,-75
2085,675
2086,621
2087,-177
2088,623
2089,521
2090,673
2091,575
2092,-100
2093,673
2094,671
2095,-75
2096,-79
2097,575
2098,619
2099,575
2100,-75
2101,-125
2102,575
2103,673
2104,673
2105,625
2106,548
2107,675
2108,425
2109,-125
2110,350
2111,375
2112,673
2113,-77
2114,673
2115,525
2116,675
2117,-125
2118,-175
2119,475
2120,673
2121,673
2122,473
2123,-25
2124,675
2125,275
2126,625
2127,671
2128,675
2129,675
2130,675
2131,-200
2132,625
2133,-25
2134,-125
2135,675
2136,623
2137,625
2138,675
2139,473
2140,625
2141,625
2142,-125
2143,-75
2144,-75
2145,625
2146,675
2147,373
2148,623
2149,675
2150,573
2151,675
2152,675
2153,-200
2154,675
2155,623
2156,500
2157,-75
2158,625
2159,573
2160,548
2161,-27
2162,500
2163,-125
2164,425
2165,675
2166,673
2167,-125
2168,673
2169,475
2170,-75
2171,675
2172,625
2173,673
2174,625
2175,625
2176,-125
2177,25
2178,573
2179,675
2180,523
2181,623
2182,675
2183,675
2184,675
2185,373
2186,400
2187,675
2188,625
2189,-25
2190,675
2191,675
2192,523
2193,300
2194,475
2195,675
2196,-127
2197,671
2198,-75
2199,525
2200,-75
2201,671
2202,-75
2203,673
2204,-77
2205,675
2206,348
2207,625
2208,675
2209,625
2210,675
2211,-75
2212,573
2213,-127
2214,623
2215,198
2216,675
2217,296
2218,573
2219,673
2220,525
2221,550
2222,625
2223,450
2224,675
2225,-81
2226,625
2227,673
2228,675
2229,673
2230,625
2231,575
2232,300
2233,675
2234,673
2235,623
2236,-75
2237,675
2238,675
2239,-75
2240,398
2241,623
2242,675
2243,675
2244,625
2245,673
2246,-75
2247,471
2248,625
2249,400
2250,400
2251,-27
2252,-200
2253,675
2254,675
2255,548
2256,675
2257,573
2258,675
2259,398
2260,-33
2261,-125
2262,675
2263,471
2264,675
2265,673
2266,425
2267,625
2268,500
2269,623
2270,675
2271,498
2272,575
2273,575
2274,398
2275,-125
2276,625
2277,-83
2278,675
2279,675
2280,675
2281,575
2282,673
2283,-79
2284,-177
2285,673
2286,625
2287,675
2288,623
2289,625
2290,625
2291,623
2292,-125
2293,-177
2294,-27
2295,525
2296,-75
2297,-77
2298,621
2299,675
2300,348
2301,573
2302,625
2303,573
2304,673
2305,575
2306,623
2307,275
2308,673
2309,623
2310,525
2311,-27
2312,-129
2313,571
2314,625
2315,-77
2316,575
2317,496
2318,-77
2319,-27
2320,575
2321,675
2322,673
2323,525
2324,-125
2325,675
2326,-75
2327,625
2328,675
2329,625
2330,548
2331,475
2332,673
2333,298
2334,625
2335,675
2336,675
2337,675
2338,-127
2339,675
2340,423
2341,-175
2342,675
2343,573
2344,625
2345,-75
2346,673
2347,675
2348,675
2349,573
2350,625
2351,521
2352,573
2353,675
2354,350
2355,675
2356,-77
2357,500
2358,523
2359,425
2360,-75
2361,625
2362,675
2363,-125
2364,675
2365,-75
2366,525
2367,325
2368,-127
2369,673
2370,625
2371,675
2372,-125
2373,673
2374,625
2375,525
2376,625
2377,675
2378,573
2379,675
2380,625
2381,675
2382,675
2383,-125
2384,675
2385,625
2386,675
2387,675
2388,673
2389,-77
2390,425
2391,525
2392,675
2393,571
2394,625
2395,423
2396,575
2397,475
2398,425
2399,675
2400,-75
2401,675
2402,425
2403,675
2404,-127
2405,675
2406,425
2407,673
2408,621
2409,625
2410,625
2411,675
2412,523
2413,675
2414,675
2415,625
2416,350
2417,575
2418,675
2419,-81
2420,625
2421,671
2422,675
2423,573
2424,523
2425,625
2426,623
2427,-77
2428,625
2429,675
2430,375
2431,675
2432,573
2433,-125
2434,675
2435,525
2436,523
2437,573
2438,-225
2439,-75
2440,623
2441,575
2442,675
2443,675
2444,73
2445,-125
2446,675
2447,-75
2448,673
2449,-75
2450,675
2451,-50
2452,625
2453,419
2454,448
2455,675
2456,675
2457,146
2458,350
2459,619
2460,675
2461,675
2462,573
2463,625
2464,673
2465,-79
2466,623
2467,550
2468,475
2469,625
2470,675
2471,-27
2472,-127
2473,623
2474,673
2475,625
2476,425
2477,375
2478,625
2479,675
2480,625
2481,-77
2482,573
2483,625
2484,675
2485,400
2486,575
2487,675
2488,673
2489,573
2490,673
2491,-77
2492,675
2493,225
2494,573
2495,675
2496,675
2497,623
2498,625
2499,673
2500,571
2501,425
2502,675
2503,-29
2504,675
2505,567
2506,423
2507,523
2508,523
2509,625
2510,425
2511,625
2512,623
2513,248
2514,675
2515,625
2516,675
2517,248
2518,-75
2519,425
2520,548
2521,625
2522,625
2523,675
2524,296
2525,675
2526,275
2527,623
2528,575
2529,519
2530,625
2531,675
2532,-27
2533,675
2534,548
2535,375
2536,425
2537,575
2538,523
2539,573
2540,575
2541,-77
2542,621
2543,-125
2544,523
2545,575
2546,498
2547,375
2548,673
2549,575
2550,673
2551,625
2552,625
2553,448
2554,675
2555,350
2556,575
2557,675
2558,-231
2559,675
2560,571
2561,575
2562,675
2563,-100
2564,671
2565,675
2566,398
2567,-27
2568,675
2569,375
2570,673
2571,548
2572,548
2573,625
2574,673
2575,575
2576,625
2577,675
2578,625
2579,675
2580,625
2581,625
2582,-75
2583,669
2584,-25
2585,325
2586,500
2587,421
2588,675
2589,675
2590,625
2591,-304
2592,675
2593,525
2594,623
2595,573
2596,575
2597,-125
2598,550
2599,675
2600,673
2601,-177
2602,-77
2603,625
2604,623
2605,625
2606,-125
2607,675
2608,-75
2609,550
2610,523
2611,621
2612,-77
2613,-175
2614,575
2615,248
2616,623
2617,621
2618,575
2619,675
2620,669
2621,375
2622,-125
2623,625
2624,344
2625,-75
2626,-25
2627,675
2628,550
2629,625
2630,675
2631,675
2632,575
2633,548
2634,425
2635,525
2636,217
2637,675
2638,575
2639,575
2640,-75
2641,675
2642,-125
2643,523
2644,-83
2645,375
2646,625
2647,-27
2648,-175
2649,521
2650,671
2651,675
2652,673
2653,550
2654,673
2655,675
2656,-75
2657,623
2658,621
2659,669
2660,-125
2661,623
2662,673
2663,675
2664,675
2665,673
2666,-29
2667,-25
2668,621
2669,-75
2670,675
2671,625
2672,-75
2673,-125
2674,-125
2675,-133
2676,525
2677,625
2678,348
2679,675
2680,494
2681,575
2682,625
2683,675
2684,621
2685,-75
2686,575
2687,523
2688,448
2689,675
2690,569
2691,473
2692,-25
2693,-75
2694,675
2695,475
2696,471
2697,-79
2698,675
2699,500
2700,575
2701,400
2702,675
2703,675
2704,525
2705,625
2706,673
2707,675
2708,-75
2709,675
2710,323
2711,623
2712,675
2713,623
2714,525
2715,675
2716,425
2717,675
2718,-75
2719,-125
2720,623
2721,375
2722,-202
2723,-75
2724,575
2725,-29
2726,625
2727,675
2728,375
2729,425
2730,-127
2731,-79
2732,573
2733,623
2734,575
2735,673
2736,625
2737,621
2738,675
2739,675
2740,625
2741,673
2742,425
2743,675
2744,425
2745,-179
2746,475
2747,625
2748,625
2749,-181
2750,675
2751,525
2752,675
2753,623
2754,673
2755,623
2756,-175
2757,-175
2758,675
2759,625
2760,300
2761,475
2762,400
2763,550
2764,675
2765,625
2766,425
2767,675
2768,625
2769,571
2770,519
2771,675
2772,625
2773,425
2774,675
2775,573
2776,400
2777,675
2778,525
2779,675
2780,673
2781,673
2782,625
2783,-125
2784,521
2785,-75
2786,521
2787,673
2788,400
2789,675
2790,19
2791,623
2792,475
2793,-127
2794,675
2795,-25
2796,425
2797,-175
2798,675
2799,675
2800,-125
2801,675
2802,675
2803,625
2804,525
2805,675
2806,-125
2807,675
2808,-75
2809,400
2810,-125
2811,398
2812,473
2813,-77
2814,575
2815,250
2816,675
2817,473
2818,673
2819,575
2820,523
2821,-125
2822,675
2823,523
2824,573
2825,-77
2826,-125
2827,523
2828,-125
2829,673
2830,398
2831,675
2832,423
2833,-50
2834,625
2835,575
2836,425
2837,-125
2838,-75
2839,675
2840,675
2841,400
2842,625
2843,673
2844,621
2845,-27
2846,625
2847,-75
2848,625
2849,-27
2850,400
2851,-29
2852,675
2853,675
2854,573
2855,-125
2856,675
2857,523
2858,573
2859,675
2860,625
2861,400
2862,-27
2863,575
2864,675
2865,675
2866,548
2867,-125
2868,671
2869,575
2870,346
2871,250
2872,548
2873,-75
2874,-125
2875,-79
2876,-75
2877,625
2878,673
2879,675
2880,450
2881,623
2882,525
2883,673
2884,-300
2885,323
2886,-27
2887,625
2888,573
2889,675
2890,673
2891,573
2892,498
2893,625
2894,625
2895,-175
2896,400
2897,675
2898,-127
2899,350
2900,673
2901,475
2902,548
2903,573
2904,521
2905,-75
2906,-27
2907,625
2908,573
2909,673
2910,675
2911,-125
2912,-75
2913,675
2914,675
2915,-31
2916,669
2917,-125
2918,398
2919,671
2920,625
2921,625
2922,625
2923,425
2924,675
2925,550
2926,-81
2927,-125
2928,298
2929,525
2930,200
2931,550
2932,525
2933,673
2934,675
2935,675
2936,675
2937,673
2938,625
2939,675
2940,673
2941,-175
2942,675
2943,525
2944,625
2945,675
2946,-279
2947,325
2948,400
2949,675
2950,675
2951,675
2952,350
2953,623
2954,400
2955,673
2956,625
2957,675
2958,525
2959,523
2960,521
2961,625
2962,625
2963,325
2964,675
2965,625
2966,675
2967,-77
2968,200
2969,575
2970,673
2971,623
2972,623
2973,-127
2974,671
2975,550
2976,575
2977,550
2978,471
2979,200
2980,-75
2981,675
2982,671
2983,375
2984,398
2985,673
2986,350
2987,525
2988,675
2989,575
2990,675
2991,-127
2992,525
2993,625
2994,675
2995,-125
2996,525
2997,-25
2998,621
2999,400
3000,675
3001,675
3002,675
3003,675
3004,425
3005,-125
3006,498
3007,475
3008,625
3009,-125
3010,-75
3011,-79
3012,-77
3013,625
3014,-75
3015,675
3016,675
3017,625
3018,575
3019,223
3020,425
3021,400
3022,675
3023,-179
3024,-25
3025,473
3026,475
3027,675
3028,250
3029,471
3030,575
3031,425
3032,675
3033,575
3034,575
3035,575
3036,675
3037,625
3038,575
3039,371
3040,673
3041,675
3042,221
3043,525
3044,673
3045,575
3046,625
3047,625
3048,425
3049,423
3050,623
3051,-206
3052,675
3053,675
3054,623
3055,625
3056,625
3057,348
3058,-125
3059,625
3060,573
3061,-125
3062,675
3063,400
3064,675
3065,375
3066,-125
3067,675
3068,673
3069,671
3070,-27
3071,-125
3072,148
3073,0
3074,498
3075,346
3076,625
3077,525
3078,-77
3079,675
3080,675
3081,675
3082,473
3083,473
3084,673
3085,575
3086,575
3087,575
3088,-27
3089,296
3090,400
3091,475
3092,575
3093,300
3094,-75
3095,200
3096,300
3097,675
3098,148
3099,625
3100,523
3101,675
3102,475
3103,675
3104,575
3105,-125
3106,500
3107,-29
3108,625
3109,-75
3110,-127
3111,673
3112,625
3113,550
3114,675
3115,623
3116,621
3117,-125
3118,523
3119,-125
3120,-125
3121,675
3122,671
3123,625
3124,623
3125,-125
3126,673
3127,625
3128,275
3129,-125
3130,675
3131,425
3132,625
3133,625
3134,625
3135,675
3136,-54
3137,673
3138,675
3139,575
3140,525
3141,-125
3142,-127
3143,625
3144,-125
3145,625
3146,525
3147,675
3148,623
3149,675
3150,398
3151,673
3152,673
3153,475
3154,525
3155,-27
3156,400
3157,621
3158,575
3159,625
3160,-81
3161,625
3162,673
3163,-75
3164,-79
3165,623
3166,150
3167,675
3168,625
3169,675
3170,350
3171,400
3172,475
3173,548
3174,450
3175,625
3176,-75
3177,-75
3178,-75
3179,673
3180,673
3181,675
3182,-75
3183,575
3184,-125
3185,425
3186,675
3187,675
3188,575
3189,425
3190,-175
3191,673
3192,-200
3193,425
3194,-125
3195,675
3196,621
3197,623
3198,-125
3199,225
3200,623
3201,-77
3202,423
3203,625
3204,-125
3205,673
3206,673
3207,550
3208,575
3209,625
3210,-129
3211,471
3212,675
3213,400
3214,625
3215,625
3216,-25
3217,-125
3218,398
3219,625
3220,673
3221,625
3222,-125
3223,575
3224,675
3225,575
3226,675
3227,675
3228,673
3229,625
3230,-75
3231,673
3232,-27
3233,623
3234,675
3235,675
3236,625
3237,-125
3238,673
3239,575
3240,625
3241,-25
3242,673
3243,400
3244,425
3245,673
3246,275
3247,675
3248,-25
3249,-127
3250,-125
3251,625
3252,-75
3253,525
3254,-75
3255,625
3256,675
3257,675
3258,-175
3259,375
3260,571
3261,623
3262,523
3263,-175
3264,673
3265,473
3266,623
3267,425
3268,571
3269,621
3270,673
3271,523
3272,-25
3273,673
3274,625
3275,575
3276,675
3277,-75
3278,525
3279,625
3280,625
3281,625
3282,623
3283,425
3284,475
3285,625
3286,525
3287,-127
3288,623
3289,-202
3290,673
3291,-127
3292,675
3293,521
3294,675
3295,675
3296,550
3297,-104
3298,325
3299,625
3300,323
3301,675
3302,671
3303,523
3304,675
3305,673
3306,-2
3307,-27
3308,-125
3309,625
3310,625
3311,675
3312,623
3313,675
3314,675
3315,625
3316,675
3317,625
3318,550
3319,673
3320,450
3321,525
3322,-125
3323,400
3324,550
3325,-75
3326,625
3327,675
3328,546
3329,675
3330,675
3331,625
3332,675
3333,675
3334,-125
3335,675
3336,673
3337,625
3338,623
3339,373
3340,675
3341,-175
3342,625
3343,675
3344,248
3345,623
3346,-125
3347,419
3348,675
3349,500
3350,573
3351,473
3352,-125
3353,-127
3354,-125
3355,375
3356,675
3357,-75
3358,625
3359,-127
3360,571
3361,675
3362,523
3363,575
3364,425
3365,675
3366,625
3367,675
3368,575
3369,675
3370,673
3371,625
3372,525
3373,498
3374,573
3375,675
3376,619
3377,625
3378,675
3379,675
3380,475
3381,550
3382,675
3383,675
3384,675
3385,673
3386,573
3387,423
3388,675
3389,-75
3390,525
3391,-75
3392,500
3393,475
3394,515
3395,675
3396,575
3397,621
3398,571
3399,525
3400,-25
3401,675
3402,675
3403,675
3404,675
3405,575
3406,675
3407,475
3408,675
3409,575
3410,675
3411,675
3412,523
3413,675
3414,623
3415,-27
3416,623
3417,675
3418,575
3419,-125
3420,-125
3421,-175
3422,396
3423,-127
3424,625
3425,675
3426,450
3427,625
3428,-125
3429,375
3430,575
3431,625
3432,623
3433,625
3434,675
3435,675
3436,673
3437,671
3438,673
3439,-75
3440,219
3441,675
3442,675
3443,625
3444,-25
3445,573
3446,675
3447,525
3448,575
3449,548
3450,675
3451,-75
3452,675
3453,675
3454,400
3455,550
3456,-175
3457,625
3458,-75
3459,625
3460,675
3461,675
3462,673
3463,673
3464,625
3465,675
3466,675
3467,-127
3468,375
3469,473
3470,625
3471,575
3472,523
3473,550
3474,673
3475,675
3476,675
3477,675
3478,675
3479,625
3480,523
3481,623
3482,623
3483,575
3484,400
3485,675
3486,675
3487,-127
3488,675
3489,525
3490,-79
3491,-125
3492,425
3493,675
3494,575
3495,517
3496,448
3497,-125
3498,523
3499,675
3500,400
3501,625
3502,-125
3503,525
3504,525
3505,-75
3506,625
3507,475
3508,-125
3509,500
3510,425
3511,671
3512,-75
3513,598
3514,575
3515,625
3516,196
3517,675
3518,-27
3519,-79
3520,625
3521,375
3522,575
3523,-27
3524,675
3525,521
3526,-175
3527,473
3528,498
3529,150
3530,-75
3531,-125
3532,425
3533,675
3534,348
3535,125
3536,375
3537,673
3538,675
3539,575
3540,525
3541,525
3542,248
3543,673
3544,673
3545,625
3546,425
3547,675
3548,525
3549,623
3550,398
3551,625
3552,-225
3553,671
3554,-75
3555,-125
3556,675
3557,625
3558,671
3559,675
3560,673
3561,-127
3562,625
3563,494
3564,625
3565,300
3566,673
3567,0
3568,573
3569,675
3570,671
3571,-202
3572,625
3573,471
3574,675
3575,-100
3576,623
3577,-300
3578,575
3579,675
3580,398
3581,-75
3582,573
3583,-77
3584,675
3585,450
3586,525
3587,525
3588,575
3589,473
3590,400
3591,150
3592,-75
3593,675
3594,-125
3595,-25
3596,425
3597,623
3598,675
3599,675
3600,375
3601,675
3602,675
3603,625
3604,400
3605,-81
3606,-77
3607,675
3608,675
3609,300
3610,548
3611,425
3612,625
3613,425
3614,675
3615,525
3616,675
3617,-31
3618,-2
3619,673
3620,500
3621,625
3622,625
3623,673
3624,575
3625,673
3626,525
3627,625
3628,573
3629,673
3630,675
3631,448
3632,675
3633,425
3634,425
3635,348
3636,-75
3637,625
3638,575
3639,675
3640,573
3641,525
3642,673
3643,425
3644,573
3645,425
3646,-25
3647,675
3648,-81
3649,350
3650,675
3651,625
3652,-125
3653,-125
3654,675
3655,573
3656,575
3657,675
3658,625
3659,625
3660,675
3661,673
3662,625
3663,675
3664,-127
3665,625
3666,675
3667,675
3668,625
3669,573
3670,-27
3671,-127
3672,625
3673,675
3674,-125
3675,671
3676,575
3677,-127
3678,-125
3679,473
3680,675
3681,-25
3682,675
3683,425
3684,625
3685,471
3686,675
3687,623
3688,475
3689,675
3690,-200
3691,-77
3692,625
3693,675
3694,623
3695,675
3696,325
3697,150
3698,-181
3699,625
3700,-300
3701,-77
3702,625
3703,575
3704,-127
3705,525
3706,-125
3707,621
3708,623
3709,675
3710,675
3711,575
3712,675
3713,675
3714,550
3715,623
3716,675
3717,475
3718,-75
3719,623
3720,573
3721,-125
3722,625
3723,-75
3724,423
3725,675
3726,625
3727,575
3728,-204
3729,675
3730,500
3731,-79
3732,525
3733,550
3734,400
3735,-25
3736,-75
3737,-129
3738,-135
3739,375
3740,-2
3741,-25
3742,623
3743,675
3744,-127
3745,675
3746,623
3747,475
3748,-31
3749,673
3750,673
3751,525
3752,675
3753,623
3754,675
3755,675
3756,625
3757,-77
3758,625
3759,348
3760,625
3761,675
3762,475
3763,250
3764,625
3765,575
3766,625
3767,-125
3768,425
3769,673
3770,550
3771,475
3772,-135
3773,525
3774,250
3775,-125
3776,675
3777,250
3778,675
3779,621
3780,-200
3781,675
3782,525
3783,-75
3784,675
3785,675
3786,625
3787,550
3788,-125
3789,425
3790,675
3791,673
3792,-200
3793,675
3794,673
3795,675
3796,625
3797,673
3798,675
3799,675
3800,625
3801,425
3802,675
3803,-83
3804,525
3805,625
3806,675
3807,225
3808,473
3809,673
3810,673
3811,565
3812,-25
3813,623
3814,625
3815,673
3816,625
3817,400
3818,423
3819,625
3820,671
3821,548
3822,625
3823,675
3824,673
3825,-29
3826,569
3827,-127
3828,525
3829,625
3830,623
3831,675
3832,671
3833,-75
3834,623
3835,-125
3836,675
3837,-125
3838,673
3839,398
3840,475
3841,575
3842,673
3843,350
3844,-125
3845,-127
3846,575
3847,573
3848,675
3849,425
3850,673
3851,673
3852,473
3853,523
3854,675
3855,673
3856,675
3857,-77
3858,-125
3859,-27
3860,675
3861,548
3862,675
3863,375
3864,575
3865,575
3866,521
3867,-127
3868,525
3869,-127
3870,625
3871,-125
3872,575
3873,525
3874,675
3875,675
3876,-125
3877,625
3878,425
3879,548
3880,-129
3881,673
3882,571
3883,673
3884,625
3885,669
3886,675
3887,-25
3888,625
3889,525
3890,675
3891,250
3892,675
3893,675
3894,675
3895,675
3896,671
3897,-110
3898,523
3899,298
3900,625
3901,-75
3902,525
3903,400
3904,525
3905,523
3906,575
3907,625
3908,525
3909,-29
3910,475
3911,350
3912,573
3913,-125
3914,548
3915,-75
3916,675
3917,625
3918,346
3919,25
3920,425
3921,675
3922,100
3923,348
3924,625
3925,673
3926,575
3927,575
3928,375
3929,675
3930,575
3931,625
3932,325
3933,675
3934,625
3935,675
3936,525
3937,-31
3938,625
3939,-125
3940,-79
3941,625
3942,675
3943,400
3944,425
3945,675
3946,675
3947,425
3948,673
3949,-127
3950,625
3951,573
3952,623
3953,623
3954,625
3955,623
3956,400
3957,-175
3958,-127
3959,-100
3960,673
3961,675
3962,675
3963,625
3964,473
3965,550
3966,525
3967,675
3968,625
3969,625
3970,625
3971,-125
3972,-52
3973,625
3974,473
3975,296
3976,575
3977,575
3978,625
3979,675
3980,525
3981,675
3982,525
3983,675
3984,575
3985,675
3986,675
3987,675
3988,675
3989,500
3990,175
3991,625
3992,623
3993,575
3994,675
3995,671
3996,625
3997,675
3998,625
3999,625
4000,673
4001,473
4002,350
4003,573
4004,575
4005,675
4006,575
4007,371
4008,550
4009,625
4010,575
4011,398
4012,623
4013,625
4014,625
4015,-177
4016,675
4017,-75
4018,-125
4019,573
4020,675
4021,-125
4022,675
4023,521
4024,448
4025,625
4026,623
4027,573
4028,525
4029,625
4030,-77
4031,675
4032,523
4033,394
4034,525
4035,-104
4036,475
4037,625
4038,625
4039,425
4040,400
4041,475
4042,-75
4043,625
4044,625
4045,525
4046,325
4047,-125
4048,625
4049,623
4050,-77
4051,-125
4052,675
4053,275
4054,-125
4055,573
4056,675
4057,-127
4058,-125
4059,-75
4060,-125
4061,273
4062,675
4063,-125
4064,300
4065,671
4066,671
4067,425
4068,673
4069,675
4070,675
4071,573
4072,673
4073,675
4074,575
4075,625
4076,675
4077,673
4078,100
4079,573
4080,-125
4081,375
4082,625
4083,675
4084,675
4085,-75
4086,625
4087,425
4088,621
4089,671
4090,623
4091,675
4092,-27
4093,625
4094,675
4095,300
4096,675
4097,-50
4098,375
4099,619
4100,350
4101,625
4102,475
4103,675
4104,-25
4105,625
4106,675
4107,-125
4108,575
4109,571
4110,675
4111,575
4112,675
4113,675
4114,425
4115,625
4116,673
4117,600
4118,571
4119,675
4120,675
4121,675
4122,673
4123,573
4124,323
4125,473
4126,625
4127,623
4128,-127
4129,425
4130,625
4131,625
4132,423
4133,-125
4134,-75
4135,475
4136,625
4137,350
4138,425
4139,500
4140,-125
4141,-25
4142,623
4143,-200
4144,675
4145,-127
4146,421
4147,625
4148,273
4149,625
4150,625
4151,673
4152,675
4153,423
4154,675
4155,-25
4156,675
4157,573
4158,-77
4159,500
4160,-175
4161,625
4162,500
4163,-175
4164,675
4165,675
4166,675
4167,621
4168,675
4169,675
4170,300
4171,625
4172,625
4173,575
4174,571
4175,525
4176,400
4177,425
4178,-125
4179,0
4180,675
4181,-77
4182,573
4183,675
4184,675
4185,-125
4186,675
4187,571
4188,-52
4189,548
4190,219
4191,675
4192,625
4193,569
4194,625
4195,675
4196,-125
4197,675
4198,498
4199,673
4200,525
4201,525
4202,-125
4203,625
4204,475
4205,673
4206,548
4207,675
4208,-100
4209,621
4210,-29
4211,625
4212,-75
4213,625
4214,675
4215,625
4216,675
4217,673
4218,673
4219,475
4220,625
4221,273
4222,550
4223,525
4224,625
4225,-200
4226,-125
4227,625
4228,623
4229,675
4230,675
4231,-131
4232,575
4233,550
4234,625
4235,-125
4236,675
4237,675
4238,675
4239,523
4240,625
4241,625
4242,673
4243,625
4244,275
4245,-125
4246,373
4247,625
4248,523
4249,521
4250,573
4251,-125
4252,625
4253,-75
4254,673
4255,673
4256,325
4257,-75
4258,675
4259,-125
4260,673
4261,-125
4262,521
4263,623
4264,625
4265,625
4266,-200
4267,673
4268,498
4269,675
4270,671
4271,275
4272,625
4273,625
4274,625
4275,675
4276,-27
4277,-50
4278,625
4279,673
4280,625
4281,571
4282,623
4283,675
4284,625
4285,575
4286,575
4287,575
4288,625
4289,673
4290,-77
4291,675
4292,425
4293,425
4294,675
4295,350
4296,675
4297,625
4298,625
4299,-75
4300,675
4301,575
4302,500
4303,573
4304,-175
4305,623
4306,550
4307,673
4308,573
4309,-77
4310,573
4311,675
4312,675
4313,675
4314,675
4315,519
4316,625
4317,525
4318,525
4319,550
4320,250
4321,525
4322,673
4323,623
4324,-25
4325,569
4326,-127
4327,571
4328,525
4329,573
4330,625
4331,675
4332,148
4333,575
4334,575
4335,625
4336,675
4337,625
4338,575
4339,675
4340,625
4341,675
4342,625
4343,675
4344,375
4345,671
4346,623
4347,523
4348,-125
4349,425
4350,625
4351,-25
4352,150
4353,623
4354,625
4355,-127
4356,625
4357,575
4358,673
4359,-127
4360,625
4361,673
4362,625
4363,675
4364,-75
4365,673
4366,675
4367,-125
4368,475
4369,625
4370,-79
4371,675
4372,-25
4373,673
4374,625
4375,-75
4376,-75
4377,-131
4378,675
4379,573
4380,625
4381,671
4382,525
4383,550
4384,371
4385,398
4386,423
4387,625
4388,675
4389,675
4390,575
4391,675
4392,375
4393,-75
4394,500
4395,-100
4396,625
4397,425
4398,675
4399,675
4400,596
4401,575
4402,-25
4403,623
4404,-125
4405,475
4406,673
4407,350
4408,669
4409,675
4410,625
4411,248
4412,-75
4413,-75
4414,621
4415,675
4416,575
4417,-125
4418,571
4419,675
4420,625
4421,675
4422,675
4423,296
4424,675
4425,-75
4426,625
4427,675
4428,275
4429,475
4430,350
4431,-29
4432,675
4433,475
4434,675
4435,400
4436,625
4437,675
4438,400
4439,-77
4440,550
4441,150
4442,469
4443,575
4444,-25
4445,-54
4446,673
4447,-179
4448,675
4449,625
4450,673
4451,-25
4452,675
4453,625
4454,575
4455,625
4456,671
4457,621
4458,575
4459,675
4460,525
4461,550
4462,673
4463,525
4464,675
4465,-75
4466,625
4467,675
4468,425
4469,425
4470,673
4471,521
4472,675
4473,-279
4474,523
4475,675
4476,525
4477,-125
4478,-29
4479,575
4480,575
4481,-125
4482,675
4483,671
4484,475
4485,-125
4486,675
4487,625
4488,-127
4489,673
4490,-77
4491,-75
4492,348
4493,-27
4494,625
4495,398
4496,425
4497,-77
4498,-75
4499,525
4500,525
4501,673
4502,675
4503,623
4504,425
4505,675
4506,575
4507,675
4508,-25
4509,-25
4510,-2
4511,-27
4512,350
4513,550
4514,625
4515,625
4516,675
4517,675
4518,623
4519,675
4520,-75
4521,548
4522,625
4523,425
4524,623
4525,323
4526,-79
4527,425
4528,-75
4529,619
4530,671
4531,523
4532,400
4533,-75
4534,673
4535,325
4536,575
4537,573
4538,575
4539,573
4540,575
4541,675
4542,673
4543,573
4544,525
4545,671
4546,400
4547,675
4548,625
4549,675
4550,675
4551,675
4552,573
4553,-125
4554,523
4555,-250
4556,-75
4557,675
4558,-75
4559,373
4560,673
4561,625
4562,473
4563,325
4564,75
4565,623
4566,-175
4567,448
4568,575
4569,673
4570,550
4571,625
4572,675
4573,100
4574,550
4575,575
4576,-125
4577,550
4578,550
4579,575
4580,500
4581,625
4582,-27
4583,675
4584,625
4585,523
4586,-75
4587,475
4588,625
4589,675
4590,425
4591,396
4592,675
4593,625
4594,675
4595,621
4596,623
4597,625
4598,675
4599,-79
4600,675
4601,625
4602,525
4603,-75
4604,-75
4605,-75
4606,675
4607,473
4608,625
4609,625
4610,675
4611,675
4612,-77
4613,625
4614,675
4615,623
4616,671
4617,-27
4618,673
4619,267
4620,675
4621,-125
4622,575
4623,525
4624,625
4625,-125
4626,425
4627,-75
4628,575
4629,525
4630,623
4631,675
4632,621
4633,675
4634,675
4635,23
4636,675
4637,675
4638,625
4639,525
4640,298
4641,575
4642,675
4643,375
4644,348
4645,671
4646,575
4647,423
4648,525
4649,623
4650,-227
4651,675
4652,675
4653,-125
4654,675
4655,548
4656,575
4657,475
4658,223
4659,550
4660,625
4661,575
4662,-75
4663,673
4664,625
4665,-27
4666,575
4667,673
4668,625
4669,675
4670,-75
4671,625
4672,-125
4673,625
4674,525
4675,-75
4676,-125
4677,625
4678,421
4679,-125
4680,-177
4681,-125
4682,-75
4683,675
4684,623
4685,-131
4686,675
4687,-125
4688,623
4689,573
4690,673
4691,617
4692,525
4693,523
4694,673
4695,-125
4696,-75
4697,-75
4698,-125
4699,625
4700,300
4701,673
4702,242
4703,575
4704,425
4705,246
4706,425
4707,625
4708,-25
4709,675
4710,625
4711,525
4712,673
4713,550
4714,675
4715,675
4716,675
4717,625
4718,625
4719,375
4720,625
4721,625
4722,675
4723,673
4724,-4
4725,625
4726,375
4727,575
4728,625
4729,-175
4730,623
4731,625
4732,625
4733,675
4734,675
4735,575
4736,623
4737,-75
4738,475
4739,450
4740,400
4741,625
4742,625
4743,-75
4744,625
4745,671
4746,575
4747,400
4748,625
4749,275
4750,575
4751,350
4752,400
4753,-125
4754,575
4755,350
4756,473
4757,673
4758,675
4759,625
4760,671
4761,621
4762,400
4763,675
4764,675
4765,675
4766,573
4767,675
4768,425
4769,-27
4770,525
4771,575
4772,675
4773,-127
4774,348
4775,675
4776,375
4777,425
4778,675
4779,550
4780,673
4781,-127
4782,675
4783,-75
4784,575
4785,619
4786,571
4787,298
4788,-125
4789,671
4790,675
4791,400
4792,675
4793,573
4794,673
4795,625
4796,575
4797,275
4798,-125
4799,625
4800,623
4801,675
4802,625
4803,675
4804,525
4805,-125
4806,675
4807,573
4808,625
4809,625
4810,375
4811,625
4812,571
4813,225
4814,625
4815,625
4816,675
4817,-125
4818,675
4819,575
4820,575
4821,625
4822,573
4823,425
4824,-79
4825,-77
4826,625
4827,-125
4828,500
4829,673
4830,623
4831,-125
4832,500
4833,675
4834,625
4835,-125
4836,523
4837,196
4838,625
4839,550
4840,675
4841,375
4842,675
4843,-127
4844,-77
4845,675
4846,675
4847,-127
4848,625
4849,575
4850,623
4851,525
4852,675
4853,625
4854,523
4855,673
4856,548
4857,550
4858,671
4859,400
4860,625
4861,575
4862,-127
4863,625
4864,-25
4865,625
4866,-75
4867,623
4868,-25
4869,675
4870,625
4871,673
4872,675
4873,575
4874,498
4875,675
4876,625
4877,575
4878,575
4879,-25
4880,548
4881,673
4882,675
4883,575
4884,675
4885,98
4886,575
4887,575
4888,625
4889,619
4890,673
4891,675
4892,575
4893,-125
4894,675
4895,375
4896,575
4897,275
4898,246
4899,623
4900,675
4901,521
4902,675
4903,-225
4904,-75
4905,625
4906,448
4907,275
4908,525
4909,550
4910,323
4911,675
4912,525
4913,625
4914,-25
4915,519
4916,675
4917,675
4918,425
4919,-125
4920,-75
4921,675
4922,675
4923,-125
4924,675
4925,-75
4926,375
4927,623
4928,625
4929,-27
4930,625
4931,-77
4932,675
4933,675
4934,575
4935,625
4936,575
4937,-175
4938,575
4939,675
4940,623
4941,675
4942,671
4943,444
4944,575
4945,475
4946,673
4947,450
4948,675
4949,625
4950,675
4951,325
4952,325
4953,625
4954,575
4955,500
4956,675
4957,673
4958,-75
4959,425
4960,675
4961,525
4962,496
4963,575
4964,623
4965,625
4966,573
4967,300
4968,525
4969,425
4970,675
4971,471
4972,575
4973,-75
4974,-125
4975,425
4976,573
4977,400
4978,573
4979,125
4980,223
4981,675
4982,625
4983,525
4984,-75
4985,673
4986,-75
4987,675
4988,0
4989,-75
4990,625
4991,575
4992,571
4993,575
4994,675
4995,675
4996,-125
4997,675
4998,375
4999,525
5000,625
5001,623
5002,523
5003,575
5004,675
5005,-27
5006,625
5007,675
5008,-77
5009,675
5010,-75
5011,350
5012,-75
5013,294
5014,446
5015,625
5016,73
5017,625
5018,425
5019,-75
5020,625
5021,350
5022,625
5023,675
5024,623
5025,675
5026,625
5027,548
5028,573
5029,550
5030,625
5031,525
5032,525
5033,675
5034,625
5035,475
5036,300
5037,625
5038,473
5039,571
5040,-75
5041,271
5042,675
5043,673
5044,525
5045,621
5046,473
5047,423
5048,448
5049,573
5050,575
5051,571
5052,675
5053,675
5054,350
5055,575
5056,525
5057,675
5058,623
5059,-125
5060,573
5061,425
5062,675
5063,575
5064,675
5065,669
5066,675
5067,625
5068,498
5069,575
5070,573
5071,-75
5072,625
5073,675
5074,623
5075,346
5076,375
5077,-25
5078,675
5079,575
5080,575
5081,525
5082,673
5083,-27
5084,-83
5085,673
5086,575
5087,-175
5088,575
5089,571
5090,625
5091,675
5092,675
5093,25
5094,675
5095,550
5096,450
5097,675
5098,575
5099,523
5100,521
5101,675
5102,673
5103,-75
5104,575
5105,398
5106,-75
5107,575
5108,673
5109,575
5110,625
5111,675
5112,-125
5113,675
5114,625
5115,675
5116,625
5117,575
5118,675
5119,675
5120,523
5121,-175
5122,575
5123,675
5124,296
5125,675
5126,673
5127,-125
5128,-125
5129,-125
5130,675
5131,-125
5132,523
5133,425
5134,-127
5135,-75
5136,575
5137,425
5138,625
5139,675
5140,675
5141,-25
5142,675
5143,675
5144,625
5145,675
5146,-127
5147,573
5148,625
5149,625
5150,675
5151,673
5152,673
5153,-27
5154,675
5155,675
5156,625
5157,523
5158,623
5159,-75
5160,675
5161,525
5162,525
5163,675
5164,675
5165,673
5166,675
5167,573
5168,625
5169,675
5170,325
5171,625
5172,-25
5173,675
5174,675
5175,671
5176,-127
5177,621
5178,-25
5179,-127
5180,-129
5181,198
5182,675
5183,675
5184,675
5185,675
5186,475
5187,475
5188,500
5189,575
5190,300
5191,675
5192,625
5193,673
5194,450
5195,400
5196,625
5197,675
5198,625
5199,675
5200,550
5201,-125
5202,675
5203,675
5204,-75
5205,575
5206,525
5207,-125
5208,473
5209,398
5210,623
5211,675
5212,571
5213,625
5214,525
5215,-75
5216,625
5217,673
5218,-75
5219,625
5220,675
5221,400
5222,625
5223,675
5224,346
5225,525
5226,348
5227,-125
5228,475
5229,673
5230,675
5231,-77
5232,625
5233,398
5234,525
5235,-202
5236,673
5237,675
5238,675
5239,625
5240,623
5241,675
5242,575
5243,675
5244,-75
5245,623
5246,-125
5247,150
5248,-127
5249,675
5250,625
5251,673
5252,675
5253,473
5254,523
5255,525
5256,675
5257,675
5258,675
5259,625
5260,575
5261,-200
5262,573
5263,-127
5264,350
5265,423
5266,675
5267,425
5268,325
5269,523
5270,673
5271,673
5272,623
5273,523
5274,-127
5275,625
5276,675
5277,-75
5278,398
5279,625
5280,673
5281,673
5282,575
5283,575
5284,623
5285,675
5286,673
5287,-75
5288,625
5289,400
5290,675
5291,-77
5292,225
5293,425
5294,-125
5295,675
5296,575
5297,400
5298,-25
5299,625
5300,550
5301,425
5302,675
5303,625
5304,575
5305,-127
5306,675
5307,625
5308,675
5309,525
5310,675
5311,675
5312,673
5313,671
5314,675
5315,669
5316,675
5317,223
5318,625
5319,625
5320,675
5321,398
5322,623
5323,625
5324,375
5325,525
5326,575
5327,100
5328,675
5329,623
5330,625
5331,673
5332,-25
5333,473
5334,348
5335,675
5336,625
5337,400
5338,625
5339,196
5340,675
5341,673
5342,575
5343,-75
5344,675
5345,-75
5346,-75
5347,675
5348,523
5349,550
5350,625
5351,625
5352,500
5353,671
5354,575
5355,-129
5356,675
5357,548
5358,625
5359,525
5360,400
5361,-75
5362,623
5363,623
5364,-100
5365,423
5366,575
5367,675
5368,-125
5369,623
5370,623
5371,623
5372,-75
5373,525
5374,-75
5375,-125
5376,673
5377,675
5378,300
5379,625
5380,250
5381,625
5382,575
5383,625
5384,-75
5385,-125
5386,548
5387,525
5388,675
5389,425
5390,523
5391,525
5392,675
5393,623
5394,525
5395,373
5396,375
5397,425
5398,623
5399,575
5400,625
5401,-125
5402,-125
5403,675
5404,625
5405,621
5406,623
5407,296
5408,575
5409,675
5410,675
5411,550
5412,-125
5413,673
5414,-75
5415,675
5416,625
5417,625
5418,-75
5419,200
5420,625
5421,521
5422,675
5423,671
5424,475
5425,-175
5426,675
5427,-125
5428,-127
5429,625
5430,675
5431,-75
5432,573
5433,621
5434,675
5435,471
5436,575
5437,450
5438,625
5439,675
5440,673
5441,675
5442,625
5443,625
5444,675
5445,675
5446,623
5447,525
5448,675
5449,625
5450,300
5451,623
5452,573
5453,523
5454,448
5455,323
5456,-75
5457,-75
5458,-2
5459,150
5460,671
5461,325
5462,425
5463,523
5464,675
5465,475
5466,-125
5467,423
5468,525
5469,-225
5470,575
5471,623
5472,498
5473,675
5474,-125
5475,675
5476,-79
5477,675
5478,-125
5479,525
5480,625
5481,523
5482,675
5483,675
5484,675
5485,625
5486,625
5487,675
5488,625
5489,625
5490,475
5491,523
5492,675
5493,325
5494,475
5495,675
5496,-125
5497,625
5498,673
5499,425
5500,625
5501,-25
5502,523
5503,625
5504,-25
5505,575
5506,675
5507,-75
5508,571
5509,625
5510,400
5511,625
5512,675
5513,571
5514,350
5515,625
5516,-125
5517,-75
5518,671
5519,400
5520,-125
5521,675
5522,400
5523,675
5524,571
5525,425
5526,675
5527,-81
5528,623
5529,623
5530,-75
5531,623
5532,675
5533,675
5534,673
5535,525
5536,675
5537,675
5538,625
5539,675
5540,0
5541,-179
5542,300
5543,300
5544,575
5545,525
5546,-77
5547,675
5548,675
5549,623
5550,675
5551,675
5552,500
5553,671
5554,675
5555,625
5556,371
5557,675
5558,-27
5559,625
5560,-27
5561,298
5562,675
5563,448
5564,623
5565,475
5566,675
5567,473
5568,-200
5569,575
5570,625
5571,675
5572,575
5573,400
5574,475
5575,-125
5576,-75
5577,400
5578,625
5579,675
5580,671
5581,675
5582,675
5583,525
5584,675
5585,-25
5586,623
5587,675
5588,575
5589,425
5590,673
5591,675
5592,675
5593,675
5594,625
5595,375
5596,673
5597,671
5598,-175
5599,575
5600,500
5601,-225
5602,-100
5603,625
5604,-125
5605,625
5606,473
5607,623
5608,673
5609,675
5610,321
5611,675
5612,521
5613,-25
5614,675
5615,675
5616,675
5617,575
5618,523
5619,623
5620,475
5621,575
5622,675
5623,675
5624,675
5625,-75
5626,673
5627,250
5628,448
5629,-125
5630,471
5631,675
5632,673
5633,675
5634,625
5635,625
5636,571
5637,675
5638,675
5639,625
5640,-83
5641,675
5642,675
5643,-75
5644,-25
5645,523
5646,675
5647,675
5648,-125
5649,-77
5650,400
5651,675
5652,675
5653,150
5654,625
5655,675
5656,623
5657,625
5658,675
5659,425
5660,673
5661,673
5662,550
5663,546
5664,675
5665,523
5666,625
5667,400
5668,675
5669,675
5670,625
5671,325
5672,575
5673,625
5674,575
5675,-75
5676,625
5677,-25
5678,-77
5679,475
5680,675
5681,675
5682,625
5683,673
5684,673
5685,675
5686,625
5687,625
5688,675
5689,575
5690,525
5691,625
5692,425
5693,573
5694,500
5695,-125
5696,525
5697,-75
5698,-27
5699,-75
5700,375
5701,625
5702,-125
5703,575
5704,-125
5705,575
5706,473
5707,673
5708,625
5709,673
5710,523
5711,675
5712,625
5713,523
5714,675
5715,675
5716,548
5717,673
5718,521
5719,671
5720,300
5721,525
5722,621
5723,673
5724,573
5725,675
5726,625
5727,675
5728,673
5729,350
5730,675
5731,-75
5732,248
5733,575
5734,598
5735,-125
5736,373
5737,-104
5738,-25
5739,-50
5740,675
5741,575
5742,400
5743,298
5744,623
5745,548
5746,575
5747,675
5748,675
5749,675
5750,423
5751,573
5752,625
5753,673
5754,-125
5755,575
5756,675
5757,625
5758,575
5759,-79
5760,73
5761,398
5762,675
5763,523
5764,525
5765,621
5766,625
5767,-75
5768,675
5769,623
5770,-125
5771,525
5772,575
5773,625
5774,475
5775,625
5776,-125
5777,-27
5778,546
5779,-77
5780,625
5781,625
5782,-129
5783,675
5784,600
5785,-75
5786,675
5787,675
5788,675
5789,-125
5790,350
5791,-27
5792,-125
5793,675
5794,625
5795,675
5796,-79
5797,575
5798,675
5799,623
5800,623
5801,673
5802,550
5803,525
5804,423
5805,-125
5806,673
5807,500
5808,625
5809,-25
5810,-300
5811,-77
5812,425
5813,-127
5814,575
5815,525
5816,675
5817,573
5818,-75
5819,675
5820,673
5821,523
5822,671
5823,350
5824,675
5825,623
5826,-50
5827,473
5828,675
5829,673
5830,675
5831,546
5832,573
5833,-77
5834,-75
5835,-75
5836,-75
5837,-25
5838,523
5839,-27
5840,475
5841,625
5842,625
5843,-127
5844,575
5845,575
5846,-131
5847,675
5848,675
5849,675
5850,625
5851,-202
5852,500
5853,623
5854,623
5855,475
5856,400
5857,675
5858,623
5859,675
5860,523
5861,675
5862,525
5863,625
5864,473
5865,675
5866,625
5867,673
5868,625
5869,673
5870,-77
5871,625
5872,673
5873,675
5874,-177
5875,548
5876,675
5877,625
5878,-125
5879,-75
5880,-129
5881,675
5882,675
5883,675
5884,625
5885,475
5886,425
5887,548
5888,-127
5889,675
5890,475
5891,623
5892,675
5893,673
5894,-125
5895,325
5896,523
5897,625
5898,546
5899,675
5900,675
5901,575
5902,375
5903,425
5904,275
5905,675
5906,-75
5907,625
5908,625
5909,273
5910,421
5911,669
5912,571
5913,-27
5914,675
5915,350
5916,673
5917,523
5918,625
5919,375
5920,300
5921,575
5922,575
5923,375
5924,-25
5925,621
5926,-75
5927,625
5928,523
5929,675
5930,575
5931,675
5932,425
5933,373
5934,525
5935,-29
5936,673
5937,475
5938,625
5939,673
5940,-127
5941,625
5942,319
5943,425
5944,625
5945,623
5946,675
5947,675
5948,675
5949,400
5950,625
5951,675
5952,373
5953,625
5954,623
5955,350
5956,621
5957,523
5958,425
5959,675
5960,573
5961,573
5962,625
5963,623
5964,675
5965,671
5966,523
5967,-125
5968,625
5969,675
5970,623
5971,625
5972,573
5973,375
5974,-75
5975,673
5976,571
5977,-75
5978,375
5979,525
5980,473
5981,675
5982,-77
5983,448
5984,-125
5985,625
5986,675
5987,623
5988,525
5989,573
5990,523
5991,673
5992,625
5993,675
5994,273
5995,675
5996,-125
5997,523
5998,675
5999,-100
6000,575
6001,673
6002,675
6003,-125
6004,146
6005,423
6006,623
6007,625
6008,423
6009,-75
6010,625
6011,625
6012,375
6013,-125
6014,350
6015,625
6016,625
6017,675
6018,625
6019,525
6020,-77
6021,625
6022,623
6023,569
6024,575
6025,575
6026,-27
6027,625
6028,550
6029,525
6030,-75
6031,400
6032,523
6033,573
6034,348
6035,575
6036,475
6037,675
6038,525
6039,573
6040,100
6041,423
6042,548
6043,-125
6044,573
6045,675
6046,575
6047,575
6048,325
6049,621
6050,325
6051,396
6052,-79
6053,550
6054,675
6055,621
6056,-75
6057,625
6058,-25
6059,-125
6060,525
6061,425
6062,623
6063,275
6064,625
6065,675
6066,425
6067,673
6068,-27
6069,669
6070,425
6071,623
6072,-81
6073,675
6074,675
6075,675
6076,625
6077,550
6078,675
6079,625
6080,623
6081,621
6082,675
6083,548
6084,673
6085,625
6086,-75
6087,625
6088,575
6089,575
6090,500
6091,-75
6092,675
6093,675
6094,-2
6095,675
6096,-200
6097,675
6098,675
6099,-75
6100,-75
6101,525
6102,623
6103,673
6104,675
6105,675
6106,473
6107,573
6108,425
6109,675
6110,575
6111,573
6112,573
6113,575
6114,675
6115,-75
6116,373
6117,-125
6118,473
6119,573
6120,-25
6121,523
6122,475
6123,-75
6124,623
6125,625
6126,-75
6127,625
6128,525
6129,300
6130,575
6131,675
6132,625
6133,675
6134,675
6135,475
6136,475
6137,-75
6138,425
6139,423
6140,575
6141,625
6142,625
6143,525
6144,675
6145,-125
6146,475
6147,-400
6148,675
6149,575
6150,-125
6151,675
6152,675
6153,575
6154,675
6155,625
6156,-75
6157,675
6158,675
6159,-29
6160,-125
6161,673
6162,275
6163,625
6164,625
6165,525
6166,425
6167,300
6168,625
6169,350
6170,96
6171,498
6172,475
6173,-75
6174,550
6175,625
6176,675
6177,300
6178,348
6179,673
6180,525
6181,-531
6182,521
6183,525
6184,-125
6185,550
6186,373
6187,623
6188,425
6189,625
6190,573
6191,575
6192,396
6193,675
6194,675
6195,673
6196,575
6197,673
6198,575
6199,673
6200,-75
6201,150
6202,673
6203,525
6204,675
6205,498
6206,673
6207,625
6208,300
6209,523
6210,623
6211,525
6212,675
6213,-77
6214,625
6215,-75
6216,673
6217,625
6218,523
6219,675
6220,675
6221,521
6222,675
6223,675
6224,523
6225,600
6226,675
6227,625
6228,675
6229,675
6230,625
6231,625
6232,500
6233,-125
6234,-175
6235,675
6236,-77
6237,675
6238,625
6239,675
6240,375
6241,525
6242,-175
6243,575
6244,-77
6245,400
6246,673
6247,673
6248,350
6249,-127
6250,325
6251,625
6252,-175
6253,523
6254,675
6255,548
6256,275
6257,400
6258,575
6259,-125
6260,-50
6261,621
6262,625
6263,-25
6264,675
6265,-102
6266,525
6267,575
6268,675
6269,675
6270,621
6271,675
6272,675
6273,-125
6274,-125
6275,675
6276,625
6277,625
6278,575
6279,675
6280,675
6281,523
6282,275
6283,398
6284,625
6285,675
6286,525
6287,675
6288,573
6289,523
6290,625
6291,400
6292,425
6293,671
6294,348
6295,425
6296,575
6297,525
6298,375
6299,-125
6300,675
6301,675
6302,523
6303,471
6304,625
6305,625
6306,-200
6307,575
6308,425
6309,-75
6310,675
6311,325
6312,575
6313,673
6314,-125
6315,-25
6316,275
6317,675
6318,525
6319,625
6320,625
6321,675
6322,571
6323,-27
6324,623
6325,625
6326,-125
6327,400
6328,623
6329,675
6330,-75
6331,671
6332,673
6333,623
6334,675
6335,525
6336,475
6337,350
6338,675
6339,421
6340,671
6341,623
6342,475
6343,375
6344,625
6345,673
6346,625
6347,475
6348,573
6349,625
6350,-125
6351,625
6352,673
6353,475
6354,-75
6355,-125
6356,521
6357,675
6358,625
6359,675
6360,-75
6361,675
6362,675
6363,525
6364,675
6365,-125
6366,673
6367,-125
6368,673
6369,675
6370,573
6371,425
6372,575
6373,675
6374,675
6375,675
6376,525
6377,675
6378,-27
6379,-27
6380,575
6381,-75
6382,673
6383,-125
6384,425
6385,525
6386,425
6387,673
6388,-175
6389,625
6390,-52
6391,675
6392,425
6393,573
6394,571
6395,375
6396,625
6397,425
6398,-125
6399,-77
6400,675
6401,-131
6402,619
6403,-200
6404,-75
6405,675
6406,625
6407,-125
6408,675
6409,673
6410,675
6411,-75
6412,-77
6413,425
6414,-50
6415,675
6416,675
6417,425
6418,-77
6419,525
6420,625
6421,-125
6422,673
6423,575
6424,275
6425,0
6426,-125
6427,625
6428,573
6429,625
6430,575
6431,675
6432,675
6433,675
6434,-127
6435,675
6436,623
6437,675
6438,675
6439,675
6440,675
6441,625
6442,198
6443,-25
6444,-179
6445,623
6446,675
6447,550
6448,673
6449,-125
6450,-125
6451,675
6452,-75
6453,623
6454,675
6455,673
6456,673
6457,673
6458,-75
6459,-125
6460,675
6461,675
6462,625
6463,-75
6464,348
6465,675
6466,675
6467,500
6468,75
6469,425
6470,375
6471,675
6472,625
6473,425
6474,523
6475,675
6476,425
6477,623
6478,625
6479,675
6480,-27
6481,-125
6482,475
6483,-50
6484,-25
6485,575
6486,496
6487,673
6488,573
6489,423
6490,-77
6491,675
6492,-75
6493,625
6494,400
6495,-129
6496,573
6497,-77
6498,675
6499,675
6500,673
6501,571
6502,673
6503,550
6504,675
6505,525
6506,525
6507,675
6508,-125
6509,-125
6510,198
6511,625
6512,675
6513,-125
6514,675
6515,675
6516,673
6517,550
6518,-77
6519,675
6520,-125
6521,673
6522,-27
6523,-127
6524,625
6525,525
6526,-75
6527,675
6528,525
6529,523
6530,575
6531,375
6532,-25
6533,673
6534,-127
6535,625
6536,673
6537,100
6538,525
6539,625
6540,675
6541,100
6542,475
6543,500
6544,673
6545,675
6546,575
6547,673
6548,673
6549,-125
6550,675
6551,625
6552,525
6553,423
6554,-125
6555,-125
6556,350
6557,673
6558,498
6559,425
6560,400
6561,-77
6562,625
6563,675
6564,625
6565,625
6566,625
6567,675
6568,625
6569,675
6570,473
6571,675
6572,671
6573,625
6574,675
6575,675
6576,350
6577,473
6578,625
6579,675
6580,-25
6581,671
6582,573
6583,675
6584,275
6585,-125
6586,550
6587,625
6588,675
6589,-75
6590,675
6591,523
6592,523
6593,-75
6594,621
6595,-127
6596,675
6597,673
6598,-25
6599,-75
6600,675
6601,-83
6602,625
6603,600
6604,625
6605,675
6606,675
6607,-81
6608,625
6609,525
6610,373
6611,250
6612,625
6613,-31
6614,575
6615,675
6616,473
6617,625
6618,498
6619,-125
6620,571
6621,675
6622,-125
6623,675
6624,250
6625,-75
6626,550
6627,525
6628,475
6629,373
6630,673
6631,675
6632,673
6633,573
6634,625
6635,625
6636,675
6637,625
6638,-175
6639,625
6640,500
6641,325
6642,425
6643,625
6644,675
6645,592
6646,623
6647,675
6648,669
6649,625
6650,675
6651,675
6652,400
6653,-175
6654,-125
6655,675
6656,675
6657,575
6658,500
6659,675
6660,200
6661,675
6662,673
6663,523
6664,675
6665,575
6666,675
6667,673
6668,573
6669,-125
6670,625
6671,-50
6672,625
6673,673
6674,475
6675,673
6676,-77
6677,475
6678,625
6679,475
6680,525
6681,-75
6682,525
6683,-77
6684,-175
6685,675
6686,623
6687,675
6688,571
6689,625
6690,623
6691,-125
6692,675
6693,673
6694,425
6695,625
6696,498
6697,625
6698,623
6699,675
6700,573
6701,-125
6702,571
6703,-75
6704,675
6705,673
6706,575
6707,523
6708,344
6709,-125
6710,671
6711,675
6712,625
6713,625
6714,523
6715,675
6716,623
6717,675
6718,625
6719,675
6720,625
6721,625
6722,673
6723,625
6724,-79
6725,525
6726,475
6727,-125
6728,673
6729,625
6730,473
6731,575
6732,325
6733,-27
6734,498
6735,473
6736,673
6737,296
6738,623
6739,573
6740,675
6741,675
6742,-202
6743,625
6744,-77
6745,675
6746,623
6747,400
6748,-125
6749,675
6750,675
6751,675
6752,450
6753,675
6754,673
6755,-77
6756,625
6757,-125
6758,573
6759,-77
6760,-75
6761,573
6762,673
6763,623
6764,225
6765,-25
6766,-25
6767,575
6768,621
6769,673
6770,625
6771,400
6772,675
6773,525
6774,-33
6775,-125
6776,575
6777,623
6778,223
6779,625
6780,-29
6781,-127
6782,673
6783,675
6784,675
6785,-75
6786,400
6787,523
6788,625
6789,-75
6790,625
6791,600
6792,625
6793,673
6794,625
6795,-79
6796,544
6797,-175
6798,575
6799,675
6800,375
6801,675
6802,675
6803,675
6804,675
6805,675
6806,546
6807,-125
6808,673
6809,673
6810,673
6811,625
6812,323
6813,623
6814,525
6815,275
6816,-75
6817,344
6818,673
6819,346
6820,675
6821,675
6822,573
6823,675
6824,400
6825,525
6826,673
6827,-75
6828,-125
6829,675
6830,-75
6831,623
6832,375
6833,-27
6834,675
6835,625
6836,675
6837,100
6838,525
6839,675
6840,-75
6841,675
6842,-77
6843,521
6844,400
6845,621
6846,625
6847,425
6848,621
6849,-125
6850,525
6851,523
6852,575
6853,575
6854,625
6855,-75
6856,523
6857,675
6858,-125
6859,475
6860,675
6861,573
6862,673
6863,400
6864,-75
6865,523
6866,275
6867,675
6868,625
6869,525
6870,625
6871,675
6872,348
6873,625
6874,575
6875,675
6876,573
6877,571
6878,625
6879,675
6880,673
6881,625
6882,325
6883,148
6884,-200
6885,675
6886,475
6887,571
6888,525
6889,625
6890,675
6891,525
6892,675
6893,271
6894,625
6895,625
6896,673
6897,-125
6898,575
6899,225
6900,525
6901,-125
6902,-175
6903,673
6904,400
6905,675
6906,625
6907,423
6908,625
6909,-125
6910,400
6911,675
6912,675
6913,623
6914,571
6915,625
6916,623
6917,623
6918,575
6919,675
6920,525
6921,675
6922,146
6923,523
6924,521
6925,625
6926,675
6927,550
6928,-127
6929,475
6930,675
6931,525
6932,623
6933,625
6934,575
6935,675
6936,675
6937,673
6938,150
6939,575
6940,675
6941,573
6942,625
6943,-127
6944,625
6945,673
6946,675
6947,575
6948,-100
6949,-75
6950,375
6951,625
6952,675
6953,675
6954,675
6955,675
6956,625
6957,673
6958,675
6959,675
6960,675
6961,623
6962,675
6963,675
6964,673
6965,675
6966,521
6967,625
6968,625
6969,675
6970,-125
6971,-125
6972,400
6973,-175
6974,575
6975,575
6976,673
6977,575
6978,675
6979,669
6980,675
6981,575
6982,625
6983,-125
6984,-77
6985,525
6986,-175
6987,675
6988,623
6989,675
6990,142
6991,673
6992,623
6993,623
6994,-77
6995,525
6996,373
6997,575
6998,625
6999,-100
7000,150
7001,673
7002,675
7003,623
7004,-175
7005,673
7006,625
7007,625
7008,575
7009,-125
7010,-125
7011,675
7012,625
7013,-175
7014,-52
7015,325
7016,550
7017,575
7018,323
7019,525
7020,-75
7021,673
7022,496
7023,-75
7024,498
7025,575
7026,525
7027,-77
7028,-125
7029,-52
7030,-31
7031,525
7032,550
7033,625
7034,550
7035,575
7036,623
7037,-175
7038,625
7039,623
7040,-204
7041,625
7042,675
7043,675
7044,623
7045,625
7046,623
7047,475
7048,373
7049,350
7050,550
7051,-125
7052,625
7053,523
7054,575
7055,-125
7056,675
7057,-77
7058,450
7059,-125
7060,675
7061,625
7062,-125
7063,475
7064,625
7065,673
7066,425
7067,-77
7068,675
7069,323
7070,525
7071,675
7072,575
7073,-125
7074,625
7075,350
7076,-27
7077,521
7078,675
7079,675
7080,625
7081,-27
7082,575
7083,675
7084,573
7085,425
7086,575
7087,23
7088,675
7089,-75
7090,673
7091,675
7092,573
7093,-200
7094,675
7095,550
7096,625
7097,-4
7098,673
7099,675
7100,-75
7101,673
7102,548
7103,675
7104,525
7105,575
7106,575
7107,625
7108,673
7109,675
7110,-125
7111,575
7112,521
7113,525
7114,523
7115,675
7116,675
7117,575
7118,619
7119,525
7120,525
7121,673
7122,575
7123,-127
7124,675
7125,300
7126,625
7127,-125
7128,671
7129,671
7130,423
7131,623
7132,625
7133,425
7134,575
7135,-2
7136,525
7137,623
7138,575
7139,673
7140,625
7141,673
7142,671
7143,573
7144,398
7145,673
7146,623
7147,525
7148,675
7149,675
7150,671
7151,550
7152,625
7153,625
7154,-25
7155,525
7156,475
7157,675
7158,675
7159,623
7160,-125
7161,-79
7162,673
7163,675
7164,250
7165,-79
7166,673
7167,-75
7168,573
7169,573
7170,675
7171,425
7172,150
7173,675
7174,296
7175,673
7176,-125
7177,625
7178,498
7179,273
7180,550
7181,448
7182,548
7183,300
7184,625
7185,669
7186,-75
7187,675
7188,625
7189,623
7190,548
7191,675
7192,-125
7193,500
7194,675
7195,525
7196,575
7197,675
7198,525
7199,675
7200,375
7201,-129
7202,348
7203,-125
7204,-125
7205,-125
7206,675
7207,623
7208,423
7209,400
7210,675
7211,573
7212,675
7213,623
7214,675
7215,623
7216,-125
7217,675
7218,573
7219,675
7220,675
7221,-125
7222,623
7223,550
7224,671
7225,625
7226,673
7227,619
7228,675
7229,675
7230,675
7231,475
7232,675
7233,521
7234,673
7235,675
7236,-75
7237,671
7238,673
7239,-125
7240,625
7241,521
7242,-127
7243,300
7244,471
7245,100
7246,625
7247,500
7248,675
7249,621
7250,475
7251,625
7252,675
7253,-175
7254,673
7255,-127
7256,573
7257,673
7258,675
7259,400
7260,675
7261,-75
7262,-125
7263,675
7264,625
7265,425
7266,425
7267,675
7268,-125
7269,573
7270,571
7271,521
7272,-175
7273,621
7274,575
7275,425
7276,675
7277,573
7278,425
7279,-129
7280,-177
7281,675
7282,625
7283,-25
7284,625
7285,323
7286,-75
7287,425
7288,623
7289,623
7290,675
7291,675
7292,675
7293,-77
7294,400
7295,675
7296,675
7297,-75
7298,675
7299,675
7300,519
7301,575
7302,675
7303,575
7304,-2
7305,623
7306,575
7307,-29
7308,669
7309,396
7310,498
7311,575
7312,675
7313,473
7314,625
7315,300
7316,-27
7317,675
7318,-75
7319,625
7320,673
7321,625
7322,-25
7323,-75
7324,625
7325,-125
7326,-25
7327,-75
7328,675
7329,-177
7330,669
7331,-127
7332,625
7333,-79
7334,200
7335,-131
7336,475
7337,-127
7338,525
7339,623
7340,425
7341,-79
7342,625
7343,573
7344,-179
7345,675
7346,523
7347,525
7348,625
7349,675
7350,675
7351,-75
7352,675
7353,544
7354,350
7355,573
7356,575
7357,-125
7358,675
7359,-25
7360,575
7361,525
7362,675
7363,400
7364,675
7365,-75
7366,675
7367,575
7368,525
7369,473
7370,525
7371,671
7372,675
7373,675
7374,625
7375,350
7376,423
7377,496
7378,48
7379,625
7380,425
7381,673
7382,425
7383,675
7384,625
7385,563
7386,-29
7387,550
7388,675
7389,675
7390,-200
7391,573
7392,-50
7393,675
7394,571
7395,623
7396,625
7397,675
7398,-200
7399,673
7400,525
7401,675
7402,-77
7403,-125
7404,-75
7405,573
7406,-125
7407,621
7408,623
7409,-127
7410,-125
7411,675
7412,525
7413,623
7414,471
7415,675
7416,675
7417,625
7418,498
7419,675
7420,675
7421,625
7422,673
7423,675
7424,550
7425,525
7426,-125
7427,673
7428,625
7429,675
7430,675
7431,-125
7432,675
7433,625
7434,550
7435,675
7436,-79
7437,-127
7438,-475
7439,625
7440,675
7441,425
7442,625
7443,550
7444,675
7445,-75
7446,675
7447,525
7448,673
7449,625
7450,675
7451,675
7452,73
7453,569
7454,573
7455,471
7456,498
7457,471
7458,-300
7459,496
7460,625
7461,521
7462,625
7463,675
7464,675
7465,525
7466,675
7467,473
7468,-125
7469,575
7470,-29
7471,675
7472,375
7473,292
7474,173
7475,625
7476,675
7477,25
7478,673
7479,275
7480,625
7481,-125
7482,-125
7483,498
7484,348
7485,675
7486,625
7487,673
7488,523
7489,500
7490,673
7491,-179
7492,625
7493,625
7494,-27
7495,675
7496,525
7497,571
7498,675
7499,625
7500,623
7501,525
7502,619
7503,675
7504,450
7505,673
7506,425
7507,675
7508,575
7509,-75
7510,675
7511,623
7512,673
7513,675
7514,625
7515,621
7516,248
7517,625
7518,-77
7519,675
7520,625
7521,625
7522,498
7523,-125
7524,675
7525,675
7526,525
7527,525
7528,625
7529,675
7530,673
7531,575
7532,573
7533,575
7534,-77
7535,275
7536,350
7537,525
7538,-81
7539,675
7540,425
7541,450
7542,519
7543,519
7544,621
7545,525
7546,300
7547,575
7548,625
7549,673
7550,400
7551,675
7552,-75
7553,-131
7554,625
7555,275
7556,-325
7557,575
7558,675
7559,275
7560,675
7561,673
7562,675
7563,-127
7564,348
7565,575
7566,-27
7567,675
7568,671
7569,-125
7570,675
7571,600
7572,675
7573,673
7574,473
7575,675
7576,-181
7577,675
7578,-77
7579,-125
7580,625
7581,675
7582,625
7583,673
7584,-25
7585,675
7586,625
7587,675
7588,625
7589,-250
7590,623
7591,625
7592,575
7593,-75
7594,-77
7595,621
7596,475
7597,623
7598,625
7599,571
7600,623
7601,350
7602,575
7603,575
7604,-27
7605,625
7606,573
7607,375
7608,400
7609,625
7610,-125
7611,675
7612,675
7613,673
7614,398
7615,625
7616,675
7617,621
7618,573
7619,625
7620,575
7621,-177
7622,325
7623,673
7624,621
7625,675
7626,-27
7627,625
7628,625
7629,275
7630,423
7631,298
7632,400
7633,673
7634,675
7635,575
7636,623
7637,671
7638,673
7639,523
7640,625
7641,623
7642,675
7643,625
7644,475
7645,400
7646,575
7647,-127
7648,350
7649,675
7650,-129
7651,500
7652,673
7653,623
7654,673
7655,-75
7656,625
7657,275
7658,623
7659,575
7660,675
7661,-125
7662,-125
7663,675
7664,675
7665,425
7666,675
7667,625
7668,521
7669,675
7670,-127
7671,623
7672,300
7673,671
7674,-75
7675,-25
7676,623
7677,-125
7678,675
7679,673
7680,675
7681,425
7682,475
7683,623
7684,625
7685,425
7686,475
7687,673
7688,673
7689,275
7690,-125
7691,623
7692,-125
7693,623
7694,625
7695,473
7696,-202
7697,673
7698,675
7699,400
7700,-75
7701,623
7702,623
7703,673
7704,-2
7705,-127
7706,625
7707,625
7708,625
7709,-102
7710,675
7711,523
7712,675
7713,675
7714,571
7715,675
7716,325
7717,575
7718,394
7719,519
7720,575
7721,675
7722,548
7723,625
7724,625
7725,675
7726,-129
7727,675
7728,673
7729,675
7730,675
7731,492
7732,-125
7733,-25
7734,675
7735,-127
7736,400
7737,-25
7738,625
7739,673
7740,-229
7741,625
7742,375
7743,671
7744,675
7745,675
7746,673
7747,675
7748,273
7749,-125
7750,673
7751,575
7752,421
7753,425
7754,675
7755,673
7756,675
7757,673
7758,-125
7759,671
7760,675
7761,575
7762,521
7763,673
7764,625
7765,523
7766,-125
7767,375
7768,673
7769,625
7770,675
7771,623
7772,575
7773,425
7774,675
7775,-250
7776,573
7777,-177
7778,573
7779,575
7780,623
7781,625
7782,675
7783,575
7784,573
7785,625
7786,669
7787,375
7788,421
7789,625
7790,625
7791,-79
7792,675
7793,523
7794,-125
7795,671
7796,194
7797,375
7798,625
7799,625
7800,425
7801,40
7802,548
7803,623
7804,-75
7805,550
7806,673
7807,548
7808,625
7809,-25
7810,675
7811,-125
7812,675
7813,675
7814,475
7815,675
7816,623
7817,200
7818,675
7819,525
7820,625
7821,575
7822,525
7823,525
7824,675
7825,-25
7826,625
7827,673
7828,625
7829,675
7830,-75
7831,571
7832,625
7833,548
7834,621
7835,-75
7836,-125
7837,523
7838,673
7839,623
7840,623
7841,675
7842,-25
7843,675
7844,671
7845,625
7846,575
7847,673
7848,675
7849,673
7850,-75
7851,675
7852,673
7853,625
7854,575
7855,671
7856,-125
7857,-125
7858,-27
7859,673
7860,175
7861,625
7862,675
7863,-125
7864,673
7865,525
7866,675
7867,623
7868,-75
7869,575
7870,673
7871,623
7872,-225
7873,400
7874,675
7875,675
7876,673
7877,-75
7878,473
7879,675
7880,550
7881,-129
7882,675
7883,675
7884,-125
7885,675
7886,671
7887,473
7888,575
7889,675
7890,625
7891,673
7892,573
7893,150
7894,625
7895,573
7896,-75
7897,625
7898,625
7899,673
7900,675
7901,523
7902,523
7903,675
7904,675
7905,-127
7906,675
7907,675
7908,625
7909,-125
7910,673
7911,675
7912,673
7913,275
7914,398
7915,575
7916,673
7917,623
7918,525
7919,525
7920,-29
7921,675
7922,675
7923,675
7924,-125
7925,673
7926,621
7927,625
7928,-75
7929,625
7930,575
7931,675
7932,550
7933,623
7934,625
7935,623
7936,675
7937,475
7938,625
7939,673
7940,525
7941,675
7942,-77
7943,-175
7944,675
7945,625
7946,444
7947,525
7948,675
7949,-75
7950,673
7951,-75
7952,623
7953,575
7954,575
7955,675
7956,673
7957,375
7958,275
7959,523
7960,675
7961,625
7962,625
7963,-125
7964,300
7965,-75
7966,675
7967,675
7968,625
7969,-125
7970,398
7971,250
7972,-125
7973,275
7974,619
7975,192
7976,575
7977,473
7978,525
7979,625
7980,321
7981,623
7982,350
7983,675
7984,675
7985,675
7986,550
7987,673
7988,350
7989,-127
7990,625
7991,675
7992,573
7993,-127
7994,575
7995,525
7996,625
7997,625
7998,298
7999,573
8000,575
8001,625
8002,671
8003,675
8004,575
8005,-175
8006,675
8007,675
8008,371
8009,625
8010,575
8011,673
8012,573
8013,573
8014,675
8015,673
8016,525
8017,675
8018,673
8019,550
8020,-125
8021,675
8022,300
8023,-100
8024,575
8025,621
8026,-125
8027,625
8028,-125
8029,675
8030,575
8031,675
8032,-27
8033,198
8034,675
8035,625
8036,675
8037,675
8038,325
8039,-75
8040,200
8041,625
8042,625
8043,525
8044,-125
8045,375
8046,675
8047,473
8048,275
8049,673
8050,-27
8051,673
8052,400
8053,525
8054,625
8055,-75
8056,675
8057,-75
8058,575
8059,675
8060,625
8061,-125
8062,625
8063,625
8064,-75
8065,417
8066,-29
8067,675
8068,625
8069,673
8070,673
8071,673
8072,675
8073,521
8074,523
8075,575
8076,675
8077,675
8078,673
8079,-75
8080,675
8081,525
8082,-75
8083,675
8084,675
8085,625
8086,-25
8087,523
8088,625
8089,673
8090,75
8091,623
8092,625
8093,625
8094,675
8095,350
8096,423
8097,350
8098,475
8099,675
8100,675
8101,575
8102,575
8103,396
8104,625
8105,275
8106,625
8107,623
8108,525
8109,675
8110,675
8111,625
8112,675
8113,673
8114,625
8115,625
8116,-75
8117,625
8118,-127
8119,-125
8120,342
8121,573
8122,525
8123,675
8124,675
8125,625
8126,675
8127,575
8128,-125
8129,-75
8130,525
8131,675
8132,623
8133,623
8134,246
8135,675
8136,-75
8137,473
8138,0
8139,675
8140,575
8141,523
8142,621
8143,673
8144,623
8145,600
8146,571
8147,617
8148,675
8149,675
8150,-75
8151,675
8152,425
8153,623
8154,675
8155,623
8156,-25
8157,473
8158,350
8159,675
8160,-177
8161,375
8162,675
8163,675
8164,573
8165,248
8166,625
8167,675
8168,675
8169,421
8170,150
8171,675
8172,675
8173,625
8174,673
8175,675
8176,675
8177,-200
8178,625
8179,675
8180,473
8181,673
8182,625
8183,625
8184,-75
8185,673
8186,675
8187,675
8188,-33
8189,675
8190,625
8191,675
8192,-29
8193,675
8194,621
8195,675
8196,573
8197,473
8198,525
8199,-125
8200,623
8201,673
8202,625
8203,471
8204,-75
8205,625
8206,625
8207,575
8208,675
8209,625
8210,675
8211,675
8212,675
8213,523
8214,675
8215,623
8216,573
8217,525
8218,525
8219,-25
8220,675
8221,625
8222,523
8223,248
8224,375
8225,675
8226,350
8227,-102
8228,575
8229,271
8230,625
8231,575
8232,675
8233,623
8234,625
8235,525
8236,623
8237,-75
8238,225
8239,675
8240,525
8241,625
8242,373
8243,675
8244,498
8245,625
8246,675
8247,325
8248,325
8249,196
8250,675
8251,673
8252,623
8253,675
8254,675
8255,-125
8256,425
8257,671
8258,671
8259,625
8260,675
8261,625
8262,396
8263,671
8264,625
8265,675
8266,675
8267,475
8268,473
8269,375
8270,625
8271,673
8272,675
8273,-75
8274,525
8275,-75
8276,0
8277,625
8278,475
8279,523
8280,-129
8281,623
8282,-125
8283,525
8284,571
8285,548
8286,-125
8287,675
8288,498
8289,623
8290,625
8291,521
8292,475
8293,248
8294,675
8295,98
8296,675
8297,625
8298,473
8299,575
8300,350
8301,625
8302,-125
8303,-100
8304,675
8305,671
8306,675
8307,-104
8308,625
8309,673
8310,573
8311,-75
8312,425
8313,-75
8314,525
8315,521
8316,675
8317,673
8318,273
8319,-175
8320,525
8321,398
8322,675
8323,-127
8324,-200
8325,-125
8326,-25
8327,675
8328,473
8329,673
8330,625
8331,471
8332,623
8333,675
8334,675
8335,675
8336,298
8337,673
8338,250
8339,525
8340,425
8341,675
8342,675
8343,675
8344,573
8345,625
8346,-27
8347,-125
8348,675
8349,675
8350,625
8351,375
8352,425
8353,675
8354,675
8355,525
8356,523
8357,675
8358,625
8359,-75
8360,675
8361,675
8362,675
8363,300
8364,-25
8365,525
8366,675
8367,625
8368,675
8369,-127
8370,675
8371,-177
8372,675
8373,675
8374,675
8375,671
8376,-125
8377,625
8378,-125
8379,675
8380,625
8381,623
8382,675
8383,625
8384,623
8385,-125
8386,-31
8387,625
8388,525
8389,675
8390,575
8391,625
8392,675
8393,575
8394,625
8395,525
8396,675
8397,625
8398,625
8399,675
8400,623
8401,675
8402,-100
8403,675
8404,675
8405,625
8406,675
8407,225
8408,525
8409,625
8410,675
8411,675
8412,-125
8413,625
8414,623
8415,325
8416,248
8417,-75
8418,548
8419,-25
8420,-77
8421,475
8422,544
8423,573
8424,525
8425,-75
8426,625
8427,-29
8428,525
8429,-125
8430,675
8431,625
8432,675
8433,-75
8434,350
8435,-81
8436,571
8437,623
8438,673
8439,475
8440,675
8441,-125
8442,425
8443,525
8444,675
8445,625
8446,-50
8447,675
8448,675
8449,400
8450,625
8451,623
8452,675
8453,575
8454,623
8455,-77
8456,525
8457,525
8458,675
8459,525
8460,625
8461,673
8462,673
8463,671
8464,569
8465,-125
8466,623
8467,-77
8468,575
8469,525
8470,-75
8471,623
8472,575
8473,250
8474,375
8475,625
8476,623
8477,-25
8478,675
8479,675
8480,675
8481,675
8482,-125
8483,425
8484,575
8485,373
8486,675
8487,673
8488,625
8489,-125
8490,625
8491,575
8492,675
8493,-75
8494,-25
8495,675
8496,-175
8497,671
8498,625
8499,-100
8500,-75
8501,400
8502,350
8503,-27
8504,471
8505,-129
8506,625
8507,675
8508,525
8509,673
8510,673
8511,-125
8512,673
8513,575
8514,-75
8515,-125
8516,675
8517,575
8518,498
8519,675
8520,525
8521,625
8522,673
8523,675
8524,-125
8525,623
8526,675
8527,675
8528,348
8529,673
8530,523
8531,673
8532,525
8533,-127
8534,-100
8535,675
8536,675
8537,675
8538,675
8539,623
8540,625
8541,-27
8542,398
8543,575
8544,673
8545,675
8546,625
8547,625
8548,423
8549,400
8550,671
8551,-125
8552,-75
8553,-125
8554,-75
8555,-75
8556,-125
8557,565
8558,623
8559,25
8560,675
8561,550
8562,625
8563,671
8564,623
8565,675
8566,575
8567,-27
8568,-129
8569,50
8570,-75
8571,571
8572,675
8573,623
8574,675
8575,625
8576,271
8577,550
8578,473
8579,596
8580,-25
8581,675
8582,425
8583,571
8584,-125
8585,675
8586,673
8587,575
8588,673
8589,625
8590,675
8591,-77
8592,669
8593,-125
8594,473
8595,673
8596,625
8597,675
8598,673
8599,625
8600,-175
8601,525
8602,625
8603,525
8604,625
8605,398
8606,-150
8607,525
8608,675
8609,575
8610,-79
8611,625
8612,-125
8613,575
8614,525
8615,621
8616,625
8617,625
8618,571
8619,675
8620,475
8621,675
8622,400
8623,248
8624,675
8625,198
8626,-127
8627,550
8628,675
8629,675
8630,525
8631,525
8632,375
8633,675
8634,-75
8635,398
8636,625
8637,-125
8638,573
8639,623
8640,-125
8641,625
8642,675
8643,675
8644,-75
8645,346
8646,-175
8647,475
8648,500
8649,625
8650,675
8651,575
8652,375
8653,425
8654,675
8655,675
8656,375
8657,398
8658,425
8659,675
8660,425
8661,675
8662,625
8663,-125
8664,625
8665,675
8666,675
8667,0
8668,675
8669,-125
8670,625
8671,525
8672,-27
8673,623
8674,625
8675,525
8676,575
8677,675
8678,575
8679,-75
8680,473
8681,573
8682,-27
8683,575
8684,675
8685,475
8686,-75
8687,-79
8688,675
8689,-75
8690,675
8691,-129
8692,673
8693,-77
8694,567
8695,675
8696,-125
8697,425
8698,625
8699,-77
8700,675
8701,573
8702,575
8703,-129
8704,675
8705,-127
8706,296
8707,675
8708,675
8709,525
8710,-175
8711,250
8712,571
8713,-125
8714,-77
8715,-75
8716,-75
8717,673
8718,675
8719,673
8720,150
8721,675
8722,-25
8723,-127
8724,675
8725,400
8726,675
8727,-75
8728,573
8729,625
8730,673
8731,675
8732,575
8733,673
8734,675
8735,548
8736,625
8737,573
8738,675
8739,100
8740,675
8741,675
8742,471
8743,425
8744,-125
8745,-75
8746,573
8747,398
8748,625
8749,675
8750,623
8751,675
8752,623
8753,675
8754,575
8755,625
8756,619
8757,675
8758,625
8759,625
8760,600
8761,473
8762,425
8763,625
8764,675
8765,625
8766,625
8767,625
8768,675
8769,625
8770,621
8771,675
8772,400
8773,550
8774,675
8775,675
8776,673
8777,675
8778,625
8779,621
8780,-75
8781,525
8782,523
8783,621
8784,673
8785,-125
8786,225
8787,575
8788,-200
8789,675
8790,675
8791,425
8792,248
8793,-27
8794,573
8795,575
8796,675
8797,573
8798,573
8799,623
8800,-127
8801,475
8802,675
8803,675
8804,675
8805,675
8806,675
8807,-25
8808,-75
8809,675
8810,300
8811,625
8812,250
8813,423
8814,400
8815,625
8816,625
8817,623
8818,-125
8819,473
8820,675
8821,673
8822,-75
8823,-127
8824,-177
8825,575
8826,675
8827,-25
8828,675
8829,400
8830,500
8831,-125
8832,400
8833,625
8834,675
8835,-25
8836,548
8837,625
8838,575
8839,475
8840,675
8841,625
8842,675
8843,571
8844,525
8845,473
8846,625
8847,625
8848,575
8849,625
8850,-125
8851,625
8852,625
8853,675
8854,575
8855,673
8856,675
8857,675
8858,50
8859,675
8860,623
8861,625
8862,675
8863,675
8864,575
8865,623
8866,-25
8867,-75
8868,625
8869,623
8870,625
8871,675
8872,-75
8873,675
8874,-129
8875,625
8876,625
8877,623
8878,675
8879,571
8880,675
8881,-25
8882,675
8883,548
8884,-125
8885,400
8886,575
8887,625
8888,625
8889,625
8890,673
8891,675
8892,500
8893,-25
8894,575
8895,575
8896,567
8897,475
8898,675
8899,-75
8900,623
8901,-75
8902,673
8903,-75
8904,625
8905,625
8906,625
8907,673
8908,625
8909,625
8910,523
8911,675
8912,-77
8913,550
8914,675
8915,-125
8916,675
8917,675
8918,625
8919,675
8920,-125
8921,625
8922,671
8923,423
8924,625
8925,675
8926,621
8927,675
8928,675
8929,450
8930,675
8931,675
8932,671
8933,525
8934,425
8935,-27
8936,-181
8937,675
8938,350
8939,575
8940,398
8941,675
8942,675
8943,625
8944,-29
8945,675
8946,450
8947,-75
8948,675
8949,625
8950,675
8951,-77
8952,675
8953,675
8954,-125
8955,675
8956,400
8957,675
8958,625
8959,348
8960,623
8961,-25
8962,625
8963,575
8964,-4
8965,400
8966,-125
8967,675
8968,-125
8969,-25
8970,623
8971,673
8972,-27
8973,619
8974,673
8975,675
8976,-27
8977,267
8978,625
8979,675
8980,625
8981,673
8982,475
8983,-25
8984,675
8985,-125
8986,623
8987,425
8988,-127
8989,623
8990,675
8991,521
8992,675
8993,675
8994,675
8995,675
8996,623
8997,623
8998,623
8999,675
9000,450
9001,625
9002,-125
9003,675
9004,575
9005,675
9006,342
9007,625
9008,575
9009,675
9010,-75
9011,-29
9012,475
9013,-125
9014,673
9015,525
9016,-75
9017,675
9018,673
9019,675
9020,675
9021,-50
9022,623
9023,675
9024,625
9025,675
9026,625
9027,-75
9028,475
9029,325
9030,-125
9031,-125
9032,575
9033,250
9034,625
9035,675
9036,675
9037,396
9038,575
9039,673
9040,623
9041,675
9042,625
9043,675
9044,675
9045,625
9046,421
9047,623
9048,573
9049,623
9050,623
9051,425
9052,523
9053,-127
9054,419
9055,-52
9056,-100
9057,625
9058,423
9059,-25
9060,473
9061,625
9062,673
9063,350
9064,625
9065,473
9066,-31
9067,548
9068,625
9069,625
9070,625
9071,-100
9072,500
9073,-127
9074,671
9075,675
9076,619
9077,-27
9078,673
9079,625
9080,471
9081,621
9082,675
9083,-125
9084,-179
9085,-27
9086,673
9087,675
9088,625
9089,575
9090,675
9091,675
9092,523
9093,623
9094,673
9095,-125
9096,625
9097,673
9098,-125
9099,548
9100,623
9101,425
9102,-75
9103,-175
9104,625
9105,625
9106,521
9107,575
9108,-125
9109,625
9110,273
9111,573
9112,-27
9113,625
9114,575
9115,675
9116,675
9117,675
9118,-75
9119,675
9120,-77
9121,-75
9122,523
9123,425
9124,-75
9125,523
9126,623
9127,625
9128,21
9129,575
9130,675
9131,573
9132,-75
9133,375
9134,675
9135,675
9136,-25
9137,623
9138,-127
9139,573
9140,-125
9141,625
9142,-175
9143,675
9144,675
9145,375
9146,-75
9147,671
9148,625
9149,525
9150,625
9151,675
9152,675
9153,675
9154,421
9155,521
9156,673
9157,675
9158,373
9159,446
9160,625
9161,423
9162,523
9163,350
9164,669
9165,675
9166,623
9167,623
9168,-75
9169,348
9170,-202
9171,675
9172,675
9173,675
9174,575
9175,-75
9176,673
9177,675
9178,-250
9179,625
9180,-27
9181,621
9182,671
9183,525
9184,-25
9185,675
9186,-125
9187,298
9188,673
9189,675
9190,675
9191,675
9192,600
9193,675
9194,625
9195,623
9196,673
9197,675
9198,550
9199,573
9200,675
9201,675
9202,-200
9203,675
9204,525
9205,675
9206,400
9207,623
9208,475
9209,675
9210,-127
9211,573
9212,425
9213,675
9214,425
9215,-127
9216,675
9217,573
9218,523
9219,623
9220,575
9221,-125
9222,673
9223,75
9224,350
9225,-179
9226,-125
9227,625
9228,675
9229,246
9230,623
9231,623
9232,300
9233,675
9234,625
9235,525
9236,-29
9237,521
9238,400
9239,675
9240,675
9241,675
9242,523
9243,521
9244,471
9245,623
9246,625
9247,548
9248,348
9249,-127
9250,523
9251,-75
9252,625
9253,623
9254,675
9255,425
9256,475
9257,623
9258,300
9259,475
9260,675
9261,675
9262,675
9263,675
9264,342
9265,673
9266,673
9267,575
9268,575
9269,-125
9270,575
9271,625
9272,675
9273,573
9274,-125
9275,498
9276,575
9277,400
9278,575
9279,550
9280,625
9281,675
9282,625
9283,425
9284,675
9285,375
9286,625
9287,625
9288,625
9289,375
9290,-75
9291,675
9292,575
9293,675
9294,425
9295,-77
9296,-125
9297,575
9298,-125
9299,673
9300,-125
9301,475
9302,521
9303,375
9304,523
9305,675
9306,375
9307,675
9308,525
9309,675
9310,625
9311,-77
9312,675
9313,675
9314,425
9315,675
9316,675
9317,673
9318,675
9319,323
9320,525
9321,625
9322,673
9323,350
9324,675
9325,625
9326,623
9327,625
9328,625
9329,675
9330,475
9331,-27
9332,623
9333,675
9334,575
9335,575
9336,525
9337,525
9338,671
9339,675
9340,673
9341,-125
9342,-75
9343,675
9344,675
9345,675
9346,621
9347,525
9348,673
9349,673
9350,-127
9351,-125
9352,675
9353,550
9354,675
9355,-75
9356,471
9357,673
9358,625
9359,625
9360,-27
9361,675
9362,-127
9363,425
9364,675
9365,675
9366,-125
9367,-75
9368,675
9369,675
9370,-75
9371,623
9372,621
9373,525
9374,-25
9375,625
9376,375
9377,423
9378,675
9379,675
9380,625
9381,-125
9382,425
9383,248
9384,-75
9385,398
9386,675
9387,498
9388,375
9389,400
9390,675
9391,298
9392,673
9393,675
9394,625
9395,-75
9396,625
9397,-75
9398,473
9399,573
9400,675
9401,-127
9402,-75
9403,-175
9404,675
9405,675
9406,-125
9407,675
9408,673
9409,523
9410,300
9411,673
9412,625
9413,623
9414,400
9415,675
9416,625
9417,623
9418,550
9419,625
9420,673
9421,675
9422,673
9423,425
9424,625
9425,525
9426,573
9427,625
9428,575
9429,548
9430,623
9431,675
9432,623
9433,623
9434,625
9435,675
9436,525
9437,573
9438,625
9439,675
9440,-27
9441,423
9442,673
9443,625
9444,498
9445,625
9446,675
9447,575
9448,621
9449,-125
9450,573
9451,675
9452,573
9453,-125
9454,-125
9455,523
9456,171
9457,348
9458,625
9459,-25
9460,675
9461,525
9462,625
9463,675
9464,-25
9465,673
9466,-75
9467,-77
9468,623
9469,623
9470,-175
9471,675
9472,-127
9473,475
9474,-75
9475,675
9476,623
9477,-25
9478,621
9479,671
9480,675
9481,-125
9482,425
9483,625
9484,675
9485,625
9486,625
9487,-129
9488,675
9489,675
9490,496
9491,671
9492,448
9493,575
9494,625
9495,348
9496,675
9497,675
9498,525
9499,671
9500,-125
9501,623
9502,525
9503,-31
9504,473
9505,675
9506,350
9507,550
9508,625
9509,223
9510,675
9511,496
9512,675
9513,625
9514,523
9515,675
9516,-181
9517,675
9518,675
9519,623
9520,625
9521,673
9522,523
9523,-125
9524,675
9525,400
9526,673
9527,525
9528,525
9529,675
9530,575
9531,-125
9532,623
9533,675
9534,-77
9535,525
9536,675
9537,-25
9538,675
9539,423
9540,475
9541,675
9542,-29
9543,550
9544,625
9545,675
9546,448
9547,400
9548,575
9549,623
9550,625
9551,-77
9552,-200
9553,675
9554,-77
9555,673
9556,625
9557,673
9558,675
9559,-75
9560,625
9561,-177
9562,675
9563,550
9564,-27
9565,525
9566,675
9567,471
9568,525
9569,375
9570,525
9571,-150
9572,-125
9573,423
9574,-125
9575,-129
9576,569
9577,623
9578,-125
9579,575
9580,575
9581,475
9582,675
9583,675
9584,348
9585,-79
9586,673
9587,-125
9588,623
9589,675
9590,-125
9591,-75
9592,-125
9593,675
9594,675
9595,-127
9596,575
9597,673
9598,675
9599,673
9600,-125
9601,675
9602,575
9603,569
9604,675
9605,-179
9606,625
9607,623
9608,625
9609,625
9610,625
9611,425
9612,350
9613,623
9614,550
9615,625
9616,573
9617,-127
9618,198
9619,675
9620,425
9621,625
9622,425
9623,425
9624,523
9625,350
9626,625
9627,523
9628,675
9629,-100
9630,623
9631,496
9632,521
9633,623
9634,673
9635,-125
9636,675
9637,573
9638,675
9639,125
9640,675
9641,675
9642,350
9643,-125
9644,-200
9645,519
9646,625
9647,473
9648,623
9649,675
9650,675
9651,623
9652,623
9653,400
9654,425
9655,673
9656,675
9657,519
9658,375
9659,-75
9660,425
9661,-125
9662,675
9663,-200
9664,675
9665,275
9666,575
9667,675
9668,25
9669,675
9670,675
9671,550
9672,-77
9673,675
9674,623
9675,625
9676,298
9677,475
9678,623
9679,-127
9680,-200
9681,425
9682,400
9683,525
9684,-75
9685,-75
9686,250
9687,673
9688,350
9689,675
9690,673
9691,300
9692,625
9693,673
9694,325
9695,575
9696,525
9697,-125
9698,575
9699,623
9700,548
9701,669
9702,475
9703,525
9704,298
9705,675
9706,675
9707,450
9708,-125
9709,623
9710,-79
9711,673
9712,675
9713,671
9714,625
9715,675
9716,-125
9717,623
9718,625
9719,623
9720,573
9721,625
9722,675
9723,625
9724,625
9725,575
9726,575
9727,675
9728,673
9729,623
9730,348
9731,523
9732,325
9733,-50
9734,675
9735,623
9736,375
9737,675
9738,-225
9739,521
9740,675
9741,575
9742,396
9743,675
9744,-81
9745,625
9746,50
9747,525
9748,398
9749,675
9750,673
9751,-125
9752,575
9753,-100
9754,675
9755,-77
9756,298
9757,523
9758,371
9759,675
9760,675
9761,425
9762,573
9763,-75
9764,-75
9765,-27
9766,675
9767,625
9768,575
9769,673
9770,575
9771,623
9772,525
9773,575
9774,575
9775,425
9776,673
9777,525
9778,673
9779,675
9780,-125
9781,671
9782,675
9783,525
9784,498
9785,-100
9786,625
9787,673
9788,675
9789,475
9790,425
9791,400
9792,625
9793,350
9794,673
9795,371
9796,675
9797,625
9798,675
9799,623
9800,-25
9801,675
9802,475
9803,625
9804,425
9805,675
9806,675
9807,625
9808,675
9809,475
9810,521
9811,475
9812,625
9813,-25
9814,625
9815,625
9816,675
9817,625
9818,675
9819,323
9820,450
9821,625
9822,625
9823,625
9824,-125
9825,-125
9826,523
9827,675
9828,625
9829,-125
9830,623
9831,573
9832,575
9833,348
9834,300
9835,575
9836,625
9837,625
9838,548
9839,625
9840,625
9841,675
9842,373
9843,675
9844,-252
9845,675
9846,675
9847,625
9848,621
9849,625
9850,-27
9851,673
9852,625
9853,675
9854,475
9855,673
9856,675
9857,675
9858,-75
9859,671
9860,450
9861,669
9862,623
9863,423
9864,575
9865,575
9866,573
9867,623
9868,675
9869,675
9870,523
9871,525
9872,675
9873,575
9874,573
9875,623
9876,675
9877,71
9878,573
9879,-125
9880,498
9881,-125
9882,-25
9883,675
9884,675
9885,-200
9886,-25
9887,-125
9888,673
9889,575
9890,571
9891,675
9892,-127
9893,500
9894,675
9895,623
9896,625
9897,-75
9898,-75
9899,675
9900,625
9901,50
9902,675
9903,673
9904,675
9905,621
9906,573
9907,475
9908,400
9909,675
9910,623
9911,575
9912,523
9913,625
9914,575
9915,-27
9916,-75
9917,621
9918,-177
9919,548
9920,623
9921,625
9922,673
9923,523
9924,625
9925,-125
9926,525
9927,675
9928,675
9929,625
9930,623
9931,675
9932,523
9933,625
9934,575
9935,625
9936,625
9937,325
9938,525
9939,675
9940,625
9941,675
9942,625
9943,675
9944,675
9945,675
9946,-75
9947,550
9948,675
9949,625
9950,573
9951,-75
9952,675
9953,625
9954,625
9955,625
9956,325
9957,625
9958,-250
9959,625
9960,675
9961,625
9962,625
9963,625
9964,625
9965,625
9966,675
9967,675
9968,425
9969,621
9970,675
9971,625
9972,425
9973,675
9974,-77
9975,400
9976,548
9977,450
9978,425
9979,625
9980,575
9981,400
9982,-77
9983,625
9984,675
9985,573
9986,575
9987,673
9988,675
9989,675
9990,400
9991,248
9992,-25
9993,673
9994,-29
9995,623
9996,625
9997,625
9998,675
9999,675
10000,575
[[(4, 4), 0, -25], [(3, 4), 2, 50], [(3, 3), 2, 50], [(3, 2), 2, 250], [(3, 1), 0, 250], [(2, 1), 0, -25], [(1, 1), 0, -25], [(0, 1), 2, 150]]