1,-468
2,-204
3,-1014
4,-202
5,-262
6,-250
7,-462
8,-256
9,-745
10,-810
11,-674
12,-354
13,-714
14,-254
15,-202
16,-254
17,-664
18,-202
19,-531
20,-539
21,-250
22,-33
23,-1309
24,-279
25,-227
26,-306
27,-516
28,-408
29,-537
30,-354
31,-470
32,-543
33,-440
34,-225
35,-772
36,-535
37,-629
38,-899
39,-204
40,-1036
41,-502
42,-562
43,-433
44,-256
45,-354
46,-202
47,-687
48,-254
49,-634
50,-356
51,-658
52,-195
53,-893
54,-304
55,-254
56,-404
57,-479
58,-302
59,-306
60,-277
61,-254
62,-435
63,-250
64,-610
65,-225
66,-200
67,-350
68,-1072
69,-421
70,-250
71,-422
72,-579
73,-287
74,-202
75,-310
76,-364
77,-304
78,-283
79,-449
80,-456
81,-657
82,-331
83,-312
84,-320
85,-591
86,-227
87,-204
88,-202
89,-955
90,-250
91,-433
92,-406
93,-308
94,-281
95,-554
96,-456
97,-427
98,-254
99,-202
100,-466
101,-352
102,-275
103,-597
104,-460
105,-435
106,-560
107,-227
108,-200
109,-716
110,-277
111,-525
112,-181
113,-360
114,-356
115,-1097
116,-312
117,-689
118,-252
119,-1243
120,-389
121,-252
122,-200
123,-574
124,-487
125,-306
126,-595
127,-424
128,-235
129,-229
130,-387
131,-229
132,-362
133,-243
134,-516
135,-331
136,-200
137,-368
138,-279
139,-359
140,-304
141,-204
142,-354
143,-1761
144,-285
145,-435
146,-250
147,-847
148,-204
149,-204
150,-389
151,-129
152,-266
153,-837
154,-202
155,-664
156,-1145
157,-252
158,-225
159,-308
160,-256
161,-541
162,-177
163,-229
164,-252
165,-252
166,-672
167,-225
168,-202
169,-139
170,-250
171,-212
172,-177
173,-595
174,-849
175,-306
176,-250
177,-200
178,-381
179,-306
180,-437
181,-202
182,-345
183,-227
184,-85
185,-231
186,-527
187,-79
188,-202
189,-129
190,-504
191,-495
192,-277
193,-200
194,-385
195,-202
196,-487
197,-277
198,-460
199,-783
200,-189
201,-250
202,-703
203,-281
204,-179
205,-231
206,-481
207,-400
208,-656
209,-177
210,-225
211,-208
212,-251
213,-585
214,-452
215,-131
216,-239
217,-755
218,-202
219,-204
220,-697
221,-735
222,-229
223,-206
224,-331
225,-202
226,-79
227,-558
228,-716
229,-229
230,-333
231,-133
232,-229
233,-529
234,-200
235,-225
236,-258
237,-177
238,-306
239,-202
240,-281
241,-489
242,-33
243,-512
244,-81
245,-256
246,-329
247,-227
248,-254
249,-79
250,-393
251,-329
252,-435
253,-414
254,-631
255,-85
256,-427
257,-381
258,-381
259,-75
260,-127
261,-200
262,-508
263,-233
264,-81
265,-439
266,-254
267,-493
268,-200
269,-302
270,-29
271,-33
272,-335
273,-181
274,-556
275,-31
276,-254
277,-137
278,-233
279,-556
280,-127
281,-75
282,-127
283,-225
284,-327
285,-327
286,-181
287,-300
288,-541
289,-252
290,-181
291,-354
292,-352
293,-135
294,-81
295,-283
296,-387
297,-429
298,-81
299,-739
300,-202
301,-252
302,-481
303,-200
304,-181
305,-33
306,-129
307,-200
308,-29
309,-200
310,-252
311,-29
312,-450
313,-275
314,-183
315,-187
316,-408
317,-233
318,-200
319,-454
320,-225
321,-252
322,-202
323,-577
324,-85
325,-477
326,-354
327,-233
328,-127
329,-229
330,-279
331,-227
332,-283
333,-404
334,-281
335,-229
336,-302
337,-81
338,-447
339,-131
340,-133
341,-83
342,-433
343,-585
344,-27
345,-200
346,-129
347,-137
348,-77
349,-81
350,-497
351,-250
352,-391
353,-629
354,-233
355,-243
356,-529
357,-133
358,-227
359,-533
360,-427
361,-231
362,-252
363,-83
364,-300
365,-235
366,-591
367,-225
368,-31
369,-233
370,-285
371,-131
372,-250
373,-125
374,-254
375,-77
376,-29
377,-385
378,-402
379,-329
380,-231
381,-129
382,-87
383,-400
384,-200
385,-304
386,-131
387,-335
388,-77
389,-179
390,-327
391,-29
392,-81
393,-125
394,-279
395,-385
396,-606
397,-206
398,-225
399,-252
400,-304
401,-202
402,-185
403,-333
404,-358
405,-252
406,-202
407,-483
408,-25
409,-133
410,-175
411,-75
412,-179
413,-200
414,-79
415,-25
416,-127
417,-29
418,-129
419,-200
420,-202
421,-225
422,-302
423,-485
424,-304
425,-129
426,-300
427,-281
428,-129
429,-281
430,-29
431,-81
432,-200
433,-29
434,-329
435,-81
436,-202
437,-377
438,-127
439,-25
440,-200
441,-250
442,-79
443,-177
444,-252
445,-225
446,-27
447,-254
448,-602
449,-202
450,-431
451,-200
452,-597
453,-79
454,-329
455,-300
456,-27
457,-331
458,-504
459,-454
460,-339
461,-75
462,-275
463,-129
464,-250
465,-285
466,-75
467,-179
468,-133
469,-331
470,-83
471,-179
472,-250
473,-354
474,-183
475,-81
476,-181
477,-341
478,-125
479,-25
480,-277
481,-83
482,-306
483,-200
484,-200
485,-31
486,-412
487,-275
488,-179
489,-252
490,-277
491,-200
492,-183
493,-281
494,-235
495,-231
496,-75
497,-81
498,-250
499,-175
500,-304
501,-181
502,-131
503,-75
504,-385
505,-506
506,-131
507,-479
508,-279
509,-127
510,-177
511,-181
512,-85
513,-75
514,-29
515,-231
516,-29
517,-283
518,-329
519,-229
520,-425
521,-375
522,-175
523,-25
524,-129
525,-83
526,-200
527,-489
528,-279
529,-25
530,-25
531,-304
532,-537
533,-77
534,-29
535,-379
536,-81
537,-383
538,-254
539,-225
540,-135
541,-127
542,-81
543,-75
544,-27
545,-75
546,-77
547,-129
548,-77
549,-125
550,-81
551,-335
552,-75
553,-27
554,-125
555,-29
556,-481
557,-25
558,-202
559,-310
560,-275
561,-131
562,-77
563,-377
564,-181
565,-179
566,-27
567,-202
568,-27
569,-135
570,-25
571,-129
572,-181
573,-179
574,-177
575,-77
576,-539
577,-79
578,-281
579,-279
580,-329
581,-127
582,-27
583,-352
584,-27
585,-235
586,-83
587,-225
588,-181
589,-227
590,-235
591,-135
592,-129
593,-129
594,-200
595,-231
596,-81
597,-77
598,-125
599,-81
600,-77
601,-339
602,-227
603,-233
604,-129
605,-256
606,-331
607,-127
608,-77
609,-200
610,-135
611,-177
612,-25
613,-300
614,-233
615,-77
616,-27
617,-27
618,-125
619,-233
620,-183
621,-250
622,-33
623,-75
624,-377
625,-25
626,-77
627,-129
628,-181
629,-27
630,-77
631,-85
632,-27
633,-129
634,-502
635,-127
636,-125
637,-202
638,-185
639,-333
640,-79
641,-75
642,-231
643,-125
644,-79
645,-304
646,-125
647,-31
648,-29
649,-83
650,-79
651,-27
652,-77
653,-75
654,-25
655,-31
656,-229
657,-39
658,-79
659,-29
660,-177
661,-25
662,-75
663,-33
664,-75
665,-131
666,-25
667,-181
668,-75
669,-75
670,-235
671,-237
672,-75
673,-177
674,-127
675,-77
676,-77
677,-131
678,-77
679,-231
680,-75
681,-383
682,-35
683,-133
684,-229
685,-29
686,-227
687,-131
688,-252
689,-31
690,-77
691,-127
692,-77
693,-131
694,-81
695,-31
696,-35
697,-225
698,-81
699,-27
700,-204
701,-275
702,-133
703,-183
704,-83
705,-27
706,-202
707,-75
708,-254
709,-202
710,-25
711,-206
712,-250
713,-225
714,-181
715,-77
716,-29
717,-25
718,-181
719,-129
720,-179
721,-125
722,-181
723,-225
724,-75
725,-29
726,-27
727,-279
728,-25
729,-77
730,-25
731,-25
732,-125
733,-281
734,-77
735,-127
736,-275
737,-81
738,-179
739,-127
740,-77
741,-77
742,-25
743,-275
744,-27
745,-179
746,-81
747,-77
748,-75
749,-225
750,-29
751,-125
752,-183
753,-27
754,-75
755,-27
756,-125
757,-27
758,-275
759,-377
760,-85
761,-27
762,-229
763,-77
764,-179
765,-27
766,-127
767,-31
768,-77
769,-129
770,-131
771,-25
772,-81
773,-31
774,-131
775,-127
776,-77
777,-225
778,-77
779,-89
780,-25
781,-131
782,-429
783,-77
784,-27
785,-179
786,-129
787,-131
788,-300
789,-131
790,-27
791,-129
792,-77
793,-427
794,-227
795,-75
796,-75
797,-377
798,-25
799,-202
800,-81
801,-200
802,-204
803,-25
804,-27
805,-27
806,-131
807,-83
808,-25
809,-25
810,-129
811,-77
812,-225
813,-29
814,-27
815,-81
816,-25
817,-77
818,-125
819,-275
820,-75
821,-75
822,-75
823,-504
824,-79
825,-81
826,-229
827,-77
828,-231
829,-200
830,-79
831,-27
832,-127
833,-75
834,-25
835,-125
836,-125
837,-77
838,-77
839,-27
840,-25
841,-25
842,-75
843,-129
844,-27
845,-129
846,-133
847,-75
848,-127
849,-229
850,-200
851,-277
852,-127
853,-202
854,-75
855,-125
856,-177
857,-77
858,-227
859,-77
860,-77
861,-175
862,-83
863,-27
864,-225
865,-179
866,-77
867,-27
868,-75
869,-200
870,-125
871,-200
872,-202
873,-27
874,-77
875,-75
876,-127
877,-200
878,-77
879,-225
880,-25
881,-25
882,-81
883,-200
884,-127
885,-79
886,-81
887,-25
888,-252
889,-75
890,-83
891,-25
892,-227
893,-81
894,-179
895,-129
896,-31
897,-177
898,-79
899,-27
900,-75
901,-329
902,-27
903,-27
904,-25
905,-27
906,-325
907,-354
908,-127
909,-75
910,-200
911,-81
912,-25
913,-25
914,-29
915,-129
916,-377
917,-25
918,-225
919,-175
920,-75
921,-191
922,-329
923,-177
924,-29
925,-77
926,-81
927,-179
928,-133
929,-287
930,-29
931,-27
932,-29
933,-31
934,-227
935,-81
936,-225
937,-29
938,-25
939,-77
940,-31
941,-75
942,-33
943,-27
944,-83
945,-83
946,-25
947,-79
948,-81
949,-25
950,-179
951,-75
952,-29
953,-75
954,-25
955,-129
956,-131
957,-181
958,-77
959,-31
960,-27
961,-31
962,-35
963,-25
964,-127
965,-177
966,-131
967,-181
968,-200
969,-129
970,-31
971,-75
972,-25
973,-27
974,-75
975,-25
976,-27
977,-77
978,-133
979,-127
980,-377
981,-27
982,-29
983,-29
984,-77
985,-254
986,-175
987,-31
988,-200
989,-127
990,-75
991,-81
992,-29
993,-25
994,-129
995,-79
996,-25
997,-77
998,-31
999,-25
1000,-77
1001,-75
1002,-29
1003,-79
1004,-181
1005,-75
1006,-77
1007,-75
1008,-25
1009,-27
1010,-79
1011,-27
1012,-327
1013,-177
1014,-27
1015,-25
1016,-25
1017,-27
1018,-81
1019,-27
1020,-277
1021,-133
1022,-79
1023,-25
1024,-79
1025,-25
1026,-27
1027,-179
1028,-79
1029,-77
1030,-25
1031,-25
1032,-129
1033,-127
1034,-77
1035,-127
1036,-77
1037,-125
1038,-277
1039,-27
1040,-77
1041,-25
1042,-77
1043,-29
1044,-179
1045,-77
1046,-27
1047,-279
1048,-27
1049,-29
1050,-83
1051,-75
1052,-29
1053,-329
1054,-29
1055,-177
1056,-83
1057,-25
1058,-137
1059,-131
1060,-27
1061,-27
1062,-29
1063,-27
1064,-179
1065,-129
1066,-77
1067,-31
1068,-225
1069,-131
1070,-127
1071,-25
1072,-29
1073,-31
1074,-29
1075,-29
1076,-254
1077,-85
1078,-137
1079,-237
1080,-125
1081,-79
1082,-81
1083,-29
1084,-33
1085,-27
1086,-131
1087,-256
1088,-81
1089,-31
1090,-25
1091,-33
1092,-27
1093,-187
1094,-79
1095,-31
1096,-25
1097,-29
1098,-27
1099,-75
1100,-81
1101,-131
1102,-125
1103,-79
1104,-75
1105,-29
1106,-75
1107,-75
1108,-27
1109,-77
1110,-200
1111,-125
1112,-29
1113,-27
1114,-29
1115,-125
1116,-75
1117,-127
1118,-25
1119,-75
1120,-25
1121,-81
1122,-75
1123,-125
1124,-200
1125,-27
1126,-25
1127,-25
1128,-25
1129,-202
1130,-250
1131,-75
1132,-250
1133,-25
1134,-181
1135,-25
1136,-75
1137,-79
1138,-25
1139,-29
1140,-25
1141,-75
1142,-77
1143,-25
1144,-29
1145,-25
1146,-29
1147,-233
1148,-81
1149,-29
1150,-133
1151,-25
1152,-37
1153,-254
1154,-29
1155,-25
1156,-81
1157,-25
1158,-81
1159,-254
1160,-77
1161,-227
1162,-29
1163,-81
1164,-75
1165,-27
1166,-227
1167,-25
1168,-77
1169,-77
1170,-27
1171,-27
1172,-29
1173,-27
1174,-81
1175,-127
1176,-25
1177,-77
1178,-29
1179,-77
1180,-77
1181,-125
1182,-25
1183,-25
1184,-25
1185,-27
1186,-27
1187,-200
1188,-77
1189,-200
1190,-75
1191,-77
1192,-27
1193,-77
1194,-25
1195,-27
1196,-204
1197,-79
1198,-25
1199,-127
1200,-125
1201,-25
1202,-25
1203,-27
1204,-25
1205,-75
1206,-25
1207,-27
1208,-77
1209,-29
1210,-25
1211,-77
1212,-25
1213,-31
1214,-27
1215,-202
1216,-27
1217,-127
1218,-125
1219,-27
1220,-25
1221,-25
1222,-25
1223,-27
1224,-175
1225,-27
1226,-131
1227,-250
1228,-77
1229,-27
1230,-25
1231,-127
1232,-77
1233,-200
1234,-79
1235,-79
1236,-200
1237,-25
1238,-27
1239,-77
1240,-79
1241,-75
1242,-25
1243,-29
1244,-75
1245,-75
1246,-200
1247,-77
1248,-25
1249,-27
1250,-127
1251,-25
1252,-27
1253,-27
1254,-27
1255,-85
1256,-25
1257,-25
1258,-133
1259,-27
1260,-25
1261,-27
1262,-33
1263,-29
1264,-27
1265,-25
1266,-75
1267,-202
1268,-75
1269,-31
1270,-31
1271,-27
1272,-25
1273,-25
1274,-27
1275,-27
1276,-129
1277,-129
1278,-25
1279,-29
1280,-25
1281,-29
1282,-27
1283,-75
1284,-125
1285,-25
1286,-225
1287,-127
1288,-25
1289,-25
1290,-25
1291,-27
1292,-75
1293,-25
1294,-131
1295,-27
1296,-29
1297,-75
1298,-77
1299,-25
1300,-27
1301,-25
1302,-25
1303,-27
1304,-25
1305,-75
1306,-177
1307,-25
1308,-27
1309,-127
1310,-77
1311,-25
1312,-27
1313,-125
1314,-175
1315,-27
1316,-25
1317,-79
1318,-75
1319,-25
1320,-29
1321,-125
1322,-77
1323,-75
1324,-27
1325,-25
1326,-129
1327,-79
1328,-25
1329,-29
1330,-175
1331,-75
1332,-27
1333,-77
1334,-77
1335,-27
1336,-75
1337,-354
1338,-27
1339,-25
1340,-477
1341,-77
1342,-225
1343,-29
1344,-75
1345,-75
1346,-29
1347,-25
1348,-175
1349,-127
1350,-75
1351,-27
1352,-354
1353,-31
1354,-77
1355,-27
1356,-79
1357,-129
1358,-27
1359,-77
1360,-75
1361,-81
1362,-27
1363,-27
1364,-25
1365,-75
1366,-250
1367,-29
1368,-125
1369,-75
1370,-25
1371,-25
1372,-27
1373,-25
1374,-327
1375,-77
1376,-77
1377,-25
1378,-27
1379,-200
1380,-129
1381,-75
1382,-31
1383,-125
1384,-25
1385,-29
1386,-25
1387,-25
1388,-75
1389,-31
1390,-75
1391,-25
1392,-75
1393,-127
1394,-375
1395,-327
1396,-125
1397,-133
1398,-27
1399,-75
1400,-75
1401,-183
1402,-25
1403,-29
1404,-25
1405,-25
1406,-75
1407,-77
1408,-25
1409,-127
1410,-77
1411,-77
1412,-77
1413,-25
1414,-75
1415,-81
1416,-25
1417,-77
1418,-27
1419,-131
1420,-81
1421,-25
1422,-227
1423,-129
1424,-75
1425,-77
1426,-125
1427,-127
1428,-27
1429,-75
1430,-127
1431,-25
1432,-25
1433,-27
1434,-129
1435,-277
1436,-131
1437,-75
1438,-81
1439,-183
1440,-33
1441,-25
1442,-27
1443,-183
1444,-25
1445,-27
1446,-75
1447,-75
1448,-177
1449,-179
1450,-75
1451,-25
1452,-25
1453,-177
1454,-27
1455,-25
1456,-25
1457,-81
1458,-75
1459,-127
1460,-25
1461,-75
1462,-25
1463,-29
1464,-125
1465,-127
1466,-77
1467,-27
1468,-31
1469,-25
1470,-27
1471,-185
1472,-81
1473,-75
1474,-27
1475,-27
1476,-25
1477,-75
1478,-27
1479,-277
1480,-27
1481,-75
1482,-75
1483,-129
1484,-131
1485,-79
1486,-27
1487,-29
1488,-137
1489,-29
1490,-79
1491,-79
1492,-83
1493,-27
1494,-125
1495,-35
1496,-256
1497,-75
1498,-27
1499,-29
1500,-27
1501,-29
1502,-200
1503,-29
1504,-25
1505,-137
1506,-77
1507,-129
1508,-181
1509,-25
1510,-29
1511,-31
1512,-204
1513,-27
1514,-29
1515,-29
1516,-27
1517,-87
1518,-127
1519,-31
1520,-25
1521,-83
1522,-79
1523,-125
1524,-27
1525,-75
1526,-79
1527,-81
1528,-27
1529,-383
1530,-77
1531,-27
1532,-129
1533,-31
1534,-75
1535,-127
1536,-25
1537,-27
1538,-25
1539,-29
1540,-77
1541,-177
1542,-27
1543,-27
1544,-175
1545,-375
1546,-25
1547,-75
1548,-25
1549,-129
1550,-27
1551,-25
1552,-127
1553,-25
1554,-25
1555,-75
1556,-25
1557,-25
1558,-25
1559,-25
1560,-29
1561,-79
1562,-79
1563,-77
1564,-29
1565,-27
1566,-75
1567,-25
1568,-29
1569,-25
1570,-25
1571,-175
1572,-27
1573,-75
1574,-27
1575,-27
1576,-129
1577,-131
1578,-25
1579,-25
1580,-25
1581,-25
1582,-25
1583,-27
1584,-275
1585,-25
1586,-25
1587,-31
1588,-29
1589,-75
1590,-125
1591,-31
1592,-25
1593,-27
1594,-29
1595,-25
1596,-27
1597,-25
1598,-27
1599,-75
1600,-183
1601,-25
1602,-131
1603,-77
1604,-29
1605,-127
1606,-33
1607,-77
1608,-33
1609,-79
1610,-81
1611,-27
1612,-27
1613,-131
1614,-31
1615,-204
1616,-29
1617,-131
1618,-27
1619,-75
1620,-31
1621,-77
1622,-133
1623,-25
1624,-31
1625,-175
1626,-229
1627,-27
1628,-29
1629,-37
1630,-79
1631,-29
1632,-227
1633,-77
1634,-25
1635,-29
1636,-29
1637,-81
1638,-29
1639,-125
1640,-29
1641,-77
1642,-127
1643,-81
1644,-27
1645,-177
1646,-77
1647,-204
1648,-325
1649,-77
1650,-33
1651,-29
1652,-25
1653,-75
1654,-81
1655,-175
1656,-175
1657,-25
1658,-79
1659,-127
1660,-77
1661,-225
1662,-129
1663,-25
1664,-127
1665,-27
1666,-27
1667,-27
1668,-200
1669,-27
1670,-25
1671,-25
1672,-75
1673,-402
1674,-29
1675,-200
1676,-25
1677,-79
1678,-75
1679,-129
1680,-127
1681,-77
1682,-77
1683,-25
1684,-25
1685,-127
1686,-27
1687,-29
1688,-200
1689,-77
1690,-25
1691,-75
1692,-27
1693,-250
1694,-25
1695,-25
1696,-77
1697,-75
1698,-25
1699,-77
1700,-75
1701,-200
1702,-125
1703,-179
1704,-79
1705,-31
1706,-25
1707,-29
1708,-77
1709,-75
1710,-25
1711,-77
1712,-75
1713,-27
1714,-29
1715,-131
1716,-200
1717,-27
1718,-127
1719,-29
1720,-33
1721,-27
1722,-83
1723,-27
1724,-29
1725,-177
1726,-75
1727,-75
1728,-79
1729,-79
1730,-79
1731,-27
1732,-27
1733,-33
1734,-75
1735,-81
1736,-25
1737,-27
1738,-75
1739,-29
1740,-79
1741,-27
1742,-33
1743,-131
1744,-31
1745,-77
1746,-127
1747,-79
1748,-29
1749,-225
1750,-33
1751,-29
1752,-177
1753,-27
1754,-79
1755,-31
1756,-25
1757,-331
1758,-179
1759,-83
1760,-183
1761,-25
1762,-27
1763,-133
1764,-77
1765,-29
1766,-127
1767,-83
1768,-27
1769,-79
1770,-79
1771,-83
1772,-285
1773,-77
1774,-29
1775,-83
1776,-79
1777,-81
1778,-183
1779,-83
1780,-29
1781,-181
1782,-29
1783,-283
1784,-27
1785,-81
1786,-29
1787,-81
1788,-29
1789,-27
1790,-200
1791,-131
1792,-83
1793,-29
1794,-83
1795,-129
1796,-79
1797,-79
1798,-83
1799,-283
1800,-129
1801,-200
1802,-31
1803,-131
1804,-31
1805,-79
1806,-25
1807,-77
1808,-27
1809,-75
1810,-25
1811,-31
1812,-81
1813,-256
1814,-27
1815,-185
1816,-77
1817,-133
1818,-25
1819,-79
1820,-29
1821,-200
1822,-29
1823,-129
1824,-231
1825,-129
1826,-129
1827,-25
1828,-81
1829,-25
1830,-131
1831,-31
1832,-25
1833,-204
1834,-29
1835,-25
1836,-29
1837,-35
1838,-31
1839,-83
1840,-177
1841,-258
1842,-127
1843,-133
1844,-27
1845,-27
1846,-75
1847,-79
1848,-31
1849,-202
1850,-77
1851,-129
1852,-131
1853,-75
1854,-27
1855,-29
1856,-275
1857,-125
1858,-33
1859,-75
1860,-29
1861,-25
1862,-125
1863,-29
1864,-77
1865,-25
1866,-29
1867,-200
1868,-81
1869,-29
1870,-177
1871,-25
1872,-27
1873,-179
1874,-75
1875,-27
1876,-75
1877,-25
1878,-25
1879,-75
1880,-77
1881,-25
1882,-131
1883,-325
1884,-200
1885,-27
1886,-27
1887,-29
1888,-27
1889,-75
1890,-27
1891,-177
1892,-127
1893,-275
1894,-202
1895,-25
1896,-79
1897,-81
1898,-77
1899,-25
1900,-75
1901,-281
1902,-125
1903,-177
1904,-25
1905,-133
1906,-27
1907,-231
1908,-27
1909,-77
1910,-83
1911,-202
1912,-77
1913,-75
1914,-33
1915,-29
1916,-129
1917,-27
1918,-27
1919,-75
1920,-29
1921,-27
1922,-187
1923,-75
1924,-127
1925,-77
1926,-27
1927,-31
1928,-25
1929,-127
1930,-33
1931,-77
1932,-27
1933,-77
1934,-75
1935,-77
1936,-77
1937,-31
1938,-25
1939,-75
1940,-127
1941,-77
1942,-25
1943,-25
1944,-77
1945,-27
1946,-181
1947,-77
1948,-79
1949,-27
1950,-79
1951,-204
1952,-129
1953,-25
1954,-77
1955,-302
1956,-25
1957,-127
1958,-27
1959,-29
1960,-25
1961,-31
1962,-75
1963,-31
1964,-25
1965,-27
1966,-25
1967,-27
1968,-75
1969,-77
1970,-27
1971,-25
1972,-127
1973,-25
1974,-181
1975,-27
1976,-25
1977,-25
1978,-75
1979,-27
1980,-229
1981,-81
1982,-125
1983,-252
1984,-125
1985,-131
1986,-29
1987,-129
1988,-29
1989,-25
1990,-125
1991,-27
1992,-125
1993,-75
1994,-27
1995,-129
1996,-27
1997,-125
1998,-27
1999,-77
2000,-75
2001,-125
2002,-25
2003,-131
2004,-75
2005,-77
2006,-75
2007,-77
2008,-29
2009,-27
2010,-27
2011,-29
2012,-77
2013,-31
2014,-27
2015,-27
2016,-29
2017,-25
2018,-25
2019,-127
2020,-75
2021,-29
2022,-79
2023,-29
2024,-133
2025,-125
2026,-29
2027,-25
2028,-29
2029,-83
2030,-79
2031,-25
2032,-25
2033,-29
2034,-77
2035,-75
2036,-125
2037,-206
2038,-127
2039,-79
2040,-25
2041,-75
2042,-79
2043,-27
2044,-77
2045,-81
2046,-25
2047,-125
2048,-181
2049,-127
2050,-27
2051,-27
2052,-27
2053,-25
2054,-29
2055,-27
2056,-27
2057,-31
2058,-129
2059,-25
2060,-77
2061,-33
2062,-77
2063,-31
2064,-131
2065,-75
2066,-306
2067,-25
2068,-127
2069,-329
2070,-129
2071,-129
2072,-127
2073,-175
2074,-27
2075,-83
2076,-131
2077,-327
2078,-29
2079,-27
2080,-79
2081,-79
2082,-75
2083,-27
2084,-129
2085,-204
2086,-185
2087,-29
2088,-29
2089,-29
2090,-29
2091,-31
2092,-81
2093,-27
2094,-29
2095,-79
2096,-29
2097,-79
2098,-75
2099,-185
2100,-81
2101,-181
2102,-31
2103,-27
2104,-233
2105,-27
2106,-27
2107,-31
2108,-29
2109,-300
2110,-27
2111,-133
2112,-75
2113,-133
2114,-25
2115,-179
2116,-33
2117,-189
2118,-25
2119,-31
2120,-289
2121,-233
2122,-279
2123,-29
2124,-83
2125,-25
2126,-77
2127,-31
2128,-25
2129,-81
2130,-27
2131,-77
2132,-31
2133,-200
2134,-29
2135,-206
2136,-77
2137,-81
2138,-177
2139,-77
2140,-79
2141,-79
2142,-25
2143,-79
2144,-25
2145,-29
2146,-131
2147,-183
2148,-81
2149,-131
2150,-29
2151,-200
2152,-31
2153,-25
2154,-129
2155,-25
2156,-31
2157,-31
2158,-79
2159,-125
2160,-27
2161,-131
2162,-31
2163,-79
2164,-27
2165,-306
2166,-127
2167,-29
2168,-25
2169,-379
2170,-25
2171,-179
2172,-25
2173,-331
2174,-85
2175,-27
2176,-177
2177,-79
2178,-31
2179,-77
2180,-229
2181,-31
2182,-27
2183,-83
2184,-25
2185,-81
2186,-25
2187,-79
2188,-25
2189,-27
2190,-133
2191,-25
2192,-127
2193,-79
2194,-27
2195,-25
2196,-25
2197,-137
2198,-183
2199,-127
2200,-29
2201,-204
2202,-27
2203,-29
2204,-81
2205,-29
2206,-125
2207,-229
2208,-31
2209,-231
2210,-202
2211,-137
2212,-27
2213,-79
2214,-79
2215,-77
2216,-135
2217,-29
2218,-79
2219,-25
2220,-29
2221,-29
2222,-25
2223,-33
2224,-29
2225,-83
2226,-75
2227,-185
2228,-81
2229,-79
2230,-27
2231,-33
2232,-79
2233,-27
2234,-29
2235,-31
2236,-29
2237,-27
2238,-75
2239,-137
2240,-77
2241,-29
2242,-27
2243,-33
2244,-25
2245,-77
2246,-127
2247,-79
2248,-79
2249,-31
2250,-27
2251,-79
2252,-27
2253,-31
2254,-81
2255,-75
2256,-81
2257,-175
2258,-33
2259,-25
2260,-77
2261,-29
2262,-27
2263,-75
2264,-25
2265,-33
2266,-81
2267,-85
2268,-75
2269,-29
2270,-25
2271,-31
2272,-25
2273,-29
2274,-131
2275,-33
2276,-204
2277,-27
2278,-77
2279,-127
2280,-27
2281,-33
2282,-125
2283,-27
2284,-75
2285,-231
2286,-29
2287,-77
2288,-29
2289,-29
2290,-25
2291,-29
2292,-75
2293,-29
2294,-29
2295,-29
2296,-131
2297,-27
2298,-31
2299,-77
2300,-29
2301,-27
2302,-31
2303,-177
2304,-27
2305,-81
2306,-27
2307,-83
2308,-77
2309,-81
2310,-31
2311,-75
2312,-81
2313,-133
2314,-27
2315,-27
2316,-129
2317,-129
2318,-27
2319,-83
2320,-27
2321,-231
2322,-27
2323,-27
2324,-81
2325,-135
2326,-25
2327,-77
2328,-327
2329,-27
2330,-25
2331,-77
2332,-231
2333,-77
2334,-31
2335,-129
2336,-31
2337,-33
2338,-77
2339,-29
2340,-27
2341,-83
2342,-33
2343,-25
2344,-31
2345,-27
2346,-129
2347,-79
2348,-29
2349,-127
2350,-27
2351,-206
2352,-29
2353,-75
2354,-35
2355,-77
2356,-27
2357,-131
2358,-227
2359,-202
2360,-31
2361,-25
2362,-83
2363,-75
2364,-27
2365,-225
2366,-25
2367,-77
2368,-29
2369,-75
2370,-79
2371,-27
2372,-129
2373,-133
2374,-29
2375,-27
2376,-81
2377,-179
2378,-77
2379,-29
2380,-129
2381,-77
2382,-129
2383,-25
2384,-129
2385,-25
2386,-81
2387,-83
2388,-27
2389,-81
2390,-29
2391,-27
2392,-27
2393,-75
2394,-31
2395,-29
2396,-29
2397,-83
2398,-25
2399,-83
2400,-27
2401,-183
2402,-27
2403,-129
2404,-79
2405,-79
2406,-183
2407,-31
2408,-29
2409,-202
2410,-231
2411,-131
2412,-25
2413,-79
2414,-75
2415,-137
2416,-79
2417,-25
2418,-179
2419,-125
2420,-29
2421,-27
2422,-79
2423,-131
2424,-25
2425,-83
2426,-25
2427,-79
2428,-225
2429,-79
2430,-81
2431,-204
2432,-77
2433,-29
2434,-77
2435,-27
2436,-81
2437,-275
2438,-25
2439,-29
2440,-77
2441,-81
2442,-27
2443,-129
2444,-79
2445,-83
2446,-29
2447,-202
2448,-27
2449,-79
2450,-81
2451,-75
2452,-183
2453,-125
2454,-127
2455,-127
2456,-27
2457,-179
2458,-83
2459,-29
2460,-27
2461,-31
2462,-25
2463,-377
2464,-25
2465,-125
2466,-81
2467,-202
2468,-200
2469,-227
2470,-27
2471,-27
2472,-75
2473,-81
2474,-25
2475,-83
2476,-25
2477,-131
2478,-127
2479,-27
2480,-25
2481,-25
2482,-29
2483,-29
2484,-25
2485,-77
2486,-79
2487,-129
2488,-33
2489,-27
2490,-75
2491,-29
2492,-27
2493,-27
2494,-25
2495,-25
2496,-229
2497,-29
2498,-25
2499,-177
2500,-27
2501,-127
2502,-75
2503,-25
2504,-77
2505,-83
2506,-25
2507,-27
2508,-129
2509,-200
2510,-131
2511,-25
2512,-75
2513,-25
2514,-27
2515,-25
2516,-31
2517,-33
2518,-27
2519,-75
2520,-77
2521,-31
2522,-25
2523,-25
2524,-75
2525,-25
2526,-77
2527,-25
2528,-129
2529,-25
2530,-25
2531,-77
2532,-25
2533,-25
2534,-125
2535,-252
2536,-127
2537,-25
2538,-75
2539,-127
2540,-25
2541,-77
2542,-25
2543,-25
2544,-77
2545,-127
2546,-25
2547,-25
2548,-75
2549,-31
2550,-75
2551,-27
2552,-25
2553,-77
2554,-177
2555,-129
2556,-25
2557,-25
2558,-27
2559,-75
2560,-25
2561,-77
2562,-77
2563,-29
2564,-27
2565,-31
2566,-27
2567,-79
2568,-27
2569,-33
2570,-27
2571,-125
2572,-350
2573,-131
2574,-202
2575,-75
2576,-75
2577,-29
2578,-77
2579,-77
2580,-27
2581,-127
2582,-79
2583,-77
2584,-27
2585,-27
2586,-127
2587,-185
2588,-129
2589,-202
2590,-200
2591,-179
2592,-31
2593,-27
2594,-25
2595,-81
2596,-27
2597,-129
2598,-200
2599,-175
2600,-81
2601,-25
2602,-25
2603,-131
2604,-29
2605,-127
2606,-33
2607,-27
2608,-25
2609,-29
2610,-27
2611,-29
2612,-29
2613,-75
2614,-131
2615,-35
2616,-77
2617,-83
2618,-127
2619,-133
2620,-85
2621,-329
2622,-77
2623,-29
2624,-27
2625,-177
2626,-133
2627,-79
2628,-25
2629,-133
2630,-27
2631,-27
2632,-79
2633,-79
2634,-29
2635,-25
2636,-131
2637,-79
2638,-79
2639,-79
2640,-77
2641,-33
2642,-75
2643,-25
2644,-77
2645,-83
2646,-27
2647,-75
2648,-31
2649,-27
2650,-27
2651,-183
2652,-29
2653,-27
2654,-125
2655,-29
2656,-25
2657,-81
2658,-81
2659,-225
2660,-29
2661,-77
2662,-127
2663,-25
2664,-83
2665,-27
2666,-231
2667,-27
2668,-179
2669,-33
2670,-27
2671,-25
2672,-31
2673,-31
2674,-125
2675,-79
2676,-127
2677,-27
2678,-77
2679,-81
2680,-35
2681,-29
2682,-200
2683,-29
2684,-177
2685,-31
2686,-31
2687,-29
2688,-29
2689,-29
2690,-127
2691,-27
2692,-77
2693,-281
2694,-181
2695,-81
2696,-77
2697,-29
2698,-77
2699,-83
2700,-83
2701,-125
2702,-85
2703,-31
2704,-187
2705,-77
2706,-27
2707,-27
2708,-79
2709,-83
2710,-25
2711,-29
2712,-25
2713,-79
2714,-177
2715,-27
2716,-27
2717,-31
2718,-27
2719,-33
2720,-77
2721,-79
2722,-131
2723,-27
2724,-27
2725,-31
2726,-83
2727,-25
2728,-83
2729,-227
2730,-179
2731,-77
2732,-329
2733,-181
2734,-25
2735,-181
2736,-31
2737,-79
2738,-25
2739,-35
2740,-33
2741,-75
2742,-33
2743,-200
2744,-227
2745,-29
2746,-31
2747,-127
2748,-25
2749,-77
2750,-79
2751,-31
2752,-33
2753,-79
2754,-81
2755,-29
2756,-77
2757,-229
2758,-83
2759,-27
2760,-127
2761,-27
2762,-29
2763,-83
2764,-31
2765,-81
2766,-77
2767,-131
2768,-81
2769,-33
2770,-252
2771,-179
2772,-25
2773,-25
2774,-31
2775,-81
2776,-85
2777,-33
2778,-77
2779,-87
2780,-27
2781,-31
2782,-135
2783,-27
2784,-200
2785,-29
2786,-27
2787,-77
2788,-29
2789,-79
2790,-31
2791,-179
2792,-75
2793,-29
2794,-27
2795,-27
2796,-200
2797,-25
2798,-27
2799,-31
2800,-85
2801,-250
2802,-183
2803,-29
2804,-27
2805,-189
2806,-125
2807,-33
2808,-202
2809,-29
2810,-379
2811,-29
2812,-75
2813,-75
2814,-79
2815,-79
2816,-27
2817,-81
2818,-25
2819,-33
2820,-179
2821,-29
2822,-177
2823,-131
2824,-31
2825,-75
2826,-27
2827,-133
2828,-129
2829,-79
2830,-25
2831,-29
2832,-206
2833,-25
2834,-329
2835,-175
2836,-25
2837,-77
2838,-77
2839,-79
2840,-75
2841,-77
2842,-27
2843,-25
2844,-29
2845,-202
2846,-77
2847,-81
2848,-125
2849,-27
2850,-77
2851,-27
2852,-77
2853,-29
2854,-81
2855,-25
2856,-29
2857,-29
2858,-25
2859,-31
2860,-25
2861,-202
2862,-125
2863,-77
2864,-29
2865,-25
2866,-77
2867,-79
2868,-25
2869,-125
2870,-27
2871,-256
2872,-25
2873,-181
2874,-27
2875,-31
2876,-25
2877,-29
2878,-200
2879,-131
2880,-29
2881,-125
2882,-29
2883,-27
2884,-75
2885,-79
2886,-81
2887,-81
2888,-27
2889,-27
2890,-83
2891,-27
2892,-29
2893,-75
2894,-77
2895,-127
2896,-27
2897,-25
2898,-204
2899,-79
2900,-77
2901,-25
2902,-79
2903,-77
2904,-81
2905,-125
2906,-27
2907,-81
2908,-77
2909,-127
2910,-29
2911,-81
2912,-25
2913,-77
2914,-25
2915,-81
2916,-202
2917,-79
2918,-81
2919,-25
2920,-77
2921,-81
2922,-27
2923,-77
2924,-27
2925,-25
2926,-27
2927,-81
2928,-29
2929,-25
2930,-77
2931,-79
2932,-131
2933,-29
2934,-75
2935,-256
2936,-75
2937,-329
2938,-79
2939,-77
2940,-75
2941,-204
2942,-129
2943,-27
2944,-81
2945,-131
2946,-25
2947,-77
2948,-25
2949,-131
2950,-77
2951,-75
2952,-77
2953,-25
2954,-231
2955,-25
2956,-83
2957,-27
2958,-77
2959,-29
2960,-275
2961,-29
2962,-25
2963,-229
2964,-29
2965,-75
2966,-35
2967,-29
2968,-127
2969,-131
2970,-181
2971,-25
2972,-33
2973,-25
2974,-31
2975,-127
2976,-27
2977,-204
2978,-79
2979,-29
2980,-79
2981,-204
2982,-79
2983,-131
2984,-129
2985,-125
2986,-29
2987,-75
2988,-85
2989,-200
2990,-133
2991,-33
2992,-29
2993,-181
2994,-77
2995,-79
2996,-27
2997,-204
2998,-25
2999,-125
3000,-327
3001,-27
3002,-79
3003,-25
3004,-81
3005,-131
3006,-75
3007,-29
3008,-81
3009,-129
3010,-25
3011,-29
3012,-81
3013,-31
3014,-204
3015,-125
3016,-79
3017,-27
3018,-31
3019,-27
3020,-125
3021,-31
3022,-25
3023,-277
3024,-27
3025,-29
3026,-79
3027,-25
3028,-179
3029,-25
3030,-83
3031,-127
3032,-27
3033,-25
3034,-25
3035,-181
3036,-129
3037,-25
3038,-133
3039,-75
3040,-279
3041,-27
3042,-29
3043,-77
3044,-25
3045,-531
3046,-77
3047,-25
3048,-283
3049,-27
3050,-75
3051,-333
3052,-79
3053,-31
3054,-29
3055,-75
3056,-29
3057,-139
3058,-25
3059,-25
3060,-79
3061,-77
3062,-25
3063,-81
3064,-131
3065,-77
3066,-77
3067,-125
3068,-202
3069,-200
3070,-245
3071,-25
3072,-127
3073,-27
3074,-175
3075,-29
3076,-31
3077,-25
3078,-87
3079,-25
3080,-83
3081,-75
3082,-204
3083,-79
3084,-75
3085,-175
3086,-27
3087,-75
3088,-25
3089,-27
3090,-206
3091,-79
3092,-27
3093,-183
3094,-79
3095,-27
3096,-75
3097,-27
3098,-29
3099,-87
3100,-27
3101,-79
3102,-29
3103,-29
3104,-83
3105,-29
3106,-83
3107,-175
3108,-79
3109,-302
3110,-81
3111,-31
3112,-75
3113,-81
3114,-29
3115,-133
3116,-79
3117,-79
3118,-77
3119,-83
3120,-27
3121,-79
3122,-258
3123,-27
3124,-29
3125,-177
3126,-29
3127,-79
3128,-25
3129,-181
3130,-125
3131,-29
3132,-29
3133,-77
3134,-133
3135,-25
3136,-202
3137,-79
3138,-31
3139,-31
3140,-27
3141,-29
3142,-175
3143,-29
3144,-81
3145,-29
3146,-129
3147,-31
3148,-29
3149,-25
3150,-83
3151,-77
3152,-81
3153,-179
3154,-33
3155,-135
3156,-79
3157,-29
3158,-225
3159,-29
3160,-33
3161,-27
3162,-256
3163,-79
3164,-25
3165,-25
3166,-79
3167,-31
3168,-175
3169,-81
3170,-31
3171,-250
3172,-29
3173,-31
3174,-127
3175,-29
3176,-202
3177,-27
3178,-87
3179,-77
3180,-75
3181,-129
3182,-77
3183,-31
3184,-77
3185,-331
3186,-29
3187,-27
3188,-33
3189,-29
3190,-27
3191,-77
3192,-33
3193,-250
3194,-25
3195,-131
3196,-179
3197,-29
3198,-25
3199,-79
3200,-75
3201,-81
3202,-135
3203,-202
3204,-77
3205,-127
3206,-27
3207,-83
3208,-177
3209,-331
3210,-75
3211,-129
3212,-75
3213,-25
3214,-27
3215,-29
3216,-31
3217,-183
3218,-254
3219,-81
3220,-129
3221,-27
3222,-27
3223,-79
3224,-75
3225,-25
3226,-81
3227,-29
3228,-27
3229,-81
3230,-131
3231,-27
3232,-75
3233,-179
3234,-77
3235,-181
3236,-393
3237,-131
3238,-27
3239,-250
3240,-139
3241,-79
3242,-27
3243,-25
3244,-35
3245,-75
3246,-27
3247,-258
3248,-29
3249,-129
3250,-75
3251,-179
3252,-179
3253,-25
3254,-31
3255,-75
3256,-127
3257,-29
3258,-133
3259,-31
3260,-77
3261,-79
3262,-200
3263,-31
3264,-25
3265,-25
3266,-85
3267,-225
3268,-29
3269,-33
3270,-75
3271,-31
3272,-133
3273,-31
3274,-181
3275,-231
3276,-181
3277,-79
3278,-25
3279,-125
3280,-179
3281,-31
3282,-27
3283,-27
3284,-77
3285,-35
3286,-27
3287,-25
3288,-27
3289,-177
3290,-27
3291,-31
3292,-77
3293,-202
3294,-85
3295,-27
3296,-29
3297,-25
3298,-25
3299,-364
3300,-79
3301,-133
3302,-27
3303,-27
3304,-125
3305,-31
3306,-29
3307,-202
3308,-204
3309,-79
3310,-29
3311,-25
3312,-75
3313,-33
3314,-29
3315,-83
3316,-308
3317,-179
3318,-77
3319,-29
3320,-81
3321,-25
3322,-131
3323,-83
3324,-25
3325,-183
3326,-27
3327,-29
3328,-81
3329,-29
3330,-81
3331,-27
3332,-25
3333,-81
3334,-129
3335,-77
3336,-25
3337,-135
3338,-25
3339,-77
3340,-29
3341,-27
3342,-200
3343,-179
3344,-27
3345,-181
3346,-25
3347,-229
3348,-25
3349,-77
3350,-204
3351,-29
3352,-31
3353,-129
3354,-79
3355,-27
3356,-131
3357,-79
3358,-75
3359,-79
3360,-27
3361,-37
3362,-25
3363,-89
3364,-200
3365,-79
3366,-29
3367,-300
3368,-29
3369,-27
3370,-29
3371,-79
3372,-202
3373,-79
3374,-177
3375,-127
3376,-27
3377,-25
3378,-25
3379,-77
3380,-229
3381,-83
3382,-129
3383,-25
3384,-29
3385,-75
3386,-631
3387,-79
3388,-25
3389,-25
3390,-79
3391,-79
3392,-75
3393,-31
3394,-127
3395,-127
3396,-77
3397,-27
3398,-183
3399,-25
3400,-25
3401,-31
3402,-25
3403,-125
3404,-131
3405,-25
3406,-27
3407,-33
3408,-81
3409,-77
3410,-77
3411,-27
3412,-79
3413,-27
3414,-79
3415,-25
3416,-129
3417,-27
3418,-29
3419,-377
3420,-75
3421,-27
3422,-206
3423,-31
3424,-27
3425,-29
3426,-79
3427,-29
3428,-127
3429,-31
3430,-27
3431,-177
3432,-27
3433,-300
3434,-83
3435,-79
3436,-27
3437,-29
3438,-79
3439,-75
3440,-131
3441,-25
3442,-127
3443,-25
3444,-127
3445,-29
3446,-31
3447,-75
3448,-83
3449,-133
3450,-75
3451,-31
3452,-75
3453,-77
3454,-27
3455,-25
3456,-25
3457,-81
3458,-306
3459,-77
3460,-25
3461,-27
3462,-25
3463,-204
3464,-29
3465,-27
3466,-33
3467,-200
3468,-29
3469,-29
3470,-25
3471,-27
3472,-77
3473,-33
3474,-81
3475,-202
3476,-77
3477,-27
3478,-279
3479,-31
3480,-129
3481,-29
3482,-83
3483,-179
3484,-27
3485,-127
3486,-25
3487,-133
3488,-127
3489,-227
3490,-231
3491,-75
3492,-133
3493,-77
3494,-31
3495,-75
3496,-25
3497,-31
3498,-79
3499,-202
3500,-79
3501,-279
3502,-375
3503,-27
3504,-185
3505,-125
3506,-27
3507,-25
3508,-79
3509,-131
3510,-25
3511,-79
3512,-129
3513,-77
3514,-81
3515,-29
3516,-175
3517,-27
3518,-29
3519,-29
3520,-25
3521,-77
3522,-29
3523,-133
3524,-81
3525,-127
3526,-75
3527,-181
3528,-27
3529,-175
3530,-127
3531,-77
3532,-131
3533,-227
3534,-75
3535,-79
3536,-25
3537,-81
3538,-377
3539,-135
3540,-79
3541,-29
3542,-27
3543,-75
3544,-75
3545,-131
3546,-200
3547,-77
3548,-25
3549,-129
3550,-25
3551,-204
3552,-131
3553,-31
3554,-252
3555,-75
3556,-79
3557,-25
3558,-27
3559,-79
3560,-177
3561,-83
3562,-127
3563,-29
3564,-129
3565,-27
3566,-127
3567,-77
3568,-27
3569,-25
3570,-227
3571,-31
3572,-79
3573,-25
3574,-27
3575,-200
3576,-79
3577,-81
3578,-29
3579,-27
3580,-27
3581,-25
3582,-175
3583,-29
3584,-25
3585,-75
3586,-227
3587,-29
3588,-27
3589,-27
3590,-75
3591,-25
3592,-77
3593,-125
3594,-31
3595,-127
3596,-29
3597,-31
3598,-177
3599,-31
3600,-275
3601,-25
3602,-79
3603,-27
3604,-77
3605,-25
3606,-25
3607,-27
3608,-31
3609,-29
3610,-75
3611,-375
3612,-29
3613,-200
3614,-25
3615,-33
3616,-27
3617,-81
3618,-29
3619,-25
3620,-179
3621,-77
3622,-79
3623,-77
3624,-31
3625,-125
3626,-75
3627,-29
3628,-25
3629,-27
3630,-29
3631,-133
3632,-25
3633,-25
3634,-81
3635,-77
3636,-29
3637,-75
3638,-79
3639,-125
3640,-27
3641,-29
3642,-83
3643,-27
3644,-27
3645,-79
3646,-75
3647,-79
3648,-31
3649,-29
3650,-127
3651,-29
3652,-129
3653,-175
3654,-77
3655,-25
3656,-79
3657,-79
3658,-129
3659,-175
3660,-79
3661,-77
3662,-75
3663,-204
3664,-27
3665,-31
3666,-77
3667,-83
3668,-77
3669,-125
3670,-183
3671,-81
3672,-179
3673,-81
3674,-83
3675,-75
3676,-79
3677,-179
3678,-83
3679,-27
3680,-29
3681,-29
3682,-79
3683,-81
3684,-27
3685,-133
3686,-29
3687,-27
3688,-131
3689,-179
3690,-77
3691,-27
3692,-29
3693,-29
3694,-27
3695,-129
3696,-75
3697,-29
3698,-25
3699,-77
3700,-33
3701,-79
3702,-25
3703,-31
3704,-79
3705,-29
3706,-77
3707,-37
3708,-79
3709,-177
3710,-31
3711,-200
3712,-135
3713,-79
3714,-83
3715,-31
3716,-79
3717,-29
3718,-29
3719,-229
3720,-31
3721,-31
3722,-27
3723,-325
3724,-27
3725,-29
3726,-133
3727,-27
3728,-33
3729,-29
3730,-29
3731,-29
3732,-79
3733,-31
3734,-400
3735,-27
3736,-33
3737,-29
3738,-129
3739,-25
3740,-83
3741,-25
3742,-77
3743,-29
3744,-27
3745,-79
3746,-77
3747,-29
3748,-85
3749,-77
3750,-27
3751,-200
3752,-77
3753,-77
3754,-79
3755,-25
3756,-83
3757,-202
3758,-125
3759,-83
3760,-131
3761,-29
3762,-125
3763,-75
3764,-129
3765,-129
3766,-25
3767,-33
3768,-135
3769,-27
3770,-31
3771,-25
3772,-129
3773,-25
3774,-85
3775,-127
3776,-306
3777,-35
3778,-25
3779,-177
3780,-79
3781,-31
3782,-27
3783,-77
3784,-25
3785,-83
3786,-27
3787,-29
3788,-29
3789,-79
3790,-79
3791,-27
3792,-75
3793,-204
3794,-133
3795,-33
3796,-75
3797,-279
3798,-35
3799,-27
3800,-29
3801,-25
3802,-83
3803,-129
3804,-75
3805,-29
3806,-81
3807,-81
3808,-79
3809,-75
3810,-27
3811,-79
3812,-33
3813,-77
3814,-75
3815,-79
3816,-77
3817,-29
3818,-127
3819,-183
3820,-231
3821,-137
3822,-29
3823,-127
3824,-31
3825,-25
3826,-25
3827,-81
3828,-79
3829,-29
3830,-25
3831,-29
3832,-29
3833,-25
3834,-131
3835,-202
3836,-27
3837,-25
3838,-81
3839,-31
3840,-375
3841,-29
3842,-27
3843,-31
3844,-175
3845,-129
3846,-127
3847,-31
3848,-27
3849,-27
3850,-133
3851,-27
3852,-29
3853,-27
3854,-25
3855,-135
3856,-81
3857,-27
3858,-31
3859,-83
3860,-27
3861,-179
3862,-27
3863,-33
3864,-127
3865,-29
3866,-27
3867,-125
3868,-29
3869,-81
3870,-202
3871,-181
3872,-79
3873,-81
3874,-81
3875,-25
3876,-81
3877,-29
3878,-79
3879,-25
3880,-89
3881,-183
3882,-75
3883,-27
3884,-31
3885,-185
3886,-27
3887,-81
3888,-29
3889,-77
3890,-79
3891,-133
3892,-25
3893,-27
3894,-202
3895,-281
3896,-127
3897,-127
3898,-27
3899,-27
3900,-77
3901,-81
3902,-25
3903,-137
3904,-225
3905,-202
3906,-27
3907,-225
3908,-31
3909,-25
3910,-89
3911,-77
3912,-179
3913,-200
3914,-127
3915,-27
3916,-29
3917,-79
3918,-179
3919,-79
3920,-200
3921,-131
3922,-133
3923,-79
3924,-27
3925,-177
3926,-377
3927,-25
3928,-29
3929,-31
3930,-177
3931,-79
3932,-29
3933,-75
3934,-29
3935,-27
3936,-81
3937,-77
3938,-25
3939,-25
3940,-37
3941,-83
3942,-125
3943,-127
3944,-29
3945,-79
3946,-81
3947,-27
3948,-29
3949,-77
3950,-29
3951,-27
3952,-31
3953,-25
3954,-79
3955,-125
3956,-31
3957,-129
3958,-75
3959,-29
3960,-85
3961,-129
3962,-27
3963,-29
3964,-27
3965,-31
3966,-27
3967,-79
3968,-27
3969,-25
3970,-75
3971,-135
3972,-27
3973,-229
3974,-27
3975,-27
3976,-129
3977,-77
3978,-27
3979,-29
3980,-77
3981,-79
3982,-131
3983,-27
3984,-31
3985,-27
3986,-81
3987,-27
3988,-29
3989,-81
3990,-29
3991,-25
3992,-127
3993,-179
3994,-31
3995,-25
3996,-29
3997,-31
3998,-125
3999,-77
4000,-29
4001,-79
4002,-29
4003,-25
4004,-27
4005,-379
4006,-79
4007,-35
4008,-179
4009,-179
4010,-225
4011,-31
4012,-75
4013,-81
4014,-33
4015,-75
4016,-27
4017,-79
4018,-25
4019,-81
4020,-85
4021,-133
4022,-25
4023,-29
4024,-77
4025,-79
4026,-35
4027,-27
4028,-181
4029,-79
4030,-31
4031,-202
4032,-83
4033,-25
4034,-27
4035,-75
4036,-202
4037,-25
4038,-81
4039,-79
4040,-179
4041,-81
4042,-27
4043,-25
4044,-229
4045,-81
4046,-127
4047,-33
4048,-125
4049,-131
4050,-375
4051,-204
4052,-25
4053,-304
4054,-27
4055,-202
4056,-27
4057,-200
4058,-131
4059,-29
4060,-79
4061,-81
4062,-25
4063,-29
4064,-27
4065,-29
4066,-25
4067,-37
4068,-129
4069,-129
4070,-77
4071,-77
4072,-27
4073,-29
4074,-29
4075,-27
4076,-125
4077,-77
4078,-210
4079,-27
4080,-81
4081,-27
4082,-77
4083,-29
4084,-25
4085,-29
4086,-29
4087,-127
4088,-75
4089,-81
4090,-25
4091,-85
4092,-29
4093,-27
4094,-133
4095,-25
4096,-127
4097,-77
4098,-25
4099,-75
4100,-29
4101,-125
4102,-141
4103,-129
4104,-181
4105,-177
4106,-79
4107,-127
4108,-81
4109,-135
4110,-29
4111,-83
4112,-25
4113,-27
4114,-227
4115,-25
4116,-31
4117,-27
4118,-31
4119,-254
4120,-27
4121,-31
4122,-25
4123,-79
4124,-75
4125,-79
4126,-75
4127,-33
4128,-25
4129,-27
4130,-25
4131,-83
4132,-79
4133,-29
4134,-25
4135,-254
4136,-31
4137,-27
4138,-25
4139,-79
4140,-33
4141,-79
4142,-27
4143,-31
4144,-25
4145,-79
4146,-129
4147,-33
4148,-129
4149,-29
4150,-231
4151,-81
4152,-31
4153,-25
4154,-256
4155,-81
4156,-27
4157,-77
4158,-179
4159,-81
4160,-25
4161,-83
4162,-27
4163,-75
4164,-127
4165,-79
4166,-27
4167,-31
4168,-33
4169,-200
4170,-233
4171,-27
4172,-29
4173,-75
4174,-31
4175,-29
4176,-31
4177,-185
4178,-27
4179,-25
4180,-27
4181,-75
4182,-133
4183,-27
4184,-77
4185,-135
4186,-181
4187,-79
4188,-25
4189,-27
4190,-181
4191,-75
4192,-129
4193,-81
4194,-79
4195,-29
4196,-127
4197,-175
4198,-31
4199,-81
4200,-83
4201,-227
4202,-77
4203,-133
4204,-29
4205,-75
4206,-77
4207,-79
4208,-29
4209,-231
4210,-31
4211,-31
4212,-27
4213,-283
4214,-77
4215,-27
4216,-129
4217,-27
4218,-29
4219,-29
4220,-81
4221,-33
4222,-27
4223,-33
4224,-200
4225,-27
4226,-29
4227,-75
4228,-206
4229,-85
4230,-27
4231,-29
4232,-225
4233,-29
4234,-29
4235,-29
4236,-31
4237,-129
4238,-27
4239,-77
4240,-204
4241,-133
4242,-25
4243,-33
4244,-33
4245,-27
4246,-27
4247,-25
4248,-27
4249,-31
4250,-29
4251,-75
4252,-25
4253,-35
4254,-25
4255,-35
4256,-25
4257,-127
4258,-75
4259,-31
4260,-79
4261,-27
4262,-81
4263,-27
4264,-79
4265,-33
4266,-79
4267,-25
4268,-31
4269,-29
4270,-29
4271,-129
4272,-227
4273,-79
4274,-25
4275,-131
4276,-258
4277,-77
4278,-200
4279,-133
4280,-77
4281,-179
4282,-35
4283,-129
4284,-31
4285,-25
4286,-81
4287,-77
4288,-31
4289,-77
4290,-29
4291,-81
4292,-83
4293,-75
4294,-256
4295,-75
4296,-27
4297,-29
4298,-206
4299,-79
4300,-77
4301,-27
4302,-81
4303,-75
4304,-79
4305,-81
4306,-27
4307,-35
4308,-77
4309,-29
4310,-27
4311,-125
4312,-175
4313,-31
4314,-31
4315,-183
4316,-27
4317,-129
4318,-75
4319,-29
4320,-25
4321,-29
4322,-83
4323,-27
4324,-279
4325,-131
4326,-25
4327,-206
4328,-33
4329,-129
4330,-31
4331,-252
4332,-131
4333,-129
4334,-79
4335,-27
4336,-181
4337,-85
4338,-27
4339,-25
4340,-31
4341,-77
4342,-200
4343,-35
4344,-125
4345,-81
4346,-129
4347,-25
4348,-83
4349,-27
4350,-83
4351,-77
4352,-29
4353,-127
4354,-29
4355,-29
4356,-27
4357,-131
4358,-25
4359,-206
4360,-27
4361,-29
4362,-89
4363,-129
4364,-33
4365,-283
4366,-31
4367,-29
4368,-33
4369,-79
4370,-29
4371,-127
4372,-29
4373,-27
4374,-131
4375,-85
4376,-75
4377,-31
4378,-27
4379,-183
4380,-77
4381,-133
4382,-33
4383,-77
4384,-27
4385,-79
4386,-25
4387,-85
4388,-81
4389,-29
4390,-79
4391,-250
4392,-29
4393,-29
4394,-77
4395,-79
4396,-129
4397,-81
4398,-75
4399,-77
4400,-85
4401,-81
4402,-25
4403,-35
4404,-25
4405,-131
4406,-25
4407,-29
4408,-31
4409,-83
4410,-25
4411,-29
4412,-358
4413,-27
4414,-204
4415,-329
4416,-27
4417,-129
4418,-31
4419,-229
4420,-77
4421,-25
4422,-29
4423,-29
4424,-85
4425,-183
4426,-75
4427,-127
4428,-29
4429,-33
4430,-29
4431,-75
4432,-129
4433,-33
4434,-27
4435,-129
4436,-29
4437,-31
4438,-25
4439,-75
4440,-202
4441,-31
4442,-183
4443,-79
4444,-450
4445,-27
4446,-31
4447,-29
4448,-204
4449,-83
4450,-281
4451,-79
4452,-37
4453,-129
4454,-327
4455,-81
4456,-25
4457,-25
4458,-85
4459,-25
4460,-33
4461,-183
4462,-31
4463,-79
4464,-79
4465,-27
4466,-27
4467,-27
4468,-29
4469,-127
4470,-179
4471,-129
4472,-25
4473,-35
4474,-33
4475,-27
4476,-77
4477,-81
4478,-79
4479,-25
4480,-79
4481,-127
4482,-202
4483,-229
4484,-27
4485,-31
4486,-27
4487,-29
4488,-29
4489,-125
4490,-29
4491,-77
4492,-183
4493,-81
4494,-27
4495,-35
4496,-77
4497,-27
4498,-77
4499,-85
4500,-75
4501,-79
4502,-79
4503,-33
4504,-29
4505,-75
4506,-29
4507,-81
4508,-129
4509,-127
4510,-83
4511,-77
4512,-27
4513,-29
4514,-27
4515,-133
4516,-77
4517,-81
4518,-27
4519,-81
4520,-133
4521,-300
4522,-29
4523,-81
4524,-79
4525,-83
4526,-27
4527,-31
4528,-127
4529,-27
4530,-229
4531,-83
4532,-29
4533,-31
4534,-131
4535,-29
4536,-75
4537,-31
4538,-225
4539,-25
4540,-81
4541,-79
4542,-229
4543,-77
4544,-179
4545,-127
4546,-33
4547,-33
4548,-77
4549,-31
4550,-25
4551,-181
4552,-231
4553,-125
4554,-29
4555,-77
4556,-77
4557,-131
4558,-179
4559,-27
4560,-27
4561,-83
4562,-25
4563,-31
4564,-127
4565,-81
4566,-27
4567,-29
4568,-200
4569,-83
4570,-77
4571,-133
4572,-129
4573,-81
4574,-81
4575,-29
4576,-27
4577,-133
4578,-179
4579,-25
4580,-79
4581,-79
4582,-35
4583,-25
4584,-31
4585,-25
4586,-29
4587,-25
4588,-204
4589,-31
4590,-75
4591,-81
4592,-127
4593,-129
4594,-33
4595,-75
4596,-191
4597,-79
4598,-29
4599,-25
4600,-83
4601,-179
4602,-129
4603,-77
4604,-129
4605,-81
4606,-77
4607,-85
4608,-77
4609,-27
4610,-29
4611,-27
4612,-31
4613,-27
4614,-225
4615,-179
4616,-29
4617,-125
4618,-81
4619,-31
4620,-85
4621,-29
4622,-83
4623,-77
4624,-79
4625,-77
4626,-125
4627,-31
4628,-204
4629,-131
4630,-27
4631,-77
4632,-29
4633,-81
4634,-77
4635,-29
4636,-204
4637,-81
4638,-85
4639,-31
4640,-304
4641,-31
4642,-31
4643,-27
4644,-25
4645,-129
4646,-79
4647,-81
4648,-33
4649,-27
4650,-31
4651,-31
4652,-81
4653,-25
4654,-135
4655,-29
4656,-29
4657,-131
4658,-206
4659,-131
4660,-29
4661,-29
4662,-75
4663,-25
4664,-81
4665,-77
4666,-29
4667,-181
4668,-129
4669,-129
4670,-131
4671,-79
4672,-27
4673,-27
4674,-204
4675,-125
4676,-131
4677,-85
4678,-25
4679,-129
4680,-125
4681,-129
4682,-127
4683,-83
4684,-231
4685,-135
4686,-131
4687,-127
4688,-81
4689,-31
4690,-33
4691,-77
4692,-79
4693,-35
4694,-31
4695,-35
4696,-75
4697,-83
4698,-25
4699,-33
4700,-29
4701,-200
4702,-79
4703,-75
4704,-29
4705,-129
4706,-79
4707,-77
4708,-31
4709,-77
4710,-25
4711,-79
4712,-85
4713,-81
4714,-29
4715,-200
4716,-27
4717,-25
4718,-181
4719,-133
4720,-77
4721,-135
4722,-200
4723,-29
4724,-85
4725,-200
4726,-133
4727,-25
4728,-29
4729,-25
4730,-77
4731,-29
4732,-33
4733,-27
4734,-25
4735,-33
4736,-83
4737,-27
4738,-79
4739,-77
4740,-35
4741,-27
4742,-31
4743,-79
4744,-29
4745,-77
4746,-127
4747,-202
4748,-33
4749,-27
4750,-29
4751,-25
4752,-31
4753,-131
4754,-75
4755,-81
4756,-129
4757,-27
4758,-175
4759,-83
4760,-25
4761,-81
4762,-75
4763,-258
4764,-225
4765,-31
4766,-25
4767,-81
4768,-27
4769,-79
4770,-179
4771,-25
4772,-77
4773,-127
4774,-29
4775,-229
4776,-200
4777,-81
4778,-175
4779,-35
4780,-25
4781,-25
4782,-35
4783,-25
4784,-125
4785,-79
4786,-131
4787,-31
4788,-79
4789,-79
4790,-81
4791,-27
4792,-79
4793,-25
4794,-81
4795,-83
4796,-81
4797,-75
4798,-200
4799,-87
4800,-79
4801,-77
4802,-79
4803,-31
4804,-183
4805,-31
4806,-250
4807,-27
4808,-177
4809,-189
4810,-25
4811,-77
4812,-25
4813,-77
4814,-85
4815,-131
4816,-131
4817,-79
4818,-227
4819,-81
4820,-254
4821,-27
4822,-27
4823,-81
4824,-231
4825,-31
4826,-31
4827,-79
4828,-25
4829,-77
4830,-77
4831,-129
4832,-210
4833,-31
4834,-81
4835,-327
4836,-25
4837,-29
4838,-83
4839,-27
4840,-206
4841,-35
4842,-31
4843,-29
4844,-29
4845,-25
4846,-81
4847,-29
4848,-185
4849,-77
4850,-33
4851,-29
4852,-25
4853,-29
4854,-75
4855,-87
4856,-185
4857,-27
4858,-81
4859,-79
4860,-83
4861,-129
4862,-31
4863,-25
4864,-79
4865,-133
4866,-33
4867,-25
4868,-27
4869,-31
4870,-79
4871,-31
4872,-75
4873,-79
4874,-29
4875,-31
4876,-77
4877,-79
4878,-77
4879,-204
4880,-129
4881,-27
4882,-25
4883,-27
4884,-77
4885,-41
4886,-27
4887,-81
4888,-35
4889,-31
4890,-135
4891,-77
4892,-77
4893,-83
4894,-81
4895,-25
4896,-79
4897,-127
4898,-77
4899,-81
4900,-85
4901,-37
4902,-77
4903,-77
4904,-29
4905,-127
4906,-33
4907,-77
4908,-27
4909,-83
4910,-27
4911,-29
4912,-31
4913,-27
4914,-127
4915,-79
4916,-81
4917,-83
4918,-256
4919,-79
4920,-27
4921,-179
4922,-81
4923,-33
4924,-79
4925,-79
4926,-179
4927,-27
4928,-204
4929,-29
4930,-81
4931,-81
4932,-25
4933,-35
4934,-29
4935,-29
4936,-25
4937,-27
4938,-35
4939,-81
4940,-139
4941,-31
4942,-27
4943,-127
4944,-29
4945,-31
4946,-33
4947,-81
4948,-77
4949,-79
4950,-25
4951,-79
4952,-77
4953,-27
4954,-33
4955,-31
4956,-31
4957,-25
4958,-29
4959,-258
4960,-29
4961,-25
4962,-260
4963,-131
4964,-27
4965,-81
4966,-79
4967,-29
4968,-29
4969,-25
4970,-77
4971,-35
4972,-79
4973,-81
4974,-125
4975,-33
4976,-79
4977,-131
4978,-177
4979,-83
4980,-25
4981,-141
4982,-77
4983,-31
4984,-29
4985,-33
4986,-27
4987,-79
4988,-29
4989,-79
4990,-229
4991,-129
4992,-27
4993,-227
4994,-79
4995,-27
4996,-83
4997,-25
4998,-35
4999,-29
5000,-29
5001,-181
5002,-258
5003,-79
5004,-33
5005,-25
5006,-204
5007,-27
5008,-79
5009,-35
5010,-31
5011,-77
5012,-83
5013,-81
5014,-125
5015,-129
5016,-79
5017,-204
5018,-81
5019,-27
5020,-25
5021,-31
5022,-204
5023,-125
5024,-79
5025,-29
5026,-29
5027,-25
5028,-83
5029,-177
5030,-79
5031,-33
5032,-131
5033,-77
5034,-77
5035,-129
5036,-75
5037,-206
5038,-29
5039,-208
5040,-25
5041,-127
5042,-129
5043,-79
5044,-79
5045,-179
5046,-131
5047,-35
5048,-75
5049,-206
5050,-33
5051,-77
5052,-31
5053,-260
5054,-25
5055,-79
5056,-29
5057,-79
5058,-27
5059,-29
5060,-31
5061,-33
5062,-79
5063,-75
5064,-31
5065,-77
5066,-133
5067,-27
5068,-27
5069,-35
5070,-204
5071,-131
5072,-83
5073,-33
5074,-89
5075,-77
5076,-202
5077,-77
5078,-131
5079,-131
5080,-31
5081,-25
5082,-31
5083,-131
5084,-25
5085,-27
5086,-135
5087,-31
5088,-200
5089,-29
5090,-127
5091,-131
5092,-81
5093,-127
5094,-133
5095,-27
5096,-131
5097,-77
5098,-131
5099,-85
5100,-81
5101,-75
5102,-33
5103,-25
5104,-129
5105,-33
5106,-329
5107,-31
5108,-31
5109,-29
5110,-202
5111,-75
5112,-31
5113,-29
5114,-85
5115,-31
5116,-225
5117,-33
5118,-33
5119,-29
5120,-125
5121,-25
5122,-25
5123,-127
5124,-208
5125,-127
5126,-256
5127,-29
5128,-83
5129,-29
5130,-327
5131,-83
5132,-27
5133,-29
5134,-75
5135,-35
5136,-133
5137,-29
5138,-35
5139,-29
5140,-31
5141,-202
5142,-79
5143,-29
5144,-81
5145,-29
5146,-29
5147,-229
5148,-29
5149,-177
5150,-75
5151,-37
5152,-27
5153,-81
5154,-89
5155,-77
5156,-79
5157,-83
5158,-25
5159,-129
5160,-27
5161,-25
5162,-35
5163,-81
5164,-29
5165,-35
5166,-77
5167,-179
5168,-27
5169,-133
5170,-29
5171,-25
5172,-229
5173,-85
5174,-31
5175,-185
5176,-129
5177,-77
5178,-79
5179,-25
5180,-133
5181,-37
5182,-29
5183,-29
5184,-79
5185,-25
5186,-27
5187,-29
5188,-87
5189,-125
5190,-83
5191,-81
5192,-29
5193,-31
5194,-31
5195,-25
5196,-27
5197,-79
5198,-75
5199,-83
5200,-31
5201,-131
5202,-25
5203,-27
5204,-31
5205,-33
5206,-31
5207,-29
5208,-358
5209,-33
5210,-135
5211,-27
5212,-35
5213,-29
5214,-77
5215,-81
5216,-27
5217,-202
5218,-79
5219,-225
5220,-135
5221,-27
5222,-27
5223,-29
5224,-35
5225,-27
5226,-77
5227,-77
5228,-83
5229,-33
5230,-25
5231,-43
5232,-27
5233,-237
5234,-25
5235,-137
5236,-31
5237,-29
5238,-79
5239,-27
5240,-75
5241,-27
5242,-131
5243,-31
5244,-89
5245,-75
5246,-85
5247,-202
5248,-27
5249,-29
5250,-81
5251,-25
5252,-79
5253,-29
5254,-231
5255,-31
5256,-77
5257,-29
5258,-79
5259,-200
5260,-229
5261,-25
5262,-29
5263,-183
5264,-129
5265,-31
5266,-79
5267,-206
5268,-81
5269,-27
5270,-277
5271,-129
5272,-79
5273,-33
5274,-25
5275,-33
5276,-25
5277,-187
5278,-25
5279,-35
5280,-77
5281,-237
5282,-27
5283,-179
5284,-27
5285,-29
5286,-81
5287,-404
5288,-85
5289,-25
5290,-27
5291,-127
5292,-204
5293,-79
5294,-85
5295,-79
5296,-27
5297,-29
5298,-129
5299,-77
5300,-29
5301,-129
5302,-127
5303,-29
5304,-31
5305,-27
5306,-29
5307,-29
5308,-33
5309,-25
5310,-29
5311,-79
5312,-31
5313,-25
5314,-31
5315,-25
5316,-133
5317,-25
5318,-83
5319,-29
5320,-129
5321,-204
5322,-183
5323,-79
5324,-33
5325,-25
5326,-29
5327,-29
5328,-179
5329,-31
5330,-25
5331,-31
5332,-29
5333,-181
5334,-29
5335,-35
5336,-27
5337,-27
5338,-27
5339,-81
5340,-31
5341,-77
5342,-77
5343,-27
5344,-31
5345,-31
5346,-27
5347,-125
5348,-31
5349,-33
5350,-252
5351,-177
5352,-77
5353,-81
5354,-29
5355,-29
5356,-33
5357,-25
5358,-135
5359,-31
5360,-27
5361,-81
5362,-29
5363,-81
5364,-129
5365,-31
5366,-127
5367,-31
5368,-381
5369,-79
5370,-83
5371,-27
5372,-83
5373,-31
5374,-31
5375,-77
5376,-75
5377,-131
5378,-31
5379,-81
5380,-33
5381,-81
5382,-79
5383,-131
5384,-27
5385,-81
5386,-75
5387,-33
5388,-25
5389,-181
5390,-81
5391,-79
5392,-125
5393,-137
5394,-75
5395,-81
5396,-29
5397,-33
5398,-177
5399,-81
5400,-29
5401,-83
5402,-27
5403,-81
5404,-29
5405,-129
5406,-83
5407,-127
5408,-77
5409,-25
5410,-27
5411,-31
5412,-29
5413,-333
5414,-83
5415,-33
5416,-77
5417,-129
5418,-79
5419,-202
5420,-29
5421,-83
5422,-77
5423,-25
5424,-31
5425,-31
5426,-200
5427,-33
5428,-29
5429,-304
5430,-85
5431,-29
5432,-31
5433,-133
5434,-79
5435,-27
5436,-29
5437,-27
5438,-29
5439,-131
5440,-29
5441,-129
5442,-25
5443,-31
5444,-29
5445,-31
5446,-79
5447,-81
5448,-202
5449,-29
5450,-27
5451,-125
5452,-233
5453,-79
5454,-75
5455,-37
5456,-125
5457,-25
5458,-29
5459,-25
5460,-81
5461,-283
5462,-75
5463,-81
5464,-33
5465,-77
5466,-31
5467,-202
5468,-81
5469,-85
5470,-27
5471,-27
5472,-202
5473,-29
5474,-200
5475,-31
5476,-229
5477,-25
5478,-89
5479,-33
5480,-25
5481,-77
5482,-77
5483,-25
5484,-29
5485,-83
5486,-135
5487,-29
5488,-185
5489,-81
5490,-85
5491,-75
5492,-27
5493,-127
5494,-31
5495,-25
5496,-133
5497,-31
5498,-179
5499,-31
5500,-79
5501,-79
5502,-31
5503,-29
5504,-81
5505,-77
5506,-27
5507,-81
5508,-133
5509,-81
5510,-27
5511,-129
5512,-27
5513,-31
5514,-75
5515,-81
5516,-202
5517,-29
5518,-79
5519,-33
5520,-231
5521,-131
5522,-129
5523,-75
5524,-29
5525,-35
5526,-81
5527,-27
5528,-31
5529,-29
5530,-206
5531,-77
5532,-375
5533,-31
5534,-29
5535,-83
5536,-29
5537,-25
5538,-79
5539,-33
5540,-33
5541,-79
5542,-133
5543,-79
5544,-229
5545,-79
5546,-200
5547,-131
5548,-85
5549,-202
5550,-139
5551,-129
5552,-225
5553,-29
5554,-31
5555,-27
5556,-31
5557,-131
5558,-131
5559,-79
5560,-81
5561,-77
5562,-131
5563,-29
5564,-129
5565,-129
5566,-29
5567,-25
5568,-25
5569,-35
5570,-79
5571,-85
5572,-27
5573,-79
5574,-75
5575,-81
5576,-200
5577,-31
5578,-77
5579,-27
5580,-83
5581,-131
5582,-225
5583,-25
5584,-27
5585,-25
5586,-83
5587,-131
5588,-33
5589,-79
5590,-75
5591,-131
5592,-79
5593,-200
5594,-35
5595,-181
5596,-81
5597,-81
5598,-85
5599,-35
5600,-27
5601,-29
5602,-33
5603,-204
5604,-202
5605,-31
5606,-127
5607,-29
5608,-77
5609,-31
5610,-83
5611,-25
5612,-33
5613,-83
5614,-129
5615,-29
5616,-129
5617,-25
5618,-81
5619,-25
5620,-287
5621,-29
5622,-79
5623,-33
5624,-81
5625,-29
5626,-79
5627,-29
5628,-35
5629,-77
5630,-258
5631,-279
5632,-127
5633,-31
5634,-27
5635,-31
5636,-81
5637,-127
5638,-27
5639,-35
5640,-29
5641,-25
5642,-31
5643,-29
5644,-200
5645,-131
5646,-181
5647,-77
5648,-250
5649,-33
5650,-85
5651,-29
5652,-27
5653,-79
5654,-29
5655,-29
5656,-25
5657,-85
5658,-25
5659,-229
5660,-81
5661,-27
5662,-308
5663,-35
5664,-431
5665,-79
5666,-179
5667,-27
5668,-35
5669,-381
5670,-79
5671,-27
5672,-79
5673,-81
5674,-75
5675,-25
5676,-29
5677,-202
5678,-81
5679,-29
5680,-35
5681,-204
5682,-27
5683,-85
5684,-79
5685,-29
5686,-129
5687,-258
5688,-79
5689,-27
5690,-85
5691,-85
5692,-27
5693,-81
5694,-31
5695,-302
5696,-85
5697,-27
5698,-77
5699,-39
5700,-75
5701,-331
5702,-77
5703,-33
5704,-25
5705,-27
5706,-179
5707,-29
5708,-29
5709,-25
5710,-77
5711,-83
5712,-27
5713,-31
5714,-27
5715,-129
5716,-287
5717,-181
5718,-25
5719,-204
5720,-29
5721,-127
5722,-83
5723,-29
5724,-25
5725,-85
5726,-129
5727,-131
5728,-239
5729,-85
5730,-77
5731,-204
5732,-125
5733,-33
5734,-25
5735,-31
5736,-29
5737,-79
5738,-79
5739,-29
5740,-83
5741,-81
5742,-31
5743,-27
5744,-27
5745,-181
5746,-83
5747,-204
5748,-35
5749,-31
5750,-39
5751,-79
5752,-25
5753,-77
5754,-175
5755,-79
5756,-27
5757,-35
5758,-127
5759,-77
5760,-33
5761,-29
5762,-260
5763,-129
5764,-200
5765,-25
5766,-35
5767,-31
5768,-35
5769,-79
5770,-31
5771,-75
5772,-35
5773,-81
5774,-29
5775,-29
5776,-79
5777,-81
5778,-135
5779,-25
5780,-208
5781,-229
5782,-129
5783,-81
5784,-131
5785,-75
5786,-31
5787,-75
5788,-27
5789,-206
5790,-29
5791,-31
5792,-25
5793,-79
5794,-35
5795,-75
5796,-75
5797,-33
5798,-81
5799,-29
5800,-379
5801,-81
5802,-27
5803,-185
5804,-77
5805,-27
5806,-37
5807,-25
5808,-181
5809,-85
5810,-77
5811,-129
5812,-35
5813,-131
5814,-77
5815,-27
5816,-39
5817,-77
5818,-204
5819,-200
5820,-79
5821,-387
5822,-29
5823,-87
5824,-27
5825,-29
5826,-27
5827,-81
5828,-131
5829,-75
5830,-29
5831,-35
5832,-27
5833,-204
5834,-27
5835,-181
5836,-27
5837,-77
5838,-79
5839,-33
5840,-133
5841,-27
5842,-81
5843,-75
5844,-85
5845,-79
5846,-83
5847,-79
5848,-125
5849,-81
5850,-27
5851,-29
5852,-35
5853,-135
5854,-79
5855,-27
5856,-29
5857,-25
5858,-31
5859,-79
5860,-31
5861,-131
5862,-79
5863,-29
5864,-27
5865,-37
5866,-31
5867,-125
5868,-29
5869,-77
5870,-129
5871,-31
5872,-125
5873,-77
5874,-81
5875,-29
5876,-127
5877,-33
5878,-29
5879,-127
5880,-181
5881,-79
5882,-75
5883,-81
5884,-27
5885,-31
5886,-27
5887,-131
5888,-139
5889,-75
5890,-131
5891,-133
5892,-25
5893,-81
5894,-79
5895,-29
5896,-229
5897,-231
5898,-31
5899,-79
5900,-31
5901,-27
5902,-79
5903,-31
5904,-200
5905,-29
5906,-83
5907,-79
5908,-77
5909,-29
5910,-87
5911,-77
5912,-79
5913,-129
5914,-252
5915,-89
5916,-25
5917,-29
5918,-129
5919,-206
5920,-85
5921,-79
5922,-27
5923,-75
5924,-27
5925,-77
5926,-254
5927,-258
5928,-33
5929,-27
5930,-81
5931,-125
5932,-81
5933,-85
5934,-181
5935,-127
5936,-131
5937,-81
5938,-33
5939,-27
5940,-29
5941,-204
5942,-29
5943,-133
5944,-81
5945,-25
5946,-25
5947,-31
5948,-129
5949,-25
5950,-35
5951,-25
5952,-256
5953,-31
5954,-127
5955,-25
5956,-33
5957,-27
5958,-27
5959,-181
5960,-181
5961,-81
5962,-25
5963,-81
5964,-37
5965,-75
5966,-131
5967,-179
5968,-281
5969,-129
5970,-85
5971,-77
5972,-79
5973,-79
5974,-77
5975,-329
5976,-77
5977,-185
5978,-181
5979,-31
5980,-75
5981,-27
5982,-27
5983,-81
5984,-27
5985,-81
5986,-27
5987,-31
5988,-27
5989,-183
5990,-131
5991,-81
5992,-25
5993,-79
5994,-31
5995,-33
5996,-31
5997,-29
5998,-25
5999,-204
6000,-33
6001,-79
6002,-85
6003,-25
6004,-31
6005,-179
6006,-31
6007,-131
6008,-31
6009,-77
6010,-83
6011,-31
6012,-77
6013,-33
6014,-131
6015,-75
6016,-29
6017,-131
6018,-75
6019,-31
6020,-31
6021,-27
6022,-29
6023,-81
6024,-29
6025,-31
6026,-79
6027,-81
6028,-25
6029,-31
6030,-260
6031,-25
6032,-204
6033,-29
6034,-75
6035,-135
6036,-133
6037,-29
6038,-25
6039,-83
6040,-75
6041,-31
6042,-75
6043,-31
6044,-83
6045,-25
6046,-81
6047,-29
6048,-31
6049,-235
6050,-31
6051,-79
6052,-25
6053,-31
6054,-133
6055,-129
6056,-25
6057,-177
6058,-91
6059,-227
6060,-85
6061,-25
6062,-81
6063,-29
6064,-31
6065,-181
6066,-27
6067,-27
6068,-79
6069,-77
6070,-212
6071,-27
6072,-77
6073,-29
6074,-129
6075,-31
6076,-129
6077,-79
6078,-202
6079,-75
6080,-79
6081,-35
6082,-75
6083,-29
6084,-83
6085,-29
6086,-231
6087,-75
6088,-31
6089,-31
6090,-25
6091,-31
6092,-133
6093,-81
6094,-77
6095,-204
6096,-27
6097,-79
6098,-29
6099,-79
6100,-181
6101,-27
6102,-81
6103,-331
6104,-129
6105,-225
6106,-31
6107,-83
6108,-79
6109,-129
6110,-75
6111,-227
6112,-135
6113,-133
6114,-83
6115,-79
6116,-81
6117,-27
6118,-27
6119,-81
6120,-175
6121,-79
6122,-287
6123,-133
6124,-25
6125,-31
6126,-27
6127,-79
6128,-81
6129,-233
6130,-33
6131,-31
6132,-27
6133,-29
6134,-25
6135,-85
6136,-37
6137,-27
6138,-33
6139,-31
6140,-31
6141,-131
6142,-127
6143,-27
6144,-29
6145,-179
6146,-206
6147,-79
6148,-31
6149,-29
6150,-256
6151,-129
6152,-27
6153,-31
6154,-131
6155,-185
6156,-27
6157,-133
6158,-25
6159,-77
6160,-133
6161,-37
6162,-233
6163,-27
6164,-183
6165,-81
6166,-79
6167,-137
6168,-27
6169,-29
6170,-31
6171,-27
6172,-75
6173,-29
6174,-79
6175,-31
6176,-133
6177,-81
6178,-131
6179,-206
6180,-29
6181,-27
6182,-127
6183,-85
6184,-27
6185,-77
6186,-79
6187,-81
6188,-135
6189,-127
6190,-27
6191,-83
6192,-29
6193,-204
6194,-27
6195,-79
6196,-79
6197,-131
6198,-25
6199,-81
6200,-31
6201,-79
6202,-27
6203,-31
6204,-304
6205,-81
6206,-29
6207,-29
6208,-77
6209,-77
6210,-83
6211,-131
6212,-33
6213,-27
6214,-79
6215,-27
6216,-31
6217,-129
6218,-75
6219,-29
6220,-35
6221,-27
6222,-29
6223,-133
6224,-25
6225,-135
6226,-27
6227,-204
6228,-139
6229,-27
6230,-35
6231,-35
6232,-77
6233,-75
6234,-185
6235,-131
6236,-129
6237,-75
6238,-35
6239,-77
6240,-491
6241,-29
6242,-33
6243,-75
6244,-25
6245,-31
6246,-81
6247,-25
6248,-204
6249,-125
6250,-29
6251,-25
6252,-133
6253,-27
6254,-33
6255,-29
6256,-25
6257,-29
6258,-31
6259,-25
6260,-139
6261,-129
6262,-79
6263,-27
6264,-77
6265,-179
6266,-135
6267,-25
6268,-77
6269,-33
6270,-29
6271,-81
6272,-29
6273,-77
6274,-127
6275,-25
6276,-29
6277,-83
6278,-129
6279,-131
6280,-29
6281,-37
6282,-254
6283,-135
6284,-75
6285,-27
6286,-29
6287,-33
6288,-27
6289,-79
6290,-179
6291,-231
6292,-29
6293,-27
6294,-31
6295,-77
6296,-31
6297,-25
6298,-135
6299,-77
6300,-79
6301,-75
6302,-27
6303,-29
6304,-37
6305,-254
6306,-81
6307,-27
6308,-81
6309,-87
6310,-79
6311,-25
6312,-133
6313,-131
6314,-29
6315,-454
6316,-77
6317,-183
6318,-31
6319,-25
6320,-29
6321,-81
6322,-27
6323,-79
6324,-79
6325,-27
6326,-204
6327,-31
6328,-27
6329,-129
6330,-77
6331,-33
6332,-31
6333,-79
6334,-227
6335,-279
6336,-25
6337,-29
6338,-31
6339,-33
6340,-25
6341,-77
6342,-185
6343,-83
6344,-81
6345,-33
6346,-79
6347,-202
6348,-33
6349,-229
6350,-25
6351,-79
6352,-33
6353,-27
6354,-77
6355,-75
6356,-139
6357,-258
6358,-129
6359,-27
6360,-200
6361,-31
6362,-135
6363,-25
6364,-81
6365,-29
6366,-75
6367,-77
6368,-181
6369,-85
6370,-25
6371,-79
6372,-283
6373,-204
6374,-75
6375,-131
6376,-81
6377,-83
6378,-83
6379,-29
6380,-25
6381,-81
6382,-27
6383,-83
6384,-75
6385,-131
6386,-200
6387,-254
6388,-31
6389,-29
6390,-129
6391,-77
6392,-81
6393,-27
6394,-133
6395,-131
6396,-75
6397,-77
6398,-131
6399,-85
6400,-81
6401,-27
6402,-358
6403,-31
6404,-200
6405,-25
6406,-131
6407,-29
6408,-29
6409,-31
6410,-79
6411,-129
6412,-33
6413,-81
6414,-179
6415,-29
6416,-31
6417,-231
6418,-131
6419,-29
6420,-258
6421,-27
6422,-91
6423,-137
6424,-181
6425,-27
6426,-31
6427,-75
6428,-83
6429,-181
6430,-33
6431,-31
6432,-29
6433,-25
6434,-129
6435,-29
6436,-177
6437,-33
6438,-27
6439,-31
6440,-83
6441,-29
6442,-131
6443,-204
6444,-29
6445,-133
6446,-181
6447,-31
6448,-125
6449,-135
6450,-79
6451,-81
6452,-254
6453,-27
6454,-183
6455,-83
6456,-125
6457,-77
6458,-77
6459,-77
6460,-29
6461,-231
6462,-35
6463,-79
6464,-233
6465,-75
6466,-29
6467,-27
6468,-79
6469,-35
6470,-25
6471,-85
6472,-87
6473,-27
6474,-27
6475,-31
6476,-81
6477,-81
6478,-85
6479,-127
6480,-29
6481,-229
6482,-135
6483,-31
6484,-79
6485,-25
6486,-29
6487,-85
6488,-31
6489,-29
6490,-177
6491,-35
6492,-29
6493,-81
6494,-129
6495,-77
6496,-33
6497,-75
6498,-33
6499,-29
6500,-29
6501,-29
6502,-127
6503,-260
6504,-77
6505,-131
6506,-79
6507,-29
6508,-25
6509,-81
6510,-79
6511,-25
6512,-189
6513,-31
6514,-200
6515,-177
6516,-35
6517,-293
6518,-27
6519,-31
6520,-79
6521,-79
6522,-77
6523,-79
6524,-79
6525,-131
6526,-25
6527,-85
6528,-81
6529,-85
6530,-75
6531,-206
6532,-129
6533,-131
6534,-129
6535,-33
6536,-133
6537,-81
6538,-25
6539,-29
6540,-25
6541,-33
6542,-83
6543,-27
6544,-300
6545,-137
6546,-27
6547,-131
6548,-29
6549,-329
6550,-127
6551,-81
6552,-79
6553,-133
6554,-29
6555,-79
6556,-31
6557,-81
6558,-29
6559,-29
6560,-25
6561,-31
6562,-81
6563,-79
6564,-75
6565,-79
6566,-31
6567,-77
6568,-204
6569,-37
6570,-127
6571,-27
6572,-137
6573,-75
6574,-83
6575,-129
6576,-81
6577,-29
6578,-127
6579,-29
6580,-129
6581,-129
6582,-83
6583,-35
6584,-77
6585,-31
6586,-79
6587,-85
6588,-77
6589,-75
6590,-31
6591,-252
6592,-29
6593,-83
6594,-25
6595,-31
6596,-131
6597,-25
6598,-83
6599,-204
6600,-75
6601,-83
6602,-29
6603,-81
6604,-31
6605,-31
6606,-35
6607,-127
6608,-200
6609,-256
6610,-81
6611,-206
6612,-29
6613,-200
6614,-31
6615,-75
6616,-135
6617,-29
6618,-27
6619,-204
6620,-79
6621,-75
6622,-129
6623,-77
6624,-35
6625,-27
6626,-29
6627,-181
6628,-75
6629,-29
6630,-29
6631,-77
6632,-33
6633,-129
6634,-125
6635,-131
6636,-283
6637,-181
6638,-83
6639,-77
6640,-27
6641,-31
6642,-27
6643,-81
6644,-200
6645,-31
6646,-25
6647,-91
6648,-77
6649,-31
6650,-27
6651,-25
6652,-83
6653,-27
6654,-87
6655,-127
6656,-133
6657,-29
6658,-81
6659,-27
6660,-129
6661,-31
6662,-77
6663,-29
6664,-79
6665,-129
6666,-83
6667,-29
6668,-31
6669,-133
6670,-27
6671,-27
6672,-29
6673,-85
6674,-29
6675,-77
6676,-31
6677,-129
6678,-75
6679,-125
6680,-29
6681,-33
6682,-75
6683,-31
6684,-33
6685,-25
6686,-31
6687,-135
6688,-25
6689,-85
6690,-27
6691,-85
6692,-87
6693,-83
6694,-25
6695,-29
6696,-27
6697,-31
6698,-29
6699,-29
6700,-77
6701,-81
6702,-29
6703,-29
6704,-29
6705,-29
6706,-25
6707,-37
6708,-29
6709,-31
6710,-29
6711,-79
6712,-31
6713,-25
6714,-202
6715,-29
6716,-75
6717,-331
6718,-29
6719,-29
6720,-83
6721,-181
6722,-79
6723,-181
6724,-304
6725,-25
6726,-81
6727,-25
6728,-31
6729,-129
6730,-129
6731,-35
6732,-33
6733,-25
6734,-29
6735,-79
6736,-83
6737,-25
6738,-31
6739,-25
6740,-206
6741,-208
6742,-27
6743,-179
6744,-287
6745,-83
6746,-29
6747,-135
6748,-27
6749,-29
6750,-25
6751,-79
6752,-183
6753,-31
6754,-75
6755,-260
6756,-133
6757,-31
6758,-127
6759,-83
6760,-75
6761,-31
6762,-81
6763,-27
6764,-31
6765,-33
6766,-129
6767,-129
6768,-27
6769,-83
6770,-31
6771,-25
6772,-29
6773,-31
6774,-75
6775,-33
6776,-85
6777,-27
6778,-79
6779,-29
6780,-131
6781,-27
6782,-25
6783,-85
6784,-125
6785,-27
6786,-35
6787,-33
6788,-233
6789,-81
6790,-79
6791,-33
6792,-75
6793,-31
6794,-77
6795,-33
6796,-27
6797,-29
6798,-29
6799,-29
6800,-83
6801,-75
6802,-27
6803,-85
6804,-81
6805,-31
6806,-81
6807,-129
6808,-25
6809,-131
6810,-25
6811,-127
6812,-79
6813,-83
6814,-25
6815,-31
6816,-29
6817,-81
6818,-129
6819,-31
6820,-275
6821,-89
6822,-83
6823,-27
6824,-81
6825,-131
6826,-129
6827,-35
6828,-25
6829,-25
6830,-258
6831,-81
6832,-31
6833,-29
6834,-79
6835,-127
6836,-81
6837,-29
6838,-25
6839,-29
6840,-29
6841,-25
6842,-81
6843,-35
6844,-29
6845,-141
6846,-75
6847,-31
6848,-33
6849,-75
6850,-31
6851,-25
6852,-87
6853,-25
6854,-79
6855,-83
6856,-129
6857,-25
6858,-31
6859,-85
6860,-77
6861,-31
6862,-31
6863,-29
6864,-131
6865,-29
6866,-79
6867,-75
6868,-139
6869,-27
6870,-77
6871,-81
6872,-29
6873,-25
6874,-25
6875,-87
6876,-81
6877,-206
6878,-31
6879,-29
6880,-129
6881,-25
6882,-83
6883,-127
6884,-204
6885,-35
6886,-31
6887,-277
6888,-77
6889,-79
6890,-133
6891,-27
6892,-81
6893,-29
6894,-131
6895,-27
6896,-133
6897,-25
6898,-29
6899,-33
6900,-25
6901,-125
6902,-33
6903,-31
6904,-77
6905,-31
6906,-179
6907,-25
6908,-206
6909,-327
6910,-87
6911,-31
6912,-31
6913,-131
6914,-125
6915,-337
6916,-79
6917,-27
6918,-35
6919,-75
6920,-135
6921,-177
6922,-129
6923,-29
6924,-81
6925,-79
6926,-29
6927,-79
6928,-31
6929,-25
6930,-177
6931,-33
6932,-29
6933,-125
6934,-31
6935,-133
6936,-27
6937,-131
6938,-31
6939,-27
6940,-37
6941,-131
6942,-29
6943,-135
6944,-29
6945,-204
6946,-31
6947,-27
6948,-81
6949,-27
6950,-81
6951,-27
6952,-29
6953,-135
6954,-79
6955,-204
6956,-329
6957,-25
6958,-81
6959,-33
6960,-25
6961,-29
6962,-79
6963,-283
6964,-279
6965,-29
6966,-127
6967,-125
6968,-35
6969,-29
6970,-77
6971,-85
6972,-77
6973,-33
6974,-25
6975,-31
6976,-27
6977,-29
6978,-379
6979,-77
6980,-27
6981,-81
6982,-277
6983,-77
6984,-31
6985,-31
6986,-27
6987,-83
6988,-81
6989,-129
6990,-129
6991,-87
6992,-25
6993,-79
6994,-29
6995,-200
6996,-35
6997,-29
6998,-175
6999,-79
7000,-135
7001,-27
7002,-175
7003,-81
7004,-202
7005,-35
7006,-25
7007,-181
7008,-79
7009,-29
7010,-208
7011,-25
7012,-29
7013,-27
7014,-29
7015,-27
7016,-227
7017,-39
7018,-129
7019,-77
7020,-260
7021,-25
7022,-81
7023,-79
7024,-25
7025,-83
7026,-25
7027,-129
7028,-127
7029,-181
7030,-31
7031,-27
7032,-179
7033,-29
7034,-133
7035,-25
7036,-81
7037,-31
7038,-25
7039,-81
7040,-79
7041,-258
7042,-77
7043,-77
7044,-27
7045,-85
7046,-79
7047,-75
7048,-181
7049,-208
7050,-200
7051,-179
7052,-75
7053,-33
7054,-175
7055,-79
7056,-35
7057,-27
7058,-77
7059,-179
7060,-29
7061,-33
7062,-87
7063,-77
7064,-127
7065,-27
7066,-133
7067,-79
7068,-189
7069,-81
7070,-25
7071,-81
7072,-29
7073,-89
7074,-200
7075,-83
7076,-27
7077,-83
7078,-27
7079,-25
7080,-129
7081,-31
7082,-79
7083,-25
7084,-31
7085,-29
7086,-29
7087,-81
7088,-77
7089,-29
7090,-27
7091,-77
7092,-37
7093,-81
7094,-77
7095,-179
7096,-81
7097,-27
7098,-35
7099,-75
7100,-33
7101,-27
7102,-27
7103,-31
7104,-79
7105,-87
7106,-27
7107,-31
7108,-77
7109,-29
7110,-79
7111,-37
7112,-225
7113,-79
7114,-29
7115,-81
7116,-29
7117,-31
7118,-77
7119,-27
7120,-35
7121,-29
7122,-127
7123,-77
7124,-27
7125,-75
7126,-33
7127,-133
7128,-29
7129,-77
7130,-81
7131,-202
7132,-31
7133,-27
7134,-29
7135,-133
7136,-29
7137,-87
7138,-83
7139,-431
7140,-33
7141,-25
7142,-29
7143,-35
7144,-31
7145,-29
7146,-27
7147,-31
7148,-29
7149,-254
7150,-77
7151,-29
7152,-79
7153,-29
7154,-183
7155,-129
7156,-206
7157,-27
7158,-29
7159,-31
7160,-77
7161,-81
7162,-35
7163,-27
7164,-81
7165,-77
7166,-187
7167,-177
7168,-33
7169,-135
7170,-33
7171,-27
7172,-29
7173,-77
7174,-354
7175,-127
7176,-25
7177,-33
7178,-77
7179,-133
7180,-35
7181,-25
7182,-27
7183,-81
7184,-127
7185,-79
7186,-83
7187,-175
7188,-29
7189,-25
7190,-31
7191,-79
7192,-85
7193,-127
7194,-33
7195,-31
7196,-79
7197,-81
7198,-25
7199,-27
7200,-27
7201,-31
7202,-81
7203,-79
7204,-27
7205,-177
7206,-25
7207,-77
7208,-35
7209,-137
7210,-29
7211,-33
7212,-25
7213,-29
7214,-27
7215,-33
7216,-279
7217,-29
7218,-131
7219,-31
7220,-127
7221,-77
7222,-133
7223,-79
7224,-131
7225,-77
7226,-29
7227,-37
7228,-77
7229,-79
7230,-79
7231,-31
7232,-27
7233,-175
7234,-27
7235,-27
7236,-241
7237,-83
7238,-25
7239,-31
7240,-27
7241,-33
7242,-175
7243,-29
7244,-204
7245,-179
7246,-77
7247,-87
7248,-133
7249,-133
7250,-77
7251,-33
7252,-31
7253,-77
7254,-77
7255,-27
7256,-175
7257,-25
7258,-33
7259,-129
7260,-31
7261,-131
7262,-77
7263,-33
7264,-29
7265,-29
7266,-191
7267,-77
7268,-25
7269,-204
7270,-77
7271,-202
7272,-81
7273,-181
7274,-83
7275,-129
7276,-25
7277,-129
7278,-29
7279,-27
7280,-25
7281,-77
7282,-85
7283,-33
7284,-85
7285,-81
7286,-181
7287,-27
7288,-29
7289,-125
7290,-89
7291,-27
7292,-27
7293,-29
7294,-77
7295,-89
7296,-125
7297,-35
7298,-31
7299,-25
7300,-229
7301,-79
7302,-83
7303,-81
7304,-77
7305,-29
7306,-129
7307,-87
7308,-83
7309,-29
7310,-202
7311,-29
7312,-177
7313,-77
7314,-85
7315,-129
7316,-27
7317,-27
7318,-35
7319,-79
7320,-27
7321,-25
7322,-27
7323,-27
7324,-27
7325,-33
7326,-31
7327,-79
7328,-31
7329,-31
7330,-229
7331,-33
7332,-33
7333,-200
7334,-25
7335,-131
7336,-83
7337,-202
7338,-33
7339,-29
7340,-29
7341,-129
7342,-27
7343,-77
7344,-75
7345,-135
7346,-33
7347,-277
7348,-77
7349,-83
7350,-29
7351,-81
7352,-83
7353,-127
7354,-29
7355,-135
7356,-29
7357,-129
7358,-27
7359,-83
7360,-229
7361,-29
7362,-231
7363,-31
7364,-81
7365,-129
7366,-208
7367,-77
7368,-31
7369,-77
7370,-29
7371,-25
7372,-81
7373,-79
7374,-81
7375,-79
7376,-79
7377,-31
7378,-27
7379,-79
7380,-25
7381,-81
7382,-29
7383,-27
7384,-125
7385,-129
7386,-85
7387,-89
7388,-202
7389,-29
7390,-35
7391,-77
7392,-25
7393,-27
7394,-27
7395,-33
7396,-127
7397,-31
7398,-81
7399,-83
7400,-27
7401,-81
7402,-75
7403,-131
7404,-27
7405,-87
7406,-179
7407,-77
7408,-79
7409,-135
7410,-175
7411,-127
7412,-129
7413,-39
7414,-29
7415,-37
7416,-131
7417,-127
7418,-83
7419,-79
7420,-25
7421,-33
7422,-83
7423,-202
7424,-77
7425,-31
7426,-131
7427,-29
7428,-227
7429,-41
7430,-300
7431,-210
7432,-27
7433,-177
7434,-79
7435,-29
7436,-27
7437,-35
7438,-75
7439,-81
7440,-29
7441,-179
7442,-27
7443,-304
7444,-29
7445,-183
7446,-77
7447,-33
7448,-81
7449,-27
7450,-77
7451,-89
7452,-77
7453,-27
7454,-35
7455,-29
7456,-29
7457,-27
7458,-35
7459,-177
7460,-183
7461,-133
7462,-25
7463,-129
7464,-25
7465,-85
7466,-127
7467,-33
7468,-75
7469,-79
7470,-129
7471,-129
7472,-29
7473,-77
7474,-25
7475,-83
7476,-137
7477,-79
7478,-75
7479,-81
7480,-81
7481,-25
7482,-79
7483,-129
7484,-131
7485,-33
7486,-31
7487,-35
7488,-181
7489,-27
7490,-29
7491,-27
7492,-235
7493,-27
7494,-183
7495,-27
7496,-79
7497,-75
7498,-29
7499,-29
7500,-135
7501,-31
7502,-25
7503,-31
7504,-25
7505,-81
7506,-131
7507,-29
7508,-87
7509,-77
7510,-27
7511,-81
7512,-31
7513,-27
7514,-27
7515,-31
7516,-25
7517,-29
7518,-79
7519,-79
7520,-27
7521,-416
7522,-29
7523,-81
7524,-83
7525,-31
7526,-202
7527,-31
7528,-79
7529,-25
7530,-25
7531,-81
7532,-79
7533,-85
7534,-25
7535,-27
7536,-33
7537,-29
7538,-31
7539,-129
7540,-137
7541,-81
7542,-79
7543,-208
7544,-25
7545,-77
7546,-29
7547,-81
7548,-81
7549,-79
7550,-25
7551,-131
7552,-29
7553,-79
7554,-27
7555,-27
7556,-81
7557,-75
7558,-33
7559,-31
7560,-29
7561,-27
7562,-133
7563,-229
7564,-33
7565,-129
7566,-83
7567,-25
7568,-29
7569,-83
7570,-131
7571,-35
7572,-25
7573,-77
7574,-81
7575,-81
7576,-75
7577,-77
7578,-25
7579,-83
7580,-25
7581,-33
7582,-29
7583,-27
7584,-129
7585,-25
7586,-75
7587,-83
7588,-85
7589,-27
7590,-27
7591,-33
7592,-75
7593,-129
7594,-77
7595,-302
7596,-85
7597,-29
7598,-81
7599,-31
7600,-25
7601,-27
7602,-31
7603,-133
7604,-33
7605,-77
7606,-202
7607,-29
7608,-133
7609,-25
7610,-27
7611,-79
7612,-29
7613,-81
7614,-483
7615,-185
7616,-29
7617,-189
7618,-31
7619,-25
7620,-31
7621,-77
7622,-83
7623,-125
7624,-29
7625,-31
7626,-479
7627,-29
7628,-79
7629,-31
7630,-25
7631,-79
7632,-31
7633,-127
7634,-29
7635,-83
7636,-75
7637,-254
7638,-25
7639,-31
7640,-33
7641,-27
7642,-29
7643,-131
7644,-125
7645,-131
7646,-31
7647,-27
7648,-27
7649,-33
7650,-31
7651,-85
7652,-75
7653,-29
7654,-79
7655,-81
7656,-25
7657,-135
7658,-127
7659,-29
7660,-185
7661,-25
7662,-81
7663,-29
7664,-27
7665,-37
7666,-252
7667,-179
7668,-75
7669,-33
7670,-175
7671,-83
7672,-27
7673,-127
7674,-131
7675,-87
7676,-175
7677,-133
7678,-133
7679,-204
7680,-85
7681,-79
7682,-79
7683,-29
7684,-125
7685,-33
7686,-75
7687,-137
7688,-233
7689,-29
7690,-200
7691,-27
7692,-179
7693,-79
7694,-31
7695,-29
7696,-33
7697,-254
7698,-179
7699,-77
7700,-85
7701,-283
7702,-77
7703,-31
7704,-202
7705,-31
7706,-179
7707,-202
7708,-29
7709,-179
7710,-85
7711,-79
7712,-29
7713,-81
7714,-79
7715,-27
7716,-79
7717,-29
7718,-27
7719,-85
7720,-227
7721,-29
7722,-27
7723,-31
7724,-33
7725,-125
7726,-29
7727,-31
7728,-187
7729,-29
7730,-29
7731,-229
7732,-85
7733,-29
7734,-75
7735,-75
7736,-81
7737,-200
7738,-127
7739,-81
7740,-133
7741,-137
7742,-25
7743,-302
7744,-31
7745,-81
7746,-37
7747,-83
7748,-231
7749,-25
7750,-77
7751,-133
7752,-37
7753,-25
7754,-131
7755,-29
7756,-81
7757,-79
7758,-25
7759,-83
7760,-27
7761,-79
7762,-27
7763,-200
7764,-129
7765,-85
7766,-41
7767,-27
7768,-75
7769,-81
7770,-31
7771,-29
7772,-27
7773,-204
7774,-81
7775,-29
7776,-133
7777,-227
7778,-75
7779,-25
7780,-33
7781,-35
7782,-129
7783,-79
7784,-79
7785,-75
7786,-137
7787,-75
7788,-33
7789,-25
7790,-27
7791,-85
7792,-77
7793,-127
7794,-79
7795,-133
7796,-33
7797,-27
7798,-208
7799,-77
7800,-77
7801,-125
7802,-129
7803,-85
7804,-129
7805,-79
7806,-81
7807,-27
7808,-29
7809,-35
7810,-81
7811,-185
7812,-29
7813,-206
7814,-25
7815,-81
7816,-27
7817,-31
7818,-175
7819,-35
7820,-79
7821,-81
7822,-77
7823,-27
7824,-31
7825,-31
7826,-33
7827,-175
7828,-133
7829,-31
7830,-79
7831,-75
7832,-81
7833,-77
7834,-133
7835,-29
7836,-29
7837,-33
7838,-127
7839,-179
7840,-77
7841,-31
7842,-129
7843,-129
7844,-185
7845,-381
7846,-202
7847,-25
7848,-35
7849,-77
7850,-25
7851,-29
7852,-31
7853,-81
7854,-31
7855,-81
7856,-129
7857,-252
7858,-27
7859,-81
7860,-79
7861,-133
7862,-81
7863,-83
7864,-27
7865,-29
7866,-179
7867,-277
7868,-93
7869,-231
7870,-27
7871,-27
7872,-75
7873,-33
7874,-77
7875,-179
7876,-133
7877,-83
7878,-25
7879,-83
7880,-27
7881,-33
7882,-131
7883,-79
7884,-29
7885,-177
7886,-356
7887,-25
7888,-83
7889,-129
7890,-229
7891,-229
7892,-77
7893,-29
7894,-83
7895,-131
7896,-29
7897,-79
7898,-79
7899,-252
7900,-31
7901,-29
7902,-77
7903,-27
7904,-179
7905,-25
7906,-308
7907,-29
7908,-25
7909,-131
7910,-133
7911,-33
7912,-29
7913,-25
7914,-77
7915,-179
7916,-279
7917,-131
7918,-29
7919,-233
7920,-204
7921,-29
7922,-175
7923,-33
7924,-33
7925,-29
7926,-175
7927,-131
7928,-79
7929,-81
7930,-83
7931,-75
7932,-27
7933,-137
7934,-127
7935,-200
7936,-31
7937,-133
7938,-27
7939,-35
7940,-25
7941,-131
7942,-127
7943,-135
7944,-31
7945,-29
7946,-81
7947,-25
7948,-177
7949,-135
7950,-75
7951,-85
7952,-35
7953,-31
7954,-129
7955,-200
7956,-254
7957,-79
7958,-31
7959,-31
7960,-31
7961,-333
7962,-125
7963,-29
7964,-29
7965,-85
7966,-25
7967,-33
7968,-25
7969,-179
7970,-133
7971,-29
7972,-31
7973,-27
7974,-79
7975,-31
7976,-27
7977,-85
7978,-129
7979,-77
7980,-137
7981,-25
7982,-177
7983,-27
7984,-206
7985,-79
7986,-33
7987,-81
7988,-25
7989,-83
7990,-31
7991,-41
7992,-127
7993,-29
7994,-129
7995,-31
7996,-129
7997,-75
7998,-77
7999,-33
8000,-27
8001,-206
8002,-25
8003,-31
8004,-87
8005,-177
8006,-29
8007,-29
8008,-33
8009,-75
8010,-125
8011,-79
8012,-31
8013,-204
8014,-81
8015,-35
8016,-77
8017,-29
8018,-25
8019,-27
8020,-31
8021,-29
8022,-181
8023,-81
8024,-29
8025,-25
8026,-27
8027,-131
8028,-37
8029,-85
8030,-256
8031,-129
8032,-29
8033,-81
8034,-129
8035,-135
8036,-31
8037,-31
8038,-27
8039,-29
8040,-33
8041,-125
8042,-81
8043,-85
8044,-27
8045,-77
8046,-79
8047,-83
8048,-75
8049,-31
8050,-79
8051,-206
8052,-85
8053,-27
8054,-31
8055,-29
8056,-79
8057,-29
8058,-25
8059,-27
8060,-27
8061,-35
8062,-75
8063,-31
8064,-377
8065,-227
8066,-33
8067,-31
8068,-27
8069,-81
8070,-231
8071,-29
8072,-29
8073,-27
8074,-81
8075,-358
8076,-75
8077,-77
8078,-206
8079,-25
8080,-81
8081,-31
8082,-81
8083,-29
8084,-27
8085,-77
8086,-83
8087,-202
8088,-29
8089,-29
8090,-181
8091,-200
8092,-131
8093,-29
8094,-75
8095,-29
8096,-33
8097,-27
8098,-129
8099,-27
8100,-29
8101,-83
8102,-27
8103,-304
8104,-79
8105,-27
8106,-33
8107,-85
8108,-77
8109,-29
8110,-29
8111,-31
8112,-27
8113,-131
8114,-27
8115,-77
8116,-29
8117,-31
8118,-129
8119,-35
8120,-83
8121,-175
8122,-29
8123,-31
8124,-177
8125,-29
8126,-227
8127,-87
8128,-329
8129,-185
8130,-29
8131,-25
8132,-183
8133,-83
8134,-200
8135,-79
8136,-35
8137,-129
8138,-206
8139,-27
8140,-27
8141,-27
8142,-27
8143,-77
8144,-33
8145,-79
8146,-29
8147,-133
8148,-131
8149,-25
8150,-79
8151,-37
8152,-31
8153,-29
8154,-129
8155,-129
8156,-135
8157,-27
8158,-83
8159,-79
8160,-31
8161,-29
8162,-77
8163,-33
8164,-27
8165,-29
8166,-129
8167,-25
8168,-79
8169,-185
8170,-77
8171,-139
8172,-75
8173,-408
8174,-139
8175,-131
8176,-77
8177,-254
8178,-27
8179,-27
8180,-37
8181,-181
8182,-181
8183,-81
8184,-29
8185,-133
8186,-31
8187,-133
8188,-25
8189,-208
8190,-133
8191,-29
8192,-131
8193,-127
8194,-29
8195,-33
8196,-75
8197,-183
8198,-25
8199,-27
8200,-31
8201,-79
8202,-79
8203,-202
8204,-29
8205,-31
8206,-87
8207,-25
8208,-229
8209,-25
8210,-79
8211,-29
8212,-29
8213,-79
8214,-27
8215,-204
8216,-27
8217,-208
8218,-79
8219,-181
8220,-27
8221,-27
8222,-135
8223,-37
8224,-304
8225,-33
8226,-81
8227,-81
8228,-29
8229,-81
8230,-75
8231,-31
8232,-125
8233,-81
8234,-29
8235,-29
8236,-25
8237,-131
8238,-77
8239,-81
8240,-33
8241,-29
8242,-77
8243,-83
8244,-81
8245,-131
8246,-177
8247,-77
8248,-131
8249,-31
8250,-85
8251,-81
8252,-306
8253,-29
8254,-29
8255,-33
8256,-25
8257,-29
8258,-200
8259,-29
8260,-200
8261,-31
8262,-33
8263,-83
8264,-75
8265,-85
8266,-27
8267,-179
8268,-29
8269,-79
8270,-29
8271,-31
8272,-129
8273,-33
8274,-77
8275,-25
8276,-89
8277,-25
8278,-79
8279,-75
8280,-127
8281,-135
8282,-25
8283,-83
8284,-27
8285,-29
8286,-29
8287,-75
8288,-29
8289,-77
8290,-27
8291,-81
8292,-77
8293,-33
8294,-27
8295,-185
8296,-79
8297,-81
8298,-181
8299,-79
8300,-133
8301,-29
8302,-25
8303,-183
8304,-27
8305,-79
8306,-83
8307,-31
8308,-75
8309,-29
8310,-27
8311,-29
8312,-131
8313,-81
8314,-81
8315,-195
8316,-79
8317,-75
8318,-39
8319,-131
8320,-129
8321,-179
8322,-79
8323,-81
8324,-27
8325,-127
8326,-127
8327,-81
8328,-204
8329,-27
8330,-31
8331,-83
8332,-85
8333,-27
8334,-31
8335,-177
8336,-127
8337,-79
8338,-77
8339,-185
8340,-31
8341,-131
8342,-25
8343,-202
8344,-131
8345,-79
8346,-25
8347,-79
8348,-83
8349,-133
8350,-235
8351,-127
8352,-25
8353,-33
8354,-29
8355,-25
8356,-206
8357,-131
8358,-191
8359,-356
8360,-137
8361,-31
8362,-35
8363,-27
8364,-27
8365,-131
8366,-77
8367,-200
8368,-79
8369,-77
8370,-83
8371,-133
8372,-75
8373,-83
8374,-33
8375,-31
8376,-200
8377,-181
8378,-135
8379,-25
8380,-79
8381,-427
8382,-39
8383,-89
8384,-27
8385,-25
8386,-25
8387,-77
8388,-127
8389,-237
8390,-27
8391,-33
8392,-175
8393,-89
8394,-427
8395,-177
8396,-83
8397,-79
8398,-77
8399,-31
8400,-185
8401,-31
8402,-77
8403,-177
8404,-83
8405,-79
8406,-83
8407,-129
8408,-206
8409,-79
8410,-129
8411,-33
8412,-131
8413,-204
8414,-25
8415,-27
8416,-33
8417,-25
8418,-29
8419,-29
8420,-33
8421,-27
8422,-29
8423,-127
8424,-79
8425,-27
8426,-135
8427,-75
8428,-25
8429,-77
8430,-31
8431,-133
8432,-29
8433,-77
8434,-29
8435,-200
8436,-31
8437,-133
8438,-25
8439,-133
8440,-27
8441,-27
8442,-29
8443,-187
8444,-31
8445,-25
8446,-83
8447,-83
8448,-129
8449,-33
8450,-79
8451,-29
8452,-29
8453,-27
8454,-29
8455,-81
8456,-27
8457,-89
8458,-31
8459,-29
8460,-75
8461,-131
8462,-25
8463,-25
8464,-89
8465,-79
8466,-189
8467,-29
8468,-29
8469,-25
8470,-29
8471,-79
8472,-285
8473,-25
8474,-131
8475,-31
8476,-79
8477,-137
8478,-29
8479,-285
8480,-25
8481,-27
8482,-202
8483,-27
8484,-31
8485,-29
8486,-85
8487,-35
8488,-139
8489,-75
8490,-29
8491,-27
8492,-31
8493,-181
8494,-27
8495,-85
8496,-81
8497,-25
8498,-185
8499,-27
8500,-254
8501,-27
8502,-83
8503,-175
8504,-25
8505,-25
8506,-33
8507,-27
8508,-35
8509,-27
8510,-127
8511,-31
8512,-177
8513,-85
8514,-25
8515,-181
8516,-27
8517,-202
8518,-83
8519,-81
8520,-27
8521,-81
8522,-29
8523,-25
8524,-79
8525,-83
8526,-131
8527,-27
8528,-83
8529,-79
8530,-256
8531,-129
8532,-131
8533,-29
8534,-31
8535,-29
8536,-79
8537,-27
8538,-85
8539,-181
8540,-27
8541,-35
8542,-200
8543,-75
8544,-241
8545,-27
8546,-33
8547,-127
8548,-133
8549,-29
8550,-79
8551,-79
8552,-131
8553,-206
8554,-75
8555,-77
8556,-85
8557,-79
8558,-31
8559,-35
8560,-79
8561,-175
8562,-31
8563,-77
8564,-81
8565,-133
8566,-25
8567,-81
8568,-33
8569,-131
8570,-77
8571,-81
8572,-35
8573,-25
8574,-125
8575,-35
8576,-83
8577,-79
8578,-33
8579,-127
8580,-29
8581,-29
8582,-83
8583,-179
8584,-81
8585,-254
8586,-79
8587,-31
8588,-27
8589,-179
8590,-131
8591,-79
8592,-77
8593,-31
8594,-79
8595,-27
8596,-29
8597,-131
8598,-77
8599,-29
8600,-79
8601,-79
8602,-81
8603,-302
8604,-29
8605,-27
8606,-87
8607,-25
8608,-206
8609,-33
8610,-31
8611,-29
8612,-129
8613,-79
8614,-31
8615,-27
8616,-31
8617,-35
8618,-77
8619,-200
8620,-29
8621,-206
8622,-81
8623,-133
8624,-29
8625,-325
8626,-254
8627,-85
8628,-131
8629,-177
8630,-81
8631,-329
8632,-79
8633,-25
8634,-77
8635,-25
8636,-210
8637,-127
8638,-27
8639,-83
8640,-227
8641,-35
8642,-127
8643,-79
8644,-25
8645,-85
8646,-29
8647,-127
8648,-83
8649,-27
8650,-27
8651,-293
8652,-129
8653,-79
8654,-79
8655,-135
8656,-227
8657,-127
8658,-83
8659,-85
8660,-77
8661,-31
8662,-229
8663,-206
8664,-25
8665,-31
8666,-27
8667,-35
8668,-31
8669,-129
8670,-81
8671,-129
8672,-177
8673,-29
8674,-29
8675,-81
8676,-127
8677,-29
8678,-181
8679,-27
8680,-204
8681,-35
8682,-27
8683,-206
8684,-131
8685,-227
8686,-77
8687,-227
8688,-79
8689,-81
8690,-27
8691,-31
8692,-29
8693,-87
8694,-79
8695,-25
8696,-81
8697,-75
8698,-29
8699,-25
8700,-29
8701,-29
8702,-125
8703,-75
8704,-31
8705,-135
8706,-31
8707,-137
8708,-27
8709,-177
8710,-27
8711,-131
8712,-27
8713,-35
8714,-200
8715,-229
8716,-75
8717,-77
8718,-33
8719,-83
8720,-27
8721,-29
8722,-129
8723,-81
8724,-31
8725,-31
8726,-27
8727,-25
8728,-33
8729,-179
8730,-25
8731,-133
8732,-77
8733,-131
8734,-29
8735,-31
8736,-81
8737,-35
8738,-25
8739,-127
8740,-202
8741,-27
8742,-208
8743,-87
8744,-29
8745,-29
8746,-81
8747,-29
8748,-183
8749,-79
8750,-27
8751,-29
8752,-83
8753,-25
8754,-181
8755,-79
8756,-27
8757,-79
8758,-85
8759,-33
8760,-27
8761,-235
8762,-81
8763,-27
8764,-25
8765,-127
8766,-77
8767,-33
8768,-77
8769,-75
8770,-191
8771,-35
8772,-29
8773,-29
8774,-77
8775,-77
8776,-75
8777,-179
8778,-183
8779,-83
8780,-77
8781,-87
8782,-200
8783,-181
8784,-127
8785,-31
8786,-85
8787,-25
8788,-79
8789,-133
8790,-29
8791,-27
8792,-81
8793,-77
8794,-31
8795,-29
8796,-31
8797,-231
8798,-31
8799,-133
8800,-252
8801,-258
8802,-79
8803,-75
8804,-29
8805,-25
8806,-33
8807,-202
8808,-29
8809,-385
8810,-33
8811,-81
8812,-31
8813,-29
8814,-27
8815,-39
8816,-79
8817,-77
8818,-29
8819,-81
8820,-33
8821,-202
8822,-79
8823,-33
8824,-27
8825,-35
8826,-25
8827,-81
8828,-31
8829,-75
8830,-77
8831,-179
8832,-77
8833,-29
8834,-25
8835,-89
8836,-29
8837,-181
8838,-27
8839,-25
8840,-27
8841,-37
8842,-29
8843,-231
8844,-25
8845,-29
8846,-133
8847,-29
8848,-129
8849,-81
8850,-25
8851,-29
8852,-27
8853,-133
8854,-79
8855,-202
8856,-33
8857,-200
8858,-29
8859,-29
8860,-33
8861,-25
8862,-27
8863,-256
8864,-77
8865,-33
8866,-29
8867,-33
8868,-125
8869,-29
8870,-25
8871,-81
8872,-133
8873,-137
8874,-25
8875,-31
8876,-35
8877,-75
8878,-29
8879,-27
8880,-27
8881,-83
8882,-29
8883,-25
8884,-79
8885,-29
8886,-87
8887,-77
8888,-27
8889,-25
8890,-206
8891,-81
8892,-177
8893,-75
8894,-133
8895,-200
8896,-187
8897,-254
8898,-204
8899,-227
8900,-29
8901,-129
8902,-33
8903,-25
8904,-35
8905,-27
8906,-87
8907,-27
8908,-37
8909,-75
8910,-202
8911,-75
8912,-85
8913,-29
8914,-29
8915,-75
8916,-33
8917,-135
8918,-27
8919,-77
8920,-29
8921,-129
8922,-185
8923,-27
8924,-129
8925,-79
8926,-81
8927,-129
8928,-25
8929,-35
8930,-33
8931,-79
8932,-77
8933,-31
8934,-35
8935,-187
8936,-75
8937,-181
8938,-27
8939,-25
8940,-77
8941,-33
8942,-29
8943,-208
8944,-81
8945,-75
8946,-27
8947,-179
8948,-79
8949,-127
8950,-35
8951,-79
8952,-31
8953,-27
8954,-79
8955,-83
8956,-31
8957,-256
8958,-79
8959,-87
8960,-29
8961,-33
8962,-25
8963,-27
8964,-135
8965,-79
8966,-75
8967,-29
8968,-25
8969,-77
8970,-131
8971,-33
8972,-33
8973,-77
8974,-75
8975,-27
8976,-33
8977,-83
8978,-33
8979,-79
8980,-27
8981,-79
8982,-79
8983,-33
8984,-25
8985,-27
8986,-183
8987,-31
8988,-29
8989,-27
8990,-31
8991,-79
8992,-85
8993,-81
8994,-206
8995,-29
8996,-29
8997,-29
8998,-29
8999,-31
9000,-75
9001,-204
9002,-79
9003,-75
9004,-133
9005,-81
9006,-25
9007,-31
9008,-33
9009,-85
9010,-25
9011,-77
9012,-137
9013,-27
9014,-27
9015,-27
9016,-37
9017,-77
9018,-77
9019,-29
9020,-183
9021,-29
9022,-89
9023,-75
9024,-79
9025,-33
9026,-31
9027,-75
9028,-310
9029,-83
9030,-125
9031,-258
9032,-81
9033,-27
9034,-79
9035,-31
9036,-179
9037,-33
9038,-79
9039,-79
9040,-29
9041,-125
9042,-35
9043,-229
9044,-29
9045,-79
9046,-31
9047,-29
9048,-81
9049,-127
9050,-125
9051,-29
9052,-83
9053,-77
9054,-27
9055,-81
9056,-77
9057,-131
9058,-83
9059,-27
9060,-129
9061,-31
9062,-183
9063,-208
9064,-31
9065,-77
9066,-29
9067,-127
9068,-210
9069,-25
9070,-235
9071,-25
9072,-27
9073,-127
9074,-87
9075,-283
9076,-77
9077,-208
9078,-229
9079,-125
9080,-31
9081,-77
9082,-33
9083,-35
9084,-27
9085,-131
9086,-77
9087,-125
9088,-31
9089,-252
9090,-91
9091,-25
9092,-29
9093,-77
9094,-37
9095,-25
9096,-83
9097,-175
9098,-79
9099,-31
9100,-77
9101,-83
9102,-83
9103,-75
9104,-81
9105,-29
9106,-129
9107,-181
9108,-77
9109,-233
9110,-75
9111,-77
9112,-204
9113,-77
9114,-131
9115,-83
9116,-77
9117,-83
9118,-27
9119,-179
9120,-133
9121,-29
9122,-35
9123,-75
9124,-131
9125,-79
9126,-206
9127,-31
9128,-25
9129,-27
9130,-33
9131,-83
9132,-31
9133,-179
9134,-85
9135,-133
9136,-79
9137,-29
9138,-27
9139,-75
9140,-27
9141,-31
9142,-135
9143,-33
9144,-25
9145,-29
9146,-81
9147,-77
9148,-31
9149,-31
9150,-27
9151,-227
9152,-83
9153,-29
9154,-33
9155,-304
9156,-77
9157,-239
9158,-25
9159,-81
9160,-25
9161,-29
9162,-83
9163,-29
9164,-77
9165,-37
9166,-33
9167,-27
9168,-29
9169,-137
9170,-77
9171,-85
9172,-127
9173,-37
9174,-75
9175,-81
9176,-25
9177,-79
9178,-33
9179,-25
9180,-33
9181,-206
9182,-29
9183,-127
9184,-125
9185,-283
9186,-81
9187,-177
9188,-31
9189,-79
9190,-29
9191,-25
9192,-79
9193,-79
9194,-31
9195,-131
9196,-81
9197,-29
9198,-27
9199,-27
9200,-27
9201,-35
9202,-83
9203,-75
9204,-33
9205,-25
9206,-231
9207,-25
9208,-31
9209,-33
9210,-131
9211,-27
9212,-79
9213,-31
9214,-77
9215,-227
9216,-133
9217,-33
9218,-81
9219,-77
9220,-77
9221,-25
9222,-85
9223,-79
9224,-204
9225,-175
9226,-204
9227,-133
9228,-25
9229,-133
9230,-77
9231,-31
9232,-364
9233,-27
9234,-81
9235,-29
9236,-177
9237,-83
9238,-31
9239,-131
9240,-29
9241,-81
9242,-27
9243,-75
9244,-81
9245,-77
9246,-27
9247,-93
9248,-25
9249,-131
9250,-29
9251,-31
9252,-131
9253,-202
9254,-75
9255,-227
9256,-35
9257,-25
9258,-35
9259,-89
9260,-25
9261,-29
9262,-127
9263,-83
9264,-33
9265,-81
9266,-79
9267,-29
9268,-31
9269,-29
9270,-27
9271,-31
9272,-29
9273,-129
9274,-31
9275,-29
9276,-27
9277,-27
9278,-31
9279,-83
9280,-31
9281,-27
9282,-31
9283,-29
9284,-31
9285,-31
9286,-31
9287,-77
9288,-177
9289,-31
9290,-79
9291,-79
9292,-79
9293,-27
9294,-202
9295,-131
9296,-31
9297,-29
9298,-133
9299,-25
9300,-235
9301,-77
9302,-83
9303,-75
9304,-81
9305,-77
9306,-31
9307,-35
9308,-77
9309,-131
9310,-77
9311,-77
9312,-131
9313,-31
9314,-79
9315,-29
9316,-31
9317,-29
9318,-29
9319,-25
9320,-91
9321,-83
9322,-129
9323,-35
9324,-27
9325,-27
9326,-29
9327,-31
9328,-27
9329,-25
9330,-33
9331,-204
9332,-129
9333,-31
9334,-83
9335,-77
9336,-260
9337,-177
9338,-25
9339,-27
9340,-27
9341,-85
9342,-29
9343,-31
9344,-181
9345,-204
9346,-25
9347,-187
9348,-127
9349,-79
9350,-83
9351,-27
9352,-127
9353,-85
9354,-135
9355,-204
9356,-25
9357,-187
9358,-260
9359,-25
9360,-33
9361,-29
9362,-129
9363,-29
9364,-75
9365,-35
9366,-81
9367,-25
9368,-31
9369,-79
9370,-27
9371,-83
9372,-27
9373,-29
9374,-27
9375,-206
9376,-33
9377,-79
9378,-125
9379,-27
9380,-83
9381,-31
9382,-31
9383,-27
9384,-204
9385,-81
9386,-204
9387,-77
9388,-27
9389,-183
9390,-131
9391,-29
9392,-206
9393,-77
9394,-79
9395,-77
9396,-31
9397,-133
9398,-29
9399,-83
9400,-77
9401,-75
9402,-27
9403,-89
9404,-79
9405,-181
9406,-202
9407,-33
9408,-85
9409,-77
9410,-27
9411,-33
9412,-75
9413,-33
9414,-81
9415,-25
9416,-79
9417,-37
9418,-131
9419,-275
9420,-29
9421,-77
9422,-27
9423,-35
9424,-183
9425,-31
9426,-200
9427,-129
9428,-200
9429,-83
9430,-25
9431,-79
9432,-27
9433,-131
9434,-29
9435,-79
9436,-85
9437,-27
9438,-27
9439,-27
9440,-177
9441,-133
9442,-202
9443,-79
9444,-31
9445,-81
9446,-25
9447,-31
9448,-85
9449,-29
9450,-79
9451,-31
9452,-77
9453,-81
9454,-177
9455,-79
9456,-29
9457,-83
9458,-137
9459,-81
9460,-77
9461,-31
9462,-31
9463,-202
9464,-27
9465,-29
9466,-29
9467,-77
9468,-35
9469,-25
9470,-81
9471,-29
9472,-204
9473,-33
9474,-77
9475,-131
9476,-81
9477,-31
9478,-129
9479,-83
9480,-81
9481,-31
9482,-29
9483,-131
9484,-208
9485,-127
9486,-77
9487,-81
9488,-79
9489,-135
9490,-29
9491,-29
9492,-29
9493,-81
9494,-79
9495,-27
9496,-33
9497,-75
9498,-77
9499,-29
9500,-139
9501,-227
9502,-85
9503,-33
9504,-179
9505,-33
9506,-77
9507,-125
9508,-133
9509,-33
9510,-75
9511,-31
9512,-31
9513,-75
9514,-81
9515,-29
9516,-25
9517,-127
9518,-27
9519,-77
9520,-206
9521,-187
9522,-75
9523,-79
9524,-27
9525,-33
9526,-29
9527,-35
9528,-79
9529,-75
9530,-31
9531,-25
9532,-285
9533,-25
9534,-31
9535,-27
9536,-31
9537,-83
9538,-131
9539,-133
9540,-81
9541,-81
9542,-31
9543,-83
9544,-81
9545,-83
9546,-27
9547,-77
9548,-79
9549,-27
9550,-83
9551,-81
9552,-87
9553,-81
9554,-129
9555,-27
9556,-31
9557,-127
9558,-29
9559,-29
9560,-206
9561,-75
9562,-31
9563,-29
9564,-133
9565,-31
9566,-25
9567,-179
9568,-27
9569,-29
9570,-31
9571,-29
9572,-25
9573,-33
9574,-79
9575,-33
9576,-131
9577,-31
9578,-81
9579,-83
9580,-83
9581,-179
9582,-29
9583,-29
9584,-77
9585,-137
9586,-127
9587,-137
9588,-29
9589,-77
9590,-127
9591,-77
9592,-135
9593,-25
9594,-87
9595,-29
9596,-31
9597,-27
9598,-25
9599,-35
9600,-77
9601,-83
9602,-27
9603,-85
9604,-29
9605,-31
9606,-77
9607,-75
9608,-27
9609,-29
9610,-200
9611,-29
9612,-93
9613,-31
9614,-31
9615,-202
9616,-131
9617,-83
9618,-81
9619,-131
9620,-129
9621,-75
9622,-133
9623,-25
9624,-79
9625,-77
9626,-35
9627,-75
9628,-83
9629,-133
9630,-25
9631,-81
9632,-29
9633,-131
9634,-29
9635,-85
9636,-77
9637,-131
9638,-79
9639,-81
9640,-187
9641,-79
9642,-83
9643,-29
9644,-27
9645,-204
9646,-183
9647,-200
9648,-81
9649,-29
9650,-29
9651,-27
9652,-27
9653,-125
9654,-33
9655,-33
9656,-75
9657,-81
9658,-79
9659,-33
9660,-27
9661,-33
9662,-77
9663,-77
9664,-131
9665,-29
9666,-77
9667,-31
9668,-27
9669,-83
9670,-33
9671,-231
9672,-87
9673,-25
9674,-27
9675,-31
9676,-79
9677,-129
9678,-31
9679,-27
9680,-181
9681,-79
9682,-31
9683,-79
9684,-77
9685,-35
9686,-87
9687,-27
9688,-181
9689,-77
9690,-243
9691,-179
9692,-127
9693,-131
9694,-33
9695,-175
9696,-27
9697,-27
9698,-33
9699,-79
9700,-308
9701,-27
9702,-175
9703,-183
9704,-31
9705,-77
9706,-27
9707,-31
9708,-25
9709,-381
9710,-27
9711,-31
9712,-29
9713,-202
9714,-27
9715,-27
9716,-135
9717,-25
9718,-327
9719,-29
9720,-135
9721,-81
9722,-85
9723,-127
9724,-81
9725,-75
9726,-29
9727,-131
9728,-204
9729,-131
9730,-200
9731,-27
9732,-79
9733,-83
9734,-31
9735,-77
9736,-25
9737,-25
9738,-179
9739,-93
9740,-79
9741,-200
9742,-29
9743,-33
9744,-25
9745,-29
9746,-129
9747,-235
9748,-27
9749,-206
9750,-29
9751,-81
9752,-83
9753,-27
9754,-31
9755,-27
9756,-27
9757,-29
9758,-31
9759,-31
9760,-29
9761,-25
9762,-27
9763,-27
9764,-29
9765,-29
9766,-214
9767,-27
9768,-25
9769,-85
9770,-87
9771,-81
9772,-75
9773,-79
9774,-77
9775,-31
9776,-133
9777,-85
9778,-31
9779,-27
9780,-81
9781,-29
9782,-27
9783,-89
9784,-204
9785,-131
9786,-31
9787,-31
9788,-179
9789,-25
9790,-27
9791,-79
9792,-29
9793,-33
9794,-31
9795,-31
9796,-206
9797,-179
9798,-83
9799,-27
9800,-27
9801,-81
9802,-29
9803,-206
9804,-181
9805,-183
9806,-81
9807,-77
9808,-229
9809,-25
9810,-31
9811,-25
9812,-135
9813,-27
9814,-83
9815,-25
9816,-33
9817,-27
9818,-91
9819,-25
9820,-125
9821,-79
9822,-79
9823,-31
9824,-79
9825,-27
9826,-89
9827,-27
9828,-133
9829,-125
9830,-81
9831,-29
9832,-181
9833,-129
9834,-79
9835,-31
9836,-252
9837,-81
9838,-83
9839,-77
9840,-77
9841,-33
9842,-129
9843,-137
9844,-75
9845,-29
9846,-125
9847,-29
9848,-31
9849,-27
9850,-177
9851,-429
9852,-33
9853,-79
9854,-27
9855,-33
9856,-35
9857,-29
9858,-29
9859,-79
9860,-252
9861,-29
9862,-137
9863,-29
9864,-31
9865,-131
9866,-29
9867,-85
9868,-79
9869,-125
9870,-181
9871,-81
9872,-33
9873,-77
9874,-75
9875,-27
9876,-75
9877,-131
9878,-35
9879,-29
9880,-35
9881,-27
9882,-27
9883,-27
9884,-89
9885,-29
9886,-25
9887,-177
9888,-35
9889,-79
9890,-77
9891,-31
9892,-31
9893,-31
9894,-87
9895,-77
9896,-29
9897,-79
9898,-27
9899,-31
9900,-79
9901,-202
9902,-29
9903,-187
9904,-133
9905,-33
9906,-25
9907,-83
9908,-29
9909,-83
9910,-202
9911,-31
9912,-229
9913,-27
9914,-31
9915,-33
9916,-27
9917,-27
9918,-81
9919,-79
9920,-29
9921,-25
9922,-87
9923,-77
9924,-27
9925,-29
9926,-29
9927,-133
9928,-29
9929,-31
9930,-25
9931,-81
9932,-204
9933,-77
9934,-29
9935,-77
9936,-87
9937,-131
9938,-31
9939,-229
9940,-79
9941,-25
9942,-29
9943,-202
9944,-29
9945,-33
9946,-25
9947,-381
9948,-31
9949,-185
9950,-29
9951,-135
9952,-29
9953,-77
9954,-131
9955,-81
9956,-77
9957,-33
9958,-181
9959,-131
9960,-79
9961,-83
9962,-81
9963,-35
9964,-75
9965,-75
9966,-85
9967,-77
9968,-27
9969,-35
9970,-81
9971,-25
9972,-131
9973,-79
9974,-85
9975,-225
9976,-135
9977,-77
9978,-33
9979,-81
9980,-179
9981,-25
9982,-79
9983,-29
9984,-75
9985,-29
9986,-200
9987,-35
9988,-75
9989,-83
9990,-27
9991,-133
9992,-81
9993,-29
9994,-81
9995,-35
9996,-77
9997,-179
9998,-29
9999,-85
10000,-27
[[(4, 4), 2, -25], [(4, 3), 2, -25], [(4, 2), 2, -25], [(4, 1), 2, -25], [(4, 0), 0, -25], [(3, 0), 0, -25], [(2, 0), 0, -25], [(1, 0), 0, 150]]