1,-195
2,-227
3,-472
4,-179
5,-285
6,13
7,-131
8,294
9,436
10,-127
11,-274
12,-127
13,-241
14,-127
15,-231
16,-483
17,246
18,-364
19,-1511
20,-20
21,-493
22,-333
23,621
24,-489
25,-231
26,-202
27,-137
28,-202
29,92
30,-256
31,-568
32,46
33,-78
34,-380
35,-260
36,448
37,75
38,-243
39,-137
40,-258
41,32
42,-281
43,-279
44,-726
45,-335
46,-229
47,-229
48,-187
49,-366
50,-653
51,-185
52,-229
53,-170
54,-131
55,323
56,-449
57,-127
58,-208
59,-164
60,-127
61,-483
62,463
63,-316
64,-290
65,-6
66,-31
67,323
68,-451
69,521
70,-331
71,-150
72,188
73,-152
74,-127
75,-659
76,-306
77,-210
78,-200
79,-181
80,-200
81,290
82,-204
83,211
84,-414
85,-252
86,-39
87,-175
88,-177
89,-599
90,-551
91,-200
92,-54
93,-1473
94,-75
95,-447
96,-475
97,-135
98,-354
99,90
100,521
101,38
102,100
103,-281
104,-362
105,-256
106,319
107,-204
108,-127
109,173
110,-368
111,-183
112,-231
113,271
114,-754
115,-39
116,-204
117,-531
118,-179
119,415
120,471
121,-212
122,-252
123,573
124,-175
125,-185
126,-227
127,275
128,-345
129,-331
130,373
131,-125
132,-187
133,225
134,490
135,140
136,-474
137,448
138,-260
139,-39
140,-125
141,-139
142,-202
143,-181
144,-181
145,-304
146,15
147,217
148,-75
149,-77
150,-81
151,-412
152,319
153,221
154,-277
155,-179
156,-181
157,-462
158,-156
159,-256
160,-458
161,371
162,-333
163,-391
164,-231
165,-125
166,-79
167,323
168,21
169,-118
170,-597
171,-127
172,-178
173,-200
174,-177
175,-179
176,-129
177,348
178,48
179,-125
180,-391
181,-129
182,196
183,-200
184,-175
185,-181
186,-204
187,-231
188,-302
189,-304
190,-587
191,-127
192,11
193,-75
194,-125
195,-216
196,-129
197,-755
198,-203
199,282
200,98
201,-204
202,44
203,-166
204,273
205,-179
206,-333
207,-351
208,-456
209,90
210,-75
211,-179
212,-177
213,-360
214,-231
215,-402
216,169
217,-75
218,473
219,273
220,221
221,421
222,-258
223,165
224,523
225,-75
226,-175
227,-204
228,-125
229,-204
230,-77
231,-175
232,-200
233,-179
234,-249
235,42
236,169
237,-291
238,-252
239,-233
240,419
241,-978
242,519
243,-75
244,-127
245,-129
246,425
247,-125
248,238
249,-329
250,-125
251,423
252,-129
253,523
254,167
255,-202
256,288
257,371
258,-175
259,-33
260,-458
261,211
262,-141
263,-204
264,313
265,-152
266,444
267,-333
268,-307
269,-31
270,-337
271,-183
272,-6
273,621
274,275
275,100
276,-75
277,94
278,469
279,525
280,142
281,169
282,-239
283,-177
284,296
285,-175
286,369
287,-231
288,-175
289,25
290,573
291,-125
292,-150
293,463
294,-229
295,-406
296,-125
297,90
298,321
299,44
300,-202
301,-443
302,569
303,-127
304,-237
305,-225
306,-175
307,-177
308,-127
309,523
310,675
311,-75
312,673
313,92
314,-77
315,342
316,-175
317,617
318,-160
319,267
320,475
321,23
322,425
323,469
324,-77
325,-108
326,-125
327,550
328,-125
329,82
330,150
331,371
332,498
333,223
334,-187
335,-202
336,167
337,523
338,473
339,-287
340,-385
341,423
342,-77
343,92
344,-356
345,-225
346,67
347,73
348,523
349,-102
350,-281
351,273
352,-202
353,340
354,290
355,-256
356,394
357,71
358,523
359,-160
360,473
361,325
362,71
363,-300
364,375
365,298
366,-125
367,50
368,-208
369,-100
370,-202
371,-54
372,-177
373,573
374,-206
375,-79
376,271
377,373
378,575
379,-175
380,400
381,-79
382,-179
383,171
384,344
385,675
386,-175
387,-125
388,-177
389,-179
390,-302
391,548
392,473
393,-125
394,321
395,-329
396,-227
397,-125
398,421
399,275
400,-364
401,-89
402,96
403,473
404,-75
405,294
406,469
407,473
408,421
409,-206
410,-125
411,-225
412,396
413,-127
414,373
415,-304
416,-77
417,-229
418,473
419,621
420,123
421,-254
422,423
423,215
424,-27
425,-127
426,575
427,-187
428,613
429,-200
430,373
431,571
432,571
433,163
434,-127
435,-100
436,525
437,192
438,-125
439,575
440,467
441,473
442,-200
443,121
444,298
445,-277
446,373
447,675
448,-77
449,573
450,-127
451,-29
452,-81
453,223
454,675
455,-177
456,471
457,-75
458,673
459,-125
460,598
461,623
462,171
463,375
464,473
465,269
466,246
467,-75
468,619
469,-125
470,-177
471,373
472,375
473,346
474,471
475,-325
476,673
477,450
478,-127
479,-275
480,473
481,525
482,625
483,521
484,250
485,548
486,-302
487,-125
488,-125
489,-150
490,521
491,575
492,296
493,248
494,400
495,-75
496,548
497,342
498,200
499,671
500,298
501,475
502,575
503,623
504,223
505,-77
506,469
507,525
508,115
509,625
510,-227
511,-200
512,300
513,246
514,573
515,-125
516,525
517,673
518,-29
519,-127
520,-300
521,-227
522,-54
523,523
524,419
525,419
526,-225
527,625
528,621
529,625
530,-181
531,-225
532,375
533,675
534,523
535,-125
536,575
537,-206
538,625
539,-125
540,675
541,-79
542,123
543,473
544,-177
545,-287
546,-125
547,500
548,471
549,575
550,-83
551,621
552,-77
553,21
554,421
555,625
556,200
557,-125
558,321
559,-512
560,-125
561,-75
562,348
563,621
564,23
565,-254
566,525
567,-129
568,19
569,673
570,-77
571,673
572,673
573,-75
574,-135
575,623
576,125
577,-77
578,-225
579,-129
580,-181
581,675
582,-77
583,-125
584,575
585,-125
586,-179
587,525
588,575
589,300
590,521
591,-75
592,575
593,-31
594,521
595,548
596,625
597,-125
598,-125
599,523
600,-75
601,575
602,623
603,-75
604,196
605,-125
606,471
607,0
608,298
609,-127
610,523
611,625
612,550
613,373
614,-125
615,473
616,625
617,575
618,675
619,525
620,-125
621,-129
622,194
623,419
624,625
625,48
626,-175
627,-75
628,498
629,575
630,498
631,-227
632,-125
633,-100
634,573
635,471
636,394
637,173
638,-127
639,-125
640,-100
641,471
642,673
643,-127
644,398
645,623
646,-125
647,473
648,-100
649,371
650,494
651,675
652,625
653,-331
654,471
655,296
656,673
657,-200
658,619
659,546
660,425
661,-125
662,473
663,-327
664,523
665,-27
666,523
667,48
668,625
669,-125
670,373
671,573
672,675
673,-127
674,625
675,675
676,100
677,150
678,425
679,625
680,-127
681,525
682,625
683,273
684,321
685,625
686,-75
687,471
688,675
689,-77
690,625
691,600
692,423
693,-27
694,419
695,-150
696,671
697,625
698,673
699,48
700,-75
701,675
702,623
703,73
704,-27
705,-231
706,675
707,575
708,575
709,623
710,623
711,675
712,675
713,242
714,-6
715,-129
716,575
717,573
718,-75
719,450
720,419
721,-27
722,-29
723,575
724,575
725,-27
726,525
727,-27
728,-77
729,-106
730,675
731,248
732,575
733,675
734,571
735,-175
736,671
737,525
738,-125
739,175
740,-77
741,625
742,575
743,300
744,-75
745,150
746,-125
747,-125
748,98
749,-2
750,575
751,673
752,575
753,675
754,-75
755,-181
756,-125
757,675
758,271
759,475
760,346
761,50
762,-127
763,448
764,344
765,523
766,573
767,673
768,-102
769,-131
770,625
771,398
772,398
773,423
774,175
775,675
776,448
777,-75
778,675
779,221
780,-75
781,-4
782,250
783,675
784,673
785,673
786,523
787,175
788,425
789,469
790,675
791,323
792,625
793,675
794,523
795,523
796,-125
797,375
798,248
799,575
800,675
801,-25
802,575
803,575
804,350
805,-125
806,400
807,573
808,-125
809,425
810,623
811,623
812,348
813,-25
814,375
815,-125
816,-77
817,473
818,573
819,-125
820,425
821,673
822,398
823,625
824,300
825,-125
826,675
827,496
828,148
829,575
830,567
831,25
832,675
833,675
834,396
835,-127
836,-125
837,-31
838,-102
839,675
840,275
841,425
842,625
843,619
844,575
845,625
846,-125
847,575
848,573
849,525
850,675
851,623
852,575
853,-127
854,675
855,621
856,621
857,623
858,675
859,-252
860,175
861,-125
862,-179
863,-129
864,625
865,448
866,623
867,-125
868,675
869,625
870,625
871,371
872,523
873,625
874,621
875,-127
876,473
877,425
878,375
879,373
880,675
881,675
882,521
883,-150
884,625
885,-75
886,623
887,292
888,475
889,298
890,573
891,-402
892,523
893,625
894,-27
895,571
896,675
897,-79
898,573
899,625
900,525
901,-75
902,675
903,525
904,475
905,623
906,675
907,250
908,-29
909,400
910,575
911,-75
912,525
913,525
914,625
915,675
916,575
917,675
918,675
919,625
920,-200
921,675
922,244
923,675
924,446
925,-125
926,-27
927,675
928,-29
929,-127
930,675
931,473
932,575
933,675
934,-25
935,225
936,525
937,625
938,625
939,-127
940,-125
941,571
942,673
943,425
944,-127
945,573
946,-75
947,675
948,-81
949,675
950,575
951,675
952,623
953,575
954,575
955,573
956,675
957,-125
958,-77
959,-75
960,298
961,-75
962,625
963,625
964,117
965,475
966,-125
967,625
968,625
969,-25
970,575
971,-27
972,473
973,-100
974,-75
975,625
976,323
977,673
978,673
979,-27
980,675
981,-50
982,523
983,673
984,675
985,523
986,675
987,525
988,675
989,525
990,575
991,-250
992,-75
993,475
994,375
995,675
996,-75
997,675
998,625
999,448
1000,675
1001,675
1002,300
1003,675
1004,-77
1005,475
1006,296
1007,671
1008,246
1009,625
1010,400
1011,225
1012,675
1013,548
1014,-77
1015,375
1016,-75
1017,-131
1018,675
1019,-75
1020,-50
1021,375
1022,673
1023,350
1024,-125
1025,575
1026,625
1027,623
1028,321
1029,673
1030,573
1031,525
1032,673
1033,675
1034,425
1035,675
1036,625
1037,-125
1038,675
1039,675
1040,475
1041,-27
1042,675
1043,673
1044,625
1045,521
1046,250
1047,675
1048,673
1049,625
1050,573
1051,673
1052,625
1053,-77
1054,-175
1055,-200
1056,571
1057,573
1058,-200
1059,571
1060,625
1061,396
1062,-177
1063,-183
1064,-75
1065,675
1066,-131
1067,623
1068,575
1069,623
1070,625
1071,-2
1072,425
1073,675
1074,525
1075,475
1076,575
1077,473
1078,625
1079,575
1080,-125
1081,323
1082,-75
1083,-125
1084,675
1085,-175
1086,625
1087,425
1088,675
1089,-277
1090,521
1091,-25
1092,419
1093,348
1094,-125
1095,-127
1096,623
1097,471
1098,625
1099,-75
1100,575
1101,-125
1102,375
1103,-77
1104,623
1105,625
1106,-75
1107,625
1108,623
1109,-200
1110,250
1111,523
1112,625
1113,675
1114,675
1115,675
1116,675
1117,-77
1118,625
1119,625
1120,-127
1121,673
1122,200
1123,623
1124,675
1125,-125
1126,400
1127,675
1128,575
1129,-100
1130,675
1131,-2
1132,625
1133,398
1134,625
1135,-29
1136,473
1137,575
1138,675
1139,473
1140,625
1141,625
1142,625
1143,625
1144,-77
1145,675
1146,525
1147,675
1148,-75
1149,-127
1150,375
1151,575
1152,623
1153,675
1154,625
1155,675
1156,425
1157,525
1158,675
1159,673
1160,-4
1161,-75
1162,-75
1163,150
1164,525
1165,500
1166,-231
1167,525
1168,-75
1169,575
1170,623
1171,-177
1172,675
1173,675
1174,573
1175,675
1176,398
1177,625
1178,675
1179,-125
1180,-125
1181,675
1182,525
1183,623
1184,673
1185,-27
1186,525
1187,675
1188,675
1189,550
1190,625
1191,673
1192,673
1193,-27
1194,675
1195,671
1196,675
1197,475
1198,675
1199,-125
1200,673
1201,-183
1202,-75
1203,675
1204,675
1205,673
1206,-25
1207,-125
1208,675
1209,675
1210,400
1211,675
1212,398
1213,675
1214,575
1215,-125
1216,-81
1217,675
1218,625
1219,625
1220,623
1221,425
1222,-75
1223,498
1224,375
1225,675
1226,625
1227,623
1228,675
1229,675
1230,571
1231,625
1232,625
1233,-200
1234,575
1235,-125
1236,-125
1237,675
1238,673
1239,675
1240,523
1241,625
1242,675
1243,675
1244,625
1245,350
1246,525
1247,675
1248,625
1249,-77
1250,675
1251,623
1252,625
1253,425
1254,671
1255,398
1256,-31
1257,-200
1258,623
1259,-125
1260,673
1261,573
1262,675
1263,471
1264,625
1265,475
1266,625
1267,300
1268,625
1269,-125
1270,-79
1271,625
1272,-125
1273,675
1274,675
1275,-75
1276,-125
1277,675
1278,523
1279,623
1280,573
1281,673
1282,525
1283,673
1284,-25
1285,575
1286,675
1287,575
1288,675
1289,-100
1290,475
1291,-125
1292,-125
1293,625
1294,425
1295,-125
1296,-2
1297,623
1298,675
1299,675
1300,-27
1301,673
1302,673
1303,550
1304,523
1305,346
1306,625
1307,623
1308,-25
1309,525
1310,575
1311,675
1312,575
1313,-125
1314,-125
1315,575
1316,675
1317,-29
1318,575
1319,675
1320,625
1321,-25
1322,246
1323,575
1324,525
1325,625
1326,675
1327,573
1328,671
1329,675
1330,521
1331,623
1332,675
1333,675
1334,675
1335,675
1336,675
1337,623
1338,673
1339,625
1340,575
1341,-125
1342,423
1343,575
1344,675
1345,-127
1346,473
1347,673
1348,621
1349,675
1350,675
1351,575
1352,673
1353,300
1354,675
1355,623
1356,675
1357,623
1358,-75
1359,375
1360,-100
1361,625
1362,498
1363,575
1364,625
1365,675
1366,525
1367,625
1368,475
1369,675
1370,-125
1371,625
1372,-25
1373,623
1374,375
1375,-200
1376,-25
1377,675
1378,621
1379,675
1380,675
1381,625
1382,525
1383,-75
1384,625
1385,621
1386,671
1387,575
1388,-200
1389,525
1390,673
1391,571
1392,621
1393,100
1394,625
1395,675
1396,673
1397,625
1398,575
1399,625
1400,-181
1401,675
1402,423
1403,623
1404,675
1405,425
1406,673
1407,375
1408,-75
1409,675
1410,575
1411,575
1412,575
1413,625
1414,673
1415,675
1416,675
1417,625
1418,398
1419,475
1420,675
1421,-181
1422,575
1423,100
1424,0
1425,625
1426,675
1427,625
1428,-81
1429,673
1430,673
1431,675
1432,675
1433,625
1434,325
1435,675
1436,523
1437,675
1438,675
1439,625
1440,675
1441,673
1442,-75
1443,571
1444,525
1445,400
1446,673
1447,575
1448,675
1449,675
1450,-125
1451,675
1452,525
1453,675
1454,675
1455,625
1456,675
1457,-75
1458,675
1459,525
1460,673
1461,-75
1462,623
1463,625
1464,473
1465,348
1466,625
1467,625
1468,675
1469,673
1470,675
1471,525
1472,-27
1473,-125
1474,675
1475,-125
1476,573
1477,625
1478,675
1479,573
1480,623
1481,-125
1482,150
1483,-125
1484,323
1485,673
1486,-125
1487,-125
1488,675
1489,-75
1490,675
1491,625
1492,425
1493,625
1494,200
1495,525
1496,675
1497,-125
1498,675
1499,375
1500,673
1501,673
1502,675
1503,448
1504,675
1505,673
1506,623
1507,673
1508,-125
1509,-75
1510,425
1511,425
1512,623
1513,575
1514,675
1515,425
1516,675
1517,675
1518,-25
1519,625
1520,575
1521,523
1522,623
1523,673
1524,675
1525,425
1526,425
1527,-25
1528,-25
1529,575
1530,-77
1531,400
1532,675
1533,-125
1534,-179
1535,-29
1536,623
1537,623
1538,525
1539,673
1540,-25
1541,625
1542,-27
1543,675
1544,625
1545,525
1546,675
1547,-100
1548,671
1549,625
1550,675
1551,625
1552,573
1553,-125
1554,625
1555,-125
1556,373
1557,675
1558,-100
1559,675
1560,675
1561,425
1562,675
1563,550
1564,400
1565,673
1566,675
1567,375
1568,675
1569,625
1570,425
1571,625
1572,425
1573,348
1574,375
1575,623
1576,573
1577,675
1578,575
1579,675
1580,-77
1581,523
1582,475
1583,673
1584,625
1585,500
1586,623
1587,675
1588,675
1589,625
1590,623
1591,625
1592,623
1593,-27
1594,-75
1595,575
1596,-75
1597,671
1598,625
1599,675
1600,675
1601,523
1602,500
1603,425
1604,425
1605,675
1606,623
1607,675
1608,425
1609,-125
1610,-125
1611,-25
1612,625
1613,-177
1614,625
1615,625
1616,621
1617,425
1618,244
1619,-175
1620,523
1621,275
1622,471
1623,625
1624,-25
1625,325
1626,148
1627,675
1628,623
1629,673
1630,421
1631,373
1632,675
1633,400
1634,475
1635,675
1636,523
1637,625
1638,673
1639,673
1640,625
1641,625
1642,575
1643,-125
1644,675
1645,-125
1646,-27
1647,-75
1648,-231
1649,675
1650,525
1651,675
1652,425
1653,-127
1654,500
1655,475
1656,673
1657,575
1658,425
1659,673
1660,675
1661,475
1662,573
1663,-125
1664,375
1665,225
1666,623
1667,-75
1668,675
1669,573
1670,-125
1671,375
1672,-25
1673,-127
1674,525
1675,-127
1676,244
1677,-125
1678,350
1679,525
1680,523
1681,673
1682,450
1683,625
1684,623
1685,-202
1686,623
1687,390
1688,675
1689,-79
1690,675
1691,623
1692,375
1693,575
1694,625
1695,-77
1696,619
1697,675
1698,573
1699,675
1700,675
1701,625
1702,-179
1703,523
1704,575
1705,548
1706,300
1707,675
1708,675
1709,675
1710,625
1711,675
1712,675
1713,473
1714,675
1715,675
1716,671
1717,675
1718,-75
1719,625
1720,621
1721,425
1722,546
1723,625
1724,625
1725,623
1726,492
1727,-200
1728,623
1729,621
1730,400
1731,625
1732,623
1733,675
1734,-77
1735,625
1736,273
1737,625
1738,-129
1739,625
1740,675
1741,625
1742,675
1743,-175
1744,625
1745,-100
1746,675
1747,400
1748,623
1749,371
1750,450
1751,675
1752,573
1753,575
1754,-75
1755,675
1756,625
1757,625
1758,621
1759,675
1760,-75
1761,623
1762,525
1763,625
1764,-27
1765,-75
1766,-127
1767,-175
1768,575
1769,675
1770,673
1771,375
1772,621
1773,625
1774,675
1775,675
1776,-175
1777,625
1778,523
1779,675
1780,471
1781,-125
1782,550
1783,625
1784,573
1785,625
1786,-131
1787,673
1788,350
1789,675
1790,400
1791,675
1792,675
1793,673
1794,223
1795,673
1796,623
1797,675
1798,625
1799,575
1800,575
1801,621
1802,675
1803,221
1804,475
1805,625
1806,425
1807,673
1808,548
1809,675
1810,675
1811,673
1812,675
1813,400
1814,623
1815,675
1816,573
1817,473
1818,575
1819,-75
1820,625
1821,350
1822,625
1823,425
1824,198
1825,675
1826,675
1827,623
1828,625
1829,625
1830,575
1831,675
1832,523
1833,369
1834,671
1835,675
1836,673
1837,571
1838,425
1839,621
1840,675
1841,-75
1842,548
1843,675
1844,675
1845,-277
1846,571
1847,623
1848,-150
1849,675
1850,621
1851,625
1852,675
1853,625
1854,575
1855,573
1856,525
1857,200
1858,400
1859,625
1860,73
1861,575
1862,673
1863,675
1864,675
1865,-75
1866,548
1867,575
1868,-125
1869,475
1870,675
1871,675
1872,575
1873,573
1874,625
1875,575
1876,373
1877,675
1878,548
1879,673
1880,-54
1881,625
1882,625
1883,323
1884,-75
1885,523
1886,621
1887,623
1888,-125
1889,675
1890,669
1891,673
1892,675
1893,325
1894,675
1895,675
1896,475
1897,525
1898,-75
1899,675
1900,475
1901,621
1902,625
1903,673
1904,625
1905,525
1906,675
1907,621
1908,450
1909,525
1910,625
1911,-75
1912,573
1913,675
1914,-31
1915,573
1916,425
1917,675
1918,-75
1919,200
1920,675
1921,625
1922,-125
1923,573
1924,375
1925,-252
1926,675
1927,473
1928,675
1929,398
1930,673
1931,569
1932,525
1933,-27
1934,275
1935,625
1936,623
1937,425
1938,250
1939,675
1940,475
1941,675
1942,575
1943,575
1944,548
1945,673
1946,325
1947,548
1948,-125
1949,625
1950,-75
1951,625
1952,500
1953,675
1954,675
1955,675
1956,521
1957,500
1958,675
1959,673
1960,575
1961,425
1962,-25
1963,525
1964,625
1965,-177
1966,625
1967,-75
1968,550
1969,-200
1970,675
1971,675
1972,625
1973,-227
1974,400
1975,675
1976,500
1977,475
1978,321
1979,675
1980,673
1981,623
1982,625
1983,350
1984,625
1985,575
1986,250
1987,-75
1988,675
1989,-175
1990,525
1991,673
1992,-304
1993,623
1994,625
1995,673
1996,675
1997,121
1998,400
1999,675
2000,-125
2001,625
2002,623
2003,625
2004,-175
2005,523
2006,400
2007,-75
2008,625
2009,-75
2010,625
2011,625
2012,673
2013,521
2014,671
2015,673
2016,625
2017,675
2018,523
2019,-129
2020,625
2021,400
2022,375
2023,575
2024,625
2025,500
2026,575
2027,400
2028,-325
2029,625
2030,625
2031,673
2032,425
2033,-125
2034,-25
2035,675
2036,675
2037,444
2038,625
2039,675
2040,-175
2041,275
2042,-75
2043,-200
2044,625
2045,625
2046,521
2047,-125
2048,673
2049,-27
2050,675
2051,675
2052,675
2053,475
2054,392
2055,625
2056,-252
2057,425
2058,675
2059,621
2060,400
2061,673
2062,675
2063,675
2064,673
2065,573
2066,525
2067,-125
2068,425
2069,-75
2070,448
2071,675
2072,675
2073,675
2074,-27
2075,350
2076,575
2077,148
2078,625
2079,675
2080,175
2081,675
2082,-2
2083,-125
2084,675
2085,675
2086,625
2087,425
2088,675
2089,-27
2090,675
2091,675
2092,575
2093,573
2094,-75
2095,625
2096,675
2097,475
2098,-127
2099,519
2100,675
2101,-127
2102,-75
2103,-75
2104,575
2105,-125
2106,625
2107,623
2108,623
2109,625
2110,348
2111,-127
2112,675
2113,421
2114,-29
2115,625
2116,425
2117,-75
2118,523
2119,575
2120,423
2121,-125
2122,623
2123,673
2124,675
2125,-127
2126,675
2127,675
2128,-125
2129,325
2130,473
2131,573
2132,573
2133,550
2134,625
2135,675
2136,425
2137,525
2138,-77
2139,675
2140,621
2141,621
2142,-125
2143,673
2144,625
2145,675
2146,625
2147,-252
2148,675
2149,675
2150,675
2151,625
2152,525
2153,671
2154,-125
2155,673
2156,200
2157,-75
2158,-125
2159,248
2160,525
2161,625
2162,673
2163,-75
2164,525
2165,675
2166,623
2167,-127
2168,571
2169,673
2170,348
2171,575
2172,423
2173,400
2174,475
2175,575
2176,675
2177,675
2178,575
2179,671
2180,523
2181,475
2182,475
2183,575
2184,625
2185,675
2186,273
2187,525
2188,323
2189,523
2190,675
2191,425
2192,675
2193,-77
2194,475
2195,425
2196,671
2197,675
2198,-75
2199,571
2200,-125
2201,-25
2202,625
2203,675
2204,625
2205,625
2206,-175
2207,-125
2208,621
2209,298
2210,673
2211,675
2212,669
2213,675
2214,523
2215,525
2216,675
2217,625
2218,425
2219,675
2220,675
2221,673
2222,625
2223,675
2224,-177
2225,550
2226,525
2227,521
2228,675
2229,673
2230,425
2231,625
2232,-75
2233,673
2234,675
2235,675
2236,-179
2237,546
2238,396
2239,675
2240,623
2241,675
2242,-125
2243,575
2244,417
2245,623
2246,675
2247,550
2248,425
2249,400
2250,575
2251,425
2252,675
2253,625
2254,419
2255,523
2256,-27
2257,300
2258,575
2259,625
2260,250
2261,-75
2262,675
2263,-77
2264,125
2265,-29
2266,623
2267,671
2268,675
2269,575
2270,675
2271,671
2272,675
2273,675
2274,-25
2275,-125
2276,673
2277,246
2278,400
2279,675
2280,573
2281,621
2282,571
2283,475
2284,625
2285,673
2286,525
2287,617
2288,150
2289,0
2290,373
2291,675
2292,675
2293,-175
2294,375
2295,573
2296,-125
2297,675
2298,675
2299,550
2300,-77
2301,675
2302,-25
2303,575
2304,675
2305,375
2306,675
2307,150
2308,573
2309,223
2310,523
2311,475
2312,675
2313,523
2314,675
2315,-25
2316,-27
2317,-27
2318,675
2319,673
2320,398
2321,-125
2322,675
2323,621
2324,675
2325,675
2326,675
2327,575
2328,675
2329,625
2330,525
2331,625
2332,575
2333,671
2334,498
2335,-175
2336,623
2337,-277
2338,625
2339,675
2340,675
2341,625
2342,-75
2343,-150
2344,-79
2345,623
2346,-127
2347,525
2348,-179
2349,623
2350,625
2351,675
2352,350
2353,625
2354,-125
2355,-75
2356,396
2357,673
2358,625
2359,623
2360,623
2361,573
2362,673
2363,675
2364,-29
2365,625
2366,525
2367,425
2368,675
2369,400
2370,-25
2371,-25
2372,625
2373,500
2374,675
2375,275
2376,673
2377,675
2378,423
2379,525
2380,675
2381,475
2382,675
2383,625
2384,548
2385,675
2386,-127
2387,675
2388,-25
2389,675
2390,375
2391,675
2392,-125
2393,625
2394,625
2395,0
2396,625
2397,675
2398,625
2399,-75
2400,573
2401,675
2402,673
2403,-77
2404,669
2405,-75
2406,523
2407,675
2408,673
2409,-77
2410,523
2411,625
2412,571
2413,621
2414,575
2415,575
2416,500
2417,0
2418,675
2419,525
2420,350
2421,621
2422,-75
2423,425
2424,675
2425,325
2426,519
2427,525
2428,423
2429,-75
2430,623
2431,523
2432,623
2433,-6
2434,675
2435,-27
2436,-75
2437,-127
2438,525
2439,625
2440,675
2441,421
2442,675
2443,575
2444,623
2445,575
2446,675
2447,623
2448,298
2449,425
2450,575
2451,625
2452,400
2453,423
2454,400
2455,-131
2456,-125
2457,625
2458,675
2459,625
2460,675
2461,675
2462,625
2463,471
2464,550
2465,675
2466,548
2467,475
2468,175
2469,619
2470,-125
2471,675
2472,675
2473,523
2474,671
2475,-179
2476,575
2477,523
2478,567
2479,398
2480,625
2481,-75
2482,446
2483,625
2484,500
2485,675
2486,675
2487,675
2488,671
2489,573
2490,625
2491,675
2492,573
2493,-27
2494,625
2495,675
2496,625
2497,-75
2498,346
2499,-175
2500,625
2501,675
2502,150
2503,425
2504,625
2505,350
2506,625
2507,448
2508,673
2509,475
2510,298
2511,548
2512,675
2513,348
2514,475
2515,675
2516,300
2517,675
2518,-25
2519,625
2520,575
2521,-125
2522,675
2523,675
2524,675
2525,675
2526,625
2527,475
2528,675
2529,-125
2530,525
2531,550
2532,519
2533,625
2534,625
2535,673
2536,675
2537,425
2538,525
2539,625
2540,675
2541,425
2542,423
2543,575
2544,475
2545,625
2546,-125
2547,423
2548,-75
2549,625
2550,400
2551,525
2552,-100
2553,625
2554,523
2555,675
2556,675
2557,550
2558,675
2559,625
2560,425
2561,-125
2562,625
2563,500
2564,525
2565,-77
2566,675
2567,-77
2568,671
2569,673
2570,425
2571,625
2572,-75
2573,675
2574,675
2575,550
2576,-125
2577,675
2578,-31
2579,-50
2580,675
2581,-25
2582,-175
2583,675
2584,550
2585,675
2586,150
2587,525
2588,573
2589,675
2590,625
2591,348
2592,673
2593,575
2594,-125
2595,-75
2596,573
2597,625
2598,-75
2599,350
2600,625
2601,675
2602,675
2603,575
2604,625
2605,621
2606,623
2607,423
2608,423
2609,550
2610,300
2611,450
2612,625
2613,675
2614,621
2615,623
2616,675
2617,-125
2618,425
2619,671
2620,400
2621,673
2622,400
2623,675
2624,525
2625,350
2626,525
2627,671
2628,-77
2629,575
2630,375
2631,350
2632,673
2633,425
2634,525
2635,400
2636,-125
2637,675
2638,625
2639,575
2640,675
2641,673
2642,573
2643,625
2644,675
2645,-102
2646,-75
2647,398
2648,623
2649,625
2650,671
2651,-429
2652,625
2653,425
2654,625
2655,675
2656,673
2657,-127
2658,623
2659,-177
2660,675
2661,-75
2662,425
2663,-25
2664,625
2665,675
2666,669
2667,675
2668,625
2669,275
2670,350
2671,-125
2672,675
2673,675
2674,-75
2675,625
2676,675
2677,621
2678,675
2679,675
2680,523
2681,625
2682,673
2683,675
2684,575
2685,-125
2686,573
2687,625
2688,625
2689,525
2690,625
2691,625
2692,673
2693,625
2694,625
2695,-125
2696,673
2697,373
2698,675
2699,-27
2700,-179
2701,575
2702,425
2703,675
2704,675
2705,673
2706,-106
2707,-100
2708,525
2709,-177
2710,471
2711,625
2712,273
2713,623
2714,625
2715,525
2716,675
2717,625
2718,523
2719,598
2720,-77
2721,625
2722,-125
2723,-125
2724,625
2725,675
2726,673
2727,575
2728,675
2729,625
2730,673
2731,625
2732,348
2733,75
2734,-75
2735,625
2736,375
2737,623
2738,673
2739,398
2740,625
2741,625
2742,625
2743,375
2744,525
2745,575
2746,-125
2747,-177
2748,675
2749,673
2750,675
2751,675
2752,425
2753,-125
2754,675
2755,573
2756,673
2757,323
2758,669
2759,-125
2760,423
2761,675
2762,675
2763,621
2764,573
2765,675
2766,625
2767,675
2768,673
2769,569
2770,525
2771,625
2772,675
2773,675
2774,325
2775,625
2776,221
2777,675
2778,425
2779,675
2780,525
2781,621
2782,673
2783,575
2784,675
2785,-75
2786,675
2787,625
2788,625
2789,-25
2790,-127
2791,623
2792,198
2793,-75
2794,300
2795,673
2796,675
2797,675
2798,-125
2799,625
2800,475
2801,675
2802,625
2803,675
2804,575
2805,675
2806,675
2807,575
2808,625
2809,671
2810,-81
2811,625
2812,673
2813,575
2814,623
2815,598
2816,525
2817,300
2818,623
2819,-125
2820,375
2821,675
2822,625
2823,675
2824,-75
2825,675
2826,625
2827,675
2828,-125
2829,625
2830,375
2831,625
2832,-125
2833,525
2834,675
2835,673
2836,425
2837,425
2838,675
2839,425
2840,217
2841,425
2842,623
2843,625
2844,575
2845,675
2846,625
2847,300
2848,675
2849,671
2850,-125
2851,575
2852,673
2853,623
2854,625
2855,525
2856,-75
2857,623
2858,625
2859,623
2860,75
2861,-75
2862,400
2863,73
2864,-125
2865,675
2866,-125
2867,350
2868,625
2869,675
2870,623
2871,675
2872,573
2873,-75
2874,673
2875,525
2876,473
2877,375
2878,675
2879,73
2880,625
2881,500
2882,625
2883,675
2884,525
2885,221
2886,625
2887,673
2888,675
2889,425
2890,473
2891,675
2892,423
2893,575
2894,675
2895,675
2896,625
2897,673
2898,623
2899,525
2900,250
2901,625
2902,573
2903,-50
2904,675
2905,673
2906,-75
2907,575
2908,575
2909,625
2910,350
2911,-27
2912,350
2913,675
2914,571
2915,523
2916,675
2917,625
2918,-125
2919,400
2920,675
2921,-127
2922,100
2923,675
2924,525
2925,625
2926,625
2927,-125
2928,571
2929,675
2930,246
2931,675
2932,623
2933,525
2934,675
2935,-77
2936,625
2937,-29
2938,621
2939,625
2940,625
2941,525
2942,-125
2943,523
2944,675
2945,200
2946,625
2947,675
2948,575
2949,625
2950,-175
2951,573
2952,675
2953,525
2954,375
2955,675
2956,675
2957,573
2958,673
2959,675
2960,625
2961,475
2962,525
2963,-79
2964,550
2965,625
2966,673
2967,625
2968,425
2969,623
2970,475
2971,621
2972,575
2973,575
2974,400
2975,675
2976,675
2977,625
2978,-129
2979,675
2980,675
2981,573
2982,625
2983,423
2984,-125
2985,-27
2986,-125
2987,-25
2988,575
2989,625
2990,-77
2991,675
2992,-225
2993,425
2994,375
2995,248
2996,625
2997,625
2998,673
2999,625
3000,675
3001,-175
3002,675
3003,575
3004,-125
3005,673
3006,523
3007,398
3008,550
3009,625
3010,675
3011,675
3012,623
3013,625
3014,548
3015,625
3016,348
3017,546
3018,621
3019,575
3020,675
3021,625
3022,669
3023,575
3024,675
3025,473
3026,373
3027,-79
3028,425
3029,623
3030,425
3031,675
3032,625
3033,625
3034,300
3035,675
3036,-75
3037,171
3038,623
3039,-77
3040,675
3041,625
3042,575
3043,675
3044,-125
3045,675
3046,623
3047,673
3048,-75
3049,671
3050,675
3051,625
3052,-25
3053,673
3054,625
3055,675
3056,675
3057,-125
3058,-127
3059,425
3060,423
3061,623
3062,423
3063,550
3064,675
3065,675
3066,523
3067,223
3068,625
3069,675
3070,-125
3071,675
3072,675
3073,425
3074,573
3075,675
3076,473
3077,523
3078,425
3079,350
3080,623
3081,625
3082,623
3083,625
3084,623
3085,-77
3086,271
3087,625
3088,-125
3089,-75
3090,675
3091,350
3092,625
3093,675
3094,675
3095,675
3096,621
3097,675
3098,673
3099,-125
3100,-125
3101,350
3102,625
3103,673
3104,673
3105,625
3106,400
3107,675
3108,621
3109,471
3110,375
3111,673
3112,623
3113,575
3114,625
3115,573
3116,398
3117,425
3118,623
3119,675
3120,673
3121,-75
3122,625
3123,-100
3124,675
3125,425
3126,625
3127,498
3128,575
3129,675
3130,-25
3131,-75
3132,473
3133,625
3134,675
3135,-25
3136,675
3137,675
3138,625
3139,-25
3140,675
3141,675
3142,573
3143,675
3144,673
3145,500
3146,675
3147,673
3148,500
3149,250
3150,673
3151,575
3152,671
3153,471
3154,675
3155,350
3156,625
3157,625
3158,675
3159,-127
3160,-131
3161,-75
3162,400
3163,671
3164,673
3165,498
3166,-75
3167,671
3168,-127
3169,573
3170,-27
3171,575
3172,675
3173,675
3174,575
3175,625
3176,-125
3177,548
3178,575
3179,550
3180,675
3181,673
3182,-125
3183,-25
3184,525
3185,425
3186,300
3187,675
3188,523
3189,425
3190,675
3191,673
3192,525
3193,673
3194,396
3195,675
3196,625
3197,525
3198,675
3199,73
3200,673
3201,625
3202,425
3203,523
3204,675
3205,673
3206,675
3207,675
3208,423
3209,623
3210,675
3211,523
3212,575
3213,673
3214,621
3215,475
3216,-75
3217,673
3218,623
3219,300
3220,625
3221,675
3222,623
3223,-127
3224,573
3225,575
3226,-79
3227,675
3228,-125
3229,621
3230,-77
3231,675
3232,-29
3233,673
3234,675
3235,475
3236,246
3237,675
3238,575
3239,675
3240,675
3241,521
3242,573
3243,550
3244,625
3245,-75
3246,675
3247,573
3248,675
3249,-125
3250,623
3251,573
3252,-125
3253,425
3254,-125
3255,675
3256,625
3257,-125
3258,673
3259,675
3260,550
3261,469
3262,-331
3263,675
3264,673
3265,-25
3266,623
3267,273
3268,673
3269,675
3270,625
3271,625
3272,675
3273,573
3274,-300
3275,-75
3276,300
3277,-25
3278,621
3279,-179
3280,675
3281,675
3282,375
3283,675
3284,675
3285,375
3286,673
3287,-200
3288,575
3289,673
3290,675
3291,675
3292,521
3293,675
3294,625
3295,673
3296,348
3297,-75
3298,423
3299,625
3300,325
3301,625
3302,675
3303,525
3304,575
3305,623
3306,523
3307,675
3308,-75
3309,675
3310,623
3311,144
3312,525
3313,675
3314,673
3315,625
3316,-75
3317,525
3318,675
3319,575
3320,-125
3321,523
3322,625
3323,675
3324,-125
3325,525
3326,623
3327,525
3328,575
3329,-127
3330,675
3331,525
3332,-27
3333,525
3334,375
3335,425
3336,550
3337,675
3338,425
3339,675
3340,-177
3341,525
3342,675
3343,625
3344,-25
3345,575
3346,-75
3347,575
3348,675
3349,-125
3350,-75
3351,675
3352,623
3353,400
3354,675
3355,-175
3356,625
3357,-125
3358,-125
3359,-54
3360,575
3361,625
3362,325
3363,673
3364,625
3365,525
3366,400
3367,673
3368,523
3369,521
3370,71
3371,469
3372,625
3373,625
3374,-25
3375,523
3376,623
3377,675
3378,400
3379,-75
3380,300
3381,675
3382,523
3383,398
3384,675
3385,675
3386,675
3387,623
3388,675
3389,523
3390,625
3391,396
3392,675
3393,573
3394,675
3395,571
3396,625
3397,-75
3398,-25
3399,298
3400,-125
3401,-27
3402,573
3403,346
3404,-25
3405,625
3406,673
3407,400
3408,675
3409,675
3410,623
3411,675
3412,623
3413,-25
3414,498
3415,350
3416,625
3417,575
3418,-125
3419,571
3420,-75
3421,-2
3422,525
3423,-75
3424,523
3425,625
3426,675
3427,625
3428,675
3429,-75
3430,-250
3431,625
3432,575
3433,673
3434,621
3435,575
3436,675
3437,573
3438,673
3439,675
3440,400
3441,-125
3442,675
3443,300
3444,675
3445,-127
3446,523
3447,675
3448,675
3449,673
3450,225
3451,625
3452,625
3453,475
3454,625
3455,675
3456,625
3457,-75
3458,625
3459,-150
3460,-129
3461,350
3462,625
3463,675
3464,675
3465,525
3466,625
3467,273
3468,625
3469,525
3470,575
3471,675
3472,675
3473,550
3474,523
3475,-25
3476,675
3477,473
3478,675
3479,-383
3480,623
3481,348
3482,675
3483,675
3484,-125
3485,675
3486,675
3487,-75
3488,675
3489,675
3490,675
3491,625
3492,675
3493,675
3494,673
3495,575
3496,575
3497,625
3498,673
3499,623
3500,675
3501,675
3502,675
3503,575
3504,-125
3505,275
3506,-125
3507,675
3508,373
3509,675
3510,675
3511,625
3512,625
3513,671
3514,675
3515,250
3516,573
3517,675
3518,-27
3519,625
3520,575
3521,675
3522,473
3523,-77
3524,675
3525,675
3526,300
3527,573
3528,625
3529,625
3530,525
3531,675
3532,-75
3533,675
3534,625
3535,348
3536,-75
3537,-125
3538,625
3539,625
3540,575
3541,623
3542,673
3543,471
3544,575
3545,675
3546,573
3547,625
3548,525
3549,675
3550,348
3551,675
3552,573
3553,-79
3554,-125
3555,425
3556,621
3557,625
3558,-125
3559,521
3560,623
3561,575
3562,575
3563,669
3564,625
3565,-75
3566,675
3567,625
3568,675
3569,-25
3570,625
3571,675
3572,571
3573,500
3574,573
3575,-125
3576,673
3577,525
3578,675
3579,-27
3580,273
3581,625
3582,425
3583,673
3584,675
3585,573
3586,573
3587,675
3588,425
3589,325
3590,575
3591,625
3592,548
3593,675
3594,498
3595,673
3596,621
3597,671
3598,471
3599,675
3600,475
3601,525
3602,675
3603,673
3604,675
3605,523
3606,673
3607,-225
3608,675
3609,625
3610,675
3611,673
3612,500
3613,300
3614,373
3615,625
3616,475
3617,421
3618,-125
3619,525
3620,675
3621,348
3622,675
3623,675
3624,550
3625,675
3626,400
3627,425
3628,625
3629,673
3630,675
3631,675
3632,-127
3633,675
3634,623
3635,425
3636,625
3637,571
3638,423
3639,398
3640,625
3641,675
3642,625
3643,475
3644,675
3645,675
3646,673
3647,675
3648,675
3649,525
3650,675
3651,296
3652,675
3653,575
3654,-75
3655,-25
3656,0
3657,675
3658,423
3659,575
3660,571
3661,523
3662,475
3663,675
3664,675
3665,675
3666,575
3667,675
3668,675
3669,675
3670,-77
3671,300
3672,-52
3673,625
3674,625
3675,675
3676,-77
3677,675
3678,-75
3679,675
3680,550
3681,525
3682,673
3683,575
3684,625
3685,575
3686,-25
3687,623
3688,573
3689,625
3690,675
3691,675
3692,423
3693,673
3694,675
3695,-75
3696,-75
3697,623
3698,275
3699,675
3700,525
3701,675
3702,675
3703,473
3704,-25
3705,225
3706,223
3707,623
3708,671
3709,-25
3710,250
3711,675
3712,623
3713,398
3714,675
3715,148
3716,575
3717,-175
3718,-75
3719,496
3720,673
3721,425
3722,675
3723,550
3724,675
3725,625
3726,250
3727,500
3728,623
3729,625
3730,675
3731,675
3732,525
3733,-75
3734,-125
3735,471
3736,675
3737,-27
3738,675
3739,575
3740,675
3741,675
3742,-127
3743,623
3744,425
3745,275
3746,-200
3747,523
3748,675
3749,521
3750,673
3751,675
3752,673
3753,625
3754,575
3755,573
3756,346
3757,575
3758,671
3759,75
3760,675
3761,675
3762,-175
3763,575
3764,-125
3765,425
3766,673
3767,-125
3768,575
3769,523
3770,-125
3771,675
3772,400
3773,573
3774,375
3775,521
3776,348
3777,373
3778,673
3779,400
3780,675
3781,425
3782,423
3783,675
3784,471
3785,-200
3786,675
3787,621
3788,625
3789,625
3790,675
3791,348
3792,623
3793,623
3794,575
3795,-75
3796,400
3797,-175
3798,473
3799,573
3800,300
3801,623
3802,675
3803,-77
3804,-327
3805,425
3806,-25
3807,573
3808,625
3809,275
3810,675
3811,623
3812,675
3813,144
3814,675
3815,400
3816,498
3817,675
3818,-27
3819,675
3820,625
3821,675
3822,573
3823,623
3824,625
3825,423
3826,346
3827,675
3828,625
3829,498
3830,675
3831,675
3832,375
3833,675
3834,625
3835,-25
3836,-75
3837,625
3838,575
3839,575
3840,525
3841,-125
3842,675
3843,675
3844,275
3845,675
3846,-75
3847,425
3848,575
3849,300
3850,575
3851,-77
3852,675
3853,625
3854,-252
3855,-125
3856,542
3857,623
3858,-277
3859,675
3860,425
3861,675
3862,625
3863,525
3864,525
3865,625
3866,671
3867,498
3868,475
3869,-125
3870,425
3871,-256
3872,-27
3873,625
3874,675
3875,675
3876,-77
3877,625
3878,675
3879,675
3880,625
3881,-125
3882,675
3883,-25
3884,398
3885,475
3886,-75
3887,375
3888,625
3889,625
3890,625
3891,525
3892,375
3893,525
3894,675
3895,475
3896,675
3897,675
3898,525
3899,375
3900,-77
3901,396
3902,675
3903,-2
3904,625
3905,421
3906,473
3907,673
3908,625
3909,621
3910,523
3911,675
3912,625
3913,400
3914,-27
3915,625
3916,575
3917,-125
3918,398
3919,-104
3920,673
3921,625
3922,675
3923,625
3924,523
3925,625
3926,423
3927,425
3928,623
3929,625
3930,375
3931,423
3932,-125
3933,548
3934,425
3935,625
3936,673
3937,575
3938,675
3939,675
3940,673
3941,575
3942,575
3943,669
3944,-52
3945,-27
3946,625
3947,-125
3948,575
3949,575
3950,625
3951,523
3952,-25
3953,575
3954,525
3955,675
3956,625
3957,675
3958,675
3959,673
3960,673
3961,525
3962,625
3963,675
3964,-75
3965,-75
3966,-25
3967,675
3968,-125
3969,575
3970,673
3971,223
3972,625
3973,573
3974,675
3975,623
3976,350
3977,675
3978,-125
3979,625
3980,675
3981,675
3982,623
3983,-125
3984,675
3985,675
3986,-77
3987,675
3988,675
3989,675
3990,571
3991,325
3992,-127
3993,398
3994,521
3995,675
3996,0
3997,625
3998,625
3999,675
4000,621
4001,575
4002,675
4003,675
4004,675
4005,-125
4006,675
4007,-27
4008,675
4009,246
4010,625
4011,623
4012,623
4013,373
4014,675
4015,625
4016,425
4017,571
4018,625
4019,625
4020,675
4021,675
4022,675
4023,625
4024,523
4025,675
4026,521
4027,473
4028,525
4029,-129
4030,-75
4031,-77
4032,625
4033,425
4034,-25
4035,675
4036,575
4037,673
4038,-75
4039,-25
4040,675
4041,-75
4042,300
4043,-125
4044,675
4045,675
4046,675
4047,-52
4048,673
4049,673
4050,525
4051,625
4052,571
4053,673
4054,675
4055,-129
4056,623
4057,675
4058,375
4059,475
4060,425
4061,675
4062,575
4063,575
4064,675
4065,-25
4066,671
4067,625
4068,675
4069,671
4070,400
4071,321
4072,625
4073,675
4074,350
4075,473
4076,675
4077,525
4078,-175
4079,348
4080,675
4081,671
4082,625
4083,100
4084,548
4085,-75
4086,623
4087,550
4088,-125
4089,525
4090,-75
4091,675
4092,675
4093,400
4094,-75
4095,-125
4096,-125
4097,575
4098,573
4099,573
4100,625
4101,673
4102,-75
4103,-125
4104,575
4105,675
4106,425
4107,671
4108,273
4109,550
4110,675
4111,573
4112,550
4113,625
4114,625
4115,623
4116,575
4117,175
4118,625
4119,571
4120,625
4121,425
4122,525
4123,625
4124,623
4125,-77
4126,-77
4127,-102
4128,571
4129,673
4130,675
4131,350
4132,673
4133,-25
4134,575
4135,575
4136,67
4137,675
4138,625
4139,-75
4140,471
4141,671
4142,300
4143,400
4144,525
4145,275
4146,675
4147,625
4148,625
4149,523
4150,675
4151,-125
4152,375
4153,625
4154,623
4155,550
4156,-27
4157,575
4158,625
4159,675
4160,675
4161,675
4162,375
4163,100
4164,675
4165,573
4166,675
4167,575
4168,625
4169,625
4170,625
4171,400
4172,675
4173,625
4174,523
4175,675
4176,625
4177,296
4178,675
4179,-125
4180,-277
4181,625
4182,525
4183,375
4184,675
4185,675
4186,625
4187,575
4188,625
4189,675
4190,671
4191,-175
4192,675
4193,675
4194,-75
4195,673
4196,-27
4197,-75
4198,473
4199,673
4200,623
4201,571
4202,671
4203,575
4204,671
4205,425
4206,625
4207,425
4208,675
4209,675
4210,675
4211,625
4212,575
4213,625
4214,475
4215,675
4216,675
4217,-125
4218,625
4219,473
4220,350
4221,400
4222,675
4223,373
4224,675
4225,625
4226,398
4227,675
4228,-27
4229,573
4230,625
4231,625
4232,625
4233,571
4234,373
4235,625
4236,675
4237,575
4238,375
4239,375
4240,-75
4241,292
4242,400
4243,575
4244,673
4245,675
4246,425
4247,675
4248,675
4249,625
4250,-129
4251,623
4252,425
4253,525
4254,675
4255,667
4256,150
4257,-102
4258,573
4259,675
4260,675
4261,-125
4262,-125
4263,673
4264,-75
4265,471
4266,675
4267,623
4268,-75
4269,623
4270,575
4271,425
4272,673
4273,673
4274,348
4275,625
4276,623
4277,621
4278,-200
4279,619
4280,-79
4281,675
4282,675
4283,-125
4284,498
4285,-77
4286,675
4287,625
4288,350
4289,675
4290,623
4291,421
4292,-27
4293,-250
4294,523
4295,673
4296,550
4297,675
4298,575
4299,675
4300,-25
4301,675
4302,671
4303,675
4304,673
4305,675
4306,623
4307,625
4308,625
4309,675
4310,675
4311,575
4312,575
4313,-125
4314,475
4315,673
4316,673
4317,250
4318,400
4319,625
4320,-125
4321,444
4322,625
4323,573
4324,373
4325,675
4326,375
4327,-27
4328,675
4329,573
4330,-27
4331,623
4332,575
4333,550
4334,521
4335,425
4336,-27
4337,625
4338,523
4339,625
4340,675
4341,425
4342,375
4343,-75
4344,625
4345,675
4346,548
4347,575
4348,-29
4349,-127
4350,425
4351,675
4352,525
4353,675
4354,-75
4355,-27
4356,675
4357,550
4358,573
4359,673
4360,-77
4361,675
4362,-75
4363,673
4364,375
4365,675
4366,250
4367,625
4368,625
4369,-125
4370,625
4371,-127
4372,673
4373,573
4374,625
4375,675
4376,673
4377,673
4378,-77
4379,575
4380,623
4381,673
4382,675
4383,673
4384,675
4385,625
4386,623
4387,425
4388,373
4389,273
4390,525
4391,323
4392,375
4393,-75
4394,525
4395,575
4396,669
4397,469
4398,675
4399,625
4400,398
4401,573
4402,-129
4403,675
4404,375
4405,675
4406,400
4407,419
4408,675
4409,675
4410,448
4411,548
4412,673
4413,625
4414,375
4415,671
4416,673
4417,323
4418,675
4419,675
4420,625
4421,675
4422,621
4423,400
4424,625
4425,625
4426,0
4427,675
4428,625
4429,625
4430,375
4431,396
4432,675
4433,-125
4434,675
4435,673
4436,-125
4437,675
4438,673
4439,525
4440,-25
4441,625
4442,575
4443,625
4444,473
4445,675
4446,498
4447,675
4448,675
4449,548
4450,621
4451,625
4452,675
4453,-152
4454,-175
4455,-25
4456,525
4457,625
4458,675
4459,573
4460,675
4461,-127
4462,675
4463,625
4464,675
4465,675
4466,569
4467,325
4468,625
4469,573
4470,-75
4471,448
4472,575
4473,675
4474,-125
4475,571
4476,525
4477,625
4478,673
4479,625
4480,575
4481,323
4482,625
4483,625
4484,675
4485,571
4486,625
4487,675
4488,675
4489,675
4490,-125
4491,675
4492,-25
4493,675
4494,623
4495,671
4496,623
4497,573
4498,450
4499,623
4500,450
4501,623
4502,325
4503,625
4504,-125
4505,625
4506,425
4507,575
4508,400
4509,523
4510,-125
4511,675
4512,575
4513,675
4514,-27
4515,325
4516,623
4517,625
4518,625
4519,498
4520,625
4521,475
4522,0
4523,675
4524,675
4525,-77
4526,-75
4527,571
4528,575
4529,-77
4530,523
4531,548
4532,625
4533,625
4534,-125
4535,675
4536,550
4537,623
4538,673
4539,-177
4540,623
4541,673
4542,675
4543,621
4544,675
4545,-125
4546,-75
4547,575
4548,675
4549,673
4550,475
4551,450
4552,300
4553,523
4554,625
4555,625
4556,575
4557,425
4558,625
4559,-125
4560,475
4561,625
4562,423
4563,623
4564,523
4565,475
4566,675
4567,623
4568,621
4569,573
4570,625
4571,346
4572,673
4573,-125
4574,-75
4575,675
4576,-129
4577,-125
4578,350
4579,675
4580,625
4581,425
4582,575
4583,675
4584,673
4585,675
4586,625
4587,519
4588,675
4589,625
4590,98
4591,525
4592,425
4593,675
4594,623
4595,625
4596,-75
4597,-25
4598,-27
4599,-125
4600,575
4601,625
4602,675
4603,673
4604,-75
4605,573
4606,471
4607,425
4608,625
4609,425
4610,500
4611,525
4612,-127
4613,373
4614,625
4615,625
4616,625
4617,625
4618,675
4619,-125
4620,575
4621,625
4622,-75
4623,575
4624,675
4625,-75
4626,375
4627,675
4628,623
4629,625
4630,500
4631,-125
4632,373
4633,-75
4634,673
4635,471
4636,573
4637,625
4638,675
4639,625
4640,-125
4641,473
4642,525
4643,673
4644,-75
4645,523
4646,671
4647,23
4648,-25
4649,-127
4650,425
4651,623
4652,475
4653,475
4654,521
4655,625
4656,675
4657,-75
4658,675
4659,673
4660,625
4661,375
4662,473
4663,525
4664,675
4665,675
4666,571
4667,-29
4668,675
4669,-75
4670,344
4671,573
4672,625
4673,673
4674,475
4675,394
4676,625
4677,625
4678,-77
4679,675
4680,625
4681,-125
4682,625
4683,-75
4684,575
4685,-75
4686,300
4687,675
4688,573
4689,623
4690,525
4691,625
4692,625
4693,575
4694,-79
4695,625
4696,400
4697,621
4698,425
4699,575
4700,675
4701,621
4702,325
4703,-125
4704,-75
4705,575
4706,575
4707,675
4708,275
4709,575
4710,573
4711,625
4712,675
4713,-25
4714,98
4715,-31
4716,525
4717,675
4718,623
4719,675
4720,673
4721,675
4722,517
4723,673
4724,375
4725,675
4726,519
4727,625
4728,473
4729,-229
4730,575
4731,623
4732,-127
4733,525
4734,-75
4735,675
4736,-125
4737,275
4738,-127
4739,-75
4740,625
4741,473
4742,675
4743,-125
4744,625
4745,525
4746,575
4747,-200
4748,-25
4749,675
4750,673
4751,-25
4752,675
4753,675
4754,675
4755,675
4756,675
4757,425
4758,625
4759,548
4760,575
4761,-125
4762,675
4763,675
4764,398
4765,575
4766,500
4767,348
4768,400
4769,625
4770,550
4771,298
4772,575
4773,673
4774,675
4775,498
4776,475
4777,675
4778,-125
4779,498
4780,675
4781,323
4782,675
4783,675
4784,675
4785,-125
4786,675
4787,425
4788,-75
4789,-127
4790,621
4791,675
4792,673
4793,523
4794,625
4795,-50
4796,350
4797,675
4798,-125
4799,673
4800,575
4801,573
4802,573
4803,623
4804,625
4805,625
4806,625
4807,400
4808,675
4809,-25
4810,623
4811,-25
4812,400
4813,625
4814,425
4815,-125
4816,375
4817,475
4818,625
4819,675
4820,675
4821,675
4822,675
4823,625
4824,-177
4825,675
4826,-125
4827,-75
4828,675
4829,675
4830,625
4831,625
4832,675
4833,625
4834,675
4835,300
4836,-75
4837,-225
4838,-175
4839,575
4840,675
4841,425
4842,625
4843,-125
4844,675
4845,-75
4846,673
4847,625
4848,525
4849,350
4850,523
4851,575
4852,-127
4853,375
4854,623
4855,625
4856,573
4857,-25
4858,-27
4859,675
4860,525
4861,625
4862,575
4863,-77
4864,625
4865,-131
4866,623
4867,625
4868,-127
4869,475
4870,669
4871,675
4872,550
4873,673
4874,575
4875,575
4876,625
4877,575
4878,675
4879,-125
4880,621
4881,425
4882,-175
4883,625
4884,625
4885,675
4886,-125
4887,-75
4888,375
4889,675
4890,525
4891,523
4892,675
4893,625
4894,625
4895,675
4896,623
4897,575
4898,500
4899,-125
4900,625
4901,525
4902,-25
4903,625
4904,273
4905,496
4906,675
4907,671
4908,675
4909,675
4910,-200
4911,-75
4912,-125
4913,673
4914,625
4915,675
4916,671
4917,673
4918,675
4919,671
4920,425
4921,675
4922,-125
4923,523
4924,573
4925,448
4926,-127
4927,675
4928,675
4929,375
4930,375
4931,625
4932,675
4933,525
4934,625
4935,223
4936,675
4937,525
4938,625
4939,573
4940,675
4941,623
4942,675
4943,673
4944,625
4945,548
4946,623
4947,-25
4948,675
4949,675
4950,675
4951,575
4952,575
4953,400
4954,450
4955,675
4956,548
4957,-79
4958,575
4959,623
4960,625
4961,623
4962,623
4963,675
4964,623
4965,675
4966,671
4967,548
4968,-125
4969,675
4970,625
4971,675
4972,623
4973,625
4974,673
4975,571
4976,573
4977,194
4978,-75
4979,673
4980,625
4981,575
4982,-125
4983,623
4984,675
4985,300
4986,-125
4987,-25
4988,-202
4989,-75
4990,625
4991,623
4992,625
4993,625
4994,675
4995,425
4996,621
4997,623
4998,675
4999,-25
5000,521
5001,100
5002,573
5003,575
5004,473
5005,625
5006,-25
5007,671
5008,621
5009,-125
5010,675
5011,398
5012,673
5013,675
5014,623
5015,673
5016,-127
5017,519
5018,675
5019,675
5020,625
5021,675
5022,550
5023,400
5024,675
5025,-25
5026,675
5027,475
5028,673
5029,625
5030,625
5031,675
5032,675
5033,573
5034,673
5035,525
5036,-27
5037,373
5038,675
5039,675
5040,675
5041,575
5042,521
5043,625
5044,475
5045,575
5046,673
5047,-27
5048,-125
5049,348
5050,423
5051,-77
5052,625
5053,375
5054,523
5055,673
5056,250
5057,525
5058,-75
5059,625
5060,673
5061,-125
5062,525
5063,625
5064,675
5065,675
5066,425
5067,423
5068,425
5069,675
5070,-25
5071,625
5072,498
5073,625
5074,573
5075,-25
5076,675
5077,-177
5078,675
5079,675
5080,673
5081,673
5082,675
5083,673
5084,625
5085,675
5086,673
5087,575
5088,348
5089,673
5090,573
5091,519
5092,673
5093,575
5094,-27
5095,675
5096,-177
5097,673
5098,675
5099,625
5100,675
5101,623
5102,675
5103,425
5104,300
5105,675
5106,-75
5107,623
5108,675
5109,575
5110,575
5111,625
5112,525
5113,423
5114,625
5115,500
5116,125
5117,525
5118,625
5119,675
5120,425
5121,673
5122,675
5123,675
5124,625
5125,400
5126,-75
5127,-75
5128,525
5129,675
5130,625
5131,523
5132,675
5133,623
5134,-75
5135,625
5136,-125
5137,675
5138,675
5139,348
5140,-127
5141,675
5142,675
5143,621
5144,675
5145,625
5146,673
5147,623
5148,675
5149,-29
5150,621
5151,675
5152,525
5153,-25
5154,-175
5155,450
5156,675
5157,675
5158,575
5159,25
5160,673
5161,-29
5162,675
5163,521
5164,575
5165,-25
5166,625
5167,675
5168,625
5169,573
5170,375
5171,675
5172,675
5173,-125
5174,550
5175,223
5176,623
5177,525
5178,625
5179,-125
5180,-25
5181,-81
5182,625
5183,671
5184,-75
5185,223
5186,625
5187,473
5188,-81
5189,-25
5190,675
5191,523
5192,673
5193,625
5194,675
5195,675
5196,325
5197,548
5198,350
5199,625
5200,525
5201,573
5202,-75
5203,675
5204,675
5205,-175
5206,675
5207,675
5208,298
5209,623
5210,575
5211,673
5212,621
5213,675
5214,623
5215,625
5216,398
5217,571
5218,300
5219,425
5220,173
5221,675
5222,673
5223,625
5224,625
5225,673
5226,471
5227,248
5228,625
5229,525
5230,-27
5231,550
5232,673
5233,675
5234,675
5235,675
5236,400
5237,675
5238,625
5239,-25
5240,673
5241,523
5242,675
5243,675
5244,575
5245,623
5246,-79
5247,675
5248,575
5249,-75
5250,675
5251,575
5252,425
5253,675
5254,573
5255,325
5256,675
5257,-77
5258,-127
5259,675
5260,625
5261,-125
5262,573
5263,371
5264,675
5265,675
5266,675
5267,673
5268,-329
5269,573
5270,675
5271,675
5272,675
5273,-202
5274,625
5275,625
5276,675
5277,-75
5278,675
5279,625
5280,673
5281,675
5282,400
5283,675
5284,-175
5285,675
5286,-125
5287,673
5288,471
5289,-125
5290,550
5291,675
5292,675
5293,-252
5294,550
5295,675
5296,400
5297,-125
5298,373
5299,675
5300,625
5301,375
5302,675
5303,675
5304,-125
5305,350
5306,575
5307,525
5308,625
5309,-125
5310,675
5311,-202
5312,573
5313,350
5314,675
5315,-75
5316,625
5317,-181
5318,575
5319,-250
5320,625
5321,475
5322,619
5323,625
5324,346
5325,348
5326,248
5327,621
5328,675
5329,625
5330,-377
5331,675
5332,225
5333,675
5334,-281
5335,473
5336,-25
5337,323
5338,-204
5339,671
5340,625
5341,400
5342,675
5343,675
5344,675
5345,-75
5346,625
5347,623
5348,-25
5349,-77
5350,675
5351,623
5352,625
5353,675
5354,625
5355,675
5356,375
5357,673
5358,623
5359,673
5360,673
5361,623
5362,-129
5363,625
5364,621
5365,350
5366,550
5367,523
5368,-125
5369,-177
5370,573
5371,675
5372,525
5373,625
5374,525
5375,675
5376,675
5377,621
5378,675
5379,623
5380,625
5381,675
5382,-102
5383,675
5384,675
5385,623
5386,375
5387,-25
5388,673
5389,625
5390,673
5391,575
5392,675
5393,623
5394,573
5395,673
5396,625
5397,625
5398,673
5399,425
5400,373
5401,675
5402,475
5403,423
5404,623
5405,-125
5406,-131
5407,425
5408,625
5409,-125
5410,375
5411,471
5412,673
5413,548
5414,575
5415,623
5416,475
5417,675
5418,475
5419,623
5420,-75
5421,425
5422,300
5423,675
5424,550
5425,623
5426,623
5427,-77
5428,625
5429,350
5430,-125
5431,675
5432,-4
5433,623
5434,523
5435,575
5436,575
5437,625
5438,573
5439,675
5440,673
5441,671
5442,673
5443,675
5444,625
5445,-27
5446,250
5447,621
5448,625
5449,550
5450,675
5451,675
5452,-125
5453,421
5454,525
5455,-125
5456,550
5457,521
5458,675
5459,675
5460,321
5461,625
5462,-125
5463,673
5464,673
5465,625
5466,425
5467,625
5468,675
5469,-25
5470,675
5471,425
5472,325
5473,675
5474,625
5475,575
5476,625
5477,-52
5478,223
5479,-127
5480,-125
5481,625
5482,675
5483,675
5484,673
5485,675
5486,-125
5487,575
5488,673
5489,396
5490,675
5491,675
5492,625
5493,675
5494,-129
5495,625
5496,-127
5497,625
5498,675
5499,623
5500,675
5501,575
5502,300
5503,625
5504,-29
5505,675
5506,575
5507,-75
5508,625
5509,675
5510,623
5511,-225
5512,673
5513,425
5514,-75
5515,675
5516,625
5517,675
5518,500
5519,673
5520,573
5521,675
5522,398
5523,-127
5524,673
5525,-125
5526,525
5527,673
5528,675
5529,-125
5530,625
5531,-102
5532,575
5533,275
5534,-75
5535,575
5536,425
5537,523
5538,675
5539,475
5540,-233
5541,675
5542,623
5543,-77
5544,400
5545,323
5546,-25
5547,669
5548,523
5549,625
5550,625
5551,671
5552,673
5553,673
5554,625
5555,0
5556,-75
5557,-125
5558,523
5559,675
5560,525
5561,625
5562,150
5563,425
5564,523
5565,375
5566,621
5567,625
5568,525
5569,-177
5570,673
5571,475
5572,425
5573,625
5574,675
5575,-75
5576,625
5577,425
5578,425
5579,525
5580,-252
5581,-125
5582,673
5583,675
5584,625
5585,475
5586,-127
5587,-125
5588,525
5589,523
5590,675
5591,375
5592,-10
5593,675
5594,-125
5595,475
5596,350
5597,75
5598,675
5599,625
5600,625
5601,373
5602,150
5603,625
5604,675
5605,625
5606,475
5607,675
5608,0
5609,625
5610,-25
5611,-125
5612,623
5613,525
5614,-27
5615,396
5616,623
5617,625
5618,523
5619,400
5620,423
5621,-125
5622,625
5623,675
5624,-125
5625,-125
5626,625
5627,-127
5628,-75
5629,623
5630,225
5631,625
5632,523
5633,-75
5634,423
5635,523
5636,675
5637,423
5638,575
5639,675
5640,575
5641,-75
5642,675
5643,625
5644,675
5645,575
5646,675
5647,471
5648,625
5649,325
5650,573
5651,625
5652,673
5653,625
5654,400
5655,623
5656,675
5657,625
5658,523
5659,494
5660,675
5661,625
5662,-200
5663,571
5664,398
5665,675
5666,675
5667,-77
5668,-25
5669,-125
5670,546
5671,425
5672,575
5673,625
5674,675
5675,623
5676,550
5677,625
5678,-27
5679,275
5680,-125
5681,148
5682,573
5683,548
5684,500
5685,425
5686,673
5687,673
5688,675
5689,625
5690,-29
5691,673
5692,623
5693,675
5694,673
5695,673
5696,623
5697,673
5698,548
5699,150
5700,575
5701,675
5702,423
5703,625
5704,-75
5705,473
5706,567
5707,675
5708,-125
5709,625
5710,-75
5711,575
5712,625
5713,673
5714,448
5715,575
5716,673
5717,375
5718,-77
5719,-25
5720,623
5721,675
5722,275
5723,-304
5724,625
5725,-25
5726,400
5727,494
5728,475
5729,575
5730,673
5731,675
5732,673
5733,575
5734,675
5735,673
5736,625
5737,575
5738,-77
5739,-125
5740,350
5741,-125
5742,-75
5743,573
5744,346
5745,548
5746,-300
5747,625
5748,371
5749,675
5750,398
5751,573
5752,325
5753,473
5754,498
5755,346
5756,675
5757,675
5758,675
5759,475
5760,625
5761,350
5762,625
5763,525
5764,675
5765,675
5766,-125
5767,675
5768,423
5769,298
5770,625
5771,575
5772,275
5773,675
5774,425
5775,-27
5776,625
5777,-25
5778,675
5779,525
5780,625
5781,675
5782,673
5783,625
5784,673
5785,675
5786,475
5787,521
5788,0
5789,673
5790,-75
5791,-75
5792,575
5793,675
5794,673
5795,675
5796,675
5797,675
5798,625
5799,575
5800,-125
5801,-127
5802,275
5803,523
5804,-77
5805,400
5806,675
5807,675
5808,573
5809,575
5810,-127
5811,675
5812,625
5813,498
5814,671
5815,-75
5816,500
5817,550
5818,673
5819,625
5820,675
5821,-25
5822,675
5823,-75
5824,625
5825,675
5826,148
5827,625
5828,575
5829,-75
5830,623
5831,625
5832,675
5833,569
5834,450
5835,675
5836,625
5837,625
5838,550
5839,575
5840,673
5841,625
5842,573
5843,675
5844,623
5845,569
5846,521
5847,523
5848,675
5849,400
5850,373
5851,-200
5852,623
5853,500
5854,625
5855,673
5856,425
5857,-100
5858,375
5859,-75
5860,675
5861,-75
5862,575
5863,623
5864,623
5865,625
5866,300
5867,675
5868,575
5869,625
5870,-304
5871,623
5872,350
5873,675
5874,625
5875,575
5876,675
5877,550
5878,675
5879,525
5880,673
5881,625
5882,550
5883,525
5884,625
5885,623
5886,623
5887,-75
5888,-77
5889,675
5890,523
5891,575
5892,50
5893,425
5894,598
5895,675
5896,673
5897,675
5898,525
5899,200
5900,675
5901,675
5902,625
5903,-31
5904,571
5905,675
5906,673
5907,-125
5908,669
5909,-75
5910,625
5911,675
5912,400
5913,-125
5914,675
5915,625
5916,625
5917,-27
5918,425
5919,398
5920,625
5921,625
5922,625
5923,675
5924,675
5925,-127
5926,575
5927,675
5928,675
5929,675
5930,675
5931,525
5932,475
5933,675
5934,675
5935,623
5936,342
5937,623
5938,675
5939,675
5940,-100
5941,625
5942,-127
5943,575
5944,575
5945,425
5946,-75
5947,625
5948,675
5949,623
5950,675
5951,625
5952,-75
5953,675
5954,675
5955,450
5956,375
5957,675
5958,375
5959,525
5960,271
5961,523
5962,-79
5963,675
5964,-125
5965,675
5966,-227
5967,-77
5968,525
5969,475
5970,425
5971,675
5972,573
5973,548
5974,575
5975,575
5976,-175
5977,673
5978,325
5979,250
5980,675
5981,525
5982,673
5983,625
5984,223
5985,525
5986,-75
5987,675
5988,673
5989,-75
5990,675
5991,300
5992,575
5993,-79
5994,675
5995,675
5996,575
5997,475
5998,673
5999,525
6000,500
6001,-100
6002,525
6003,-79
6004,575
6005,575
6006,625
6007,675
6008,-27
6009,675
6010,675
6011,675
6012,-81
6013,625
6014,675
6015,673
6016,625
6017,450
6018,523
6019,-125
6020,673
6021,523
6022,673
6023,675
6024,250
6025,623
6026,625
6027,525
6028,323
6029,675
6030,425
6031,425
6032,625
6033,298
6034,575
6035,625
6036,575
6037,675
6038,625
6039,525
6040,675
6041,523
6042,625
6043,573
6044,625
6045,525
6046,623
6047,621
6048,675
6049,675
6050,-27
6051,-75
6052,673
6053,-127
6054,625
6055,-125
6056,625
6057,625
6058,550
6059,-75
6060,671
6061,623
6062,625
6063,625
6064,625
6065,-125
6066,573
6067,575
6068,-127
6069,-125
6070,550
6071,-252
6072,-125
6073,150
6074,675
6075,675
6076,-25
6077,673
6078,623
6079,573
6080,575
6081,625
6082,400
6083,569
6084,371
6085,675
6086,473
6087,425
6088,525
6089,-125
6090,625
6091,673
6092,525
6093,575
6094,675
6095,625
6096,575
6097,675
6098,621
6099,573
6100,-125
6101,-75
6102,575
6103,575
6104,-50
6105,-127
6106,625
6107,-25
6108,475
6109,675
6110,598
6111,400
6112,550
6113,150
6114,425
6115,575
6116,525
6117,671
6118,675
6119,425
6120,675
6121,573
6122,623
6123,675
6124,673
6125,675
6126,-177
6127,575
6128,525
6129,625
6130,675
6131,-75
6132,675
6133,-229
6134,-75
6135,625
6136,571
6137,675
6138,625
6139,673
6140,675
6141,400
6142,623
6143,400
6144,673
6145,298
6146,550
6147,675
6148,675
6149,350
6150,675
6151,675
6152,523
6153,400
6154,323
6155,675
6156,625
6157,625
6158,675
6159,623
6160,-175
6161,675
6162,398
6163,675
6164,625
6165,248
6166,298
6167,625
6168,675
6169,675
6170,-27
6171,673
6172,573
6173,548
6174,675
6175,623
6176,425
6177,-279
6178,475
6179,525
6180,100
6181,348
6182,-75
6183,615
6184,621
6185,-27
6186,550
6187,-127
6188,675
6189,250
6190,673
6191,625
6192,671
6193,523
6194,675
6195,-75
6196,-175
6197,575
6198,625
6199,625
6200,675
6201,675
6202,625
6203,-125
6204,271
6205,-77
6206,375
6207,573
6208,423
6209,621
6210,673
6211,673
6212,-127
6213,671
6214,521
6215,625
6216,-127
6217,625
6218,475
6219,523
6220,525
6221,625
6222,675
6223,673
6224,673
6225,625
6226,575
6227,671
6228,548
6229,525
6230,625
6231,-125
6232,525
6233,675
6234,623
6235,625
6236,500
6237,673
6238,671
6239,625
6240,675
6241,675
6242,-100
6243,-75
6244,675
6245,675
6246,675
6247,575
6248,-27
6249,675
6250,575
6251,450
6252,473
6253,675
6254,675
6255,675
6256,425
6257,525
6258,675
6259,573
6260,673
6261,-129
6262,575
6263,75
6264,625
6265,675
6266,425
6267,-125
6268,675
6269,675
6270,671
6271,575
6272,-29
6273,625
6274,625
6275,675
6276,675
6277,675
6278,623
6279,675
6280,675
6281,675
6282,675
6283,525
6284,-227
6285,671
6286,625
6287,575
6288,573
6289,675
6290,675
6291,473
6292,-75
6293,-25
6294,496
6295,25
6296,675
6297,-25
6298,371
6299,575
6300,550
6301,-25
6302,398
6303,398
6304,475
6305,525
6306,673
6307,-25
6308,471
6309,675
6310,525
6311,-125
6312,673
6313,673
6314,-75
6315,525
6316,523
6317,250
6318,671
6319,675
6320,523
6321,575
6322,498
6323,523
6324,375
6325,550
6326,375
6327,573
6328,-27
6329,200
6330,-200
6331,623
6332,675
6333,675
6334,475
6335,-125
6336,-27
6337,625
6338,375
6339,250
6340,500
6341,523
6342,117
6343,-25
6344,675
6345,400
6346,673
6347,471
6348,623
6349,675
6350,623
6351,-100
6352,150
6353,400
6354,298
6355,575
6356,573
6357,550
6358,-75
6359,425
6360,471
6361,473
6362,575
6363,675
6364,300
6365,-27
6366,-125
6367,623
6368,675
6369,625
6370,625
6371,396
6372,675
6373,623
6374,-25
6375,423
6376,675
6377,625
6378,523
6379,673
6380,675
6381,675
6382,575
6383,523
6384,425
6385,600
6386,400
6387,675
6388,-125
6389,-25
6390,-25
6391,-75
6392,-77
6393,625
6394,673
6395,625
6396,575
6397,671
6398,-75
6399,-175
6400,498
6401,673
6402,550
6403,625
6404,-25
6405,673
6406,-75
6407,-125
6408,675
6409,400
6410,675
6411,675
6412,623
6413,575
6414,675
6415,675
6416,675
6417,-125
6418,675
6419,623
6420,673
6421,150
6422,675
6423,625
6424,625
6425,623
6426,623
6427,675
6428,-75
6429,675
6430,675
6431,400
6432,575
6433,523
6434,671
6435,350
6436,675
6437,523
6438,523
6439,525
6440,671
6441,-125
6442,-75
6443,-75
6444,548
6445,425
6446,523
6447,625
6448,625
6449,675
6450,621
6451,573
6452,673
6453,675
6454,575
6455,-175
6456,575
6457,625
6458,475
6459,675
6460,425
6461,675
6462,675
6463,675
6464,673
6465,675
6466,675
6467,-75
6468,-75
6469,621
6470,448
6471,675
6472,-79
6473,-75
6474,-125
6475,675
6476,625
6477,400
6478,575
6479,475
6480,675
6481,675
6482,625
6483,450
6484,-125
6485,625
6486,675
6487,525
6488,673
6489,525
6490,623
6491,675
6492,-125
6493,623
6494,675
6495,625
6496,350
6497,-75
6498,375
6499,473
6500,625
6501,671
6502,675
6503,425
6504,675
6505,675
6506,125
6507,673
6508,673
6509,525
6510,525
6511,623
6512,-27
6513,-125
6514,675
6515,675
6516,425
6517,623
6518,675
6519,675
6520,625
6521,675
6522,525
6523,623
6524,625
6525,425
6526,348
6527,-175
6528,-77
6529,-125
6530,623
6531,471
6532,625
6533,673
6534,625
6535,625
6536,675
6537,250
6538,673
6539,675
6540,475
6541,675
6542,671
6543,573
6544,623
6545,-79
6546,675
6547,675
6548,500
6549,-202
6550,-125
6551,675
6552,-125
6553,498
6554,625
6555,-227
6556,675
6557,475
6558,521
6559,671
6560,525
6561,575
6562,575
6563,675
6564,673
6565,525
6566,-75
6567,673
6568,675
6569,-75
6570,625
6571,-125
6572,573
6573,675
6574,675
6575,575
6576,673
6577,-75
6578,675
6579,375
6580,-125
6581,675
6582,675
6583,625
6584,398
6585,675
6586,625
6587,498
6588,625
6589,675
6590,-25
6591,548
6592,625
6593,-27
6594,625
6595,-179
6596,623
6597,673
6598,-50
6599,550
6600,675
6601,423
6602,425
6603,675
6604,575
6605,625
6606,675
6607,275
6608,-125
6609,675
6610,-125
6611,-75
6612,673
6613,625
6614,625
6615,-75
6616,-175
6617,671
6618,-127
6619,425
6620,-75
6621,-127
6622,675
6623,673
6624,625
6625,625
6626,675
6627,675
6628,425
6629,-125
6630,425
6631,675
6632,675
6633,675
6634,575
6635,325
6636,350
6637,-75
6638,573
6639,625
6640,623
6641,625
6642,675
6643,-75
6644,623
6645,675
6646,346
6647,-125
6648,521
6649,675
6650,425
6651,400
6652,-75
6653,625
6654,625
6655,623
6656,575
6657,-125
6658,400
6659,425
6660,623
6661,625
6662,-125
6663,-125
6664,548
6665,675
6666,573
6667,425
6668,675
6669,473
6670,675
6671,675
6672,675
6673,623
6674,400
6675,-81
6676,675
6677,-125
6678,625
6679,625
6680,625
6681,-75
6682,575
6683,675
6684,573
6685,398
6686,623
6687,-125
6688,625
6689,-125
6690,400
6691,-29
6692,-75
6693,-125
6694,500
6695,521
6696,623
6697,673
6698,573
6699,-200
6700,625
6701,675
6702,675
6703,-25
6704,575
6705,398
6706,573
6707,-125
6708,625
6709,575
6710,623
6711,400
6712,621
6713,450
6714,150
6715,675
6716,246
6717,623
6718,-125
6719,425
6720,625
6721,675
6722,625
6723,-77
6724,-75
6725,350
6726,575
6727,300
6728,398
6729,525
6730,-25
6731,-125
6732,-25
6733,525
6734,675
6735,575
6736,423
6737,625
6738,525
6739,546
6740,625
6741,521
6742,-27
6743,575
6744,625
6745,-83
6746,623
6747,473
6748,271
6749,-77
6750,675
6751,450
6752,575
6753,171
6754,346
6755,523
6756,625
6757,-177
6758,675
6759,398
6760,575
6761,-77
6762,-75
6763,573
6764,623
6765,525
6766,-29
6767,673
6768,-125
6769,523
6770,625
6771,300
6772,0
6773,575
6774,675
6775,625
6776,673
6777,625
6778,623
6779,675
6780,575
6781,-25
6782,675
6783,423
6784,675
6785,623
6786,-77
6787,550
6788,525
6789,625
6790,625
6791,573
6792,673
6793,-25
6794,675
6795,625
6796,675
6797,425
6798,525
6799,-125
6800,625
6801,-125
6802,675
6803,675
6804,675
6805,675
6806,623
6807,525
6808,625
6809,-75
6810,625
6811,675
6812,625
6813,625
6814,575
6815,525
6816,-100
6817,273
6818,675
6819,675
6820,-77
6821,675
6822,400
6823,425
6824,621
6825,575
6826,425
6827,625
6828,573
6829,-75
6830,675
6831,525
6832,323
6833,-75
6834,23
6835,-50
6836,475
6837,673
6838,625
6839,623
6840,675
6841,500
6842,-202
6843,-229
6844,675
6845,671
6846,548
6847,675
6848,575
6849,675
6850,-79
6851,525
6852,573
6853,675
6854,-77
6855,623
6856,-175
6857,523
6858,675
6859,623
6860,425
6861,675
6862,575
6863,-79
6864,498
6865,425
6866,450
6867,675
6868,675
6869,675
6870,-104
6871,675
6872,-125
6873,-125
6874,675
6875,625
6876,571
6877,625
6878,671
6879,675
6880,625
6881,675
6882,625
6883,-2
6884,523
6885,300
6886,671
6887,425
6888,423
6889,675
6890,348
6891,-27
6892,548
6893,625
6894,-277
6895,675
6896,425
6897,619
6898,675
6899,625
6900,471
6901,675
6902,-125
6903,673
6904,-125
6905,-27
6906,675
6907,675
6908,423
6909,621
6910,625
6911,675
6912,350
6913,623
6914,425
6915,573
6916,-125
6917,625
6918,623
6919,500
6920,573
6921,-25
6922,398
6923,623
6924,675
6925,473
6926,-125
6927,625
6928,223
6929,-127
6930,575
6931,673
6932,-27
6933,573
6934,625
6935,623
6936,675
6937,475
6938,-27
6939,-27
6940,-27
6941,675
6942,625
6943,0
6944,150
6945,625
6946,675
6947,675
6948,-75
6949,-29
6950,-25
6951,575
6952,625
6953,-125
6954,675
6955,623
6956,-127
6957,575
6958,175
6959,-75
6960,675
6961,573
6962,675
6963,675
6964,673
6965,675
6966,625
6967,-125
6968,425
6969,471
6970,675
6971,675
6972,671
6973,675
6974,625
6975,-75
6976,675
6977,625
6978,-175
6979,625
6980,-27
6981,675
6982,625
6983,675
6984,623
6985,573
6986,573
6987,425
6988,-79
6989,675
6990,573
6991,-31
6992,675
6993,623
6994,575
6995,673
6996,671
6997,575
6998,625
6999,675
7000,521
7001,523
7002,675
7003,450
7004,623
7005,625
7006,673
7007,625
7008,573
7009,525
7010,619
7011,523
7012,623
7013,675
7014,621
7015,625
7016,673
7017,-125
7018,675
7019,398
7020,675
7021,-127
7022,625
7023,475
7024,575
7025,625
7026,25
7027,-175
7028,575
7029,546
7030,-127
7031,-75
7032,-125
7033,423
7034,675
7035,-125
7036,298
7037,675
7038,675
7039,675
7040,525
7041,-75
7042,675
7043,673
7044,-125
7045,575
7046,500
7047,671
7048,571
7049,573
7050,575
7051,298
7052,-25
7053,525
7054,675
7055,621
7056,-27
7057,550
7058,675
7059,621
7060,567
7061,675
7062,-27
7063,375
7064,500
7065,425
7066,146
7067,675
7068,673
7069,525
7070,625
7071,623
7072,573
7073,471
7074,525
7075,425
7076,-77
7077,523
7078,575
7079,-125
7080,423
7081,675
7082,-75
7083,625
7084,-75
7085,673
7086,400
7087,625
7088,321
7089,673
7090,673
7091,-200
7092,673
7093,475
7094,675
7095,675
7096,375
7097,548
7098,673
7099,625
7100,673
7101,223
7102,425
7103,-127
7104,625
7105,675
7106,75
7107,-27
7108,675
7109,623
7110,400
7111,575
7112,346
7113,621
7114,675
7115,523
7116,675
7117,-25
7118,625
7119,-125
7120,675
7121,675
7122,-125
7123,671
7124,-125
7125,550
7126,-75
7127,675
7128,675
7129,625
7130,675
7131,625
7132,248
7133,350
7134,675
7135,675
7136,673
7137,525
7138,673
7139,575
7140,-25
7141,675
7142,623
7143,575
7144,625
7145,623
7146,375
7147,675
7148,550
7149,423
7150,575
7151,-127
7152,375
7153,-25
7154,675
7155,675
7156,525
7157,-25
7158,-75
7159,373
7160,625
7161,675
7162,675
7163,675
7164,425
7165,625
7166,625
7167,294
7168,519
7169,-75
7170,473
7171,625
7172,473
7173,575
7174,400
7175,623
7176,523
7177,675
7178,-25
7179,-125
7180,575
7181,673
7182,575
7183,675
7184,500
7185,673
7186,475
7187,-125
7188,675
7189,675
7190,675
7191,-275
7192,625
7193,-231
7194,673
7195,575
7196,575
7197,625
7198,-125
7199,623
7200,373
7201,673
7202,350
7203,-77
7204,473
7205,-25
7206,575
7207,48
7208,473
7209,675
7210,623
7211,-25
7212,-79
7213,625
7214,519
7215,675
7216,625
7217,-25
7218,625
7219,625
7220,671
7221,575
7222,475
7223,575
7224,625
7225,625
7226,623
7227,625
7228,-2
7229,625
7230,675
7231,625
7232,-127
7233,675
7234,573
7235,425
7236,625
7237,121
7238,375
7239,625
7240,500
7241,398
7242,671
7243,475
7244,675
7245,675
7246,521
7247,525
7248,-125
7249,-75
7250,-125
7251,575
7252,-25
7253,273
7254,-4
7255,625
7256,625
7257,575
7258,575
7259,675
7260,575
7261,673
7262,625
7263,-77
7264,675
7265,423
7266,573
7267,-25
7268,625
7269,-175
7270,675
7271,625
7272,625
7273,675
7274,675
7275,675
7276,-75
7277,575
7278,573
7279,625
7280,-175
7281,625
7282,525
7283,425
7284,675
7285,673
7286,-127
7287,571
7288,625
7289,250
7290,523
7291,675
7292,573
7293,573
7294,525
7295,248
7296,400
7297,625
7298,625
7299,673
7300,600
7301,-25
7302,623
7303,275
7304,400
7305,575
7306,-27
7307,-50
7308,575
7309,673
7310,623
7311,575
7312,350
7313,621
7314,350
7315,625
7316,673
7317,-127
7318,400
7319,675
7320,625
7321,-25
7322,675
7323,623
7324,525
7325,625
7326,675
7327,673
7328,625
7329,673
7330,623
7331,-125
7332,675
7333,625
7334,-25
7335,675
7336,-125
7337,673
7338,-25
7339,573
7340,550
7341,-175
7342,475
7343,525
7344,575
7345,675
7346,675
7347,-125
7348,621
7349,-125
7350,675
7351,675
7352,421
7353,675
7354,523
7355,673
7356,573
7357,475
7358,-175
7359,675
7360,625
7361,675
7362,-75
7363,550
7364,325
7365,-77
7366,675
7367,675
7368,675
7369,623
7370,523
7371,675
7372,675
7373,-125
7374,-75
7375,575
7376,625
7377,619
7378,623
7379,-77
7380,675
7381,-75
7382,675
7383,-125
7384,675
7385,-75
7386,550
7387,248
7388,-125
7389,675
7390,623
7391,623
7392,625
7393,-75
7394,525
7395,-152
7396,-75
7397,625
7398,675
7399,-75
7400,-125
7401,673
7402,675
7403,675
7404,671
7405,400
7406,625
7407,73
7408,571
7409,675
7410,625
7411,675
7412,-77
7413,675
7414,625
7415,525
7416,625
7417,675
7418,675
7419,675
7420,575
7421,675
7422,398
7423,-125
7424,575
7425,623
7426,517
7427,-25
7428,-125
7429,475
7430,573
7431,675
7432,323
7433,625
7434,625
7435,675
7436,248
7437,575
7438,273
7439,575
7440,623
7441,675
7442,625
7443,673
7444,673
7445,673
7446,-127
7447,-25
7448,671
7449,346
7450,425
7451,23
7452,373
7453,675
7454,673
7455,625
7456,-125
7457,675
7458,675
7459,-25
7460,625
7461,425
7462,675
7463,575
7464,498
7465,675
7466,625
7467,-27
7468,675
7469,675
7470,675
7471,625
7472,675
7473,573
7474,625
7475,625
7476,675
7477,425
7478,-75
7479,675
7480,425
7481,400
7482,675
7483,400
7484,671
7485,350
7486,675
7487,673
7488,-200
7489,-25
7490,-125
7491,525
7492,675
7493,575
7494,-75
7495,-25
7496,375
7497,575
7498,623
7499,625
7500,348
7501,675
7502,571
7503,-27
7504,550
7505,-77
7506,673
7507,475
7508,673
7509,300
7510,-25
7511,625
7512,548
7513,675
7514,-125
7515,623
7516,-25
7517,623
7518,675
7519,-127
7520,623
7521,525
7522,675
7523,671
7524,575
7525,675
7526,425
7527,498
7528,573
7529,675
7530,344
7531,575
7532,575
7533,-25
7534,498
7535,673
7536,675
7537,675
7538,425
7539,625
7540,673
7541,-25
7542,-125
7543,525
7544,423
7545,671
7546,425
7547,675
7548,675
7549,623
7550,550
7551,-29
7552,-177
7553,625
7554,250
7555,-127
7556,525
7557,673
7558,675
7559,-125
7560,398
7561,550
7562,623
7563,569
7564,623
7565,675
7566,-75
7567,-125
7568,675
7569,625
7570,675
7571,625
7572,675
7573,575
7574,573
7575,-125
7576,625
7577,473
7578,-75
7579,675
7580,523
7581,673
7582,675
7583,573
7584,625
7585,-125
7586,625
7587,-25
7588,675
7589,675
7590,-127
7591,675
7592,-25
7593,625
7594,575
7595,625
7596,623
7597,500
7598,623
7599,500
7600,-25
7601,571
7602,573
7603,673
7604,525
7605,675
7606,-131
7607,275
7608,623
7609,500
7610,675
7611,675
7612,623
7613,525
7614,-125
7615,575
7616,625
7617,675
7618,675
7619,675
7620,-75
7621,523
7622,675
7623,525
7624,500
7625,625
7626,575
7627,523
7628,525
7629,-75
7630,425
7631,675
7632,-125
7633,675
7634,-125
7635,675
7636,450
7637,-25
7638,675
7639,675
7640,675
7641,375
7642,625
7643,671
7644,675
7645,-27
7646,625
7647,673
7648,675
7649,-125
7650,-31
7651,348
7652,-25
7653,675
7654,423
7655,675
7656,675
7657,-125
7658,625
7659,675
7660,275
7661,525
7662,473
7663,673
7664,-125
7665,671
7666,50
7667,675
7668,673
7669,675
7670,571
7671,398
7672,619
7673,423
7674,425
7675,573
7676,200
7677,573
7678,625
7679,471
7680,25
7681,475
7682,475
7683,675
7684,425
7685,350
7686,-129
7687,673
7688,-125
7689,675
7690,673
7691,675
7692,548
7693,-25
7694,673
7695,500
7696,398
7697,675
7698,675
7699,625
7700,423
7701,625
7702,225
7703,425
7704,-75
7705,-125
7706,573
7707,425
7708,625
7709,675
7710,625
7711,-75
7712,625
7713,625
7714,675
7715,475
7716,625
7717,625
7718,548
7719,-75
7720,425
7721,525
7722,675
7723,673
7724,325
7725,-125
7726,244
7727,673
7728,298
7729,625
7730,573
7731,-125
7732,675
7733,-77
7734,425
7735,623
7736,-75
7737,-75
7738,475
7739,400
7740,600
7741,375
7742,623
7743,225
7744,625
7745,550
7746,525
7747,550
7748,671
7749,573
7750,673
7751,621
7752,525
7753,423
7754,398
7755,673
7756,675
7757,623
7758,-75
7759,623
7760,675
7761,573
7762,625
7763,575
7764,675
7765,498
7766,473
7767,550
7768,675
7769,471
7770,675
7771,625
7772,675
7773,525
7774,575
7775,673
7776,425
7777,398
7778,-25
7779,425
7780,225
7781,448
7782,675
7783,675
7784,675
7785,623
7786,625
7787,-125
7788,675
7789,675
7790,475
7791,575
7792,625
7793,675
7794,675
7795,673
7796,525
7797,675
7798,521
7799,675
7800,300
7801,673
7802,350
7803,-77
7804,550
7805,473
7806,446
7807,675
7808,675
7809,675
7810,673
7811,-75
7812,675
7813,350
7814,575
7815,673
7816,-125
7817,-27
7818,319
7819,575
7820,623
7821,473
7822,575
7823,525
7824,675
7825,573
7826,-200
7827,575
7828,-125
7829,523
7830,625
7831,575
7832,400
7833,675
7834,375
7835,673
7836,575
7837,675
7838,500
7839,-25
7840,675
7841,525
7842,675
7843,625
7844,375
7845,-75
7846,-79
7847,673
7848,675
7849,423
7850,675
7851,675
7852,623
7853,525
7854,575
7855,-75
7856,625
7857,375
7858,573
7859,-29
7860,400
7861,473
7862,-125
7863,669
7864,675
7865,523
7866,625
7867,-200
7868,675
7869,523
7870,-50
7871,-75
7872,-79
7873,675
7874,625
7875,675
7876,675
7877,625
7878,675
7879,675
7880,-125
7881,625
7882,625
7883,575
7884,669
7885,325
7886,-4
7887,675
7888,675
7889,675
7890,675
7891,625
7892,525
7893,675
7894,623
7895,-125
7896,-77
7897,348
7898,675
7899,-125
7900,575
7901,525
7902,625
7903,625
7904,621
7905,675
7906,300
7907,675
7908,573
7909,625
7910,575
7911,675
7912,-75
7913,675
7914,675
7915,-77
7916,673
7917,-125
7918,575
7919,675
7920,673
7921,500
7922,675
7923,675
7924,421
7925,671
7926,425
7927,-200
7928,675
7929,-125
7930,673
7931,-75
7932,421
7933,-75
7934,675
7935,575
7936,575
7937,-75
7938,675
7939,400
7940,-200
7941,-75
7942,250
7943,625
7944,625
7945,623
7946,575
7947,-77
7948,675
7949,469
7950,625
7951,400
7952,675
7953,-29
7954,-77
7955,621
7956,525
7957,675
7958,675
7959,-75
7960,525
7961,675
7962,625
7963,675
7964,623
7965,675
7966,675
7967,625
7968,475
7969,550
7970,625
7971,425
7972,525
7973,425
7974,-125
7975,623
7976,625
7977,675
7978,673
7979,675
7980,-125
7981,-125
7982,675
7983,675
7984,675
7985,673
7986,573
7987,-75
7988,525
7989,675
7990,625
7991,-127
7992,573
7993,675
7994,525
7995,675
7996,-125
7997,425
7998,575
7999,675
8000,623
8001,673
8002,523
8003,623
8004,675
8005,625
8006,673
8007,675
8008,575
8009,-125
8010,625
8011,675
8012,575
8013,400
8014,-127
8015,625
8016,675
8017,-77
8018,513
8019,450
8020,500
8021,-75
8022,625
8023,673
8024,623
8025,625
8026,425
8027,-27
8028,673
8029,519
8030,-125
8031,675
8032,675
8033,473
8034,675
8035,-75
8036,519
8037,575
8038,573
8039,298
8040,450
8041,475
8042,675
8043,675
8044,-200
8045,673
8046,300
8047,675
8048,675
8049,623
8050,400
8051,673
8052,523
8053,573
8054,475
8055,-125
8056,498
8057,625
8058,675
8059,675
8060,673
8061,-75
8062,-25
8063,675
8064,675
8065,-125
8066,-75
8067,625
8068,573
8069,575
8070,675
8071,675
8072,623
8073,573
8074,675
8075,475
8076,625
8077,675
8078,675
8079,625
8080,623
8081,-25
8082,425
8083,623
8084,150
8085,-25
8086,575
8087,625
8088,525
8089,525
8090,625
8091,-125
8092,675
8093,623
8094,-200
8095,-204
8096,-77
8097,675
8098,673
8099,-25
8100,675
8101,573
8102,625
8103,525
8104,421
8105,675
8106,675
8107,573
8108,673
8109,623
8110,-29
8111,675
8112,425
8113,425
8114,623
8115,675
8116,625
8117,625
8118,625
8119,673
8120,675
8121,623
8122,625
8123,-75
8124,673
8125,525
8126,623
8127,621
8128,625
8129,623
8130,675
8131,623
8132,625
8133,675
8134,673
8135,548
8136,621
8137,573
8138,369
8139,675
8140,675
8141,525
8142,625
8143,625
8144,423
8145,275
8146,-25
8147,-25
8148,675
8149,675
8150,325
8151,671
8152,498
8153,621
8154,675
8155,-25
8156,375
8157,617
8158,-25
8159,575
8160,675
8161,623
8162,-29
8163,-75
8164,675
8165,-75
8166,621
8167,625
8168,0
8169,-77
8170,673
8171,475
8172,675
8173,675
8174,675
8175,623
8176,673
8177,575
8178,675
8179,675
8180,621
8181,675
8182,523
8183,-125
8184,575
8185,675
8186,625
8187,200
8188,600
8189,375
8190,325
8191,525
8192,675
8193,675
8194,-200
8195,-125
8196,675
8197,675
8198,575
8199,423
8200,675
8201,675
8202,675
8203,-75
8204,-125
8205,675
8206,598
8207,-175
8208,625
8209,450
8210,375
8211,-125
8212,350
8213,521
8214,675
8215,623
8216,-25
8217,575
8218,675
8219,625
8220,675
8221,675
8222,525
8223,675
8224,671
8225,575
8226,500
8227,675
8228,621
8229,425
8230,-75
8231,675
8232,675
8233,673
8234,623
8235,373
8236,675
8237,625
8238,-25
8239,375
8240,-125
8241,673
8242,625
8243,675
8244,675
8245,675
8246,-2
8247,623
8248,-125
8249,425
8250,675
8251,675
8252,-25
8253,525
8254,550
8255,675
8256,275
8257,375
8258,675
8259,275
8260,675
8261,623
8262,-75
8263,-102
8264,625
8265,523
8266,-75
8267,675
8268,-200
8269,548
8270,523
8271,325
8272,671
8273,573
8274,425
8275,675
8276,346
8277,-75
8278,673
8279,-125
8280,675
8281,-127
8282,475
8283,573
8284,625
8285,573
8286,525
8287,675
8288,-27
8289,675
8290,675
8291,-125
8292,675
8293,525
8294,525
8295,375
8296,625
8297,373
8298,675
8299,625
8300,675
8301,475
8302,-125
8303,675
8304,675
8305,623
8306,675
8307,300
8308,-25
8309,275
8310,548
8311,175
8312,548
8313,625
8314,623
8315,675
8316,575
8317,675
8318,50
8319,671
8320,525
8321,625
8322,625
8323,573
8324,275
8325,621
8326,350
8327,625
8328,625
8329,375
8330,575
8331,625
8332,-252
8333,573
8334,675
8335,398
8336,675
8337,575
8338,475
8339,675
8340,348
8341,625
8342,625
8343,675
8344,675
8345,523
8346,673
8347,-129
8348,-29
8349,623
8350,375
8351,575
8352,675
8353,621
8354,-25
8355,673
8356,675
8357,575
8358,425
8359,525
8360,625
8361,625
8362,473
8363,-77
8364,619
8365,625
8366,671
8367,-125
8368,423
8369,-125
8370,475
8371,-227
8372,675
8373,425
8374,273
8375,675
8376,346
8377,575
8378,625
8379,675
8380,473
8381,571
8382,675
8383,673
8384,675
8385,625
8386,625
8387,673
8388,625
8389,675
8390,675
8391,673
8392,621
8393,621
8394,425
8395,475
8396,625
8397,525
8398,623
8399,425
8400,425
8401,-25
8402,-125
8403,575
8404,675
8405,523
8406,625
8407,350
8408,523
8409,675
8410,673
8411,675
8412,375
8413,598
8414,550
8415,623
8416,-75
8417,-25
8418,475
8419,-25
8420,623
8421,675
8422,-83
8423,550
8424,625
8425,-125
8426,675
8427,-125
8428,-75
8429,475
8430,673
8431,625
8432,623
8433,-50
8434,350
8435,623
8436,225
8437,-175
8438,673
8439,550
8440,675
8441,675
8442,-27
8443,625
8444,675
8445,-25
8446,623
8447,-75
8448,675
8449,521
8450,-77
8451,671
8452,675
8453,-125
8454,673
8455,425
8456,546
8457,525
8458,675
8459,625
8460,675
8461,448
8462,571
8463,575
8464,525
8465,675
8466,675
8467,525
8468,298
8469,675
8470,625
8471,542
8472,525
8473,550
8474,625
8475,275
8476,-127
8477,675
8478,-125
8479,-75
8480,573
8481,525
8482,500
8483,525
8484,675
8485,98
8486,575
8487,198
8488,673
8489,525
8490,675
8491,375
8492,675
8493,375
8494,-75
8495,-125
8496,-75
8497,425
8498,575
8499,675
8500,475
8501,-125
8502,675
8503,525
8504,625
8505,625
8506,675
8507,625
8508,675
8509,150
8510,675
8511,-27
8512,475
8513,-77
8514,575
8515,373
8516,673
8517,-125
8518,225
8519,673
8520,675
8521,669
8522,-125
8523,498
8524,350
8525,198
8526,673
8527,525
8528,-379
8529,525
8530,525
8531,275
8532,250
8533,-75
8534,-77
8535,573
8536,-177
8537,675
8538,525
8539,625
8540,523
8541,573
8542,675
8543,475
8544,573
8545,675
8546,425
8547,423
8548,625
8549,-77
8550,-200
8551,523
8552,671
8553,-125
8554,573
8555,673
8556,673
8557,475
8558,-127
8559,675
8560,625
8561,575
8562,675
8563,625
8564,-75
8565,-125
8566,475
8567,550
8568,525
8569,675
8570,575
8571,300
8572,675
8573,375
8574,675
8575,498
8576,225
8577,475
8578,500
8579,675
8580,-125
8581,675
8582,575
8583,-125
8584,673
8585,623
8586,675
8587,675
8588,525
8589,-75
8590,-127
8591,673
8592,675
8593,425
8594,575
8595,625
8596,675
8597,73
8598,675
8599,673
8600,625
8601,673
8602,675
8603,673
8604,625
8605,625
8606,621
8607,673
8608,575
8609,375
8610,675
8611,625
8612,-125
8613,675
8614,525
8615,325
8616,250
8617,625
8618,673
8619,550
8620,625
8621,525
8622,675
8623,-75
8624,350
8625,675
8626,573
8627,-75
8628,675
8629,675
8630,400
8631,675
8632,525
8633,673
8634,425
8635,625
8636,423
8637,625
8638,575
8639,675
8640,-25
8641,675
8642,625
8643,625
8644,-4
8645,625
8646,625
8647,625
8648,675
8649,471
8650,498
8651,673
8652,496
8653,296
8654,671
8655,473
8656,292
8657,-75
8658,-125
8659,625
8660,246
8661,675
8662,573
8663,675
8664,675
8665,675
8666,525
8667,623
8668,573
8669,625
8670,-129
8671,675
8672,575
8673,550
8674,-54
8675,571
8676,425
8677,625
8678,675
8679,623
8680,675
8681,425
8682,-29
8683,323
8684,675
8685,675
8686,625
8687,621
8688,571
8689,-75
8690,675
8691,573
8692,675
8693,-31
8694,675
8695,673
8696,-25
8697,621
8698,675
8699,-27
8700,623
8701,200
8702,400
8703,-125
8704,625
8705,625
8706,-100
8707,675
8708,550
8709,675
8710,673
8711,673
8712,-75
8713,675
8714,-125
8715,475
8716,521
8717,-50
8718,-27
8719,517
8720,675
8721,273
8722,325
8723,623
8724,623
8725,475
8726,625
8727,675
8728,671
8729,-127
8730,523
8731,625
8732,675
8733,375
8734,675
8735,450
8736,623
8737,323
8738,525
8739,-125
8740,673
8741,-77
8742,525
8743,-75
8744,575
8745,625
8746,623
8747,400
8748,250
8749,500
8750,625
8751,400
8752,475
8753,625
8754,623
8755,673
8756,573
8757,-75
8758,525
8759,673
8760,673
8761,525
8762,450
8763,525
8764,-75
8765,675
8766,521
8767,673
8768,625
8769,400
8770,675
8771,675
8772,-75
8773,625
8774,625
8775,675
8776,673
8777,625
8778,675
8779,-27
8780,675
8781,675
8782,423
8783,575
8784,623
8785,300
8786,675
8787,525
8788,400
8789,573
8790,623
8791,573
8792,575
8793,621
8794,623
8795,400
8796,-77
8797,675
8798,675
8799,523
8800,673
8801,525
8802,-25
8803,573
8804,625
8805,675
8806,675
8807,673
8808,-27
8809,575
8810,25
8811,619
8812,623
8813,223
8814,523
8815,-125
8816,375
8817,-100
8818,-125
8819,475
8820,573
8821,350
8822,475
8823,675
8824,398
8825,-102
8826,625
8827,-125
8828,575
8829,525
8830,-25
8831,675
8832,675
8833,673
8834,521
8835,675
8836,675
8837,623
8838,-200
8839,-127
8840,675
8841,-77
8842,625
8843,625
8844,675
8845,550
8846,498
8847,675
8848,625
8849,625
8850,575
8851,625
8852,-75
8853,423
8854,625
8855,673
8856,625
8857,625
8858,625
8859,625
8860,-125
8861,623
8862,571
8863,425
8864,625
8865,675
8866,-127
8867,675
8868,675
8869,675
8870,675
8871,673
8872,-125
8873,675
8874,675
8875,521
8876,-127
8877,623
8878,623
8879,-125
8880,400
8881,423
8882,625
8883,425
8884,675
8885,525
8886,623
8887,-79
8888,346
8889,675
8890,-27
8891,625
8892,525
8893,525
8894,675
8895,675
8896,675
8897,475
8898,-77
8899,-127
8900,-127
8901,675
8902,575
8903,596
8904,500
8905,-75
8906,375
8907,675
8908,625
8909,-125
8910,550
8911,675
8912,-177
8913,675
8914,423
8915,623
8916,525
8917,525
8918,-25
8919,471
8920,573
8921,-29
8922,-75
8923,-75
8924,-75
8925,-227
8926,-75
8927,675
8928,-75
8929,525
8930,625
8931,623
8932,675
8933,619
8934,425
8935,675
8936,275
8937,-125
8938,575
8939,425
8940,575
8941,-175
8942,423
8943,400
8944,673
8945,673
8946,673
8947,-77
8948,675
8949,125
8950,675
8951,475
8952,625
8953,675
8954,675
8955,675
8956,575
8957,-75
8958,675
8959,625
8960,675
8961,400
8962,623
8963,500
8964,198
8965,-75
8966,575
8967,675
8968,675
8969,625
8970,150
8971,-125
8972,-79
8973,398
8974,675
8975,675
8976,575
8977,625
8978,571
8979,675
8980,525
8981,675
8982,675
8983,625
8984,625
8985,625
8986,-75
8987,625
8988,398
8989,-79
8990,521
8991,625
8992,673
8993,475
8994,-127
8995,-125
8996,625
8997,346
8998,675
8999,675
9000,675
9001,675
9002,675
9003,498
9004,675
9005,675
9006,625
9007,450
9008,298
9009,621
9010,625
9011,521
9012,673
9013,575
9014,-100
9015,675
9016,-75
9017,625
9018,-27
9019,475
9020,525
9021,673
9022,-229
9023,400
9024,425
9025,575
9026,-75
9027,425
9028,675
9029,-125
9030,523
9031,625
9032,248
9033,525
9034,-75
9035,673
9036,675
9037,675
9038,350
9039,625
9040,623
9041,673
9042,-125
9043,675
9044,675
9045,625
9046,398
9047,675
9048,675
9049,425
9050,-125
9051,-125
9052,623
9053,675
9054,625
9055,425
9056,425
9057,675
9058,575
9059,675
9060,-77
9061,-75
9062,675
9063,625
9064,675
9065,-125
9066,623
9067,-27
9068,675
9069,473
9070,573
9071,-127
9072,675
9073,296
9074,0
9075,575
9076,425
9077,-125
9078,625
9079,625
9080,-27
9081,675
9082,-175
9083,523
9084,621
9085,675
9086,-50
9087,-75
9088,623
9089,675
9090,675
9091,673
9092,425
9093,675
9094,375
9095,100
9096,625
9097,-125
9098,675
9099,625
9100,625
9101,-25
9102,675
9103,675
9104,625
9105,500
9106,675
9107,575
9108,-25
9109,525
9110,675
9111,673
9112,544
9113,-125
9114,675
9115,-25
9116,625
9117,575
9118,375
9119,473
9120,675
9121,625
9122,675
9123,625
9124,375
9125,419
9126,573
9127,275
9128,-75
9129,550
9130,621
9131,675
9132,671
9133,625
9134,623
9135,675
9136,575
9137,675
9138,548
9139,625
9140,625
9141,-125
9142,475
9143,675
9144,675
9145,-25
9146,675
9147,523
9148,373
9149,-75
9150,621
9151,523
9152,675
9153,675
9154,-125
9155,675
9156,675
9157,625
9158,673
9159,573
9160,-125
9161,-125
9162,575
9163,-125
9164,673
9165,-75
9166,623
9167,475
9168,625
9169,-125
9170,673
9171,675
9172,450
9173,0
9174,475
9175,-77
9176,625
9177,675
9178,675
9179,673
9180,625
9181,375
9182,675
9183,575
9184,-125
9185,623
9186,623
9187,300
9188,-75
9189,623
9190,625
9191,548
9192,25
9193,573
9194,625
9195,-125
9196,621
9197,375
9198,625
9199,423
9200,298
9201,621
9202,675
9203,625
9204,623
9205,400
9206,675
9207,-102
9208,625
9209,-127
9210,-75
9211,400
9212,621
9213,425
9214,623
9215,675
9216,523
9217,-150
9218,473
9219,-127
9220,625
9221,675
9222,-75
9223,623
9224,-75
9225,-25
9226,-29
9227,400
9228,425
9229,673
9230,-25
9231,675
9232,-127
9233,400
9234,675
9235,675
9236,675
9237,675
9238,675
9239,675
9240,-125
9241,575
9242,623
9243,675
9244,523
9245,-77
9246,675
9247,550
9248,625
9249,673
9250,421
9251,675
9252,625
9253,675
9254,573
9255,625
9256,673
9257,-25
9258,0
9259,671
9260,625
9261,623
9262,625
9263,400
9264,625
9265,675
9266,375
9267,625
9268,575
9269,675
9270,475
9271,-127
9272,625
9273,673
9274,675
9275,675
9276,298
9277,400
9278,625
9279,373
9280,-75
9281,675
9282,73
9283,-25
9284,675
9285,675
9286,525
9287,673
9288,548
9289,675
9290,573
9291,550
9292,-125
9293,673
9294,671
9295,623
9296,421
9297,475
9298,-177
9299,575
9300,425
9301,-75
9302,673
9303,571
9304,-127
9305,446
9306,675
9307,675
9308,673
9309,550
9310,675
9311,346
9312,621
9313,525
9314,675
9315,-25
9316,575
9317,-75
9318,675
9319,-77
9320,675
9321,-175
9322,625
9323,-77
9324,-175
9325,575
9326,425
9327,-127
9328,-27
9329,-125
9330,625
9331,625
9332,-77
9333,373
9334,-75
9335,523
9336,575
9337,375
9338,675
9339,675
9340,575
9341,575
9342,575
9343,525
9344,373
9345,300
9346,675
9347,425
9348,-125
9349,-125
9350,525
9351,625
9352,675
9353,625
9354,300
9355,475
9356,-77
9357,625
9358,675
9359,619
9360,448
9361,675
9362,525
9363,200
9364,-25
9365,523
9366,675
9367,675
9368,575
9369,-125
9370,675
9371,625
9372,625
9373,625
9374,675
9375,194
9376,-125
9377,625
9378,550
9379,675
9380,525
9381,525
9382,375
9383,-125
9384,-175
9385,625
9386,575
9387,675
9388,596
9389,425
9390,525
9391,571
9392,675
9393,-75
9394,-125
9395,675
9396,673
9397,250
9398,675
9399,675
9400,273
9401,625
9402,523
9403,675
9404,623
9405,-125
9406,673
9407,425
9408,623
9409,675
9410,-75
9411,-25
9412,625
9413,448
9414,675
9415,675
9416,-50
9417,-125
9418,575
9419,275
9420,675
9421,673
9422,673
9423,623
9424,425
9425,-127
9426,625
9427,575
9428,625
9429,473
9430,500
9431,375
9432,573
9433,390
9434,498
9435,444
9436,150
9437,625
9438,-75
9439,673
9440,-125
9441,623
9442,-75
9443,625
9444,-125
9445,673
9446,625
9447,673
9448,671
9449,675
9450,671
9451,-125
9452,-75
9453,575
9454,625
9455,625
9456,575
9457,625
9458,675
9459,-77
9460,625
9461,544
9462,575
9463,625
9464,571
9465,673
9466,623
9467,325
9468,573
9469,673
9470,400
9471,675
9472,675
9473,625
9474,496
9475,350
9476,550
9477,571
9478,-75
9479,675
9480,625
9481,675
9482,523
9483,675
9484,400
9485,525
9486,575
9487,396
9488,21
9489,348
9490,-27
9491,400
9492,673
9493,675
9494,675
9495,675
9496,673
9497,625
9498,675
9499,625
9500,550
9501,675
9502,-125
9503,625
9504,-29
9505,475
9506,398
9507,625
9508,-75
9509,675
9510,-75
9511,673
9512,623
9513,475
9514,675
9515,575
9516,675
9517,525
9518,498
9519,473
9520,625
9521,-75
9522,275
9523,-127
9524,625
9525,673
9526,325
9527,-75
9528,523
9529,498
9530,675
9531,373
9532,398
9533,675
9534,625
9535,675
9536,475
9537,-31
9538,675
9539,675
9540,275
9541,-125
9542,675
9543,525
9544,-75
9545,400
9546,-75
9547,625
9548,675
9549,-125
9550,575
9551,425
9552,-77
9553,400
9554,623
9555,675
9556,625
9557,350
9558,-87
9559,348
9560,523
9561,575
9562,548
9563,-200
9564,675
9565,623
9566,-177
9567,625
9568,496
9569,675
9570,-125
9571,675
9572,523
9573,248
9574,625
9575,-79
9576,575
9577,675
9578,-75
9579,675
9580,575
9581,521
9582,675
9583,575
9584,475
9585,673
9586,675
9587,625
9588,675
9589,625
9590,-125
9591,625
9592,-100
9593,625
9594,575
9595,-125
9596,575
9597,673
9598,398
9599,675
9600,625
9601,675
9602,-27
9603,625
9604,625
9605,673
9606,-75
9607,675
9608,425
9609,623
9610,-75
9611,296
9612,675
9613,625
9614,-125
9615,521
9616,525
9617,625
9618,675
9619,473
9620,-127
9621,673
9622,675
9623,675
9624,621
9625,675
9626,175
9627,673
9628,675
9629,575
9630,673
9631,675
9632,675
9633,623
9634,675
9635,675
9636,673
9637,248
9638,-125
9639,525
9640,675
9641,675
9642,625
9643,675
9644,525
9645,398
9646,323
9647,525
9648,675
9649,-75
9650,675
9651,675
9652,325
9653,-125
9654,675
9655,400
9656,373
9657,675
9658,-200
9659,625
9660,-125
9661,425
9662,671
9663,675
9664,625
9665,-75
9666,575
9667,471
9668,675
9669,625
9670,523
9671,-125
9672,-75
9673,300
9674,619
9675,575
9676,425
9677,400
9678,350
9679,-127
9680,623
9681,521
9682,625
9683,675
9684,150
9685,475
9686,523
9687,575
9688,575
9689,-125
9690,425
9691,-75
9692,573
9693,673
9694,550
9695,375
9696,625
9697,398
9698,550
9699,473
9700,425
9701,425
9702,675
9703,575
9704,675
9705,623
9706,-125
9707,673
9708,673
9709,625
9710,-75
9711,673
9712,673
9713,623
9714,-175
9715,471
9716,625
9717,673
9718,675
9719,673
9720,675
9721,675
9722,625
9723,625
9724,673
9725,625
9726,623
9727,550
9728,623
9729,-125
9730,-25
9731,675
9732,523
9733,675
9734,675
9735,625
9736,675
9737,-125
9738,450
9739,500
9740,-75
9741,675
9742,573
9743,550
9744,575
9745,621
9746,675
9747,675
9748,-175
9749,625
9750,525
9751,675
9752,473
9753,-75
9754,548
9755,250
9756,-125
9757,673
9758,-75
9759,573
9760,675
9761,-125
9762,675
9763,675
9764,-125
9765,-175
9766,-127
9767,623
9768,625
9769,675
9770,300
9771,423
9772,575
9773,675
9774,675
9775,473
9776,600
9777,625
9778,-25
9779,621
9780,675
9781,-25
9782,550
9783,675
9784,550
9785,673
9786,675
9787,-125
9788,675
9789,-127
9790,-27
9791,675
9792,625
9793,675
9794,-25
9795,575
9796,623
9797,621
9798,675
9799,675
9800,525
9801,575
9802,625
9803,598
9804,-125
9805,675
9806,523
9807,675
9808,675
9809,-75
9810,498
9811,675
9812,623
9813,-125
9814,675
9815,-125
9816,-75
9817,450
9818,671
9819,-75
9820,350
9821,-77
9822,575
9823,673
9824,675
9825,625
9826,625
9827,623
9828,675
9829,673
9830,-125
9831,348
9832,548
9833,575
9834,673
9835,675
9836,673
9837,673
9838,475
9839,571
9840,675
9841,-77
9842,-125
9843,271
9844,625
9845,150
9846,671
9847,625
9848,623
9849,375
9850,625
9851,-25
9852,675
9853,196
9854,475
9855,525
9856,-75
9857,673
9858,675
9859,675
9860,-25
9861,675
9862,675
9863,575
9864,425
9865,673
9866,675
9867,375
9868,623
9869,675
9870,673
9871,675
9872,675
9873,425
9874,675
9875,675
9876,573
9877,623
9878,598
9879,625
9880,300
9881,675
9882,675
9883,-75
9884,-75
9885,675
9886,550
9887,500
9888,675
9889,-25
9890,625
9891,675
9892,525
9893,625
9894,625
9895,500
9896,623
9897,573
9898,675
9899,623
9900,-75
9901,671
9902,-75
9903,675
9904,675
9905,-125
9906,-27
9907,675
9908,575
9909,625
9910,-79
9911,-125
9912,675
9913,673
9914,-25
9915,425
9916,675
9917,548
9918,-75
9919,-25
9920,423
9921,473
9922,675
9923,425
9924,548
9925,-177
9926,-77
9927,575
9928,625
9929,275
9930,-75
9931,573
9932,600
9933,-75
9934,675
9935,575
9936,675
9937,675
9938,675
9939,625
9940,623
9941,623
9942,475
9943,-79
9944,575
9945,623
9946,675
9947,-125
9948,673
9949,150
9950,675
9951,623
9952,575
9953,625
9954,550
9955,-77
9956,-25
9957,675
9958,623
9959,625
9960,498
9961,-75
9962,-4
9963,-125
9964,-75
9965,675
9966,-75
9967,675
9968,675
9969,673
9970,575
9971,-75
9972,623
9973,350
9974,348
9975,575
9976,625
9977,-125
9978,675
9979,675
9980,575
9981,575
9982,675
9983,521
9984,675
9985,-125
9986,675
9987,-125
9988,673
9989,398
9990,625
9991,425
9992,575
9993,673
9994,575
9995,275
9996,275
9997,-75
9998,625
9999,675
10000,625
[[(4, 4), 0, -25], [(3, 4), 2, 50], [(3, 3), 2, 50], [(3, 2), 2, 250], [(3, 1), 0, 250], [(2, 1), 2, -25], [(2, 0), 0, -25], [(1, 0), 0, 150]]