1,-185
2,-231
3,-125
4,-125
5,161
6,-200
7,-329
8,-125
9,-200
10,-385
11,-526
12,-183
13,-441
14,-152
15,-427
16,-233
17,105
18,-283
19,-125
20,-334
21,-547
22,153
23,-352
24,142
25,-508
26,-200
27,-491
28,-406
29,-131
30,-368
31,-300
32,-282
33,-466
34,-277
35,-281
36,-127
37,-647
38,-131
39,-281
40,-206
41,-131
42,59
43,-651
44,-133
45,-389
46,-127
47,-243
48,-565
49,-333
50,-200
51,-412
52,-195
53,-730
54,-865
55,-445
56,-283
57,211
58,-418
59,-206
60,-402
61,-709
62,-127
63,-185
64,-607
65,-424
66,-135
67,-235
68,-262
69,-129
70,-127
71,-287
72,-366
73,-633
74,-260
75,-439
76,-383
77,-127
78,-250
79,-177
80,65
81,-185
82,90
83,121
84,-77
85,134
86,-483
87,273
88,-127
89,-6
90,-411
91,-131
92,-127
93,-183
94,-181
95,-202
96,-541
97,161
98,-200
99,-125
100,-125
101,-75
102,75
103,-233
104,-357
105,-77
106,-202
107,250
108,-125
109,-366
110,-385
111,-31
112,-285
113,-381
114,-125
115,-4
116,-564
117,-202
118,-81
119,48
120,-283
121,-75
122,-210
123,125
124,46
125,-125
126,-275
127,271
128,-75
129,-202
130,-127
131,-225
132,-360
133,40
134,-260
135,-412
136,-89
137,546
138,-252
139,-243
140,269
141,-36
142,-7
143,-135
144,-75
145,-93
146,-125
147,-133
148,325
149,-204
150,-125
151,-435
152,-327
153,-191
154,-258
155,369
156,-129
157,-210
158,-175
159,-383
160,-177
161,-202
162,-270
163,-237
164,73
165,-127
166,-279
167,-39
168,-166
169,-249
170,36
171,-237
172,-125
173,348
174,-81
175,-366
176,-366
177,-129
178,-199
179,319
180,-127
181,-495
182,69
183,98
184,-33
185,144
186,-256
187,523
188,-206
189,396
190,125
191,567
192,375
193,-181
194,-233
195,573
196,-125
197,-189
198,92
199,-152
200,88
201,288
202,-164
203,-200
204,-256
205,-206
206,-250
207,-264
208,-245
209,-152
210,-481
211,-295
212,-81
213,340
214,-200
215,-377
216,-200
217,292
218,209
219,-204
220,-87
221,209
222,-458
223,69
224,-127
225,571
226,-202
227,-202
228,-152
229,-227
230,321
231,-250
232,-200
233,-125
234,421
235,115
236,-393
237,-31
238,-306
239,-75
240,163
241,-202
242,-175
243,-231
244,-287
245,-231
246,290
247,275
248,-314
249,396
250,219
251,-127
252,-641
253,375
254,-252
255,419
256,-77
257,321
258,513
259,369
260,496
261,-177
262,-229
263,244
264,-175
265,-229
266,176
267,-127
268,-181
269,-41
270,-58
271,-175
272,619
273,-202
274,271
275,5
276,421
277,373
278,-83
279,-125
280,-125
281,-125
282,-183
283,-125
284,467
285,-375
286,84
287,265
288,390
289,-6
290,-395
291,-200
292,544
293,521
294,-129
295,184
296,425
297,450
298,-6
299,-10
300,-125
301,275
302,-458
303,421
304,425
305,-283
306,42
307,473
308,-183
309,-229
310,471
311,-125
312,111
313,323
314,-360
315,-79
316,-131
317,-254
318,623
319,-281
320,619
321,471
322,500
323,-279
324,-125
325,-27
326,269
327,-125
328,248
329,-245
330,417
331,-206
332,150
333,0
334,417
335,567
336,419
337,-127
338,244
339,-231
340,-412
341,623
342,675
343,-535
344,498
345,-129
346,-106
347,194
348,-127
349,467
350,-152
351,523
352,-75
353,-133
354,194
355,-125
356,671
357,375
358,-129
359,346
360,69
361,-39
362,-75
363,575
364,519
365,-177
366,269
367,94
368,46
369,-100
370,-150
371,223
372,-125
373,375
374,-181
375,219
376,-233
377,-77
378,-152
379,96
380,167
381,415
382,-75
383,50
384,221
385,323
386,623
387,350
388,425
389,215
390,467
391,623
392,-216
393,-75
394,-127
395,-227
396,-200
397,-200
398,-127
399,623
400,-179
401,523
402,571
403,225
404,-77
405,-131
406,673
407,-433
408,-208
409,425
410,-256
411,-177
412,-258
413,-108
414,346
415,244
416,371
417,-277
418,161
419,623
420,169
421,623
422,300
423,-229
424,375
425,-77
426,171
427,-83
428,442
429,450
430,498
431,473
432,-125
433,-125
434,519
435,375
436,-79
437,63
438,-29
439,71
440,-154
441,0
442,625
443,-29
444,621
445,423
446,625
447,-200
448,-177
449,-125
450,671
451,-35
452,-110
453,425
454,-127
455,523
456,546
457,425
458,465
459,471
460,298
461,623
462,0
463,475
464,-229
465,-304
466,375
467,-127
468,-75
469,567
470,471
471,421
472,523
473,-133
474,675
475,-152
476,-129
477,-125
478,-204
479,600
480,-79
481,-483
482,600
483,523
484,-237
485,196
486,548
487,-27
488,523
489,-302
490,273
491,-127
492,-75
493,25
494,148
495,148
496,600
497,373
498,-127
499,421
500,419
501,523
502,521
503,473
504,-85
505,525
506,-75
507,496
508,223
509,221
510,296
511,523
512,375
513,525
514,-39
515,-252
516,469
517,625
518,-33
519,-127
520,-25
521,-125
522,571
523,-125
524,296
525,248
526,-127
527,200
528,373
529,573
530,-125
531,-77
532,221
533,-175
534,400
535,525
536,675
537,371
538,-127
539,-25
540,469
541,573
542,-75
543,-39
544,275
545,125
546,148
547,-75
548,-227
549,675
550,325
551,673
552,-133
553,-179
554,-179
555,200
556,-77
557,248
558,-125
559,348
560,675
561,296
562,525
563,473
564,-125
565,-202
566,675
567,-125
568,-129
569,471
570,-291
571,350
572,-175
573,523
574,367
575,265
576,-125
577,73
578,575
579,294
580,519
581,423
582,-202
583,-125
584,346
585,350
586,573
587,-75
588,419
589,-125
590,673
591,496
592,-52
593,400
594,671
595,363
596,25
597,-181
598,221
599,225
600,473
601,675
602,273
603,73
604,146
605,273
606,275
607,121
608,-75
609,125
610,671
611,223
612,271
613,475
614,621
615,675
616,-179
617,671
618,19
619,-175
620,525
621,-279
622,675
623,625
624,-77
625,44
626,375
627,423
628,673
629,371
630,-29
631,-27
632,521
633,525
634,-75
635,675
636,-81
637,625
638,625
639,425
640,-133
641,519
642,675
643,623
644,273
645,525
646,-127
647,300
648,-125
649,671
650,621
651,523
652,-77
653,550
654,300
655,173
656,623
657,673
658,-125
659,-25
660,-250
661,400
662,623
663,623
664,573
665,150
666,421
667,248
668,-125
669,-127
670,425
671,621
672,-125
673,575
674,-279
675,573
676,298
677,-204
678,523
679,323
680,-125
681,523
682,0
683,571
684,-200
685,-125
686,425
687,621
688,446
689,-125
690,-27
691,-81
692,-177
693,425
694,271
695,-127
696,525
697,575
698,500
699,625
700,50
701,675
702,623
703,-77
704,-202
705,319
706,573
707,-25
708,242
709,623
710,-25
711,625
712,275
713,0
714,373
715,-277
716,273
717,625
718,-125
719,625
720,625
721,225
722,675
723,625
724,625
725,621
726,575
727,-75
728,542
729,625
730,-25
731,675
732,575
733,521
734,621
735,523
736,-25
737,-325
738,375
739,-129
740,575
741,-127
742,423
743,623
744,475
745,675
746,-127
747,675
748,475
749,400
750,-202
751,525
752,-29
753,273
754,521
755,500
756,248
757,525
758,673
759,575
760,675
761,323
762,325
763,396
764,19
765,-58
766,250
767,344
768,-127
769,300
770,-179
771,-127
772,675
773,400
774,-125
775,-175
776,525
777,200
778,425
779,25
780,-125
781,325
782,673
783,271
784,575
785,548
786,-125
787,425
788,625
789,-125
790,25
791,575
792,-75
793,448
794,-277
795,573
796,425
797,-175
798,621
799,275
800,400
801,-25
802,-4
803,375
804,-279
805,675
806,673
807,675
808,-125
809,298
810,348
811,625
812,675
813,525
814,521
815,623
816,675
817,623
818,525
819,425
820,394
821,25
822,673
823,621
824,625
825,-52
826,325
827,575
828,471
829,675
830,-77
831,473
832,525
833,625
834,375
835,625
836,-75
837,425
838,-125
839,450
840,571
841,-125
842,-75
843,223
844,250
845,-79
846,573
847,575
848,-77
849,-125
850,575
851,623
852,573
853,623
854,675
855,-125
856,475
857,525
858,346
859,623
860,675
861,375
862,675
863,523
864,421
865,-200
866,623
867,675
868,142
869,575
870,675
871,473
872,675
873,473
874,675
875,446
876,398
877,625
878,675
879,-27
880,321
881,-79
882,675
883,-200
884,675
885,300
886,521
887,-29
888,625
889,625
890,675
891,673
892,673
893,273
894,-25
895,-79
896,625
897,673
898,625
899,623
900,-125
901,-25
902,-75
903,671
904,273
905,673
906,525
907,625
908,671
909,523
910,521
911,425
912,473
913,673
914,625
915,550
916,675
917,671
918,675
919,548
920,-77
921,471
922,-79
923,575
924,475
925,525
926,475
927,198
928,-177
929,298
930,423
931,473
932,448
933,675
934,346
935,575
936,675
937,625
938,625
939,675
940,625
941,675
942,675
943,473
944,575
945,673
946,325
947,-200
948,425
949,625
950,448
951,671
952,-125
953,148
954,575
955,623
956,-75
957,675
958,-175
959,625
960,625
961,-127
962,625
963,425
964,675
965,675
966,623
967,523
968,523
969,675
970,673
971,-129
972,675
973,275
974,675
975,125
976,675
977,-125
978,675
979,625
980,671
981,-125
982,-125
983,-75
984,548
985,525
986,-125
987,273
988,675
989,671
990,675
991,675
992,625
993,-75
994,675
995,323
996,623
997,-29
998,423
999,673
1000,-125
1001,675
1002,675
1003,-125
1004,-125
1005,-125
1006,-102
1007,-75
1008,471
1009,573
1010,525
1011,-125
1012,623
1013,675
1014,575
1015,673
1016,-177
1017,675
1018,425
1019,673
1020,671
1021,-75
1022,675
1023,675
1024,525
1025,675
1026,625
1027,-131
1028,573
1029,-25
1030,675
1031,675
1032,-225
1033,375
1034,-125
1035,675
1036,498
1037,525
1038,575
1039,571
1040,573
1041,571
1042,673
1043,521
1044,675
1045,-75
1046,625
1047,500
1048,-27
1049,625
1050,675
1051,-75
1052,-75
1053,625
1054,675
1055,625
1056,375
1057,625
1058,625
1059,575
1060,675
1061,-75
1062,-125
1063,675
1064,-127
1065,617
1066,-25
1067,-125
1068,573
1069,-75
1070,675
1071,-75
1072,675
1073,625
1074,675
1075,-79
1076,348
1077,625
1078,625
1079,-125
1080,-25
1081,-25
1082,573
1083,575
1084,675
1085,675
1086,625
1087,-77
1088,423
1089,625
1090,675
1091,-75
1092,621
1093,623
1094,623
1095,675
1096,675
1097,523
1098,625
1099,675
1100,-125
1101,525
1102,525
1103,675
1104,-75
1105,673
1106,625
1107,525
1108,148
1109,-125
1110,675
1111,-75
1112,248
1113,250
1114,675
1115,575
1116,150
1117,625
1118,625
1119,675
1120,-175
1121,625
1122,398
1123,675
1124,575
1125,625
1126,675
1127,300
1128,375
1129,548
1130,675
1131,675
1132,675
1133,625
1134,675
1135,675
1136,-100
1137,73
1138,675
1139,675
1140,673
1141,348
1142,400
1143,250
1144,623
1145,621
1146,671
1147,575
1148,675
1149,625
1150,625
1151,525
1152,675
1153,400
1154,675
1155,625
1156,675
1157,625
1158,425
1159,425
1160,675
1161,375
1162,625
1163,575
1164,673
1165,475
1166,-127
1167,575
1168,675
1169,75
1170,98
1171,673
1172,398
1173,523
1174,675
1175,-200
1176,575
1177,675
1178,500
1179,675
1180,675
1181,675
1182,300
1183,675
1184,521
1185,675
1186,-25
1187,571
1188,675
1189,675
1190,575
1191,275
1192,673
1193,-2
1194,523
1195,-125
1196,673
1197,-25
1198,675
1199,475
1200,671
1201,675
1202,575
1203,625
1204,471
1205,625
1206,675
1207,-29
1208,675
1209,675
1210,625
1211,623
1212,625
1213,-125
1214,675
1215,523
1216,675
1217,425
1218,625
1219,675
1220,525
1221,575
1222,323
1223,398
1224,-125
1225,375
1226,625
1227,-125
1228,525
1229,623
1230,425
1231,673
1232,625
1233,623
1234,623
1235,675
1236,675
1237,525
1238,669
1239,421
1240,-27
1241,-75
1242,673
1243,625
1244,573
1245,675
1246,675
1247,521
1248,525
1249,673
1250,625
1251,573
1252,675
1253,575
1254,675
1255,623
1256,325
1257,623
1258,675
1259,625
1260,-75
1261,625
1262,550
1263,-75
1264,-79
1265,623
1266,-125
1267,625
1268,575
1269,623
1270,371
1271,-102
1272,675
1273,675
1274,675
1275,-125
1276,475
1277,675
1278,-125
1279,675
1280,675
1281,-125
1282,-77
1283,621
1284,675
1285,625
1286,673
1287,621
1288,425
1289,-25
1290,675
1291,-75
1292,325
1293,100
1294,-75
1295,-125
1296,375
1297,525
1298,625
1299,675
1300,675
1301,675
1302,-125
1303,625
1304,573
1305,-125
1306,-125
1307,-100
1308,675
1309,623
1310,675
1311,-125
1312,625
1313,675
1314,673
1315,623
1316,575
1317,575
1318,-250
1319,675
1320,675
1321,-125
1322,575
1323,-77
1324,300
1325,575
1326,675
1327,523
1328,671
1329,-75
1330,300
1331,546
1332,625
1333,675
1334,675
1335,625
1336,75
1337,425
1338,625
1339,675
1340,675
1341,544
1342,425
1343,500
1344,625
1345,-302
1346,525
1347,469
1348,675
1349,625
1350,-29
1351,-125
1352,673
1353,-77
1354,550
1355,673
1356,525
1357,146
1358,500
1359,571
1360,625
1361,575
1362,-125
1363,575
1364,525
1365,-79
1366,375
1367,400
1368,675
1369,675
1370,675
1371,675
1372,500
1373,571
1374,-27
1375,473
1376,446
1377,548
1378,146
1379,550
1380,0
1381,675
1382,475
1383,525
1384,275
1385,-125
1386,625
1387,675
1388,625
1389,-254
1390,625
1391,673
1392,575
1393,623
1394,400
1395,448
1396,675
1397,625
1398,475
1399,450
1400,469
1401,100
1402,675
1403,675
1404,625
1405,675
1406,625
1407,573
1408,675
1409,325
1410,500
1411,675
1412,-125
1413,625
1414,525
1415,675
1416,625
1417,667
1418,-75
1419,375
1420,675
1421,425
1422,350
1423,-127
1424,525
1425,623
1426,400
1427,673
1428,523
1429,-75
1430,673
1431,400
1432,-75
1433,-125
1434,425
1435,-125
1436,575
1437,675
1438,573
1439,521
1440,625
1441,-125
1442,675
1443,221
1444,575
1445,575
1446,571
1447,475
1448,525
1449,575
1450,673
1451,673
1452,675
1453,175
1454,675
1455,675
1456,675
1457,675
1458,625
1459,425
1460,675
1461,623
1462,525
1463,-75
1464,575
1465,673
1466,-75
1467,625
1468,246
1469,673
1470,673
1471,400
1472,675
1473,-75
1474,-75
1475,575
1476,673
1477,398
1478,675
1479,-77
1480,575
1481,625
1482,519
1483,-75
1484,-33
1485,-75
1486,671
1487,523
1488,675
1489,548
1490,625
1491,675
1492,675
1493,625
1494,525
1495,623
1496,675
1497,675
1498,675
1499,-125
1500,675
1501,-77
1502,525
1503,525
1504,298
1505,621
1506,675
1507,675
1508,498
1509,573
1510,675
1511,-77
1512,573
1513,-127
1514,675
1515,623
1516,675
1517,625
1518,675
1519,-75
1520,675
1521,675
1522,250
1523,548
1524,625
1525,675
1526,675
1527,550
1528,525
1529,675
1530,-127
1531,-127
1532,400
1533,675
1534,-54
1535,-127
1536,-75
1537,625
1538,673
1539,675
1540,675
1541,675
1542,675
1543,-125
1544,625
1545,675
1546,675
1547,675
1548,623
1549,323
1550,675
1551,625
1552,675
1553,625
1554,625
1555,675
1556,671
1557,-177
1558,425
1559,675
1560,-25
1561,-125
1562,-27
1563,675
1564,671
1565,675
1566,400
1567,573
1568,673
1569,675
1570,-27
1571,675
1572,250
1573,625
1574,623
1575,425
1576,675
1577,675
1578,623
1579,675
1580,300
1581,475
1582,625
1583,675
1584,575
1585,675
1586,375
1587,673
1588,625
1589,-127
1590,400
1591,498
1592,-25
1593,625
1594,600
1595,623
1596,525
1597,625
1598,-125
1599,525
1600,-125
1601,675
1602,675
1603,625
1604,625
1605,675
1606,-125
1607,350
1608,525
1609,344
1610,-125
1611,-127
1612,625
1613,619
1614,421
1615,575
1616,675
1617,525
1618,-175
1619,669
1620,225
1621,-77
1622,623
1623,-125
1624,-77
1625,148
1626,575
1627,548
1628,625
1629,575
1630,500
1631,623
1632,573
1633,671
1634,400
1635,675
1636,525
1637,675
1638,-100
1639,675
1640,-29
1641,623
1642,673
1643,623
1644,675
1645,525
1646,596
1647,325
1648,575
1649,494
1650,375
1651,573
1652,675
1653,-27
1654,-75
1655,548
1656,675
1657,675
1658,371
1659,675
1660,625
1661,575
1662,625
1663,623
1664,-125
1665,-100
1666,-125
1667,673
1668,625
1669,273
1670,675
1671,625
1672,673
1673,-125
1674,573
1675,673
1676,573
1677,625
1678,375
1679,525
1680,400
1681,425
1682,-75
1683,350
1684,675
1685,673
1686,425
1687,623
1688,619
1689,623
1690,575
1691,425
1692,675
1693,-125
1694,623
1695,-75
1696,-79
1697,621
1698,625
1699,-102
1700,673
1701,625
1702,425
1703,625
1704,-125
1705,625
1706,-81
1707,675
1708,625
1709,675
1710,575
1711,675
1712,196
1713,675
1714,673
1715,675
1716,575
1717,675
1718,625
1719,75
1720,621
1721,675
1722,548
1723,675
1724,475
1725,675
1726,575
1727,-127
1728,675
1729,625
1730,625
1731,525
1732,-25
1733,-75
1734,675
1735,400
1736,521
1737,625
1738,400
1739,417
1740,625
1741,623
1742,675
1743,675
1744,625
1745,675
1746,296
1747,675
1748,398
1749,675
1750,575
1751,475
1752,498
1753,475
1754,675
1755,419
1756,625
1757,525
1758,673
1759,-25
1760,625
1761,475
1762,575
1763,-75
1764,375
1765,675
1766,675
1767,-52
1768,-125
1769,673
1770,675
1771,525
1772,325
1773,673
1774,675
1775,-125
1776,621
1777,675
1778,-75
1779,-125
1780,-25
1781,-75
1782,450
1783,675
1784,-125
1785,675
1786,675
1787,675
1788,623
1789,523
1790,625
1791,673
1792,375
1793,675
1794,675
1795,675
1796,200
1797,623
1798,350
1799,-175
1800,400
1801,344
1802,575
1803,-125
1804,523
1805,223
1806,575
1807,673
1808,-125
1809,673
1810,673
1811,-75
1812,625
1813,525
1814,675
1815,425
1816,675
1817,-125
1818,300
1819,348
1820,398
1821,-77
1822,573
1823,675
1824,675
1825,675
1826,673
1827,675
1828,-75
1829,625
1830,625
1831,673
1832,0
1833,623
1834,675
1835,625
1836,473
1837,623
1838,-127
1839,673
1840,675
1841,625
1842,-125
1843,475
1844,475
1845,675
1846,475
1847,-125
1848,-177
1849,673
1850,675
1851,625
1852,625
1853,575
1854,500
1855,400
1856,-252
1857,425
1858,575
1859,500
1860,675
1861,675
1862,550
1863,-2
1864,675
1865,525
1866,546
1867,523
1868,525
1869,625
1870,-125
1871,675
1872,471
1873,400
1874,625
1875,375
1876,625
1877,425
1878,623
1879,425
1880,-75
1881,500
1882,400
1883,625
1884,675
1885,573
1886,575
1887,675
1888,575
1889,675
1890,675
1891,675
1892,523
1893,673
1894,675
1895,675
1896,-79
1897,500
1898,-127
1899,473
1900,673
1901,625
1902,675
1903,625
1904,675
1905,475
1906,675
1907,-75
1908,625
1909,525
1910,675
1911,425
1912,575
1913,675
1914,-27
1915,450
1916,525
1917,-127
1918,669
1919,671
1920,675
1921,98
1922,-125
1923,625
1924,348
1925,675
1926,623
1927,-75
1928,-75
1929,673
1930,675
1931,425
1932,575
1933,-125
1934,675
1935,498
1936,573
1937,625
1938,523
1939,675
1940,425
1941,623
1942,625
1943,525
1944,675
1945,625
1946,623
1947,675
1948,573
1949,425
1950,673
1951,375
1952,-77
1953,673
1954,675
1955,621
1956,475
1957,575
1958,625
1959,573
1960,-25
1961,675
1962,675
1963,625
1964,673
1965,625
1966,675
1967,575
1968,473
1969,623
1970,-179
1971,269
1972,625
1973,675
1974,500
1975,-127
1976,550
1977,623
1978,675
1979,-125
1980,-177
1981,675
1982,623
1983,573
1984,675
1985,675
1986,673
1987,623
1988,625
1989,473
1990,675
1991,575
1992,-25
1993,673
1994,-125
1995,-75
1996,675
1997,-27
1998,523
1999,248
2000,298
2001,-75
2002,675
2003,523
2004,400
2005,573
2006,675
2007,675
2008,475
2009,-75
2010,475
2011,675
2012,575
2013,575
2014,525
2015,521
2016,-77
2017,625
2018,625
2019,625
2020,625
2021,-125
2022,375
2023,523
2024,675
2025,671
2026,625
2027,675
2028,523
2029,675
2030,675
2031,575
2032,625
2033,625
2034,573
2035,625
2036,625
2037,675
2038,469
2039,621
2040,675
2041,523
2042,625
2043,625
2044,675
2045,675
2046,625
2047,675
2048,625
2049,523
2050,625
2051,-125
2052,573
2053,473
2054,675
2055,421
2056,325
2057,200
2058,475
2059,675
2060,625
2061,675
2062,575
2063,-60
2064,-75
2065,573
2066,-127
2067,675
2068,-127
2069,525
2070,-75
2071,625
2072,-75
2073,675
2074,-125
2075,625
2076,575
2077,673
2078,675
2079,573
2080,475
2081,375
2082,569
2083,671
2084,675
2085,625
2086,673
2087,673
2088,675
2089,575
2090,571
2091,-125
2092,575
2093,250
2094,246
2095,625
2096,621
2097,673
2098,675
2099,625
2100,-177
2101,400
2102,575
2103,-125
2104,500
2105,-125
2106,-75
2107,473
2108,625
2109,675
2110,673
2111,-79
2112,673
2113,575
2114,673
2115,573
2116,-125
2117,548
2118,675
2119,575
2120,623
2121,-202
2122,625
2123,625
2124,675
2125,550
2126,675
2127,623
2128,500
2129,-175
2130,673
2131,675
2132,573
2133,-127
2134,600
2135,621
2136,621
2137,-75
2138,571
2139,673
2140,625
2141,675
2142,-27
2143,-127
2144,623
2145,673
2146,675
2147,675
2148,675
2149,-75
2150,675
2151,-125
2152,-25
2153,675
2154,148
2155,500
2156,371
2157,400
2158,675
2159,375
2160,675
2161,25
2162,625
2163,675
2164,500
2165,625
2166,-75
2167,521
2168,-100
2169,-127
2170,523
2171,375
2172,-125
2173,623
2174,575
2175,675
2176,575
2177,623
2178,-25
2179,298
2180,575
2181,498
2182,-79
2183,500
2184,523
2185,675
2186,-200
2187,425
2188,98
2189,675
2190,675
2191,550
2192,575
2193,75
2194,423
2195,525
2196,675
2197,425
2198,623
2199,-75
2200,675
2201,675
2202,575
2203,-79
2204,675
2205,575
2206,675
2207,625
2208,675
2209,675
2210,275
2211,675
2212,675
2213,-75
2214,546
2215,498
2216,575
2217,-177
2218,625
2219,675
2220,575
2221,625
2222,375
2223,625
2224,675
2225,550
2226,523
2227,675
2228,523
2229,625
2230,675
2231,675
2232,625
2233,525
2234,575
2235,-25
2236,296
2237,621
2238,623
2239,673
2240,575
2241,573
2242,625
2243,575
2244,398
2245,675
2246,475
2247,500
2248,-79
2249,544
2250,423
2251,-75
2252,423
2253,444
2254,550
2255,-125
2256,625
2257,675
2258,623
2259,675
2260,525
2261,625
2262,625
2263,-75
2264,625
2265,525
2266,-129
2267,-283
2268,475
2269,625
2270,675
2271,675
2272,675
2273,398
2274,673
2275,625
2276,669
2277,575
2278,425
2279,573
2280,-225
2281,673
2282,575
2283,621
2284,-175
2285,625
2286,-75
2287,-25
2288,675
2289,-75
2290,-75
2291,675
2292,675
2293,625
2294,675
2295,625
2296,625
2297,373
2298,675
2299,675
2300,-75
2301,625
2302,550
2303,623
2304,675
2305,400
2306,675
2307,246
2308,471
2309,-75
2310,575
2311,573
2312,498
2313,623
2314,-29
2315,675
2316,350
2317,-29
2318,573
2319,623
2320,-50
2321,625
2322,625
2323,671
2324,625
2325,675
2326,675
2327,675
2328,523
2329,548
2330,375
2331,625
2332,625
2333,248
2334,225
2335,625
2336,-25
2337,625
2338,675
2339,573
2340,525
2341,425
2342,625
2343,-75
2344,625
2345,623
2346,448
2347,-183
2348,675
2349,-27
2350,569
2351,673
2352,619
2353,625
2354,350
2355,425
2356,675
2357,625
2358,-125
2359,625
2360,625
2361,-77
2362,675
2363,-27
2364,-75
2365,675
2366,675
2367,275
2368,675
2369,573
2370,625
2371,673
2372,-25
2373,523
2374,350
2375,621
2376,-75
2377,625
2378,575
2379,625
2380,673
2381,625
2382,573
2383,-125
2384,625
2385,673
2386,673
2387,675
2388,675
2389,-75
2390,-127
2391,671
2392,323
2393,675
2394,675
2395,623
2396,425
2397,350
2398,675
2399,-150
2400,500
2401,-75
2402,625
2403,673
2404,675
2405,550
2406,-125
2407,625
2408,625
2409,625
2410,425
2411,-125
2412,475
2413,673
2414,625
2415,675
2416,-25
2417,673
2418,-177
2419,623
2420,-77
2421,-77
2422,425
2423,521
2424,673
2425,625
2426,675
2427,625
2428,423
2429,425
2430,675
2431,625
2432,671
2433,575
2434,-75
2435,521
2436,675
2437,625
2438,675
2439,673
2440,550
2441,673
2442,575
2443,475
2444,675
2445,673
2446,675
2447,675
2448,673
2449,525
2450,675
2451,621
2452,525
2453,573
2454,525
2455,-81
2456,375
2457,400
2458,525
2459,625
2460,625
2461,573
2462,675
2463,675
2464,571
2465,675
2466,425
2467,673
2468,625
2469,575
2470,-127
2471,575
2472,625
2473,675
2474,621
2475,525
2476,-125
2477,673
2478,550
2479,675
2480,169
2481,623
2482,-75
2483,675
2484,425
2485,-27
2486,623
2487,-125
2488,623
2489,525
2490,621
2491,523
2492,575
2493,523
2494,298
2495,600
2496,-200
2497,-125
2498,675
2499,625
2500,623
2501,-77
2502,675
2503,625
2504,-81
2505,-125
2506,573
2507,675
2508,673
2509,548
2510,623
2511,575
2512,675
2513,571
2514,425
2515,-175
2516,675
2517,675
2518,-75
2519,625
2520,625
2521,-125
2522,673
2523,523
2524,621
2525,575
2526,575
2527,-27
2528,675
2529,246
2530,450
2531,523
2532,575
2533,625
2534,175
2535,575
2536,-179
2537,675
2538,625
2539,673
2540,623
2541,398
2542,575
2543,248
2544,450
2545,675
2546,625
2547,575
2548,-29
2549,571
2550,673
2551,-75
2552,675
2553,475
2554,675
2555,-77
2556,675
2557,-225
2558,625
2559,625
2560,573
2561,523
2562,500
2563,623
2564,425
2565,550
2566,525
2567,350
2568,675
2569,-125
2570,194
2571,525
2572,-152
2573,623
2574,350
2575,573
2576,-127
2577,675
2578,350
2579,675
2580,625
2581,523
2582,500
2583,625
2584,675
2585,375
2586,625
2587,623
2588,573
2589,-25
2590,625
2591,425
2592,-125
2593,625
2594,473
2595,525
2596,550
2597,575
2598,400
2599,-175
2600,346
2601,675
2602,519
2603,525
2604,-125
2605,625
2606,400
2607,-75
2608,675
2609,350
2610,550
2611,-127
2612,523
2613,575
2614,-200
2615,673
2616,-125
2617,-131
2618,-77
2619,675
2620,675
2621,625
2622,548
2623,625
2624,396
2625,675
2626,-127
2627,625
2628,675
2629,675
2630,575
2631,525
2632,673
2633,675
2634,675
2635,675
2636,-125
2637,623
2638,673
2639,673
2640,448
2641,625
2642,673
2643,525
2644,-27
2645,675
2646,-125
2647,675
2648,675
2649,675
2650,625
2651,525
2652,675
2653,525
2654,675
2655,671
2656,400
2657,423
2658,525
2659,-127
2660,673
2661,400
2662,575
2663,-200
2664,623
2665,-75
2666,625
2667,348
2668,673
2669,-77
2670,675
2671,675
2672,523
2673,475
2674,575
2675,-125
2676,623
2677,673
2678,-75
2679,623
2680,425
2681,675
2682,-25
2683,673
2684,-125
2685,675
2686,-125
2687,675
2688,625
2689,-52
2690,625
2691,623
2692,-25
2693,573
2694,675
2695,575
2696,671
2697,375
2698,675
2699,673
2700,675
2701,675
2702,-125
2703,675
2704,675
2705,625
2706,421
2707,-125
2708,675
2709,675
2710,625
2711,550
2712,573
2713,673
2714,675
2715,573
2716,675
2717,-75
2718,475
2719,473
2720,675
2721,348
2722,623
2723,673
2724,673
2725,-25
2726,625
2727,-102
2728,675
2729,-200
2730,550
2731,625
2732,573
2733,625
2734,675
2735,-75
2736,475
2737,675
2738,498
2739,-77
2740,625
2741,-175
2742,675
2743,475
2744,-77
2745,525
2746,675
2747,625
2748,500
2749,675
2750,575
2751,300
2752,625
2753,423
2754,623
2755,-252
2756,525
2757,375
2758,675
2759,-75
2760,-127
2761,571
2762,625
2763,625
2764,675
2765,673
2766,348
2767,573
2768,675
2769,-100
2770,669
2771,-227
2772,575
2773,625
2774,575
2775,573
2776,525
2777,-127
2778,469
2779,-125
2780,675
2781,675
2782,-75
2783,400
2784,675
2785,675
2786,-75
2787,675
2788,200
2789,623
2790,673
2791,675
2792,675
2793,-75
2794,675
2795,475
2796,525
2797,675
2798,675
2799,573
2800,373
2801,250
2802,673
2803,675
2804,623
2805,621
2806,623
2807,675
2808,-75
2809,573
2810,673
2811,675
2812,475
2813,273
2814,-50
2815,625
2816,675
2817,623
2818,-125
2819,675
2820,-75
2821,575
2822,348
2823,675
2824,673
2825,575
2826,-77
2827,673
2828,525
2829,573
2830,473
2831,-77
2832,625
2833,673
2834,350
2835,-227
2836,-127
2837,675
2838,673
2839,675
2840,625
2841,0
2842,525
2843,575
2844,571
2845,-75
2846,675
2847,525
2848,575
2849,525
2850,575
2851,-77
2852,623
2853,625
2854,575
2855,-27
2856,-25
2857,671
2858,423
2859,-127
2860,675
2861,625
2862,-131
2863,500
2864,348
2865,-125
2866,575
2867,375
2868,675
2869,-125
2870,575
2871,500
2872,675
2873,623
2874,619
2875,675
2876,275
2877,-125
2878,673
2879,625
2880,675
2881,425
2882,675
2883,400
2884,373
2885,-125
2886,675
2887,673
2888,548
2889,425
2890,623
2891,623
2892,675
2893,673
2894,425
2895,625
2896,71
2897,675
2898,425
2899,325
2900,325
2901,675
2902,673
2903,625
2904,323
2905,673
2906,675
2907,475
2908,550
2909,350
2910,73
2911,673
2912,-125
2913,671
2914,523
2915,-75
2916,573
2917,623
2918,275
2919,625
2920,675
2921,675
2922,-125
2923,575
2924,498
2925,400
2926,525
2927,675
2928,-75
2929,673
2930,275
2931,-125
2932,625
2933,675
2934,575
2935,-129
2936,398
2937,625
2938,-77
2939,625
2940,623
2941,625
2942,471
2943,623
2944,525
2945,675
2946,675
2947,575
2948,625
2949,-75
2950,673
2951,523
2952,-125
2953,623
2954,-27
2955,675
2956,673
2957,-27
2958,573
2959,675
2960,350
2961,198
2962,623
2963,521
2964,300
2965,423
2966,-125
2967,625
2968,573
2969,675
2970,625
2971,475
2972,248
2973,675
2974,-125
2975,-127
2976,-77
2977,675
2978,673
2979,-77
2980,625
2981,-125
2982,423
2983,673
2984,475
2985,675
2986,625
2987,625
2988,625
2989,671
2990,675
2991,575
2992,625
2993,625
2994,-75
2995,625
2996,675
2997,673
2998,-125
2999,673
3000,675
3001,-2
3002,575
3003,675
3004,471
3005,675
3006,525
3007,573
3008,625
3009,-75
3010,673
3011,573
3012,-125
3013,673
3014,525
3015,675
3016,0
3017,375
3018,375
3019,346
3020,-77
3021,575
3022,375
3023,573
3024,625
3025,625
3026,400
3027,-127
3028,623
3029,675
3030,498
3031,575
3032,500
3033,550
3034,675
3035,-75
3036,675
3037,425
3038,425
3039,-125
3040,625
3041,575
3042,350
3043,525
3044,675
3045,-125
3046,525
3047,625
3048,498
3049,675
3050,675
3051,-27
3052,-75
3053,625
3054,625
3055,673
3056,-127
3057,625
3058,375
3059,523
3060,548
3061,-127
3062,575
3063,623
3064,675
3065,575
3066,625
3067,675
3068,675
3069,625
3070,625
3071,500
3072,400
3073,473
3074,-127
3075,573
3076,675
3077,473
3078,623
3079,398
3080,675
3081,673
3082,425
3083,523
3084,525
3085,-75
3086,673
3087,625
3088,575
3089,298
3090,673
3091,-25
3092,621
3093,-75
3094,675
3095,-202
3096,625
3097,273
3098,625
3099,350
3100,675
3101,675
3102,-177
3103,673
3104,523
3105,675
3106,471
3107,521
3108,625
3109,625
3110,-125
3111,623
3112,575
3113,623
3114,-25
3115,575
3116,625
3117,575
3118,-125
3119,625
3120,-81
3121,575
3122,675
3123,-125
3124,625
3125,-75
3126,-125
3127,623
3128,-75
3129,-25
3130,350
3131,575
3132,667
3133,-50
3134,223
3135,675
3136,623
3137,625
3138,675
3139,298
3140,625
3141,675
3142,-127
3143,525
3144,675
3145,-125
3146,-125
3147,675
3148,625
3149,673
3150,625
3151,675
3152,625
3153,525
3154,375
3155,675
3156,-75
3157,625
3158,-202
3159,-127
3160,625
3161,625
3162,675
3163,423
3164,348
3165,625
3166,350
3167,675
3168,675
3169,673
3170,400
3171,525
3172,625
3173,575
3174,575
3175,625
3176,-25
3177,623
3178,671
3179,625
3180,675
3181,-2
3182,675
3183,425
3184,625
3185,525
3186,350
3187,623
3188,671
3189,400
3190,523
3191,550
3192,675
3193,671
3194,575
3195,471
3196,623
3197,625
3198,675
3199,-177
3200,473
3201,625
3202,-25
3203,-127
3204,575
3205,675
3206,675
3207,-25
3208,673
3209,675
3210,675
3211,675
3212,673
3213,550
3214,148
3215,-125
3216,625
3217,575
3218,500
3219,548
3220,473
3221,-29
3222,675
3223,573
3224,675
3225,-77
3226,-133
3227,675
3228,-27
3229,675
3230,400
3231,673
3232,625
3233,248
3234,546
3235,500
3236,525
3237,625
3238,625
3239,675
3240,623
3241,525
3242,625
3243,621
3244,-125
3245,675
3246,625
3247,675
3248,523
3249,623
3250,675
3251,475
3252,625
3253,-75
3254,400
3255,625
3256,425
3257,273
3258,-25
3259,550
3260,-75
3261,350
3262,525
3263,625
3264,-125
3265,625
3266,575
3267,625
3268,373
3269,621
3270,525
3271,673
3272,675
3273,325
3274,575
3275,675
3276,673
3277,-75
3278,525
3279,571
3280,675
3281,-125
3282,625
3283,-77
3284,625
3285,623
3286,425
3287,471
3288,-25
3289,523
3290,623
3291,625
3292,675
3293,675
3294,671
3295,673
3296,675
3297,675
3298,675
3299,525
3300,675
3301,625
3302,625
3303,575
3304,473
3305,425
3306,523
3307,-27
3308,498
3309,675
3310,675
3311,623
3312,500
3313,675
3314,-225
3315,575
3316,625
3317,475
3318,-79
3319,-125
3320,475
3321,0
3322,-75
3323,625
3324,400
3325,-127
3326,675
3327,623
3328,623
3329,250
3330,-25
3331,673
3332,325
3333,448
3334,-200
3335,-75
3336,625
3337,525
3338,575
3339,671
3340,-125
3341,523
3342,-129
3343,400
3344,625
3345,625
3346,675
3347,673
3348,-125
3349,548
3350,525
3351,625
3352,575
3353,398
3354,398
3355,575
3356,623
3357,525
3358,-127
3359,575
3360,425
3361,671
3362,523
3363,625
3364,425
3365,500
3366,675
3367,623
3368,571
3369,675
3370,675
3371,675
3372,575
3373,671
3374,575
3375,675
3376,625
3377,675
3378,673
3379,675
3380,673
3381,575
3382,575
3383,675
3384,-127
3385,525
3386,-125
3387,573
3388,673
3389,273
3390,575
3391,-125
3392,-175
3393,500
3394,675
3395,-175
3396,675
3397,350
3398,675
3399,675
3400,-75
3401,673
3402,275
3403,675
3404,625
3405,625
3406,375
3407,475
3408,348
3409,400
3410,375
3411,669
3412,675
3413,671
3414,425
3415,673
3416,675
3417,573
3418,425
3419,675
3420,363
3421,671
3422,575
3423,675
3424,-125
3425,525
3426,-25
3427,575
3428,425
3429,-75
3430,619
3431,575
3432,675
3433,446
3434,675
3435,-125
3436,-75
3437,675
3438,673
3439,-125
3440,675
3441,625
3442,675
3443,625
3444,675
3445,400
3446,375
3447,575
3448,675
3449,675
3450,575
3451,417
3452,675
3453,400
3454,525
3455,-177
3456,623
3457,575
3458,400
3459,673
3460,575
3461,675
3462,625
3463,621
3464,-125
3465,373
3466,625
3467,-27
3468,323
3469,-77
3470,673
3471,548
3472,-75
3473,575
3474,625
3475,598
3476,425
3477,673
3478,575
3479,675
3480,675
3481,617
3482,575
3483,450
3484,573
3485,675
3486,-125
3487,467
3488,-125
3489,675
3490,-75
3491,623
3492,-175
3493,523
3494,398
3495,575
3496,425
3497,675
3498,521
3499,473
3500,398
3501,675
3502,546
3503,500
3504,675
3505,625
3506,675
3507,575
3508,-27
3509,675
3510,-77
3511,623
3512,469
3513,348
3514,625
3515,-75
3516,475
3517,625
3518,-125
3519,200
3520,623
3521,-75
3522,675
3523,-75
3524,525
3525,623
3526,-75
3527,673
3528,625
3529,623
3530,675
3531,625
3532,-127
3533,675
3534,525
3535,675
3536,-25
3537,-25
3538,623
3539,475
3540,575
3541,671
3542,675
3543,675
3544,498
3545,-27
3546,548
3547,675
3548,575
3549,-125
3550,575
3551,675
3552,498
3553,-75
3554,673
3555,575
3556,523
3557,-125
3558,625
3559,523
3560,-75
3561,623
3562,675
3563,625
3564,625
3565,673
3566,675
3567,571
3568,673
3569,523
3570,525
3571,625
3572,675
3573,-75
3574,400
3575,675
3576,625
3577,673
3578,623
3579,675
3580,475
3581,-129
3582,675
3583,-125
3584,625
3585,675
3586,-179
3587,575
3588,625
3589,425
3590,521
3591,675
3592,673
3593,575
3594,623
3595,625
3596,625
3597,673
3598,-177
3599,246
3600,525
3601,671
3602,675
3603,525
3604,-175
3605,-125
3606,425
3607,548
3608,675
3609,-125
3610,625
3611,675
3612,675
3613,-27
3614,623
3615,675
3616,675
3617,623
3618,275
3619,625
3620,625
3621,675
3622,-125
3623,525
3624,675
3625,625
3626,575
3627,625
3628,548
3629,-125
3630,673
3631,425
3632,623
3633,675
3634,575
3635,-75
3636,671
3637,346
3638,675
3639,523
3640,671
3641,675
3642,675
3643,548
3644,675
3645,675
3646,673
3647,550
3648,575
3649,675
3650,623
3651,525
3652,623
3653,521
3654,225
3655,-75
3656,-175
3657,298
3658,675
3659,575
3660,525
3661,573
3662,675
3663,625
3664,675
3665,575
3666,325
3667,525
3668,175
3669,575
3670,675
3671,298
3672,575
3673,525
3674,525
3675,673
3676,625
3677,675
3678,-125
3679,-125
3680,675
3681,675
3682,673
3683,-125
3684,425
3685,-75
3686,623
3687,675
3688,150
3689,-277
3690,675
3691,625
3692,425
3693,575
3694,-31
3695,425
3696,625
3697,573
3698,675
3699,623
3700,-75
3701,550
3702,246
3703,675
3704,675
3705,675
3706,673
3707,625
3708,625
3709,373
3710,-33
3711,-75
3712,325
3713,-75
3714,675
3715,675
3716,525
3717,525
3718,673
3719,525
3720,673
3721,675
3722,400
3723,625
3724,150
3725,-125
3726,625
3727,350
3728,273
3729,625
3730,575
3731,525
3732,675
3733,-75
3734,621
3735,-81
3736,573
3737,-200
3738,625
3739,573
3740,621
3741,523
3742,-75
3743,523
3744,675
3745,425
3746,325
3747,-75
3748,675
3749,-25
3750,675
3751,623
3752,625
3753,673
3754,-75
3755,625
3756,423
3757,625
3758,675
3759,675
3760,400
3761,521
3762,673
3763,246
3764,273
3765,573
3766,298
3767,-75
3768,575
3769,675
3770,-4
3771,625
3772,-75
3773,-75
3774,673
3775,673
3776,623
3777,675
3778,575
3779,-79
3780,673
3781,475
3782,575
3783,-125
3784,550
3785,-75
3786,673
3787,669
3788,375
3789,325
3790,675
3791,625
3792,675
3793,625
3794,-100
3795,673
3796,-25
3797,575
3798,673
3799,675
3800,675
3801,550
3802,625
3803,675
3804,625
3805,675
3806,500
3807,-125
3808,675
3809,625
3810,625
3811,625
3812,-75
3813,-75
3814,623
3815,-77
3816,625
3817,396
3818,-75
3819,675
3820,575
3821,675
3822,-75
3823,-75
3824,623
3825,625
3826,673
3827,-25
3828,-75
3829,-25
3830,675
3831,675
3832,625
3833,625
3834,675
3835,625
3836,625
3837,623
3838,471
3839,675
3840,675
3841,425
3842,675
3843,-27
3844,575
3845,675
3846,675
3847,523
3848,575
3849,625
3850,671
3851,623
3852,523
3853,-125
3854,625
3855,675
3856,623
3857,673
3858,496
3859,425
3860,-125
3861,673
3862,575
3863,625
3864,675
3865,-75
3866,675
3867,425
3868,675
3869,675
3870,675
3871,623
3872,675
3873,673
3874,625
3875,-50
3876,200
3877,300
3878,375
3879,575
3880,623
3881,673
3882,671
3883,475
3884,548
3885,625
3886,-25
3887,-2
3888,623
3889,575
3890,525
3891,425
3892,675
3893,-75
3894,575
3895,675
3896,675
3897,675
3898,675
3899,525
3900,675
3901,-77
3902,-75
3903,625
3904,621
3905,525
3906,-125
3907,625
3908,-29
3909,498
3910,575
3911,-125
3912,573
3913,350
3914,675
3915,571
3916,423
3917,625
3918,-29
3919,548
3920,675
3921,575
3922,675
3923,675
3924,150
3925,671
3926,673
3927,-25
3928,100
3929,-127
3930,625
3931,675
3932,425
3933,425
3934,421
3935,-77
3936,-25
3937,675
3938,675
3939,350
3940,-75
3941,673
3942,673
3943,673
3944,675
3945,673
3946,623
3947,575
3948,425
3949,675
3950,675
3951,623
3952,623
3953,675
3954,673
3955,-75
3956,675
3957,575
3958,421
3959,573
3960,-75
3961,575
3962,423
3963,673
3964,673
3965,675
3966,-77
3967,625
3968,675
3969,-75
3970,573
3971,625
3972,575
3973,600
3974,400
3975,623
3976,350
3977,-125
3978,625
3979,575
3980,675
3981,625
3982,625
3983,625
3984,623
3985,-81
3986,-52
3987,675
3988,-29
3989,-75
3990,675
3991,673
3992,-127
3993,521
3994,673
3995,-75
3996,675
3997,625
3998,525
3999,425
4000,-127
4001,675
4002,623
4003,-125
4004,350
4005,675
4006,-75
4007,-177
4008,671
4009,400
4010,425
4011,-127
4012,425
4013,548
4014,673
4015,-100
4016,-125
4017,623
4018,673
4019,625
4020,-175
4021,398
4022,475
4023,-125
4024,675
4025,300
4026,673
4027,525
4028,-75
4029,675
4030,525
4031,675
4032,673
4033,625
4034,425
4035,675
4036,348
4037,625
4038,623
4039,-75
4040,375
4041,621
4042,573
4043,398
4044,575
4045,398
4046,673
4047,296
4048,675
4049,675
4050,625
4051,675
4052,521
4053,423
4054,675
4055,675
4056,-125
4057,-25
4058,275
4059,375
4060,673
4061,675
4062,475
4063,-27
4064,625
4065,-25
4066,675
4067,675
4068,623
4069,673
4070,625
4071,675
4072,575
4073,-125
4074,675
4075,350
4076,675
4077,-177
4078,398
4079,675
4080,623
4081,623
4082,-77
4083,675
4084,425
4085,623
4086,573
4087,625
4088,-27
4089,575
4090,623
4091,623
4092,-125
4093,625
4094,625
4095,623
4096,675
4097,-25
4098,425
4099,675
4100,675
4101,-125
4102,673
4103,675
4104,625
4105,675
4106,623
4107,623
4108,673
4109,675
4110,675
4111,673
4112,625
4113,575
4114,675
4115,625
4116,675
4117,-25
4118,425
4119,675
4120,625
4121,673
4122,-200
4123,-31
4124,425
4125,675
4126,625
4127,625
4128,675
4129,425
4130,675
4131,675
4132,-75
4133,473
4134,-125
4135,669
4136,625
4137,-25
4138,625
4139,675
4140,-175
4141,673
4142,525
4143,-77
4144,525
4145,425
4146,-75
4147,675
4148,673
4149,675
4150,625
4151,675
4152,575
4153,-127
4154,675
4155,675
4156,571
4157,625
4158,575
4159,-31
4160,673
4161,475
4162,673
4163,675
4164,625
4165,675
4166,675
4167,575
4168,575
4169,200
4170,625
4171,-27
4172,25
4173,675
4174,675
4175,675
4176,-27
4177,675
4178,523
4179,-75
4180,625
4181,350
4182,300
4183,348
4184,625
4185,673
4186,673
4187,275
4188,425
4189,675
4190,625
4191,519
4192,625
4193,675
4194,625
4195,423
4196,673
4197,375
4198,621
4199,-125
4200,675
4201,373
4202,550
4203,573
4204,-125
4205,675
4206,573
4207,275
4208,673
4209,675
4210,525
4211,673
4212,673
4213,675
4214,523
4215,550
4216,675
4217,-125
4218,-229
4219,523
4220,673
4221,675
4222,623
4223,300
4224,548
4225,375
4226,548
4227,448
4228,375
4229,-125
4230,625
4231,675
4232,548
4233,575
4234,625
4235,621
4236,675
4237,623
4238,673
4239,675
4240,625
4241,398
4242,625
4243,150
4244,425
4245,-175
4246,423
4247,673
4248,-27
4249,-75
4250,-52
4251,575
4252,675
4253,471
4254,321
4255,-27
4256,675
4257,675
4258,623
4259,-150
4260,425
4261,500
4262,-125
4263,675
4264,625
4265,300
4266,671
4267,675
4268,425
4269,625
4270,525
4271,-300
4272,-77
4273,625
4274,496
4275,221
4276,548
4277,675
4278,675
4279,675
4280,-125
4281,-75
4282,675
4283,675
4284,625
4285,673
4286,573
4287,550
4288,-127
4289,625
4290,625
4291,623
4292,398
4293,623
4294,-75
4295,-125
4296,-125
4297,-125
4298,575
4299,521
4300,573
4301,348
4302,-27
4303,450
4304,675
4305,675
4306,-127
4307,675
4308,-177
4309,573
4310,375
4311,350
4312,625
4313,675
4314,625
4315,525
4316,675
4317,673
4318,-127
4319,575
4320,673
4321,575
4322,675
4323,675
4324,675
4325,575
4326,573
4327,625
4328,-25
4329,675
4330,675
4331,625
4332,621
4333,425
4334,375
4335,675
4336,-125
4337,625
4338,675
4339,675
4340,346
4341,675
4342,675
4343,521
4344,625
4345,623
4346,275
4347,292
4348,675
4349,298
4350,-27
4351,621
4352,625
4353,675
4354,-125
4355,625
4356,625
4357,525
4358,425
4359,675
4360,625
4361,625
4362,575
4363,675
4364,523
4365,400
4366,623
4367,673
4368,675
4369,625
4370,398
4371,-125
4372,675
4373,675
4374,525
4375,675
4376,523
4377,425
4378,548
4379,675
4380,623
4381,469
4382,548
4383,469
4384,323
4385,675
4386,675
4387,625
4388,375
4389,671
4390,675
4391,525
4392,525
4393,500
4394,425
4395,625
4396,673
4397,675
4398,569
4399,625
4400,621
4401,425
4402,675
4403,675
4404,400
4405,625
4406,675
4407,675
4408,523
4409,675
4410,569
4411,675
4412,675
4413,425
4414,671
4415,-125
4416,625
4417,-125
4418,-127
4419,675
4420,325
4421,675
4422,-175
4423,675
4424,675
4425,625
4426,-100
4427,675
4428,625
4429,675
4430,675
4431,348
4432,573
4433,475
4434,625
4435,625
4436,675
4437,421
4438,675
4439,475
4440,625
4441,469
4442,525
4443,-77
4444,675
4445,671
4446,-177
4447,523
4448,625
4449,-27
4450,400
4451,623
4452,675
4453,675
4454,673
4455,425
4456,673
4457,475
4458,623
4459,523
4460,-75
4461,675
4462,675
4463,-127
4464,625
4465,500
4466,573
4467,500
4468,675
4469,625
4470,-125
4471,-125
4472,548
4473,423
4474,625
4475,-125
4476,673
4477,525
4478,573
4479,675
4480,419
4481,675
4482,623
4483,-100
4484,575
4485,500
4486,625
4487,-200
4488,623
4489,575
4490,673
4491,525
4492,625
4493,675
4494,673
4495,-77
4496,675
4497,675
4498,623
4499,673
4500,625
4501,623
4502,300
4503,675
4504,423
4505,-25
4506,423
4507,575
4508,475
4509,550
4510,625
4511,575
4512,525
4513,-125
4514,-125
4515,-75
4516,-175
4517,675
4518,675
4519,500
4520,423
4521,625
4522,573
4523,625
4524,575
4525,425
4526,300
4527,675
4528,425
4529,475
4530,350
4531,-25
4532,623
4533,675
4534,475
4535,623
4536,-125
4537,498
4538,-129
4539,525
4540,0
4541,625
4542,621
4543,625
4544,675
4545,521
4546,298
4547,673
4548,625
4549,575
4550,623
4551,675
4552,675
4553,-75
4554,625
4555,625
4556,523
4557,-29
4558,621
4559,-125
4560,623
4561,625
4562,471
4563,675
4564,675
4565,571
4566,575
4567,675
4568,573
4569,-125
4570,-102
4571,-125
4572,-75
4573,-125
4574,523
4575,-125
4576,525
4577,625
4578,525
4579,675
4580,525
4581,625
4582,-52
4583,525
4584,-175
4585,671
4586,-25
4587,675
4588,573
4589,623
4590,525
4591,675
4592,575
4593,675
4594,400
4595,-125
4596,623
4597,675
4598,621
4599,425
4600,-29
4601,425
4602,625
4603,673
4604,-77
4605,675
4606,575
4607,625
4608,425
4609,575
4610,675
4611,623
4612,500
4613,671
4614,525
4615,671
4616,575
4617,-125
4618,567
4619,523
4620,-75
4621,350
4622,675
4623,675
4624,348
4625,671
4626,673
4627,-79
4628,375
4629,-25
4630,623
4631,525
4632,673
4633,-75
4634,-75
4635,-125
4636,475
4637,375
4638,625
4639,-127
4640,523
4641,623
4642,623
4643,575
4644,623
4645,621
4646,600
4647,-75
4648,625
4649,-125
4650,269
4651,673
4652,575
4653,673
4654,625
4655,-25
4656,-125
4657,-25
4658,423
4659,-75
4660,621
4661,623
4662,373
4663,325
4664,575
4665,-200
4666,571
4667,525
4668,523
4669,525
4670,575
4671,350
4672,300
4673,673
4674,550
4675,250
4676,-125
4677,-87
4678,675
4679,675
4680,623
4681,23
4682,575
4683,298
4684,498
4685,225
4686,625
4687,623
4688,575
4689,625
4690,-25
4691,675
4692,675
4693,675
4694,675
4695,625
4696,575
4697,-202
4698,625
4699,-75
4700,621
4701,550
4702,575
4703,348
4704,475
4705,675
4706,-75
4707,623
4708,-27
4709,-75
4710,673
4711,675
4712,675
4713,623
4714,673
4715,625
4716,-25
4717,673
4718,575
4719,625
4720,350
4721,675
4722,350
4723,-77
4724,425
4725,675
4726,623
4727,673
4728,675
4729,675
4730,573
4731,575
4732,425
4733,675
4734,425
4735,600
4736,623
4737,675
4738,400
4739,625
4740,625
4741,675
4742,675
4743,625
4744,575
4745,673
4746,-79
4747,300
4748,425
4749,473
4750,573
4751,625
4752,675
4753,-75
4754,675
4755,625
4756,675
4757,-125
4758,375
4759,675
4760,-75
4761,673
4762,523
4763,425
4764,325
4765,623
4766,-100
4767,625
4768,675
4769,673
4770,669
4771,398
4772,675
4773,575
4774,575
4775,523
4776,-25
4777,625
4778,250
4779,525
4780,675
4781,-75
4782,525
4783,619
4784,673
4785,673
4786,623
4787,673
4788,675
4789,675
4790,675
4791,675
4792,675
4793,-125
4794,300
4795,625
4796,350
4797,675
4798,175
4799,448
4800,400
4801,623
4802,675
4803,625
4804,-125
4805,400
4806,625
4807,675
4808,-125
4809,673
4810,525
4811,675
4812,625
4813,625
4814,625
4815,573
4816,421
4817,-127
4818,-175
4819,623
4820,625
4821,575
4822,673
4823,675
4824,523
4825,675
4826,625
4827,675
4828,325
4829,473
4830,525
4831,625
4832,623
4833,673
4834,275
4835,269
4836,675
4837,-75
4838,675
4839,675
4840,398
4841,523
4842,425
4843,475
4844,-27
4845,571
4846,-125
4847,-125
4848,523
4849,-75
4850,675
4851,675
4852,625
4853,673
4854,625
4855,623
4856,671
4857,-77
4858,675
4859,-79
4860,625
4861,675
4862,523
4863,675
4864,675
4865,673
4866,675
4867,521
4868,675
4869,625
4870,673
4871,625
4872,673
4873,673
4874,675
4875,-75
4876,575
4877,575
4878,569
4879,575
4880,-27
4881,525
4882,673
4883,675
4884,675
4885,-75
4886,375
4887,675
4888,-25
4889,525
4890,571
4891,525
4892,-125
4893,525
4894,348
4895,675
4896,625
4897,-25
4898,625
4899,-75
4900,675
4901,575
4902,675
4903,-79
4904,575
4905,425
4906,675
4907,446
4908,525
4909,473
4910,617
4911,350
4912,-127
4913,-25
4914,550
4915,625
4916,625
4917,573
4918,625
4919,525
4920,675
4921,573
4922,-125
4923,625
4924,-125
4925,625
4926,623
4927,346
4928,-27
4929,673
4930,-125
4931,375
4932,675
4933,350
4934,473
4935,525
4936,-75
4937,575
4938,625
4939,675
4940,-125
4941,-125
4942,625
4943,-25
4944,-177
4945,675
4946,675
4947,-125
4948,675
4949,625
4950,-125
4951,-125
4952,-127
4953,398
4954,675
4955,675
4956,300
4957,425
4958,-125
4959,-75
4960,575
4961,-131
4962,473
4963,525
4964,375
4965,673
4966,673
4967,673
4968,-125
4969,350
4970,675
4971,550
4972,573
4973,625
4974,625
4975,673
4976,675
4977,475
4978,625
4979,575
4980,-125
4981,375
4982,571
4983,625
4984,575
4985,425
4986,400
4987,675
4988,623
4989,675
4990,-27
4991,675
4992,-175
4993,575
4994,675
4995,550
4996,673
4997,675
4998,625
4999,625
5000,675
5001,548
5002,-127
5003,550
5004,373
5005,673
5006,673
5007,673
5008,625
5009,625
5010,-202
5011,-27
5012,675
5013,625
5014,625
5015,475
5016,675
5017,423
5018,625
5019,548
5020,671
5021,423
5022,150
5023,625
5024,350
5025,673
5026,675
5027,625
5028,-125
5029,675
5030,625
5031,-29
5032,675
5033,675
5034,550
5035,-25
5036,625
5037,625
5038,675
5039,425
5040,675
5041,575
5042,473
5043,623
5044,-54
5045,625
5046,525
5047,675
5048,623
5049,675
5050,-125
5051,625
5052,298
5053,525
5054,625
5055,675
5056,-77
5057,-75
5058,675
5059,-352
5060,675
5061,625
5062,-27
5063,625
5064,625
5065,625
5066,444
5067,375
5068,525
5069,473
5070,575
5071,675
5072,425
5073,-125
5074,-25
5075,548
5076,625
5077,-75
5078,675
5079,623
5080,575
5081,375
5082,525
5083,-125
5084,375
5085,625
5086,-75
5087,675
5088,675
5089,625
5090,675
5091,625
5092,673
5093,673
5094,523
5095,-54
5096,621
5097,425
5098,425
5099,625
5100,675
5101,550
5102,675
5103,-125
5104,575
5105,-125
5106,675
5107,675
5108,625
5109,-77
5110,275
5111,325
5112,675
5113,-77
5114,-77
5115,673
5116,675
5117,-202
5118,425
5119,675
5120,-125
5121,-200
5122,550
5123,425
5124,671
5125,671
5126,-125
5127,500
5128,671
5129,525
5130,-25
5131,671
5132,471
5133,625
5134,523
5135,675
5136,575
5137,573
5138,675
5139,625
5140,675
5141,-127
5142,350
5143,575
5144,525
5145,-75
5146,675
5147,398
5148,675
5149,625
5150,375
5151,675
5152,673
5153,625
5154,-150
5155,675
5156,673
5157,-77
5158,675
5159,625
5160,675
5161,-129
5162,548
5163,-125
5164,421
5165,673
5166,425
5167,523
5168,-75
5169,625
5170,-125
5171,-81
5172,525
5173,-75
5174,625
5175,-27
5176,675
5177,671
5178,-75
5179,-75
5180,623
5181,425
5182,-25
5183,525
5184,575
5185,575
5186,625
5187,523
5188,-125
5189,575
5190,675
5191,675
5192,675
5193,425
5194,519
5195,673
5196,675
5197,-75
5198,525
5199,-25
5200,675
5201,575
5202,575
5203,675
5204,-77
5205,621
5206,425
5207,-25
5208,675
5209,625
5210,675
5211,621
5212,625
5213,673
5214,625
5215,625
5216,619
5217,675
5218,473
5219,150
5220,-102
5221,623
5222,348
5223,675
5224,673
5225,471
5226,625
5227,621
5228,550
5229,521
5230,425
5231,475
5232,673
5233,-129
5234,675
5235,675
5236,425
5237,-75
5238,525
5239,625
5240,625
5241,348
5242,550
5243,673
5244,425
5245,521
5246,673
5247,625
5248,625
5249,625
5250,148
5251,525
5252,523
5253,425
5254,498
5255,148
5256,-177
5257,475
5258,-25
5259,625
5260,-6
5261,625
5262,525
5263,671
5264,623
5265,625
5266,625
5267,375
5268,675
5269,-25
5270,625
5271,673
5272,-27
5273,675
5274,673
5275,575
5276,675
5277,625
5278,625
5279,623
5280,-75
5281,375
5282,-125
5283,375
5284,625
5285,425
5286,-125
5287,625
5288,673
5289,673
5290,625
5291,250
5292,673
5293,625
5294,673
5295,525
5296,375
5297,525
5298,675
5299,-25
5300,675
5301,675
5302,-127
5303,523
5304,625
5305,675
5306,625
5307,-27
5308,625
5309,-77
5310,-131
5311,625
5312,473
5313,-31
5314,675
5315,-75
5316,625
5317,523
5318,100
5319,-125
5320,675
5321,573
5322,350
5323,575
5324,575
5325,675
5326,575
5327,675
5328,475
5329,675
5330,400
5331,223
5332,571
5333,-77
5334,-31
5335,-179
5336,675
5337,675
5338,425
5339,-75
5340,423
5341,-125
5342,625
5343,675
5344,623
5345,-77
5346,475
5347,675
5348,-25
5349,675
5350,-75
5351,675
5352,-125
5353,-75
5354,200
5355,625
5356,625
5357,-125
5358,348
5359,398
5360,675
5361,625
5362,675
5363,675
5364,675
5365,625
5366,-125
5367,575
5368,575
5369,675
5370,525
5371,675
5372,475
5373,675
5374,675
5375,625
5376,571
5377,348
5378,375
5379,400
5380,675
5381,675
5382,375
5383,-77
5384,625
5385,-25
5386,400
5387,673
5388,671
5389,467
5390,675
5391,675
5392,473
5393,-75
5394,675
5395,671
5396,475
5397,-25
5398,675
5399,625
5400,675
5401,675
5402,675
5403,525
5404,675
5405,619
5406,550
5407,525
5408,425
5409,400
5410,625
5411,675
5412,525
5413,673
5414,675
5415,675
5416,575
5417,675
5418,625
5419,400
5420,473
5421,675
5422,523
5423,669
5424,675
5425,575
5426,675
5427,-125
5428,300
5429,625
5430,-125
5431,575
5432,-125
5433,675
5434,625
5435,-25
5436,573
5437,625
5438,625
5439,625
5440,375
5441,675
5442,625
5443,625
5444,-125
5445,671
5446,325
5447,575
5448,473
5449,675
5450,523
5451,548
5452,400
5453,425
5454,450
5455,675
5456,675
5457,625
5458,673
5459,-81
5460,675
5461,-75
5462,575
5463,625
5464,521
5465,625
5466,623
5467,-125
5468,673
5469,550
5470,573
5471,675
5472,525
5473,425
5474,675
5475,473
5476,-77
5477,-25
5478,275
5479,500
5480,-75
5481,-125
5482,375
5483,-79
5484,-75
5485,573
5486,-125
5487,675
5488,625
5489,675
5490,625
5491,475
5492,625
5493,623
5494,673
5495,-77
5496,523
5497,623
5498,-50
5499,350
5500,675
5501,675
5502,675
5503,623
5504,675
5505,671
5506,675
5507,625
5508,-125
5509,425
5510,673
5511,575
5512,675
5513,573
5514,575
5515,-175
5516,-75
5517,671
5518,625
5519,550
5520,-125
5521,350
5522,-127
5523,-125
5524,675
5525,375
5526,623
5527,673
5528,675
5529,573
5530,-175
5531,550
5532,625
5533,675
5534,-27
5535,375
5536,675
5537,475
5538,550
5539,675
5540,575
5541,625
5542,673
5543,625
5544,300
5545,0
5546,675
5547,425
5548,623
5549,675
5550,-75
5551,675
5552,575
5553,425
5554,675
5555,573
5556,573
5557,675
5558,673
5559,625
5560,625
5561,675
5562,-125
5563,425
5564,300
5565,675
5566,248
5567,423
5568,673
5569,425
5570,548
5571,-129
5572,673
5573,625
5574,-27
5575,675
5576,423
5577,575
5578,675
5579,675
5580,-125
5581,575
5582,625
5583,425
5584,-75
5585,675
5586,675
5587,573
5588,-177
5589,398
5590,569
5591,-75
5592,25
5593,675
5594,398
5595,569
5596,-75
5597,575
5598,675
5599,675
5600,623
5601,675
5602,525
5603,675
5604,617
5605,450
5606,625
5607,673
5608,625
5609,150
5610,625
5611,675
5612,344
5613,550
5614,571
5615,675
5616,575
5617,521
5618,625
5619,-127
5620,673
5621,675
5622,-427
5623,575
5624,625
5625,675
5626,675
5627,300
5628,298
5629,625
5630,671
5631,473
5632,675
5633,298
5634,625
5635,675
5636,675
5637,-125
5638,675
5639,623
5640,400
5641,675
5642,625
5643,675
5644,575
5645,425
5646,575
5647,150
5648,675
5649,575
5650,673
5651,623
5652,525
5653,625
5654,-25
5655,75
5656,400
5657,425
5658,525
5659,-75
5660,475
5661,400
5662,575
5663,623
5664,-125
5665,-25
5666,525
5667,-75
5668,625
5669,675
5670,675
5671,625
5672,675
5673,673
5674,625
5675,625
5676,348
5677,625
5678,675
5679,675
5680,573
5681,625
5682,675
5683,675
5684,625
5685,625
5686,625
5687,575
5688,675
5689,-25
5690,525
5691,448
5692,571
5693,-77
5694,-25
5695,673
5696,575
5697,475
5698,-125
5699,475
5700,-77
5701,525
5702,-25
5703,675
5704,550
5705,625
5706,675
5707,675
5708,573
5709,575
5710,575
5711,-75
5712,625
5713,625
5714,425
5715,625
5716,671
5717,-225
5718,500
5719,625
5720,675
5721,525
5722,625
5723,475
5724,675
5725,300
5726,675
5727,625
5728,675
5729,675
5730,575
5731,625
5732,-125
5733,675
5734,621
5735,400
5736,525
5737,375
5738,675
5739,675
5740,625
5741,675
5742,550
5743,575
5744,-125
5745,673
5746,-29
5747,-125
5748,-25
5749,575
5750,325
5751,525
5752,673
5753,-77
5754,-125
5755,575
5756,675
5757,-75
5758,625
5759,573
5760,475
5761,673
5762,-125
5763,625
5764,350
5765,273
5766,675
5767,-125
5768,350
5769,625
5770,425
5771,625
5772,375
5773,-200
5774,450
5775,275
5776,625
5777,573
5778,473
5779,-31
5780,575
5781,150
5782,-125
5783,500
5784,623
5785,575
5786,-175
5787,675
5788,-27
5789,525
5790,575
5791,525
5792,673
5793,623
5794,575
5795,423
5796,625
5797,625
5798,625
5799,575
5800,525
5801,550
5802,-177
5803,675
5804,625
5805,623
5806,675
5807,523
5808,675
5809,675
5810,623
5811,525
5812,396
5813,573
5814,425
5815,-75
5816,525
5817,-125
5818,673
5819,625
5820,-27
5821,673
5822,573
5823,373
5824,625
5825,575
5826,-75
5827,575
5828,-125
5829,246
5830,675
5831,-25
5832,350
5833,-125
5834,575
5835,400
5836,-125
5837,675
5838,-75
5839,250
5840,-75
5841,675
5842,346
5843,296
5844,625
5845,475
5846,625
5847,673
5848,675
5849,623
5850,575
5851,-125
5852,575
5853,675
5854,-175
5855,623
5856,675
5857,-25
5858,675
5859,398
5860,673
5861,675
5862,-25
5863,-100
5864,123
5865,475
5866,425
5867,-25
5868,371
5869,675
5870,523
5871,675
5872,-75
5873,675
5874,625
5875,-125
5876,675
5877,625
5878,-77
5879,625
5880,425
5881,-77
5882,675
5883,675
5884,-279
5885,250
5886,575
5887,523
5888,548
5889,673
5890,-79
5891,300
5892,548
5893,623
5894,346
5895,221
5896,675
5897,398
5898,625
5899,675
5900,675
5901,623
5902,573
5903,675
5904,675
5905,-79
5906,675
5907,625
5908,523
5909,-125
5910,675
5911,673
5912,-25
5913,-127
5914,573
5915,525
5916,673
5917,196
5918,-27
5919,525
5920,675
5921,-100
5922,575
5923,669
5924,525
5925,-25
5926,-75
5927,523
5928,525
5929,623
5930,675
5931,-125
5932,-25
5933,523
5934,425
5935,675
5936,475
5937,-75
5938,573
5939,573
5940,-29
5941,625
5942,296
5943,675
5944,-77
5945,575
5946,673
5947,475
5948,-125
5949,675
5950,625
5951,473
5952,521
5953,625
5954,-25
5955,675
5956,325
5957,621
5958,350
5959,673
5960,373
5961,675
5962,-77
5963,675
5964,-200
5965,625
5966,673
5967,675
5968,396
5969,-127
5970,400
5971,250
5972,671
5973,625
5974,675
5975,575
5976,675
5977,675
5978,523
5979,-125
5980,625
5981,375
5982,298
5983,350
5984,-25
5985,-125
5986,675
5987,-129
5988,573
5989,525
5990,-50
5991,625
5992,625
5993,-25
5994,-75
5995,675
5996,675
5997,625
5998,450
5999,-125
6000,625
6001,473
6002,673
6003,398
6004,621
6005,425
6006,675
6007,475
6008,623
6009,375
6010,-25
6011,225
6012,194
6013,523
6014,575
6015,500
6016,450
6017,350
6018,425
6019,-25
6020,673
6021,625
6022,623
6023,675
6024,671
6025,575
6026,575
6027,575
6028,675
6029,675
6030,675
6031,425
6032,625
6033,673
6034,-75
6035,-125
6036,675
6037,675
6038,675
6039,625
6040,73
6041,-125
6042,623
6043,575
6044,523
6045,-75
6046,625
6047,675
6048,-25
6049,675
6050,473
6051,275
6052,398
6053,-25
6054,675
6055,625
6056,625
6057,623
6058,675
6059,623
6060,-2
6061,675
6062,525
6063,-177
6064,675
6065,625
6066,473
6067,623
6068,425
6069,398
6070,425
6071,475
6072,623
6073,625
6074,675
6075,500
6076,675
6077,675
6078,625
6079,625
6080,675
6081,675
6082,525
6083,475
6084,675
6085,573
6086,673
6087,573
6088,400
6089,675
6090,675
6091,625
6092,-129
6093,-175
6094,571
6095,150
6096,375
6097,625
6098,-75
6099,625
6100,625
6101,473
6102,550
6103,-75
6104,-150
6105,575
6106,425
6107,575
6108,675
6109,675
6110,675
6111,625
6112,675
6113,-25
6114,621
6115,-156
6116,550
6117,623
6118,-25
6119,675
6120,625
6121,550
6122,-81
6123,671
6124,-75
6125,675
6126,525
6127,400
6128,625
6129,-75
6130,675
6131,100
6132,450
6133,525
6134,-125
6135,675
6136,-125
6137,673
6138,675
6139,621
6140,-75
6141,671
6142,675
6143,675
6144,675
6145,-29
6146,596
6147,625
6148,623
6149,675
6150,250
6151,625
6152,675
6153,675
6154,-125
6155,-127
6156,675
6157,-75
6158,675
6159,675
6160,625
6161,623
6162,475
6163,523
6164,675
6165,675
6166,675
6167,575
6168,573
6169,675
6170,675
6171,625
6172,675
6173,623
6174,675
6175,673
6176,523
6177,-125
6178,523
6179,673
6180,623
6181,675
6182,625
6183,625
6184,548
6185,525
6186,675
6187,673
6188,523
6189,473
6190,675
6191,625
6192,525
6193,300
6194,625
6195,425
6196,-175
6197,621
6198,625
6199,671
6200,521
6201,673
6202,-175
6203,675
6204,400
6205,475
6206,675
6207,573
6208,625
6209,675
6210,475
6211,575
6212,548
6213,-25
6214,-125
6215,0
6216,275
6217,673
6218,-131
6219,625
6220,475
6221,-25
6222,625
6223,675
6224,-127
6225,573
6226,675
6227,-77
6228,298
6229,-125
6230,-125
6231,-27
6232,625
6233,525
6234,623
6235,573
6236,-125
6237,248
6238,373
6239,475
6240,525
6241,673
6242,375
6243,625
6244,-75
6245,523
6246,425
6247,-125
6248,-127
6249,575
6250,325
6251,-27
6252,625
6253,675
6254,625
6255,-2
6256,575
6257,375
6258,675
6259,275
6260,625
6261,-125
6262,675
6263,548
6264,675
6265,675
6266,546
6267,671
6268,625
6269,675
6270,-77
6271,350
6272,-125
6273,-29
6274,675
6275,473
6276,500
6277,425
6278,575
6279,621
6280,575
6281,400
6282,675
6283,525
6284,625
6285,550
6286,-25
6287,425
6288,625
6289,675
6290,525
6291,-25
6292,-150
6293,675
6294,275
6295,625
6296,423
6297,625
6298,575
6299,625
6300,525
6301,675
6302,-75
6303,675
6304,-29
6305,625
6306,675
6307,625
6308,673
6309,675
6310,-75
6311,-127
6312,625
6313,625
6314,675
6315,525
6316,625
6317,348
6318,675
6319,621
6320,673
6321,623
6322,625
6323,525
6324,675
6325,25
6326,675
6327,573
6328,523
6329,423
6330,575
6331,525
6332,675
6333,623
6334,573
6335,625
6336,625
6337,575
6338,623
6339,625
6340,623
6341,675
6342,623
6343,296
6344,573
6345,675
6346,625
6347,-200
6348,-27
6349,-127
6350,625
6351,425
6352,425
6353,625
6354,623
6355,625
6356,575
6357,496
6358,-77
6359,498
6360,525
6361,623
6362,675
6363,673
6364,675
6365,621
6366,625
6367,625
6368,675
6369,-25
6370,550
6371,548
6372,-75
6373,-125
6374,675
6375,-125
6376,523
6377,625
6378,675
6379,298
6380,-75
6381,525
6382,471
6383,-75
6384,675
6385,400
6386,-125
6387,675
6388,575
6389,-27
6390,625
6391,525
6392,425
6393,-127
6394,625
6395,673
6396,-75
6397,546
6398,-125
6399,-125
6400,-175
6401,623
6402,673
6403,673
6404,571
6405,625
6406,275
6407,348
6408,400
6409,-125
6410,-125
6411,575
6412,475
6413,673
6414,400
6415,200
6416,675
6417,469
6418,446
6419,675
6420,675
6421,625
6422,-125
6423,675
6424,625
6425,-127
6426,675
6427,675
6428,625
6429,448
6430,675
6431,325
6432,348
6433,-125
6434,625
6435,550
6436,-177
6437,-25
6438,523
6439,575
6440,-125
6441,673
6442,373
6443,623
6444,675
6445,575
6446,0
6447,475
6448,375
6449,-75
6450,675
6451,575
6452,275
6453,575
6454,673
6455,-125
6456,550
6457,-125
6458,675
6459,673
6460,625
6461,675
6462,675
6463,675
6464,675
6465,673
6466,-125
6467,675
6468,575
6469,675
6470,671
6471,623
6472,-225
6473,575
6474,673
6475,625
6476,675
6477,675
6478,400
6479,521
6480,673
6481,675
6482,350
6483,673
6484,-125
6485,-125
6486,375
6487,625
6488,-175
6489,-325
6490,-127
6491,625
6492,475
6493,623
6494,625
6495,521
6496,625
6497,-25
6498,675
6499,573
6500,673
6501,-175
6502,675
6503,-125
6504,-200
6505,-125
6506,625
6507,150
6508,673
6509,150
6510,325
6511,673
6512,625
6513,675
6514,425
6515,625
6516,150
6517,150
6518,675
6519,-125
6520,675
6521,623
6522,521
6523,675
6524,575
6525,248
6526,573
6527,425
6528,675
6529,273
6530,625
6531,625
6532,-27
6533,348
6534,671
6535,625
6536,425
6537,-125
6538,575
6539,673
6540,523
6541,623
6542,-125
6543,-125
6544,250
6545,625
6546,575
6547,625
6548,625
6549,673
6550,625
6551,575
6552,-25
6553,-75
6554,525
6555,-125
6556,625
6557,548
6558,325
6559,-75
6560,400
6561,675
6562,-25
6563,375
6564,-175
6565,625
6566,398
6567,450
6568,675
6569,425
6570,675
6571,675
6572,675
6573,673
6574,625
6575,675
6576,623
6577,548
6578,525
6579,-27
6580,400
6581,673
6582,471
6583,400
6584,523
6585,675
6586,300
6587,-75
6588,-75
6589,625
6590,350
6591,675
6592,575
6593,675
6594,675
6595,525
6596,671
6597,675
6598,673
6599,-29
6600,-135
6601,675
6602,398
6603,375
6604,425
6605,625
6606,669
6607,625
6608,550
6609,75
6610,448
6611,-75
6612,396
6613,625
6614,323
6615,671
6616,321
6617,675
6618,-25
6619,475
6620,-75
6621,425
6622,675
6623,298
6624,675
6625,675
6626,625
6627,-125
6628,523
6629,675
6630,521
6631,-202
6632,573
6633,625
6634,625
6635,675
6636,475
6637,-125
6638,623
6639,-127
6640,621
6641,675
6642,348
6643,675
6644,-75
6645,671
6646,675
6647,-27
6648,471
6649,575
6650,400
6651,575
6652,675
6653,-75
6654,475
6655,675
6656,-125
6657,-127
6658,473
6659,675
6660,675
6661,573
6662,-125
6663,673
6664,-77
6665,623
6666,675
6667,-75
6668,623
6669,573
6670,425
6671,673
6672,673
6673,-25
6674,-75
6675,-125
6676,-127
6677,575
6678,275
6679,523
6680,675
6681,400
6682,400
6683,625
6684,675
6685,300
6686,575
6687,475
6688,573
6689,146
6690,625
6691,-75
6692,675
6693,671
6694,-100
6695,673
6696,475
6697,300
6698,625
6699,625
6700,675
6701,673
6702,623
6703,400
6704,-125
6705,-25
6706,675
6707,498
6708,625
6709,475
6710,675
6711,-125
6712,625
6713,573
6714,621
6715,623
6716,523
6717,575
6718,-25
6719,673
6720,-175
6721,675
6722,673
6723,-27
6724,-200
6725,-25
6726,675
6727,623
6728,673
6729,-127
6730,373
6731,-200
6732,625
6733,450
6734,496
6735,525
6736,575
6737,425
6738,675
6739,625
6740,675
6741,550
6742,675
6743,675
6744,525
6745,348
6746,673
6747,673
6748,675
6749,625
6750,325
6751,550
6752,475
6753,675
6754,423
6755,75
6756,-27
6757,525
6758,-75
6759,673
6760,675
6761,675
6762,575
6763,575
6764,-27
6765,500
6766,400
6767,-25
6768,-79
6769,575
6770,625
6771,400
6772,623
6773,-77
6774,471
6775,275
6776,625
6777,575
6778,675
6779,675
6780,248
6781,625
6782,575
6783,673
6784,525
6785,525
6786,-200
6787,623
6788,-27
6789,625
6790,575
6791,621
6792,-75
6793,575
6794,425
6795,675
6796,423
6797,625
6798,573
6799,525
6800,425
6801,671
6802,675
6803,621
6804,625
6805,671
6806,525
6807,-225
6808,550
6809,498
6810,400
6811,425
6812,-75
6813,675
6814,669
6815,-27
6816,-25
6817,625
6818,675
6819,550
6820,400
6821,573
6822,525
6823,675
6824,500
6825,675
6826,475
6827,621
6828,-75
6829,-27
6830,475
6831,675
6832,100
6833,50
6834,575
6835,525
6836,425
6837,525
6838,675
6839,525
6840,675
6841,350
6842,-125
6843,575
6844,673
6845,573
6846,425
6847,675
6848,625
6849,421
6850,575
6851,398
6852,573
6853,-125
6854,398
6855,675
6856,350
6857,673
6858,575
6859,625
6860,498
6861,675
6862,223
6863,623
6864,-200
6865,625
6866,625
6867,525
6868,675
6869,473
6870,575
6871,625
6872,-75
6873,675
6874,675
6875,669
6876,521
6877,675
6878,675
6879,675
6880,373
6881,675
6882,-125
6883,623
6884,525
6885,150
6886,575
6887,675
6888,198
6889,473
6890,671
6891,575
6892,625
6893,623
6894,625
6895,546
6896,675
6897,-125
6898,675
6899,400
6900,675
6901,523
6902,571
6903,-129
6904,675
6905,525
6906,525
6907,525
6908,623
6909,575
6910,525
6911,-175
6912,623
6913,473
6914,575
6915,-25
6916,675
6917,675
6918,675
6919,575
6920,475
6921,675
6922,-125
6923,675
6924,525
6925,675
6926,675
6927,625
6928,525
6929,575
6930,625
6931,625
6932,248
6933,673
6934,525
6935,571
6936,623
6937,625
6938,575
6939,675
6940,675
6941,625
6942,625
6943,-75
6944,625
6945,-25
6946,375
6947,350
6948,-27
6949,675
6950,475
6951,571
6952,675
6953,-277
6954,-75
6955,-125
6956,425
6957,-75
6958,675
6959,425
6960,398
6961,625
6962,-75
6963,523
6964,675
6965,675
6966,623
6967,-77
6968,675
6969,675
6970,623
6971,621
6972,550
6973,675
6974,-75
6975,525
6976,625
6977,623
6978,471
6979,673
6980,671
6981,425
6982,475
6983,471
6984,625
6985,525
6986,-125
6987,623
6988,625
6989,400
6990,675
6991,525
6992,625
6993,0
6994,625
6995,623
6996,673
6997,675
6998,625
6999,675
7000,675
7001,523
7002,673
7003,623
7004,675
7005,-125
7006,575
7007,675
7008,675
7009,-177
7010,625
7011,575
7012,575
7013,673
7014,573
7015,675
7016,675
7017,675
7018,475
7019,675
7020,625
7021,425
7022,573
7023,573
7024,675
7025,675
7026,623
7027,671
7028,573
7029,675
7030,621
7031,621
7032,675
7033,500
7034,423
7035,475
7036,673
7037,675
7038,625
7039,625
7040,623
7041,573
7042,-77
7043,625
7044,350
7045,525
7046,625
7047,625
7048,569
7049,425
7050,-77
7051,425
7052,400
7053,569
7054,425
7055,625
7056,675
7057,675
7058,625
7059,675
7060,675
7061,400
7062,675
7063,-125
7064,-27
7065,321
7066,300
7067,673
7068,400
7069,625
7070,348
7071,675
7072,575
7073,-77
7074,548
7075,573
7076,673
7077,525
7078,675
7079,675
7080,625
7081,-125
7082,673
7083,623
7084,396
7085,623
7086,623
7087,575
7088,523
7089,573
7090,625
7091,-75
7092,525
7093,425
7094,675
7095,525
7096,671
7097,-125
7098,400
7099,673
7100,625
7101,625
7102,625
7103,550
7104,425
7105,425
7106,-175
7107,-127
7108,675
7109,675
7110,575
7111,575
7112,-75
7113,623
7114,-127
7115,398
7116,673
7117,575
7118,673
7119,625
7120,425
7121,-127
7122,675
7123,475
7124,375
7125,400
7126,625
7127,623
7128,669
7129,675
7130,571
7131,525
7132,675
7133,623
7134,-27
7135,675
7136,675
7137,575
7138,-125
7139,673
7140,623
7141,675
7142,623
7143,300
7144,575
7145,673
7146,675
7147,525
7148,423
7149,-75
7150,675
7151,675
7152,671
7153,625
7154,-25
7155,625
7156,400
7157,675
7158,625
7159,625
7160,223
7161,-152
7162,473
7163,623
7164,675
7165,625
7166,548
7167,575
7168,675
7169,673
7170,-75
7171,625
7172,573
7173,550
7174,675
7175,625
7176,623
7177,675
7178,575
7179,-27
7180,625
7181,425
7182,521
7183,425
7184,23
7185,-75
7186,673
7187,623
7188,150
7189,423
7190,573
7191,675
7192,248
7193,-125
7194,-79
7195,675
7196,625
7197,-75
7198,448
7199,675
7200,25
7201,675
7202,573
7203,625
7204,375
7205,675
7206,573
7207,673
7208,150
7209,675
7210,-125
7211,623
7212,675
7213,-75
7214,550
7215,-2
7216,548
7217,623
7218,625
7219,675
7220,625
7221,675
7222,348
7223,450
7224,523
7225,571
7226,623
7227,425
7228,625
7229,625
7230,475
7231,573
7232,473
7233,450
7234,-125
7235,675
7236,625
7237,625
7238,625
7239,371
7240,500
7241,675
7242,500
7243,-125
7244,675
7245,573
7246,-150
7247,625
7248,-202
7249,-125
7250,523
7251,673
7252,-75
7253,-125
7254,675
7255,398
7256,325
7257,625
7258,-125
7259,-125
7260,675
7261,573
7262,625
7263,575
7264,673
7265,473
7266,425
7267,675
7268,573
7269,625
7270,675
7271,625
7272,623
7273,500
7274,675
7275,275
7276,575
7277,675
7278,575
7279,675
7280,673
7281,625
7282,623
7283,625
7284,596
7285,525
7286,375
7287,300
7288,675
7289,625
7290,625
7291,375
7292,675
7293,523
7294,-225
7295,569
7296,473
7297,-125
7298,400
7299,675
7300,625
7301,575
7302,548
7303,575
7304,-75
7305,675
7306,625
7307,621
7308,-177
7309,625
7310,550
7311,475
7312,-125
7313,625
7314,425
7315,273
7316,621
7317,-175
7318,625
7319,275
7320,675
7321,675
7322,675
7323,625
7324,625
7325,-27
7326,625
7327,496
7328,350
7329,621
7330,675
7331,673
7332,573
7333,-125
7334,-25
7335,-25
7336,573
7337,675
7338,575
7339,675
7340,448
7341,525
7342,673
7343,575
7344,625
7345,675
7346,425
7347,400
7348,675
7349,671
7350,525
7351,675
7352,525
7353,675
7354,623
7355,448
7356,623
7357,575
7358,623
7359,625
7360,573
7361,673
7362,573
7363,625
7364,525
7365,-79
7366,673
7367,525
7368,525
7369,675
7370,671
7371,350
7372,625
7373,625
7374,675
7375,-25
7376,675
7377,425
7378,275
7379,675
7380,673
7381,575
7382,675
7383,625
7384,625
7385,675
7386,525
7387,473
7388,675
7389,673
7390,525
7391,675
7392,-125
7393,675
7394,250
7395,673
7396,325
7397,671
7398,425
7399,675
7400,625
7401,675
7402,-75
7403,423
7404,673
7405,675
7406,525
7407,675
7408,675
7409,400
7410,425
7411,-25
7412,525
7413,250
7414,625
7415,675
7416,675
7417,-125
7418,-125
7419,521
7420,625
7421,671
7422,675
7423,300
7424,675
7425,473
7426,623
7427,675
7428,-75
7429,325
7430,-125
7431,675
7432,625
7433,-25
7434,673
7435,623
7436,-50
7437,525
7438,-127
7439,619
7440,-200
7441,671
7442,525
7443,575
7444,673
7445,623
7446,673
7447,325
7448,525
7449,625
7450,675
7451,525
7452,400
7453,350
7454,425
7455,625
7456,300
7457,-25
7458,675
7459,425
7460,625
7461,625
7462,523
7463,623
7464,375
7465,523
7466,575
7467,-175
7468,673
7469,-202
7470,525
7471,575
7472,673
7473,675
7474,298
7475,675
7476,575
7477,425
7478,623
7479,573
7480,675
7481,550
7482,625
7483,-125
7484,475
7485,525
7486,673
7487,673
7488,675
7489,675
7490,625
7491,-75
7492,-25
7493,675
7494,398
7495,675
7496,675
7497,675
7498,675
7499,675
7500,-25
7501,625
7502,575
7503,623
7504,625
7505,523
7506,425
7507,675
7508,571
7509,-4
7510,675
7511,675
7512,150
7513,575
7514,-75
7515,623
7516,425
7517,525
7518,475
7519,675
7520,671
7521,623
7522,675
7523,575
7524,-79
7525,-75
7526,623
7527,673
7528,675
7529,575
7530,625
7531,-27
7532,675
7533,675
7534,675
7535,475
7536,625
7537,575
7538,-125
7539,573
7540,675
7541,400
7542,-225
7543,523
7544,675
7545,625
7546,671
7547,425
7548,673
7549,675
7550,-177
7551,350
7552,675
7553,673
7554,498
7555,525
7556,550
7557,625
7558,675
7559,573
7560,673
7561,400
7562,671
7563,675
7564,673
7565,-77
7566,673
7567,675
7568,675
7569,400
7570,623
7571,575
7572,-75
7573,375
7574,-75
7575,423
7576,675
7577,669
7578,625
7579,521
7580,625
7581,398
7582,621
7583,675
7584,675
7585,-75
7586,675
7587,671
7588,675
7589,-125
7590,625
7591,675
7592,575
7593,225
7594,673
7595,-125
7596,675
7597,525
7598,625
7599,300
7600,625
7601,623
7602,569
7603,525
7604,673
7605,-229
7606,673
7607,625
7608,523
7609,425
7610,575
7611,625
7612,625
7613,375
7614,573
7615,675
7616,396
7617,-77
7618,675
7619,350
7620,498
7621,475
7622,625
7623,675
7624,-129
7625,623
7626,675
7627,623
7628,625
7629,573
7630,675
7631,575
7632,625
7633,673
7634,673
7635,400
7636,625
7637,625
7638,625
7639,325
7640,-2
7641,350
7642,675
7643,523
7644,673
7645,375
7646,575
7647,575
7648,625
7649,675
7650,625
7651,525
7652,625
7653,-27
7654,525
7655,273
7656,675
7657,-25
7658,675
7659,675
7660,675
7661,425
7662,575
7663,521
7664,421
7665,675
7666,-75
7667,675
7668,575
7669,673
7670,-125
7671,350
7672,525
7673,-52
7674,-25
7675,398
7676,675
7677,575
7678,573
7679,-27
7680,623
7681,675
7682,-125
7683,-125
7684,350
7685,675
7686,675
7687,621
7688,575
7689,675
7690,398
7691,423
7692,675
7693,675
7694,-125
7695,575
7696,425
7697,675
7698,675
7699,525
7700,625
7701,525
7702,625
7703,575
7704,625
7705,-125
7706,225
7707,0
7708,-125
7709,-75
7710,625
7711,375
7712,625
7713,425
7714,675
7715,-125
7716,675
7717,625
7718,300
7719,-75
7720,625
7721,525
7722,675
7723,-125
7724,625
7725,-125
7726,625
7727,675
7728,675
7729,671
7730,-154
7731,575
7732,625
7733,673
7734,348
7735,621
7736,625
7737,625
7738,425
7739,675
7740,625
7741,325
7742,250
7743,625
7744,675
7745,525
7746,400
7747,575
7748,625
7749,623
7750,-125
7751,325
7752,525
7753,521
7754,625
7755,675
7756,-125
7757,-125
7758,625
7759,525
7760,675
7761,625
7762,675
7763,625
7764,575
7765,575
7766,675
7767,-125
7768,625
7769,673
7770,675
7771,350
7772,675
7773,596
7774,-75
7775,-25
7776,675
7777,623
7778,625
7779,375
7780,-125
7781,-125
7782,398
7783,475
7784,675
7785,621
7786,-75
7787,375
7788,473
7789,673
7790,675
7791,625
7792,625
7793,525
7794,625
7795,425
7796,621
7797,675
7798,675
7799,425
7800,525
7801,400
7802,675
7803,675
7804,623
7805,673
7806,625
7807,675
7808,425
7809,-25
7810,625
7811,273
7812,575
7813,525
7814,623
7815,-27
7816,350
7817,673
7818,673
7819,573
7820,375
7821,-127
7822,673
7823,523
7824,575
7825,-125
7826,-75
7827,-129
7828,623
7829,525
7830,-125
7831,525
7832,675
7833,-175
7834,-125
7835,398
7836,675
7837,475
7838,-125
7839,673
7840,675
7841,525
7842,-275
7843,623
7844,673
7845,425
7846,623
7847,425
7848,625
7849,350
7850,675
7851,-75
7852,625
7853,523
7854,-27
7855,625
7856,-79
7857,673
7858,300
7859,675
7860,625
7861,-75
7862,671
7863,625
7864,623
7865,675
7866,575
7867,475
7868,675
7869,625
7870,675
7871,625
7872,575
7873,400
7874,100
7875,525
7876,675
7877,550
7878,375
7879,-175
7880,675
7881,450
7882,675
7883,-125
7884,521
7885,350
7886,198
7887,425
7888,-125
7889,-75
7890,675
7891,-125
7892,675
7893,575
7894,-25
7895,675
7896,623
7897,-125
7898,475
7899,-25
7900,-125
7901,623
7902,-179
7903,673
7904,350
7905,625
7906,375
7907,675
7908,471
7909,544
7910,-27
7911,525
7912,471
7913,248
7914,675
7915,275
7916,471
7917,625
7918,525
7919,673
7920,350
7921,675
7922,400
7923,575
7924,625
7925,-29
7926,625
7927,300
7928,400
7929,-79
7930,350
7931,675
7932,675
7933,-75
7934,250
7935,521
7936,675
7937,575
7938,-77
7939,75
7940,525
7941,521
7942,625
7943,-75
7944,675
7945,523
7946,575
7947,525
7948,625
7949,525
7950,250
7951,675
7952,573
7953,675
7954,675
7955,600
7956,425
7957,623
7958,675
7959,475
7960,673
7961,400
7962,575
7963,673
7964,675
7965,625
7966,575
7967,675
7968,671
7969,573
7970,675
7971,675
7972,525
7973,-27
7974,675
7975,-75
7976,673
7977,498
7978,421
7979,-25
7980,675
7981,621
7982,621
7983,673
7984,400
7985,671
7986,471
7987,675
7988,573
7989,625
7990,425
7991,675
7992,-100
7993,-125
7994,-75
7995,500
7996,673
7997,673
7998,-75
7999,348
8000,675
8001,-27
8002,-75
8003,675
8004,675
8005,523
8006,625
8007,675
8008,523
8009,-125
8010,623
8011,675
8012,-75
8013,573
8014,-75
8015,523
8016,621
8017,625
8018,425
8019,400
8020,625
8021,423
8022,625
8023,625
8024,675
8025,675
8026,573
8027,575
8028,575
8029,625
8030,675
8031,675
8032,525
8033,-31
8034,675
8035,675
8036,675
8037,471
8038,323
8039,675
8040,-75
8041,675
8042,523
8043,473
8044,575
8045,473
8046,371
8047,496
8048,575
8049,625
8050,573
8051,-77
8052,575
8053,675
8054,425
8055,675
8056,625
8057,675
8058,625
8059,675
8060,525
8061,-75
8062,-127
8063,675
8064,248
8065,625
8066,573
8067,623
8068,550
8069,675
8070,623
8071,-200
8072,625
8073,675
8074,675
8075,425
8076,525
8077,675
8078,-75
8079,673
8080,550
8081,523
8082,675
8083,575
8084,673
8085,548
8086,625
8087,-75
8088,623
8089,548
8090,575
8091,675
8092,-125
8093,675
8094,525
8095,-75
8096,675
8097,623
8098,-129
8099,521
8100,525
8101,625
8102,675
8103,625
8104,473
8105,-125
8106,625
8107,348
8108,298
8109,250
8110,-125
8111,575
8112,675
8113,400
8114,-27
8115,625
8116,300
8117,675
8118,-125
8119,-75
8120,-75
8121,625
8122,675
8123,-77
8124,575
8125,525
8126,625
8127,625
8128,-125
8129,425
8130,575
8131,673
8132,350
8133,521
8134,-75
8135,673
8136,-75
8137,573
8138,673
8139,525
8140,623
8141,575
8142,623
8143,625
8144,400
8145,425
8146,673
8147,575
8148,673
8149,625
8150,200
8151,675
8152,575
8153,-125
8154,-279
8155,-125
8156,625
8157,623
8158,625
8159,619
8160,671
8161,-200
8162,400
8163,623
8164,673
8165,675
8166,675
8167,-79
8168,623
8169,675
8170,675
8171,675
8172,675
8173,575
8174,675
8175,675
8176,-27
8177,625
8178,573
8179,625
8180,350
8181,375
8182,275
8183,625
8184,673
8185,-127
8186,425
8187,-25
8188,573
8189,525
8190,625
8191,573
8192,571
8193,-125
8194,675
8195,625
8196,623
8197,675
8198,-75
8199,-25
8200,673
8201,525
8202,-75
8203,573
8204,-125
8205,298
8206,575
8207,348
8208,0
8209,-75
8210,-25
8211,-27
8212,625
8213,675
8214,575
8215,-77
8216,675
8217,575
8218,-25
8219,-75
8220,525
8221,48
8222,350
8223,675
8224,350
8225,548
8226,425
8227,575
8228,673
8229,-75
8230,675
8231,675
8232,621
8233,-125
8234,675
8235,-75
8236,675
8237,625
8238,675
8239,673
8240,675
8241,671
8242,400
8243,-25
8244,675
8245,625
8246,423
8247,623
8248,675
8249,425
8250,675
8251,550
8252,675
8253,573
8254,475
8255,675
8256,521
8257,675
8258,675
8259,-127
8260,673
8261,425
8262,619
8263,398
8264,-75
8265,675
8266,673
8267,675
8268,573
8269,625
8270,300
8271,525
8272,-77
8273,375
8274,675
8275,625
8276,671
8277,575
8278,398
8279,300
8280,-181
8281,675
8282,625
8283,673
8284,625
8285,675
8286,625
8287,-75
8288,625
8289,-75
8290,523
8291,625
8292,-27
8293,-104
8294,425
8295,575
8296,423
8297,675
8298,400
8299,623
8300,669
8301,-27
8302,-77
8303,573
8304,-100
8305,-225
8306,625
8307,673
8308,-25
8309,625
8310,675
8311,675
8312,523
8313,350
8314,525
8315,625
8316,523
8317,623
8318,475
8319,625
8320,523
8321,398
8322,675
8323,673
8324,675
8325,550
8326,525
8327,675
8328,-100
8329,500
8330,525
8331,373
8332,625
8333,575
8334,575
8335,-31
8336,550
8337,675
8338,100
8339,525
8340,675
8341,625
8342,671
8343,675
8344,550
8345,-175
8346,675
8347,675
8348,675
8349,675
8350,675
8351,-77
8352,625
8353,675
8354,500
8355,675
8356,-25
8357,573
8358,575
8359,375
8360,-75
8361,625
8362,675
8363,625
8364,400
8365,625
8366,525
8367,623
8368,673
8369,625
8370,-75
8371,575
8372,675
8373,675
8374,523
8375,675
8376,-25
8377,496
8378,675
8379,625
8380,675
8381,673
8382,573
8383,575
8384,673
8385,675
8386,350
8387,525
8388,625
8389,-77
8390,-175
8391,573
8392,673
8393,673
8394,623
8395,-25
8396,400
8397,625
8398,573
8399,675
8400,575
8401,425
8402,675
8403,675
8404,-175
8405,523
8406,675
8407,675
8408,675
8409,675
8410,623
8411,346
8412,-75
8413,675
8414,-125
8415,525
8416,500
8417,675
8418,675
8419,625
8420,448
8421,425
8422,575
8423,673
8424,-125
8425,421
8426,575
8427,-125
8428,625
8429,200
8430,675
8431,625
8432,575
8433,425
8434,-125
8435,625
8436,550
8437,-129
8438,-125
8439,675
8440,625
8441,675
8442,-25
8443,673
8444,-75
8445,675
8446,-27
8447,300
8448,473
8449,525
8450,425
8451,625
8452,373
8453,575
8454,-2
8455,575
8456,625
8457,398
8458,625
8459,523
8460,675
8461,625
8462,623
8463,673
8464,573
8465,675
8466,673
8467,571
8468,675
8469,675
8470,675
8471,-125
8472,517
8473,673
8474,673
8475,575
8476,675
8477,425
8478,673
8479,675
8480,475
8481,675
8482,675
8483,625
8484,625
8485,525
8486,298
8487,621
8488,475
8489,623
8490,675
8491,475
8492,575
8493,-25
8494,-177
8495,-125
8496,675
8497,298
8498,346
8499,-125
8500,623
8501,244
8502,350
8503,-125
8504,575
8505,575
8506,550
8507,525
8508,550
8509,-125
8510,625
8511,521
8512,573
8513,-125
8514,675
8515,525
8516,-175
8517,-56
8518,673
8519,425
8520,675
8521,523
8522,-25
8523,573
8524,148
8525,671
8526,-77
8527,675
8528,573
8529,625
8530,400
8531,675
8532,675
8533,471
8534,625
8535,675
8536,625
8537,-302
8538,673
8539,400
8540,-75
8541,525
8542,573
8543,525
8544,-129
8545,-27
8546,-75
8547,673
8548,575
8549,221
8550,675
8551,-127
8552,675
8553,250
8554,675
8555,-127
8556,675
8557,623
8558,-129
8559,675
8560,673
8561,450
8562,675
8563,625
8564,675
8565,523
8566,525
8567,-177
8568,-77
8569,350
8570,-127
8571,-125
8572,175
8573,625
8574,675
8575,623
8576,675
8577,550
8578,-125
8579,675
8580,573
8581,675
8582,425
8583,675
8584,-27
8585,525
8586,673
8587,-75
8588,675
8589,-27
8590,675
8591,550
8592,575
8593,625
8594,-131
8595,-125
8596,675
8597,575
8598,475
8599,675
8600,675
8601,675
8602,-2
8603,546
8604,523
8605,523
8606,525
8607,625
8608,575
8609,525
8610,675
8611,500
8612,623
8613,-125
8614,573
8615,200
8616,548
8617,-29
8618,675
8619,-127
8620,675
8621,575
8622,548
8623,673
8624,675
8625,400
8626,675
8627,-77
8628,75
8629,-125
8630,575
8631,-75
8632,625
8633,575
8634,625
8635,398
8636,625
8637,-75
8638,517
8639,623
8640,398
8641,673
8642,625
8643,150
8644,-25
8645,475
8646,300
8647,-125
8648,625
8649,500
8650,525
8651,625
8652,398
8653,525
8654,475
8655,575
8656,675
8657,-227
8658,523
8659,573
8660,575
8661,425
8662,625
8663,450
8664,623
8665,-75
8666,625
8667,200
8668,-125
8669,346
8670,675
8671,275
8672,573
8673,675
8674,350
8675,675
8676,675
8677,673
8678,-77
8679,523
8680,498
8681,625
8682,675
8683,-27
8684,-125
8685,523
8686,575
8687,575
8688,-200
8689,348
8690,675
8691,673
8692,675
8693,-127
8694,-125
8695,275
8696,675
8697,623
8698,675
8699,-25
8700,-75
8701,375
8702,-75
8703,623
8704,150
8705,573
8706,675
8707,625
8708,-75
8709,675
8710,675
8711,198
8712,-125
8713,625
8714,621
8715,623
8716,-25
8717,675
8718,473
8719,675
8720,623
8721,673
8722,673
8723,425
8724,-75
8725,550
8726,673
8727,400
8728,675
8729,400
8730,625
8731,575
8732,375
8733,675
8734,675
8735,525
8736,525
8737,-125
8738,-77
8739,-175
8740,673
8741,673
8742,-75
8743,-25
8744,71
8745,400
8746,498
8747,625
8748,248
8749,-125
8750,623
8751,375
8752,625
8753,575
8754,350
8755,425
8756,523
8757,675
8758,575
8759,575
8760,675
8761,525
8762,323
8763,-25
8764,675
8765,571
8766,675
8767,675
8768,623
8769,623
8770,523
8771,625
8772,-25
8773,625
8774,625
8775,625
8776,673
8777,673
8778,573
8779,373
8780,525
8781,673
8782,523
8783,675
8784,-125
8785,675
8786,623
8787,425
8788,675
8789,625
8790,675
8791,475
8792,623
8793,575
8794,573
8795,525
8796,673
8797,675
8798,621
8799,-125
8800,348
8801,396
8802,-125
8803,-125
8804,475
8805,675
8806,625
8807,373
8808,473
8809,673
8810,673
8811,-75
8812,675
8813,-125
8814,675
8815,425
8816,296
8817,148
8818,625
8819,625
8820,625
8821,625
8822,-79
8823,-31
8824,625
8825,423
8826,421
8827,550
8828,350
8829,625
8830,-27
8831,-77
8832,350
8833,375
8834,-25
8835,625
8836,673
8837,475
8838,400
8839,575
8840,675
8841,400
8842,675
8843,625
8844,348
8845,675
8846,625
8847,525
8848,625
8849,675
8850,675
8851,625
8852,-27
8853,625
8854,675
8855,425
8856,673
8857,-25
8858,675
8859,400
8860,-125
8861,573
8862,425
8863,425
8864,-125
8865,673
8866,625
8867,625
8868,575
8869,675
8870,625
8871,373
8872,625
8873,575
8874,325
8875,548
8876,375
8877,625
8878,150
8879,673
8880,-75
8881,-27
8882,673
8883,525
8884,-177
8885,625
8886,550
8887,498
8888,575
8889,675
8890,-75
8891,400
8892,298
8893,625
8894,625
8895,623
8896,675
8897,425
8898,675
8899,-152
8900,375
8901,-125
8902,-125
8903,550
8904,-25
8905,-25
8906,575
8907,675
8908,473
8909,625
8910,-127
8911,-31
8912,673
8913,675
8914,671
8915,673
8916,500
8917,675
8918,-75
8919,675
8920,548
8921,625
8922,396
8923,675
8924,673
8925,625
8926,446
8927,675
8928,400
8929,-75
8930,675
8931,-225
8932,-125
8933,350
8934,625
8935,-127
8936,523
8937,-125
8938,-75
8939,-75
8940,675
8941,275
8942,625
8943,625
8944,623
8945,675
8946,-125
8947,675
8948,575
8949,675
8950,350
8951,625
8952,625
8953,625
8954,-200
8955,675
8956,573
8957,473
8958,623
8959,625
8960,523
8961,425
8962,675
8963,-4
8964,675
8965,675
8966,523
8967,298
8968,446
8969,625
8970,625
8971,675
8972,498
8973,625
8974,-125
8975,621
8976,671
8977,675
8978,623
8979,-25
8980,-27
8981,675
8982,-125
8983,-125
8984,621
8985,623
8986,-127
8987,475
8988,-75
8989,525
8990,675
8991,573
8992,675
8993,673
8994,-175
8995,575
8996,623
8997,573
8998,-27
8999,298
9000,675
9001,675
9002,671
9003,673
9004,625
9005,419
9006,375
9007,348
9008,-127
9009,-175
9010,575
9011,550
9012,623
9013,675
9014,625
9015,523
9016,625
9017,423
9018,-75
9019,575
9020,675
9021,675
9022,625
9023,575
9024,575
9025,675
9026,675
9027,-75
9028,673
9029,575
9030,621
9031,675
9032,675
9033,675
9034,425
9035,-125
9036,100
9037,625
9038,675
9039,671
9040,-75
9041,625
9042,675
9043,675
9044,625
9045,675
9046,675
9047,673
9048,448
9049,-29
9050,625
9051,-152
9052,573
9053,575
9054,571
9055,675
9056,625
9057,625
9058,625
9059,625
9060,675
9061,350
9062,625
9063,675
9064,571
9065,675
9066,625
9067,-75
9068,673
9069,675
9070,675
9071,675
9072,271
9073,425
9074,525
9075,573
9076,675
9077,675
9078,673
9079,675
9080,375
9081,625
9082,675
9083,673
9084,675
9085,625
9086,550
9087,623
9088,675
9089,425
9090,675
9091,575
9092,625
9093,550
9094,373
9095,625
9096,675
9097,325
9098,223
9099,675
9100,575
9101,625
9102,475
9103,-75
9104,-125
9105,298
9106,675
9107,575
9108,623
9109,625
9110,675
9111,675
9112,100
9113,623
9114,673
9115,-75
9116,625
9117,375
9118,625
9119,625
9120,575
9121,473
9122,425
9123,675
9124,675
9125,325
9126,-77
9127,625
9128,525
9129,625
9130,675
9131,623
9132,675
9133,625
9134,673
9135,675
9136,373
9137,475
9138,575
9139,425
9140,-125
9141,625
9142,623
9143,523
9144,425
9145,-77
9146,425
9147,469
9148,473
9149,675
9150,621
9151,625
9152,-177
9153,625
9154,675
9155,675
9156,625
9157,625
9158,248
9159,675
9160,625
9161,625
9162,623
9163,675
9164,625
9165,621
9166,-127
9167,-25
9168,-127
9169,471
9170,673
9171,-27
9172,623
9173,546
9174,675
9175,625
9176,-77
9177,-75
9178,675
9179,675
9180,625
9181,548
9182,623
9183,675
9184,425
9185,125
9186,425
9187,673
9188,675
9189,475
9190,625
9191,575
9192,-127
9193,675
9194,573
9195,575
9196,621
9197,-27
9198,675
9199,625
9200,675
9201,375
9202,675
9203,575
9204,275
9205,423
9206,273
9207,323
9208,673
9209,575
9210,-75
9211,475
9212,-131
9213,675
9214,623
9215,669
9216,-125
9217,573
9218,-125
9219,-125
9220,-202
9221,475
9222,423
9223,623
9224,621
9225,-75
9226,623
9227,675
9228,675
9229,675
9230,500
9231,675
9232,673
9233,623
9234,-125
9235,675
9236,-75
9237,625
9238,-75
9239,569
9240,675
9241,625
9242,-27
9243,-29
9244,525
9245,621
9246,573
9247,675
9248,-175
9249,625
9250,471
9251,550
9252,675
9253,625
9254,675
9255,625
9256,525
9257,675
9258,675
9259,-125
9260,675
9261,525
9262,373
9263,525
9264,575
9265,498
9266,625
9267,-27
9268,625
9269,675
9270,625
9271,-75
9272,625
9273,675
9274,625
9275,-25
9276,400
9277,675
9278,625
9279,425
9280,500
9281,625
9282,625
9283,375
9284,-77
9285,675
9286,500
9287,673
9288,-77
9289,625
9290,500
9291,-202
9292,625
9293,-50
9294,300
9295,673
9296,675
9297,623
9298,350
9299,350
9300,623
9301,523
9302,675
9303,625
9304,523
9305,525
9306,625
9307,550
9308,673
9309,623
9310,675
9311,675
9312,521
9313,348
9314,575
9315,625
9316,625
9317,569
9318,625
9319,675
9320,525
9321,173
9322,625
9323,675
9324,425
9325,-27
9326,675
9327,-200
9328,550
9329,-200
9330,623
9331,-25
9332,275
9333,625
9334,625
9335,675
9336,625
9337,625
9338,625
9339,371
9340,375
9341,623
9342,325
9343,425
9344,575
9345,675
9346,-29
9347,-125
9348,625
9349,-29
9350,623
9351,623
9352,625
9353,571
9354,675
9355,550
9356,675
9357,625
9358,625
9359,625
9360,548
9361,675
9362,500
9363,625
9364,573
9365,-125
9366,525
9367,623
9368,-29
9369,623
9370,348
9371,-125
9372,675
9373,-127
9374,525
9375,675
9376,675
9377,575
9378,623
9379,675
9380,625
9381,-125
9382,675
9383,350
9384,675
9385,573
9386,523
9387,623
9388,573
9389,625
9390,-127
9391,625
9392,671
9393,573
9394,473
9395,521
9396,-27
9397,625
9398,521
9399,473
9400,625
9401,471
9402,673
9403,475
9404,623
9405,150
9406,573
9407,-77
9408,673
9409,400
9410,675
9411,-175
9412,673
9413,673
9414,525
9415,273
9416,375
9417,-175
9418,-125
9419,200
9420,625
9421,-125
9422,475
9423,400
9424,475
9425,575
9426,573
9427,448
9428,675
9429,575
9430,675
9431,-25
9432,621
9433,623
9434,475
9435,575
9436,498
9437,250
9438,575
9439,525
9440,675
9441,571
9442,-25
9443,675
9444,625
9445,625
9446,-125
9447,621
9448,673
9449,425
9450,625
9451,675
9452,550
9453,-77
9454,675
9455,-79
9456,675
9457,673
9458,675
9459,-200
9460,671
9461,-175
9462,-125
9463,73
9464,673
9465,-127
9466,400
9467,525
9468,675
9469,623
9470,-27
9471,625
9472,623
9473,-25
9474,623
9475,625
9476,675
9477,625
9478,673
9479,673
9480,625
9481,625
9482,625
9483,-77
9484,400
9485,675
9486,298
9487,398
9488,671
9489,-125
9490,575
9491,675
9492,400
9493,-75
9494,675
9495,396
9496,-75
9497,400
9498,575
9499,625
9500,550
9501,425
9502,673
9503,575
9504,273
9505,-75
9506,625
9507,675
9508,546
9509,625
9510,-75
9511,623
9512,573
9513,475
9514,575
9515,673
9516,-31
9517,625
9518,625
9519,550
9520,673
9521,625
9522,675
9523,675
9524,669
9525,675
9526,575
9527,673
9528,625
9529,-75
9530,673
9531,0
9532,623
9533,621
9534,675
9535,625
9536,575
9537,548
9538,673
9539,300
9540,673
9541,675
9542,475
9543,525
9544,573
9545,625
9546,523
9547,-27
9548,675
9549,625
9550,-29
9551,673
9552,-75
9553,675
9554,-127
9555,623
9556,573
9557,-77
9558,525
9559,675
9560,-302
9561,625
9562,675
9563,623
9564,673
9565,673
9566,-125
9567,673
9568,675
9569,573
9570,-125
9571,475
9572,-175
9573,675
9574,-25
9575,625
9576,673
9577,523
9578,675
9579,-75
9580,671
9581,425
9582,425
9583,425
9584,-125
9585,623
9586,575
9587,-100
9588,675
9589,375
9590,521
9591,675
9592,625
9593,625
9594,673
9595,423
9596,548
9597,-125
9598,675
9599,675
9600,675
9601,625
9602,-125
9603,200
9604,673
9605,75
9606,-125
9607,625
9608,400
9609,296
9610,275
9611,-75
9612,519
9613,-125
9614,575
9615,621
9616,500
9617,575
9618,575
9619,619
9620,675
9621,673
9622,-125
9623,575
9624,675
9625,625
9626,-27
9627,625
9628,-75
9629,675
9630,473
9631,525
9632,675
9633,675
9634,525
9635,575
9636,675
9637,546
9638,575
9639,675
9640,-125
9641,675
9642,-25
9643,623
9644,575
9645,625
9646,675
9647,625
9648,-129
9649,621
9650,523
9651,675
9652,675
9653,575
9654,525
9655,-125
9656,625
9657,225
9658,350
9659,673
9660,675
9661,-27
9662,675
9663,623
9664,625
9665,673
9666,625
9667,575
9668,673
9669,675
9670,-77
9671,523
9672,350
9673,625
9674,521
9675,675
9676,673
9677,525
9678,673
9679,550
9680,-27
9681,675
9682,550
9683,625
9684,675
9685,671
9686,-75
9687,575
9688,673
9689,475
9690,600
9691,625
9692,400
9693,523
9694,-175
9695,623
9696,525
9697,523
9698,398
9699,-25
9700,350
9701,571
9702,-75
9703,525
9704,675
9705,525
9706,675
9707,-125
9708,675
9709,425
9710,675
9711,-27
9712,625
9713,350
9714,498
9715,575
9716,-77
9717,375
9718,675
9719,675
9720,675
9721,625
9722,400
9723,375
9724,571
9725,-77
9726,673
9727,675
9728,550
9729,-125
9730,673
9731,675
9732,673
9733,675
9734,425
9735,575
9736,623
9737,623
9738,575
9739,-27
9740,671
9741,675
9742,675
9743,-100
9744,-225
9745,625
9746,469
9747,623
9748,675
9749,523
9750,625
9751,325
9752,-75
9753,-75
9754,573
9755,675
9756,-125
9757,425
9758,625
9759,625
9760,673
9761,-125
9762,550
9763,521
9764,575
9765,375
9766,225
9767,525
9768,573
9769,621
9770,675
9771,400
9772,-75
9773,-127
9774,675
9775,-75
9776,625
9777,523
9778,625
9779,448
9780,425
9781,575
9782,625
9783,-200
9784,425
9785,550
9786,525
9787,-125
9788,-125
9789,675
9790,673
9791,623
9792,675
9793,500
9794,625
9795,625
9796,-75
9797,471
9798,625
9799,675
9800,675
9801,675
9802,675
9803,425
9804,-50
9805,-125
9806,625
9807,-75
9808,675
9809,675
9810,675
9811,-77
9812,575
9813,625
9814,-75
9815,675
9816,-200
9817,-125
9818,573
9819,-75
9820,623
9821,673
9822,-75
9823,575
9824,-77
9825,673
9826,625
9827,675
9828,475
9829,475
9830,675
9831,475
9832,675
9833,675
9834,675
9835,-125
9836,575
9837,673
9838,-125
9839,673
9840,-125
9841,-25
9842,623
9843,675
9844,623
9845,675
9846,673
9847,525
9848,673
9849,625
9850,373
9851,-125
9852,250
9853,475
9854,675
9855,673
9856,525
9857,50
9858,675
9859,621
9860,625
9861,673
9862,625
9863,-25
9864,-127
9865,425
9866,675
9867,625
9868,673
9869,-75
9870,623
9871,71
9872,425
9873,623
9874,675
9875,675
9876,150
9877,623
9878,675
9879,-177
9880,-125
9881,398
9882,348
9883,300
9884,548
9885,571
9886,673
9887,623
9888,621
9889,-25
9890,625
9891,675
9892,623
9893,623
9894,-125
9895,675
9896,373
9897,396
9898,675
9899,369
9900,-129
9901,625
9902,675
9903,675
9904,425
9905,475
9906,575
9907,621
9908,421
9909,675
9910,675
9911,625
9912,675
9913,-125
9914,398
9915,673
9916,675
9917,-75
9918,575
9919,525
9920,-150
9921,321
9922,625
9923,550
9924,625
9925,673
9926,323
9927,675
9928,323
9929,623
9930,-25
9931,-75
9932,548
9933,575
9934,625
9935,523
9936,675
9937,525
9938,523
9939,675
9940,675
9941,550
9942,675
9943,-125
9944,673
9945,675
9946,623
9947,673
9948,-75
9949,675
9950,-75
9951,473
9952,450
9953,150
9954,623
9955,675
9956,525
9957,300
9958,575
9959,675
9960,675
9961,675
9962,-125
9963,675
9964,-125
9965,671
9966,175
9967,625
9968,-77
9969,-75
9970,425
9971,675
9972,675
9973,525
9974,525
9975,625
9976,623
9977,671
9978,673
9979,623
9980,523
9981,675
9982,673
9983,625
9984,675
9985,-77
9986,675
9987,425
9988,-25
9989,675
9990,398
9991,-125
9992,425
9993,-25
9994,-200
9995,625
9996,-125
9997,-125
9998,-125
9999,675
10000,575
[[(4, 4), 0, -25], [(3, 4), 2, 50], [(3, 3), 2, 50], [(3, 2), 2, 250], [(3, 1), 0, 250], [(2, 1), 0, -25], [(1, 1), 0, -25], [(0, 1), 2, 150]]