1,-175
2,-112
3,-6
4,-127
5,-485
6,-189
7,-197
8,-270
9,-485
10,-202
11,90
12,-139
13,-216
14,-285
15,-254
16,-122
17,-445
18,-335
19,-331
20,-29
21,-125
22,-160
23,-202
24,-312
25,-206
26,-399
27,-127
28,-378
29,-576
30,-909
31,-497
32,-653
33,-185
34,-277
35,-16
36,-268
37,-154
38,-143
39,-75
40,-467
41,-281
42,-252
43,-200
44,494
45,132
46,-266
47,-175
48,213
49,7
50,-578
51,-187
52,-14
53,-24
54,-131
55,-137
56,238
57,-410
58,73
59,-289
60,-252
61,-181
62,348
63,-252
64,-152
65,-200
66,-225
67,-129
68,-301
69,-314
70,-250
71,-237
72,-256
73,-420
74,-279
75,-206
76,-127
77,240
78,-792
79,113
80,-104
81,-185
82,294
83,-154
84,-131
85,-233
86,-227
87,-152
88,161
89,-77
90,-227
91,-177
92,-281
93,-108
94,-331
95,-227
96,-187
97,-31
98,-470
99,-316
100,-177
101,-177
102,-60
103,-2016
104,-29
105,-177
106,-302
107,-372
108,-256
109,-231
110,367
111,-370
112,-711
113,-204
114,-183
115,-337
116,-83
117,-281
118,415
119,-254
120,-1357
121,-387
122,-81
123,-202
124,-110
125,-175
126,-302
127,467
128,-175
129,67
130,-360
131,-164
132,-285
133,-75
134,-289
135,-125
136,217
137,-202
138,161
139,-60
140,-189
141,-127
142,-85
143,-187
144,-200
145,-152
146,-125
147,-210
148,513
149,267
150,-254
151,423
152,-127
153,305
154,-54
155,563
156,567
157,-666
158,-481
159,117
160,-129
161,-260
162,-433
163,223
164,-531
165,-470
166,-77
167,275
168,294
169,-179
170,571
171,-229
172,-252
173,-277
174,-175
175,-505
176,-75
177,171
178,413
179,525
180,-210
181,-135
182,-229
183,217
184,-125
185,40
186,-327
187,-127
188,-589
189,-291
190,15
191,-805
192,-393
193,119
194,150
195,-283
196,-283
197,-279
198,223
199,-204
200,-125
201,-200
202,-252
203,-233
204,-125
205,-464
206,71
207,-306
208,-175
209,175
210,-733
211,321
212,-515
213,21
214,-31
215,-360
216,-229
217,-231
218,415
219,-33
220,-75
221,-6
222,-604
223,-235
224,17
225,-304
226,492
227,244
228,-229
229,-152
230,463
231,-200
232,217
233,-237
234,421
235,-129
236,171
237,473
238,371
239,-177
240,-125
241,125
242,321
243,-127
244,-125
245,-200
246,17
247,119
248,-131
249,-175
250,167
251,-277
252,373
253,173
254,-75
255,353
256,119
257,-252
258,-202
259,-289
260,-352
261,494
262,205
263,-135
264,-125
265,-293
266,-4
267,144
268,-129
269,-252
270,269
271,-258
272,421
273,188
274,-383
275,117
276,498
277,396
278,-125
279,369
280,217
281,-204
282,-245
283,619
284,109
285,-206
286,-75
287,523
288,-131
289,423
290,0
291,288
292,419
293,373
294,-156
295,-127
296,98
297,-225
298,-75
299,-129
300,-277
301,319
302,-29
303,-175
304,-229
305,275
306,-200
307,375
308,573
309,-250
310,-335
311,-177
312,-364
313,571
314,-29
315,-329
316,423
317,-127
318,171
319,623
320,625
321,-295
322,98
323,273
324,344
325,675
326,148
327,-131
328,300
329,373
330,225
331,-129
332,475
333,192
334,-125
335,298
336,375
337,265
338,275
339,-202
340,275
341,-125
342,525
343,-235
344,-385
345,246
346,-125
347,575
348,-150
349,-125
350,525
351,-29
352,-79
353,-125
354,-77
355,-27
356,673
357,321
358,238
359,623
360,248
361,-127
362,619
363,-39
364,94
365,423
366,-177
367,-239
368,-408
369,623
370,473
371,-162
372,371
373,42
374,298
375,371
376,240
377,-306
378,-125
379,623
380,675
381,-218
382,121
383,442
384,348
385,571
386,-350
387,-133
388,-125
389,-56
390,573
391,-356
392,15
393,-129
394,394
395,-29
396,-125
397,-75
398,275
399,-129
400,-81
401,275
402,-135
403,223
404,375
405,-231
406,-200
407,-227
408,571
409,-125
410,521
411,673
412,517
413,-179
414,-125
415,-79
416,-256
417,296
418,-77
419,625
420,348
421,346
422,-85
423,571
424,-125
425,-125
426,-158
427,-75
428,-177
429,365
430,-75
431,225
432,223
433,250
434,-2
435,471
436,323
437,623
438,396
439,423
440,17
441,221
442,-125
443,-54
444,-125
445,-152
446,623
447,225
448,67
449,171
450,425
451,-125
452,375
453,521
454,-277
455,196
456,-127
457,-77
458,471
459,221
460,473
461,-129
462,-175
463,-175
464,248
465,-77
466,375
467,119
468,-77
469,340
470,573
471,-125
472,425
473,500
474,-75
475,521
476,-281
477,-204
478,-125
479,321
480,-127
481,71
482,171
483,-33
484,-102
485,275
486,-127
487,-75
488,-427
489,-112
490,-75
491,250
492,425
493,521
494,621
495,-237
496,-350
497,221
498,523
499,296
500,-125
501,625
502,271
503,-127
504,-231
505,571
506,444
507,475
508,623
509,571
510,-75
511,625
512,-77
513,300
514,567
515,423
516,321
517,475
518,-127
519,296
520,675
521,625
522,-225
523,298
524,673
525,217
526,369
527,473
528,465
529,-112
530,-75
531,671
532,-225
533,-202
534,473
535,621
536,0
537,423
538,273
539,321
540,-125
541,675
542,-79
543,-177
544,421
545,-77
546,-129
547,373
548,473
549,-131
550,-31
551,-127
552,523
553,575
554,323
555,-131
556,-29
557,375
558,-31
559,623
560,575
561,573
562,196
563,225
564,-200
565,675
566,498
567,-125
568,-179
569,373
570,-81
571,573
572,575
573,671
574,275
575,625
576,525
577,575
578,273
579,425
580,673
581,350
582,523
583,375
584,71
585,450
586,519
587,-329
588,575
589,-179
590,400
591,398
592,375
593,473
594,425
595,275
596,398
597,-200
598,-327
599,573
600,146
601,-127
602,-177
603,-177
604,623
605,571
606,623
607,225
608,-75
609,625
610,-177
611,375
612,398
613,600
614,75
615,671
616,-202
617,550
618,398
619,671
620,-229
621,525
622,425
623,323
624,296
625,-252
626,-204
627,625
628,-75
629,344
630,675
631,371
632,448
633,-125
634,-79
635,673
636,675
637,-75
638,198
639,373
640,-75
641,425
642,423
643,419
644,-100
645,675
646,375
647,-202
648,550
649,-77
650,575
651,623
652,675
653,550
654,-27
655,573
656,675
657,523
658,-75
659,321
660,523
661,325
662,548
663,148
664,-175
665,521
666,675
667,325
668,525
669,-77
670,471
671,-79
672,-125
673,550
674,548
675,250
676,-100
677,-177
678,400
679,-125
680,625
681,-75
682,675
683,425
684,-25
685,675
686,-327
687,-125
688,498
689,571
690,473
691,623
692,675
693,571
694,473
695,-56
696,-127
697,-177
698,-33
699,598
700,525
701,575
702,-125
703,525
704,250
705,190
706,675
707,573
708,-56
709,525
710,525
711,675
712,425
713,523
714,675
715,-127
716,-175
717,423
718,525
719,225
720,675
721,623
722,-177
723,-31
724,625
725,671
726,-83
727,375
728,444
729,671
730,675
731,425
732,96
733,125
734,-75
735,423
736,675
737,-127
738,-125
739,669
740,675
741,373
742,419
743,-129
744,621
745,-27
746,625
747,-77
748,550
749,675
750,-125
751,673
752,375
753,425
754,496
755,-283
756,-77
757,496
758,675
759,675
760,675
761,275
762,-25
763,550
764,575
765,671
766,-127
767,150
768,-175
769,-75
770,623
771,100
772,523
773,423
774,421
775,-275
776,350
777,198
778,525
779,675
780,371
781,425
782,300
783,625
784,-125
785,675
786,-25
787,-27
788,575
789,625
790,675
791,673
792,675
793,575
794,342
795,-125
796,475
797,525
798,73
799,475
800,519
801,575
802,625
803,625
804,-127
805,398
806,75
807,-127
808,675
809,621
810,373
811,-75
812,-125
813,575
814,425
815,496
816,575
817,621
818,-77
819,673
820,-127
821,623
822,569
823,-125
824,-152
825,575
826,675
827,671
828,550
829,675
830,-125
831,675
832,473
833,375
834,523
835,673
836,0
837,675
838,523
839,625
840,-75
841,425
842,98
843,-125
844,425
845,196
846,473
847,-175
848,-79
849,673
850,475
851,621
852,623
853,675
854,-175
855,575
856,575
857,369
858,623
859,296
860,-27
861,525
862,623
863,375
864,623
865,-75
866,675
867,475
868,675
869,675
870,-125
871,675
872,-75
873,675
874,673
875,523
876,419
877,573
878,625
879,350
880,-402
881,-75
882,425
883,-75
884,-177
885,-125
886,550
887,425
888,671
889,175
890,-125
891,-75
892,-75
893,671
894,573
895,-125
896,350
897,-125
898,675
899,621
900,448
901,-125
902,298
903,675
904,-29
905,573
906,-75
907,500
908,523
909,675
910,319
911,-125
912,-127
913,671
914,-125
915,675
916,-25
917,0
918,425
919,625
920,500
921,-75
922,-77
923,525
924,625
925,375
926,321
927,675
928,-75
929,500
930,-125
931,373
932,675
933,525
934,625
935,673
936,575
937,625
938,669
939,675
940,621
941,523
942,575
943,425
944,-100
945,675
946,575
947,421
948,673
949,625
950,-77
951,350
952,675
953,675
954,673
955,573
956,-77
957,525
958,-125
959,423
960,544
961,-27
962,471
963,598
964,371
965,-200
966,675
967,675
968,625
969,398
970,-252
971,-152
972,675
973,498
974,523
975,573
976,625
977,673
978,550
979,148
980,575
981,523
982,425
983,-125
984,675
985,625
986,673
987,625
988,523
989,623
990,675
991,425
992,675
993,573
994,-75
995,671
996,423
997,623
998,-125
999,250
1000,575
1001,-75
1002,525
1003,-27
1004,-125
1005,625
1006,496
1007,675
1008,271
1009,625
1010,-125
1011,675
1012,525
1013,475
1014,521
1015,-125
1016,675
1017,673
1018,675
1019,623
1020,400
1021,673
1022,575
1023,671
1024,375
1025,-200
1026,-29
1027,575
1028,675
1029,473
1030,625
1031,398
1032,-75
1033,573
1034,675
1035,625
1036,500
1037,-25
1038,573
1039,-200
1040,673
1041,373
1042,-25
1043,-27
1044,573
1045,-200
1046,-77
1047,625
1048,-27
1049,675
1050,573
1051,625
1052,-75
1053,673
1054,-125
1055,-125
1056,675
1057,625
1058,250
1059,675
1060,675
1061,575
1062,625
1063,525
1064,350
1065,675
1066,550
1067,-75
1068,500
1069,-79
1070,675
1071,-75
1072,625
1073,625
1074,675
1075,623
1076,621
1077,573
1078,375
1079,523
1080,398
1081,550
1082,675
1083,525
1084,567
1085,-77
1086,619
1087,325
1088,625
1089,673
1090,300
1091,575
1092,625
1093,400
1094,675
1095,546
1096,673
1097,625
1098,625
1099,575
1100,675
1101,675
1102,475
1103,-75
1104,675
1105,375
1106,675
1107,348
1108,675
1109,573
1110,675
1111,-29
1112,400
1113,625
1114,-75
1115,675
1116,675
1117,675
1118,623
1119,673
1120,-225
1121,673
1122,675
1123,450
1124,673
1125,400
1126,-200
1127,675
1128,523
1129,675
1130,625
1131,625
1132,571
1133,-200
1134,625
1135,667
1136,675
1137,348
1138,-75
1139,675
1140,675
1141,400
1142,396
1143,675
1144,625
1145,375
1146,621
1147,375
1148,521
1149,675
1150,575
1151,673
1152,675
1153,675
1154,-127
1155,473
1156,675
1157,-175
1158,675
1159,-75
1160,475
1161,550
1162,575
1163,548
1164,-75
1165,673
1166,625
1167,625
1168,225
1169,625
1170,-75
1171,-125
1172,525
1173,675
1174,673
1175,675
1176,675
1177,675
1178,575
1179,75
1180,625
1181,675
1182,-25
1183,673
1184,544
1185,675
1186,623
1187,400
1188,675
1189,-75
1190,-127
1191,325
1192,675
1193,675
1194,675
1195,625
1196,675
1197,673
1198,625
1199,575
1200,623
1201,400
1202,523
1203,525
1204,675
1205,375
1206,-125
1207,625
1208,425
1209,675
1210,625
1211,425
1212,675
1213,675
1214,498
1215,625
1216,675
1217,623
1218,523
1219,675
1220,150
1221,-75
1222,675
1223,-125
1224,-125
1225,-125
1226,675
1227,675
1228,273
1229,-127
1230,675
1231,675
1232,625
1233,523
1234,-75
1235,573
1236,275
1237,475
1238,675
1239,-27
1240,-75
1241,375
1242,-75
1243,625
1244,-125
1245,-75
1246,525
1247,348
1248,-25
1249,675
1250,425
1251,621
1252,623
1253,573
1254,-129
1255,675
1256,625
1257,-100
1258,525
1259,500
1260,-75
1261,375
1262,675
1263,675
1264,-31
1265,675
1266,625
1267,625
1268,275
1269,425
1270,623
1271,475
1272,625
1273,675
1274,675
1275,675
1276,675
1277,625
1278,621
1279,425
1280,675
1281,623
1282,448
1283,-227
1284,625
1285,-27
1286,-125
1287,425
1288,625
1289,-131
1290,675
1291,675
1292,675
1293,-75
1294,625
1295,673
1296,525
1297,673
1298,-175
1299,673
1300,621
1301,525
1302,350
1303,-75
1304,625
1305,675
1306,-75
1307,423
1308,671
1309,144
1310,675
1311,525
1312,375
1313,625
1314,-125
1315,675
1316,-79
1317,625
1318,-75
1319,425
1320,-79
1321,-75
1322,525
1323,-125
1324,575
1325,625
1326,-125
1327,-127
1328,573
1329,425
1330,625
1331,548
1332,98
1333,398
1334,398
1335,623
1336,625
1337,573
1338,625
1339,525
1340,-75
1341,675
1342,625
1343,625
1344,575
1345,-27
1346,675
1347,-27
1348,673
1349,515
1350,-25
1351,675
1352,673
1353,675
1354,150
1355,573
1356,673
1357,671
1358,575
1359,575
1360,473
1361,673
1362,-31
1363,625
1364,575
1365,675
1366,673
1367,-104
1368,625
1369,-225
1370,625
1371,425
1372,675
1373,-125
1374,-125
1375,348
1376,625
1377,-125
1378,450
1379,671
1380,675
1381,673
1382,-177
1383,675
1384,625
1385,525
1386,673
1387,623
1388,-25
1389,675
1390,521
1391,-27
1392,575
1393,573
1394,673
1395,675
1396,625
1397,675
1398,673
1399,-25
1400,625
1401,625
1402,-79
1403,575
1404,500
1405,625
1406,625
1407,625
1408,675
1409,675
1410,623
1411,-27
1412,669
1413,350
1414,675
1415,-125
1416,573
1417,523
1418,-125
1419,-125
1420,550
1421,575
1422,675
1423,675
1424,675
1425,625
1426,675
1427,673
1428,675
1429,-75
1430,625
1431,-79
1432,-75
1433,-25
1434,675
1435,673
1436,625
1437,675
1438,573
1439,-125
1440,675
1441,525
1442,625
1443,623
1444,675
1445,675
1446,623
1447,675
1448,525
1449,471
1450,675
1451,-75
1452,548
1453,-125
1454,475
1455,400
1456,-125
1457,600
1458,73
1459,423
1460,573
1461,398
1462,-50
1463,448
1464,675
1465,375
1466,575
1467,375
1468,675
1469,625
1470,575
1471,625
1472,625
1473,525
1474,673
1475,250
1476,675
1477,671
1478,623
1479,675
1480,675
1481,475
1482,673
1483,625
1484,-125
1485,-100
1486,675
1487,450
1488,673
1489,625
1490,669
1491,-127
1492,675
1493,673
1494,425
1495,525
1496,623
1497,623
1498,625
1499,-227
1500,675
1501,400
1502,575
1503,523
1504,625
1505,550
1506,675
1507,625
1508,-75
1509,573
1510,675
1511,575
1512,673
1513,675
1514,-75
1515,573
1516,625
1517,-75
1518,373
1519,625
1520,525
1521,625
1522,625
1523,625
1524,548
1525,675
1526,-131
1527,550
1528,673
1529,-125
1530,675
1531,-77
1532,675
1533,-127
1534,298
1535,673
1536,675
1537,-175
1538,675
1539,623
1540,675
1541,425
1542,300
1543,525
1544,623
1545,625
1546,-27
1547,575
1548,375
1549,-75
1550,675
1551,625
1552,423
1553,675
1554,673
1555,671
1556,675
1557,-75
1558,473
1559,675
1560,-75
1561,-25
1562,675
1563,675
1564,-77
1565,675
1566,625
1567,675
1568,625
1569,625
1570,425
1571,517
1572,400
1573,525
1574,500
1575,525
1576,-200
1577,625
1578,675
1579,550
1580,-125
1581,450
1582,575
1583,673
1584,673
1585,575
1586,621
1587,625
1588,348
1589,675
1590,-75
1591,298
1592,675
1593,475
1594,523
1595,575
1596,323
1597,475
1598,675
1599,425
1600,-125
1601,450
1602,0
1603,675
1604,423
1605,673
1606,673
1607,400
1608,675
1609,621
1610,573
1611,673
1612,675
1613,-329
1614,-77
1615,625
1616,673
1617,573
1618,-77
1619,-125
1620,473
1621,-75
1622,400
1623,673
1624,425
1625,625
1626,348
1627,675
1628,573
1629,675
1630,673
1631,500
1632,-125
1633,673
1634,675
1635,-75
1636,525
1637,675
1638,675
1639,621
1640,425
1641,671
1642,675
1643,673
1644,575
1645,-75
1646,673
1647,625
1648,625
1649,525
1650,575
1651,575
1652,575
1653,575
1654,525
1655,-77
1656,-75
1657,625
1658,500
1659,571
1660,675
1661,575
1662,675
1663,425
1664,671
1665,525
1666,325
1667,675
1668,525
1669,-27
1670,675
1671,225
1672,625
1673,575
1674,671
1675,-27
1676,600
1677,573
1678,525
1679,671
1680,625
1681,675
1682,-125
1683,625
1684,625
1685,-27
1686,625
1687,671
1688,275
1689,675
1690,-125
1691,625
1692,675
1693,675
1694,673
1695,575
1696,425
1697,400
1698,-125
1699,573
1700,400
1701,-175
1702,675
1703,625
1704,523
1705,675
1706,473
1707,625
1708,-75
1709,673
1710,425
1711,675
1712,344
1713,625
1714,673
1715,-75
1716,525
1717,523
1718,673
1719,575
1720,521
1721,675
1722,675
1723,675
1724,425
1725,619
1726,-75
1727,-77
1728,425
1729,425
1730,623
1731,550
1732,671
1733,675
1734,350
1735,675
1736,675
1737,525
1738,673
1739,573
1740,-54
1741,-75
1742,625
1743,623
1744,500
1745,-125
1746,675
1747,275
1748,375
1749,-25
1750,625
1751,673
1752,375
1753,573
1754,550
1755,623
1756,575
1757,675
1758,-125
1759,398
1760,-31
1761,675
1762,621
1763,675
1764,625
1765,550
1766,-27
1767,425
1768,623
1769,-100
1770,675
1771,675
1772,675
1773,298
1774,148
1775,623
1776,-75
1777,625
1778,-75
1779,-125
1780,517
1781,623
1782,675
1783,550
1784,523
1785,575
1786,673
1787,675
1788,325
1789,494
1790,673
1791,675
1792,625
1793,-75
1794,575
1795,-125
1796,625
1797,425
1798,-125
1799,675
1800,398
1801,550
1802,671
1803,525
1804,675
1805,-75
1806,625
1807,523
1808,496
1809,625
1810,675
1811,-27
1812,623
1813,675
1814,423
1815,-279
1816,675
1817,517
1818,675
1819,-127
1820,675
1821,575
1822,669
1823,675
1824,625
1825,675
1826,-125
1827,550
1828,523
1829,-125
1830,571
1831,675
1832,423
1833,-125
1834,675
1835,625
1836,625
1837,675
1838,675
1839,575
1840,-75
1841,675
1842,675
1843,673
1844,-125
1845,525
1846,400
1847,550
1848,-27
1849,350
1850,625
1851,575
1852,675
1853,-150
1854,675
1855,625
1856,425
1857,423
1858,575
1859,-225
1860,-125
1861,-127
1862,-27
1863,575
1864,675
1865,323
1866,-29
1867,473
1868,0
1869,48
1870,675
1871,623
1872,675
1873,673
1874,-75
1875,671
1876,-175
1877,473
1878,550
1879,500
1880,575
1881,625
1882,675
1883,-125
1884,525
1885,675
1886,625
1887,675
1888,675
1889,675
1890,675
1891,625
1892,-125
1893,-125
1894,-104
1895,575
1896,548
1897,623
1898,625
1899,675
1900,675
1901,675
1902,375
1903,671
1904,673
1905,298
1906,671
1907,248
1908,675
1909,198
1910,623
1911,675
1912,473
1913,625
1914,619
1915,625
1916,675
1917,-75
1918,573
1919,-125
1920,550
1921,-125
1922,625
1923,-25
1924,-125
1925,675
1926,-75
1927,425
1928,625
1929,675
1930,-75
1931,625
1932,625
1933,625
1934,675
1935,675
1936,625
1937,675
1938,500
1939,675
1940,671
1941,425
1942,550
1943,675
1944,675
1945,625
1946,625
1947,675
1948,248
1949,625
1950,625
1951,500
1952,400
1953,-125
1954,550
1955,425
1956,575
1957,423
1958,671
1959,623
1960,525
1961,675
1962,623
1963,-125
1964,325
1965,621
1966,348
1967,675
1968,475
1969,675
1970,-125
1971,400
1972,673
1973,623
1974,-75
1975,675
1976,-100
1977,-179
1978,500
1979,-29
1980,619
1981,548
1982,617
1983,425
1984,675
1985,671
1986,346
1987,625
1988,-75
1989,675
1990,348
1991,-125
1992,675
1993,625
1994,-125
1995,423
1996,575
1997,623
1998,675
1999,673
2000,675
2001,350
2002,425
2003,625
2004,675
2005,523
2006,375
2007,450
2008,-127
2009,671
2010,475
2011,400
2012,673
2013,675
2014,225
2015,675
2016,525
2017,625
2018,575
2019,573
2020,573
2021,371
2022,623
2023,673
2024,-75
2025,675
2026,148
2027,625
2028,623
2029,625
2030,623
2031,675
2032,-125
2033,350
2034,575
2035,373
2036,625
2037,675
2038,573
2039,523
2040,150
2041,625
2042,623
2043,625
2044,625
2045,-77
2046,-100
2047,575
2048,675
2049,-75
2050,300
2051,571
2052,-125
2053,398
2054,573
2055,571
2056,675
2057,625
2058,625
2059,525
2060,625
2061,325
2062,575
2063,525
2064,473
2065,525
2066,-75
2067,248
2068,675
2069,525
2070,398
2071,475
2072,525
2073,675
2074,675
2075,-27
2076,-125
2077,675
2078,675
2079,575
2080,248
2081,-125
2082,675
2083,475
2084,673
2085,673
2086,571
2087,675
2088,675
2089,575
2090,425
2091,675
2092,673
2093,-79
2094,525
2095,625
2096,575
2097,675
2098,673
2099,-104
2100,675
2101,473
2102,675
2103,675
2104,23
2105,325
2106,675
2107,623
2108,396
2109,625
2110,675
2111,-179
2112,-79
2113,675
2114,550
2115,675
2116,423
2117,-75
2118,-29
2119,673
2120,-81
2121,625
2122,-25
2123,350
2124,-177
2125,-125
2126,625
2127,-27
2128,625
2129,623
2130,675
2131,625
2132,625
2133,321
2134,-77
2135,625
2136,423
2137,675
2138,675
2139,-125
2140,675
2141,673
2142,675
2143,675
2144,673
2145,625
2146,575
2147,475
2148,623
2149,675
2150,-227
2151,573
2152,-125
2153,-25
2154,375
2155,675
2156,525
2157,675
2158,675
2159,675
2160,571
2161,-125
2162,375
2163,-125
2164,625
2165,-29
2166,473
2167,500
2168,-75
2169,475
2170,673
2171,375
2172,623
2173,0
2174,623
2175,525
2176,673
2177,575
2178,575
2179,673
2180,673
2181,673
2182,425
2183,400
2184,673
2185,-125
2186,671
2187,525
2188,673
2189,625
2190,675
2191,523
2192,-81
2193,500
2194,525
2195,623
2196,675
2197,21
2198,-125
2199,675
2200,575
2201,675
2202,348
2203,675
2204,623
2205,525
2206,625
2207,400
2208,675
2209,673
2210,-125
2211,623
2212,675
2213,300
2214,575
2215,675
2216,675
2217,673
2218,675
2219,673
2220,425
2221,623
2222,375
2223,550
2224,675
2225,-75
2226,573
2227,575
2228,675
2229,575
2230,500
2231,675
2232,-31
2233,571
2234,671
2235,348
2236,675
2237,625
2238,673
2239,-125
2240,573
2241,-125
2242,619
2243,100
2244,625
2245,525
2246,623
2247,625
2248,575
2249,396
2250,-75
2251,250
2252,621
2253,673
2254,525
2255,675
2256,621
2257,675
2258,425
2259,-79
2260,625
2261,673
2262,300
2263,575
2264,-125
2265,475
2266,623
2267,621
2268,-75
2269,469
2270,-25
2271,521
2272,525
2273,-125
2274,575
2275,625
2276,575
2277,-75
2278,675
2279,625
2280,425
2281,625
2282,375
2283,675
2284,623
2285,-127
2286,-25
2287,675
2288,675
2289,225
2290,625
2291,475
2292,-27
2293,148
2294,500
2295,675
2296,-129
2297,675
2298,-75
2299,573
2300,675
2301,575
2302,473
2303,523
2304,-177
2305,-75
2306,625
2307,675
2308,667
2309,675
2310,573
2311,675
2312,575
2313,673
2314,-77
2315,225
2316,625
2317,675
2318,398
2319,675
2320,269
2321,525
2322,675
2323,-125
2324,298
2325,675
2326,625
2327,-75
2328,673
2329,-29
2330,-125
2331,-125
2332,575
2333,375
2334,398
2335,248
2336,425
2337,-25
2338,373
2339,575
2340,675
2341,675
2342,400
2343,625
2344,675
2345,575
2346,423
2347,675
2348,625
2349,625
2350,525
2351,573
2352,675
2353,625
2354,-75
2355,575
2356,673
2357,675
2358,625
2359,673
2360,625
2361,-175
2362,675
2363,675
2364,-75
2365,-75
2366,-125
2367,0
2368,675
2369,675
2370,675
2371,625
2372,625
2373,-125
2374,-25
2375,525
2376,673
2377,-75
2378,625
2379,523
2380,-131
2381,625
2382,675
2383,625
2384,575
2385,421
2386,575
2387,625
2388,673
2389,569
2390,625
2391,-200
2392,425
2393,-75
2394,550
2395,625
2396,623
2397,400
2398,625
2399,475
2400,625
2401,625
2402,625
2403,673
2404,675
2405,623
2406,525
2407,400
2408,498
2409,425
2410,673
2411,-75
2412,675
2413,625
2414,-75
2415,671
2416,675
2417,525
2418,-175
2419,525
2420,675
2421,-125
2422,98
2423,196
2424,675
2425,-200
2426,675
2427,-125
2428,625
2429,673
2430,675
2431,475
2432,-127
2433,-75
2434,675
2435,675
2436,375
2437,425
2438,400
2439,625
2440,675
2441,675
2442,675
2443,675
2444,550
2445,669
2446,425
2447,675
2448,525
2449,625
2450,625
2451,575
2452,573
2453,475
2454,575
2455,-25
2456,475
2457,625
2458,675
2459,469
2460,673
2461,-127
2462,550
2463,400
2464,675
2465,675
2466,-125
2467,675
2468,625
2469,625
2470,675
2471,623
2472,619
2473,325
2474,375
2475,675
2476,675
2477,623
2478,675
2479,671
2480,625
2481,625
2482,673
2483,225
2484,623
2485,375
2486,398
2487,525
2488,571
2489,-131
2490,-125
2491,525
2492,625
2493,398
2494,100
2495,623
2496,475
2497,675
2498,550
2499,675
2500,675
2501,675
2502,671
2503,625
2504,625
2505,625
2506,296
2507,623
2508,-125
2509,-125
2510,673
2511,575
2512,675
2513,525
2514,625
2515,-25
2516,675
2517,-77
2518,-175
2519,521
2520,-75
2521,471
2522,375
2523,675
2524,525
2525,73
2526,-75
2527,623
2528,525
2529,250
2530,-177
2531,675
2532,675
2533,625
2534,-125
2535,625
2536,675
2537,375
2538,621
2539,600
2540,623
2541,675
2542,675
2543,675
2544,671
2545,-125
2546,400
2547,675
2548,625
2549,-25
2550,675
2551,575
2552,-125
2553,673
2554,196
2555,625
2556,525
2557,675
2558,-75
2559,675
2560,475
2561,625
2562,673
2563,625
2564,623
2565,675
2566,-77
2567,673
2568,400
2569,625
2570,-25
2571,-125
2572,523
2573,625
2574,-177
2575,623
2576,525
2577,623
2578,675
2579,675
2580,675
2581,575
2582,675
2583,625
2584,675
2585,523
2586,675
2587,575
2588,-75
2589,400
2590,573
2591,398
2592,571
2593,-125
2594,575
2595,-77
2596,675
2597,-125
2598,525
2599,621
2600,-25
2601,675
2602,675
2603,625
2604,525
2605,625
2606,675
2607,398
2608,425
2609,675
2610,-125
2611,525
2612,571
2613,675
2614,-125
2615,675
2616,425
2617,669
2618,675
2619,398
2620,675
2621,550
2622,-125
2623,525
2624,-75
2625,425
2626,671
2627,675
2628,575
2629,675
2630,348
2631,671
2632,-131
2633,623
2634,400
2635,-75
2636,525
2637,-125
2638,-125
2639,625
2640,575
2641,675
2642,-125
2643,523
2644,350
2645,-125
2646,675
2647,623
2648,-125
2649,425
2650,623
2651,500
2652,675
2653,675
2654,623
2655,625
2656,-75
2657,675
2658,625
2659,425
2660,-29
2661,-125
2662,675
2663,-75
2664,298
2665,675
2666,575
2667,398
2668,675
2669,375
2670,494
2671,675
2672,521
2673,-77
2674,671
2675,-27
2676,625
2677,-75
2678,-125
2679,-25
2680,-50
2681,675
2682,675
2683,-75
2684,-75
2685,350
2686,425
2687,675
2688,496
2689,625
2690,673
2691,523
2692,523
2693,248
2694,673
2695,575
2696,525
2697,-125
2698,525
2699,425
2700,473
2701,300
2702,625
2703,675
2704,625
2705,-79
2706,-200
2707,675
2708,575
2709,671
2710,675
2711,400
2712,625
2713,625
2714,-25
2715,571
2716,625
2717,675
2718,-125
2719,623
2720,675
2721,425
2722,625
2723,625
2724,573
2725,425
2726,375
2727,625
2728,275
2729,498
2730,673
2731,621
2732,675
2733,0
2734,625
2735,625
2736,523
2737,673
2738,625
2739,621
2740,675
2741,675
2742,246
2743,475
2744,675
2745,625
2746,-127
2747,550
2748,500
2749,-125
2750,523
2751,-129
2752,625
2753,-125
2754,-75
2755,673
2756,675
2757,675
2758,625
2759,-75
2760,525
2761,-75
2762,521
2763,625
2764,-75
2765,550
2766,-27
2767,-127
2768,500
2769,-75
2770,675
2771,625
2772,423
2773,625
2774,675
2775,625
2776,523
2777,-77
2778,223
2779,598
2780,-125
2781,673
2782,675
2783,298
2784,550
2785,675
2786,675
2787,-25
2788,523
2789,375
2790,473
2791,625
2792,673
2793,-125
2794,575
2795,-77
2796,675
2797,675
2798,-125
2799,673
2800,525
2801,625
2802,250
2803,675
2804,625
2805,675
2806,571
2807,575
2808,450
2809,196
2810,548
2811,-125
2812,625
2813,250
2814,575
2815,673
2816,623
2817,625
2818,625
2819,525
2820,146
2821,675
2822,-2
2823,425
2824,675
2825,525
2826,625
2827,675
2828,625
2829,250
2830,-27
2831,625
2832,575
2833,398
2834,625
2835,-77
2836,625
2837,400
2838,625
2839,300
2840,675
2841,625
2842,-2
2843,300
2844,675
2845,675
2846,-77
2847,375
2848,325
2849,673
2850,673
2851,625
2852,675
2853,675
2854,675
2855,675
2856,623
2857,-25
2858,625
2859,625
2860,675
2861,248
2862,348
2863,675
2864,475
2865,675
2866,675
2867,625
2868,-75
2869,675
2870,675
2871,675
2872,-29
2873,423
2874,671
2875,675
2876,400
2877,173
2878,625
2879,425
2880,675
2881,675
2882,-125
2883,675
2884,575
2885,421
2886,623
2887,-125
2888,675
2889,-177
2890,400
2891,400
2892,-75
2893,-77
2894,471
2895,673
2896,675
2897,625
2898,675
2899,523
2900,-125
2901,625
2902,294
2903,400
2904,150
2905,573
2906,675
2907,673
2908,-225
2909,525
2910,-25
2911,675
2912,-125
2913,673
2914,573
2915,675
2916,675
2917,-75
2918,500
2919,348
2920,523
2921,675
2922,575
2923,575
2924,675
2925,623
2926,275
2927,575
2928,625
2929,575
2930,675
2931,500
2932,150
2933,573
2934,500
2935,-125
2936,625
2937,-31
2938,675
2939,525
2940,-75
2941,325
2942,625
2943,673
2944,621
2945,675
2946,623
2947,575
2948,623
2949,475
2950,675
2951,525
2952,525
2953,671
2954,-75
2955,71
2956,-75
2957,625
2958,525
2959,-125
2960,675
2961,623
2962,573
2963,-125
2964,675
2965,-127
2966,623
2967,525
2968,-75
2969,625
2970,675
2971,573
2972,673
2973,575
2974,550
2975,625
2976,675
2977,-125
2978,-25
2979,523
2980,425
2981,375
2982,75
2983,-125
2984,-75
2985,473
2986,673
2987,675
2988,673
2989,625
2990,523
2991,625
2992,525
2993,675
2994,623
2995,-77
2996,523
2997,375
2998,675
2999,675
3000,625
3001,671
3002,-125
3003,673
3004,573
3005,500
3006,525
3007,675
3008,623
3009,-200
3010,575
3011,325
3012,-75
3013,575
3014,575
3015,-75
3016,625
3017,675
3018,675
3019,573
3020,-75
3021,625
3022,671
3023,623
3024,675
3025,-125
3026,-79
3027,675
3028,350
3029,673
3030,625
3031,675
3032,625
3033,-227
3034,523
3035,525
3036,623
3037,175
3038,671
3039,625
3040,-25
3041,675
3042,675
3043,625
3044,375
3045,675
3046,-75
3047,575
3048,-125
3049,525
3050,673
3051,625
3052,625
3053,400
3054,-75
3055,473
3056,575
3057,675
3058,-75
3059,425
3060,475
3061,-25
3062,223
3063,400
3064,348
3065,675
3066,673
3067,-125
3068,373
3069,-125
3070,573
3071,525
3072,623
3073,400
3074,673
3075,675
3076,-125
3077,625
3078,573
3079,525
3080,675
3081,375
3082,-25
3083,523
3084,346
3085,573
3086,675
3087,675
3088,575
3089,625
3090,675
3091,675
3092,525
3093,575
3094,425
3095,-75
3096,575
3097,671
3098,675
3099,-75
3100,625
3101,-152
3102,-29
3103,625
3104,675
3105,400
3106,675
3107,400
3108,625
3109,573
3110,675
3111,675
3112,421
3113,350
3114,673
3115,575
3116,250
3117,-75
3118,525
3119,675
3120,-225
3121,525
3122,625
3123,675
3124,625
3125,625
3126,-75
3127,671
3128,-125
3129,673
3130,675
3131,675
3132,675
3133,-75
3134,673
3135,-200
3136,292
3137,675
3138,-2
3139,625
3140,625
3141,673
3142,275
3143,671
3144,-125
3145,344
3146,573
3147,475
3148,573
3149,350
3150,675
3151,-75
3152,500
3153,425
3154,-27
3155,400
3156,575
3157,673
3158,623
3159,675
3160,-75
3161,425
3162,673
3163,475
3164,675
3165,675
3166,675
3167,675
3168,625
3169,548
3170,625
3171,-31
3172,625
3173,-75
3174,671
3175,675
3176,675
3177,373
3178,-75
3179,621
3180,673
3181,-125
3182,-125
3183,625
3184,475
3185,-75
3186,625
3187,675
3188,473
3189,675
3190,673
3191,573
3192,623
3193,473
3194,-177
3195,400
3196,-125
3197,398
3198,-127
3199,323
3200,575
3201,625
3202,573
3203,-75
3204,675
3205,675
3206,-27
3207,-200
3208,675
3209,675
3210,-127
3211,675
3212,523
3213,623
3214,-27
3215,525
3216,325
3217,675
3218,-125
3219,675
3220,623
3221,673
3222,-50
3223,373
3224,673
3225,625
3226,573
3227,-77
3228,417
3229,673
3230,398
3231,675
3232,675
3233,-125
3234,625
3235,675
3236,573
3237,500
3238,675
3239,673
3240,223
3241,675
3242,550
3243,573
3244,675
3245,-29
3246,423
3247,625
3248,675
3249,625
3250,-2
3251,-75
3252,-125
3253,675
3254,-177
3255,673
3256,675
3257,625
3258,-75
3259,675
3260,300
3261,496
3262,675
3263,250
3264,575
3265,673
3266,-27
3267,525
3268,625
3269,425
3270,673
3271,423
3272,675
3273,273
3274,625
3275,675
3276,475
3277,325
3278,323
3279,673
3280,675
3281,675
3282,675
3283,19
3284,625
3285,625
3286,575
3287,675
3288,625
3289,625
3290,575
3291,575
3292,-125
3293,675
3294,575
3295,575
3296,575
3297,673
3298,-77
3299,-125
3300,675
3301,-27
3302,-25
3303,-77
3304,675
3305,573
3306,575
3307,525
3308,575
3309,625
3310,550
3311,675
3312,675
3313,575
3314,-200
3315,625
3316,675
3317,675
3318,623
3319,621
3320,425
3321,675
3322,621
3323,675
3324,475
3325,-100
3326,673
3327,523
3328,625
3329,575
3330,-125
3331,425
3332,400
3333,348
3334,625
3335,675
3336,675
3337,523
3338,425
3339,-25
3340,525
3341,675
3342,675
3343,350
3344,675
3345,-127
3346,625
3347,-79
3348,-25
3349,675
3350,-25
3351,573
3352,575
3353,425
3354,-125
3355,675
3356,525
3357,575
3358,325
3359,-127
3360,675
3361,523
3362,525
3363,525
3364,350
3365,-125
3366,-27
3367,675
3368,673
3369,625
3370,300
3371,573
3372,625
3373,675
3374,675
3375,625
3376,-125
3377,525
3378,525
3379,625
3380,575
3381,625
3382,673
3383,400
3384,400
3385,625
3386,675
3387,-75
3388,625
3389,675
3390,623
3391,675
3392,-129
3393,350
3394,671
3395,-75
3396,-377
3397,625
3398,675
3399,-125
3400,573
3401,671
3402,625
3403,400
3404,375
3405,625
3406,425
3407,625
3408,625
3409,350
3410,625
3411,673
3412,625
3413,625
3414,675
3415,625
3416,673
3417,675
3418,-125
3419,473
3420,623
3421,-29
3422,425
3423,675
3424,625
3425,625
3426,623
3427,575
3428,-75
3429,675
3430,425
3431,625
3432,-75
3433,573
3434,-75
3435,348
3436,625
3437,675
3438,348
3439,425
3440,321
3441,673
3442,471
3443,625
3444,675
3445,-27
3446,675
3447,373
3448,575
3449,673
3450,625
3451,573
3452,-125
3453,675
3454,675
3455,-4
3456,573
3457,675
3458,575
3459,621
3460,400
3461,621
3462,623
3463,425
3464,667
3465,-75
3466,573
3467,675
3468,625
3469,450
3470,425
3471,625
3472,675
3473,550
3474,625
3475,-125
3476,548
3477,575
3478,625
3479,675
3480,671
3481,-175
3482,-75
3483,621
3484,425
3485,625
3486,575
3487,-25
3488,350
3489,623
3490,625
3491,673
3492,448
3493,423
3494,625
3495,625
3496,400
3497,250
3498,675
3499,675
3500,673
3501,623
3502,-77
3503,625
3504,625
3505,575
3506,625
3507,625
3508,675
3509,675
3510,-77
3511,473
3512,525
3513,675
3514,673
3515,425
3516,675
3517,673
3518,375
3519,625
3520,675
3521,675
3522,625
3523,625
3524,400
3525,325
3526,625
3527,671
3528,425
3529,575
3530,-75
3531,-27
3532,575
3533,-75
3534,675
3535,675
3536,673
3537,150
3538,423
3539,625
3540,-125
3541,523
3542,675
3543,575
3544,625
3545,675
3546,-202
3547,625
3548,348
3549,675
3550,575
3551,575
3552,671
3553,675
3554,521
3555,623
3556,675
3557,-81
3558,625
3559,625
3560,500
3561,575
3562,675
3563,500
3564,400
3565,673
3566,675
3567,-75
3568,673
3569,-75
3570,625
3571,-27
3572,473
3573,675
3574,623
3575,625
3576,-77
3577,675
3578,675
3579,623
3580,575
3581,675
3582,398
3583,-25
3584,625
3585,525
3586,575
3587,-75
3588,675
3589,625
3590,675
3591,300
3592,273
3593,300
3594,623
3595,625
3596,675
3597,300
3598,675
3599,519
3600,575
3601,675
3602,421
3603,-77
3604,-77
3605,623
3606,671
3607,675
3608,400
3609,675
3610,675
3611,675
3612,675
3613,375
3614,625
3615,675
3616,400
3617,625
3618,675
3619,675
3620,575
3621,-77
3622,675
3623,625
3624,625
3625,573
3626,-125
3627,675
3628,-77
3629,550
3630,625
3631,523
3632,-75
3633,625
3634,673
3635,373
3636,450
3637,675
3638,-125
3639,673
3640,625
3641,550
3642,-125
3643,300
3644,623
3645,350
3646,525
3647,675
3648,623
3649,675
3650,673
3651,673
3652,623
3653,675
3654,675
3655,346
3656,373
3657,200
3658,673
3659,675
3660,500
3661,675
3662,-77
3663,625
3664,623
3665,-125
3666,621
3667,546
3668,-25
3669,400
3670,625
3671,623
3672,625
3673,600
3674,275
3675,625
3676,-125
3677,673
3678,-125
3679,625
3680,475
3681,350
3682,675
3683,-25
3684,-125
3685,-402
3686,675
3687,298
3688,673
3689,-27
3690,-177
3691,473
3692,23
3693,-27
3694,-129
3695,400
3696,673
3697,625
3698,-25
3699,675
3700,450
3701,300
3702,523
3703,675
3704,575
3705,475
3706,575
3707,300
3708,-75
3709,623
3710,673
3711,675
3712,675
3713,273
3714,-75
3715,425
3716,673
3717,-75
3718,525
3719,-250
3720,525
3721,-75
3722,575
3723,373
3724,675
3725,675
3726,-75
3727,625
3728,675
3729,625
3730,625
3731,675
3732,623
3733,575
3734,-75
3735,625
3736,675
3737,575
3738,675
3739,425
3740,323
3741,675
3742,-27
3743,550
3744,575
3745,-25
3746,675
3747,625
3748,248
3749,350
3750,573
3751,625
3752,-25
3753,625
3754,-175
3755,-79
3756,-75
3757,625
3758,498
3759,-27
3760,425
3761,673
3762,575
3763,671
3764,-175
3765,623
3766,400
3767,371
3768,575
3769,-125
3770,625
3771,675
3772,198
3773,75
3774,675
3775,623
3776,623
3777,550
3778,521
3779,673
3780,300
3781,625
3782,625
3783,-25
3784,300
3785,250
3786,625
3787,675
3788,473
3789,-75
3790,-77
3791,475
3792,321
3793,-25
3794,675
3795,575
3796,623
3797,575
3798,675
3799,673
3800,675
3801,-125
3802,675
3803,675
3804,-75
3805,625
3806,625
3807,-27
3808,675
3809,-79
3810,-275
3811,575
3812,675
3813,575
3814,675
3815,375
3816,675
3817,598
3818,-125
3819,-75
3820,0
3821,525
3822,675
3823,673
3824,-77
3825,675
3826,550
3827,525
3828,500
3829,625
3830,425
3831,-77
3832,625
3833,625
3834,348
3835,-125
3836,423
3837,675
3838,625
3839,675
3840,673
3841,625
3842,-177
3843,575
3844,-77
3845,-75
3846,-25
3847,-125
3848,573
3849,575
3850,675
3851,623
3852,-125
3853,-25
3854,625
3855,573
3856,350
3857,573
3858,625
3859,525
3860,575
3861,-125
3862,-75
3863,573
3864,350
3865,350
3866,675
3867,348
3868,575
3869,625
3870,373
3871,596
3872,525
3873,675
3874,525
3875,675
3876,523
3877,398
3878,625
3879,675
3880,-75
3881,673
3882,673
3883,475
3884,-77
3885,675
3886,375
3887,675
3888,-77
3889,473
3890,575
3891,525
3892,275
3893,398
3894,550
3895,625
3896,675
3897,675
3898,398
3899,675
3900,525
3901,296
3902,623
3903,675
3904,625
3905,-75
3906,421
3907,675
3908,475
3909,575
3910,575
3911,575
3912,-75
3913,198
3914,575
3915,625
3916,325
3917,625
3918,-125
3919,423
3920,569
3921,375
3922,673
3923,625
3924,571
3925,-75
3926,-75
3927,425
3928,673
3929,673
3930,621
3931,423
3932,675
3933,625
3934,575
3935,-77
3936,400
3937,673
3938,-79
3939,675
3940,400
3941,673
3942,500
3943,525
3944,423
3945,-125
3946,675
3947,-125
3948,575
3949,625
3950,675
3951,523
3952,675
3953,675
3954,-125
3955,625
3956,425
3957,550
3958,-75
3959,375
3960,500
3961,-75
3962,525
3963,-125
3964,-125
3965,523
3966,573
3967,625
3968,623
3969,500
3970,-25
3971,675
3972,-125
3973,625
3974,575
3975,625
3976,523
3977,675
3978,400
3979,575
3980,623
3981,-125
3982,525
3983,569
3984,625
3985,-77
3986,350
3987,423
3988,673
3989,-125
3990,673
3991,673
3992,-125
3993,625
3994,671
3995,525
3996,675
3997,-25
3998,675
3999,625
4000,625
4001,550
4002,400
4003,675
4004,625
4005,525
4006,673
4007,675
4008,-25
4009,675
4010,675
4011,425
4012,621
4013,273
4014,475
4015,550
4016,-31
4017,523
4018,675
4019,596
4020,675
4021,673
4022,625
4023,-79
4024,425
4025,350
4026,625
4027,675
4028,673
4029,-200
4030,-75
4031,675
4032,100
4033,275
4034,675
4035,575
4036,548
4037,673
4038,675
4039,550
4040,625
4041,675
4042,625
4043,425
4044,-75
4045,-77
4046,621
4047,673
4048,248
4049,621
4050,675
4051,675
4052,621
4053,625
4054,675
4055,475
4056,-27
4057,400
4058,-125
4059,475
4060,-131
4061,673
4062,575
4063,246
4064,575
4065,-125
4066,523
4067,625
4068,675
4069,-200
4070,400
4071,575
4072,625
4073,375
4074,675
4075,-75
4076,675
4077,523
4078,625
4079,675
4080,525
4081,575
4082,675
4083,-25
4084,625
4085,-75
4086,-25
4087,623
4088,-81
4089,-125
4090,625
4091,675
4092,523
4093,375
4094,673
4095,-102
4096,-127
4097,671
4098,675
4099,675
4100,271
4101,273
4102,625
4103,625
4104,521
4105,425
4106,425
4107,675
4108,673
4109,625
4110,625
4111,-127
4112,625
4113,673
4114,246
4115,673
4116,-25
4117,571
4118,150
4119,-127
4120,675
4121,425
4122,675
4123,673
4124,625
4125,398
4126,250
4127,-75
4128,673
4129,475
4130,571
4131,675
4132,625
4133,625
4134,523
4135,521
4136,298
4137,-125
4138,425
4139,625
4140,625
4141,371
4142,675
4143,396
4144,-77
4145,673
4146,-75
4147,275
4148,675
4149,-125
4150,671
4151,425
4152,675
4153,675
4154,675
4155,375
4156,675
4157,-27
4158,675
4159,621
4160,673
4161,475
4162,675
4163,675
4164,525
4165,521
4166,-127
4167,675
4168,-29
4169,675
4170,548
4171,673
4172,-27
4173,-25
4174,625
4175,573
4176,425
4177,575
4178,475
4179,-125
4180,673
4181,623
4182,625
4183,675
4184,473
4185,673
4186,625
4187,625
4188,673
4189,575
4190,525
4191,525
4192,675
4193,671
4194,575
4195,573
4196,-100
4197,673
4198,671
4199,525
4200,500
4201,-77
4202,675
4203,673
4204,-127
4205,-54
4206,425
4207,675
4208,575
4209,-200
4210,550
4211,-125
4212,675
4213,623
4214,550
4215,625
4216,575
4217,625
4218,625
4219,-25
4220,675
4221,425
4222,523
4223,625
4224,673
4225,373
4226,625
4227,625
4228,673
4229,371
4230,675
4231,623
4232,-125
4233,671
4234,675
4235,-127
4236,625
4237,675
4238,575
4239,625
4240,673
4241,-125
4242,-100
4243,-127
4244,-25
4245,425
4246,675
4247,675
4248,300
4249,575
4250,-75
4251,675
4252,500
4253,298
4254,475
4255,625
4256,675
4257,-75
4258,-75
4259,-250
4260,498
4261,675
4262,625
4263,675
4264,-125
4265,575
4266,675
4267,623
4268,400
4269,675
4270,523
4271,675
4272,675
4273,-77
4274,-125
4275,573
4276,625
4277,675
4278,523
4279,-125
4280,675
4281,575
4282,400
4283,625
4284,675
4285,675
4286,475
4287,250
4288,225
4289,571
4290,423
4291,-125
4292,625
4293,-75
4294,673
4295,-177
4296,671
4297,-75
4298,625
4299,298
4300,373
4301,525
4302,675
4303,671
4304,-79
4305,425
4306,571
4307,575
4308,625
4309,625
4310,575
4311,-27
4312,375
4313,475
4314,625
4315,523
4316,373
4317,673
4318,623
4319,548
4320,425
4321,-127
4322,-175
4323,-27
4324,673
4325,673
4326,-125
4327,673
4328,475
4329,675
4330,425
4331,675
4332,673
4333,625
4334,625
4335,-25
4336,-127
4337,-27
4338,-125
4339,675
4340,675
4341,673
4342,675
4343,675
4344,623
4345,475
4346,675
4347,675
4348,500
4349,-131
4350,673
4351,521
4352,625
4353,-4
4354,-79
4355,675
4356,621
4357,425
4358,625
4359,525
4360,675
4361,248
4362,396
4363,425
4364,-75
4365,-125
4366,575
4367,673
4368,675
4369,673
4370,675
4371,-29
4372,671
4373,525
4374,675
4375,525
4376,625
4377,673
4378,675
4379,621
4380,675
4381,550
4382,625
4383,669
4384,350
4385,423
4386,675
4387,548
4388,675
4389,675
4390,625
4391,625
4392,675
4393,573
4394,448
4395,675
4396,525
4397,321
4398,600
4399,498
4400,425
4401,623
4402,-25
4403,625
4404,575
4405,573
4406,625
4407,675
4408,-125
4409,675
4410,675
4411,-175
4412,525
4413,625
4414,150
4415,673
4416,-27
4417,-125
4418,623
4419,623
4420,625
4421,623
4422,523
4423,673
4424,-125
4425,675
4426,675
4427,-277
4428,625
4429,625
4430,675
4431,673
4432,675
4433,-125
4434,625
4435,-75
4436,625
4437,625
4438,-25
4439,675
4440,375
4441,375
4442,525
4443,575
4444,-125
4445,673
4446,-79
4447,673
4448,475
4449,-75
4450,-125
4451,-29
4452,550
4453,525
4454,-125
4455,675
4456,-300
4457,-27
4458,673
4459,571
4460,350
4461,-125
4462,-175
4463,675
4464,675
4465,575
4466,-25
4467,573
4468,423
4469,675
4470,548
4471,525
4472,425
4473,673
4474,-177
4475,-75
4476,375
4477,575
4478,225
4479,-125
4480,573
4481,625
4482,625
4483,550
4484,-200
4485,673
4486,625
4487,675
4488,623
4489,475
4490,523
4491,625
4492,-75
4493,525
4494,523
4495,623
4496,-125
4497,675
4498,625
4499,625
4500,575
4501,-200
4502,675
4503,550
4504,675
4505,623
4506,423
4507,498
4508,673
4509,675
4510,675
4511,575
4512,625
4513,675
4514,175
4515,673
4516,375
4517,625
4518,673
4519,525
4520,525
4521,573
4522,625
4523,-25
4524,675
4525,375
4526,675
4527,675
4528,-100
4529,625
4530,573
4531,625
4532,-279
4533,675
4534,625
4535,673
4536,425
4537,171
4538,-75
4539,625
4540,675
4541,671
4542,675
4543,673
4544,675
4545,623
4546,-75
4547,473
4548,675
4549,675
4550,375
4551,350
4552,625
4553,575
4554,625
4555,625
4556,675
4557,673
4558,675
4559,196
4560,-27
4561,673
4562,525
4563,623
4564,-175
4565,-175
4566,673
4567,523
4568,673
4569,675
4570,675
4571,625
4572,675
4573,-175
4574,575
4575,673
4576,675
4577,-125
4578,675
4579,623
4580,575
4581,-75
4582,675
4583,675
4584,400
4585,625
4586,525
4587,423
4588,525
4589,675
4590,675
4591,621
4592,573
4593,675
4594,-127
4595,675
4596,-25
4597,-27
4598,523
4599,523
4600,675
4601,525
4602,0
4603,375
4604,250
4605,675
4606,525
4607,575
4608,375
4609,675
4610,621
4611,675
4612,490
4613,675
4614,625
4615,675
4616,675
4617,425
4618,675
4619,675
4620,-125
4621,575
4622,400
4623,525
4624,675
4625,573
4626,675
4627,575
4628,475
4629,673
4630,498
4631,521
4632,625
4633,525
4634,375
4635,525
4636,525
4637,425
4638,-75
4639,350
4640,-75
4641,425
4642,573
4643,675
4644,621
4645,-177
4646,675
4647,625
4648,-125
4649,-75
4650,675
4651,673
4652,625
4653,675
4654,575
4655,625
4656,400
4657,625
4658,675
4659,400
4660,675
4661,625
4662,-75
4663,-129
4664,673
4665,500
4666,-125
4667,623
4668,425
4669,546
4670,475
4671,625
4672,423
4673,675
4674,673
4675,-175
4676,573
4677,675
4678,448
4679,623
4680,523
4681,673
4682,525
4683,673
4684,675
4685,623
4686,398
4687,373
4688,525
4689,675
4690,296
4691,625
4692,575
4693,675
4694,673
4695,675
4696,675
4697,675
4698,625
4699,500
4700,623
4701,625
4702,573
4703,625
4704,625
4705,575
4706,-127
4707,21
4708,-29
4709,675
4710,675
4711,-27
4712,521
4713,673
4714,675
4715,673
4716,-125
4717,-25
4718,625
4719,623
4720,523
4721,675
4722,621
4723,-125
4724,675
4725,498
4726,625
4727,425
4728,475
4729,623
4730,623
4731,675
4732,-29
4733,-25
4734,675
4735,675
4736,675
4737,425
4738,675
4739,675
4740,675
4741,675
4742,675
4743,-200
4744,75
4745,673
4746,671
4747,675
4748,75
4749,-25
4750,-125
4751,-25
4752,-125
4753,425
4754,625
4755,425
4756,675
4757,-125
4758,523
4759,150
4760,-125
4761,575
4762,675
4763,667
4764,-129
4765,525
4766,673
4767,575
4768,525
4769,-127
4770,675
4771,-125
4772,675
4773,350
4774,394
4775,675
4776,675
4777,548
4778,625
4779,625
4780,-77
4781,400
4782,523
4783,525
4784,423
4785,400
4786,100
4787,575
4788,675
4789,675
4790,425
4791,625
4792,573
4793,621
4794,625
4795,-27
4796,623
4797,-227
4798,450
4799,575
4800,623
4801,525
4802,675
4803,675
4804,575
4805,675
4806,-175
4807,675
4808,675
4809,675
4810,625
4811,525
4812,675
4813,-79
4814,675
4815,575
4816,571
4817,675
4818,575
4819,625
4820,-75
4821,625
4822,675
4823,400
4824,525
4825,675
4826,575
4827,675
4828,471
4829,673
4830,-125
4831,-100
4832,675
4833,575
4834,625
4835,525
4836,575
4837,575
4838,675
4839,625
4840,675
4841,-100
4842,-77
4843,675
4844,475
4845,575
4846,675
4847,23
4848,675
4849,675
4850,523
4851,525
4852,619
4853,673
4854,675
4855,675
4856,550
4857,575
4858,675
4859,675
4860,673
4861,625
4862,625
4863,675
4864,675
4865,-175
4866,675
4867,675
4868,-127
4869,623
4870,375
4871,671
4872,675
4873,-125
4874,0
4875,625
4876,-127
4877,673
4878,575
4879,400
4880,673
4881,575
4882,-50
4883,675
4884,573
4885,-106
4886,523
4887,-127
4888,575
4889,425
4890,-75
4891,475
4892,675
4893,673
4894,675
4895,575
4896,623
4897,-77
4898,473
4899,623
4900,-75
4901,-77
4902,675
4903,-125
4904,675
4905,-75
4906,625
4907,625
4908,675
4909,375
4910,625
4911,400
4912,625
4913,373
4914,675
4915,625
4916,675
4917,675
4918,473
4919,675
4920,198
4921,675
4922,675
4923,675
4924,-77
4925,-50
4926,575
4927,675
4928,525
4929,575
4930,348
4931,-2
4932,425
4933,675
4934,-125
4935,571
4936,-177
4937,-27
4938,625
4939,625
4940,675
4941,673
4942,-102
4943,-75
4944,250
4945,623
4946,-77
4947,-125
4948,675
4949,523
4950,575
4951,571
4952,673
4953,398
4954,621
4955,575
4956,675
4957,-75
4958,625
4959,550
4960,-75
4961,623
4962,575
4963,675
4964,525
4965,675
4966,675
4967,675
4968,573
4969,-175
4970,-127
4971,625
4972,675
4973,675
4974,500
4975,675
4976,623
4977,675
4978,623
4979,675
4980,675
4981,621
4982,-77
4983,573
4984,625
4985,625
4986,675
4987,675
4988,675
4989,398
4990,675
4991,675
4992,625
4993,623
4994,573
4995,425
4996,-75
4997,625
4998,623
4999,575
5000,400
5001,-29
5002,675
5003,675
5004,675
5005,525
5006,623
5007,-75
5008,673
5009,675
5010,675
5011,621
5012,625
5013,625
5014,425
5015,625
5016,675
5017,373
5018,-225
5019,621
5020,623
5021,575
5022,525
5023,573
5024,673
5025,348
5026,625
5027,675
5028,548
5029,625
5030,675
5031,675
5032,673
5033,550
5034,-125
5035,675
5036,675
5037,675
5038,673
5039,625
5040,669
5041,-127
5042,525
5043,675
5044,623
5045,675
5046,425
5047,625
5048,675
5049,623
5050,300
5051,571
5052,675
5053,673
5054,623
5055,523
5056,425
5057,675
5058,625
5059,625
5060,525
5061,675
5062,623
5063,425
5064,675
5065,325
5066,-25
5067,675
5068,523
5069,498
5070,673
5071,575
5072,625
5073,525
5074,675
5075,248
5076,673
5077,325
5078,350
5079,-27
5080,475
5081,625
5082,625
5083,673
5084,-75
5085,673
5086,573
5087,625
5088,575
5089,-125
5090,496
5091,675
5092,623
5093,525
5094,575
5095,625
5096,623
5097,375
5098,675
5099,-75
5100,675
5101,-75
5102,-125
5103,296
5104,625
5105,575
5106,675
5107,275
5108,575
5109,525
5110,673
5111,-200
5112,675
5113,625
5114,-125
5115,375
5116,475
5117,673
5118,623
5119,625
5120,-25
5121,675
5122,375
5123,-231
5124,621
5125,475
5126,625
5127,675
5128,575
5129,675
5130,671
5131,-25
5132,348
5133,400
5134,675
5135,-125
5136,-29
5137,475
5138,-75
5139,673
5140,675
5141,423
5142,675
5143,525
5144,675
5145,625
5146,625
5147,675
5148,550
5149,-202
5150,675
5151,-125
5152,525
5153,625
5154,575
5155,671
5156,673
5157,-125
5158,-27
5159,675
5160,623
5161,-79
5162,525
5163,675
5164,348
5165,-75
5166,625
5167,275
5168,400
5169,625
5170,400
5171,75
5172,623
5173,669
5174,623
5175,325
5176,596
5177,-125
5178,675
5179,675
5180,625
5181,-127
5182,600
5183,350
5184,675
5185,675
5186,473
5187,623
5188,-125
5189,348
5190,675
5191,525
5192,-29
5193,400
5194,369
5195,525
5196,673
5197,625
5198,675
5199,621
5200,200
5201,-108
5202,-79
5203,675
5204,475
5205,573
5206,375
5207,523
5208,623
5209,673
5210,525
5211,625
5212,675
5213,500
5214,673
5215,-200
5216,673
5217,625
5218,425
5219,675
5220,-25
5221,623
5222,675
5223,-75
5224,-125
5225,0
5226,625
5227,-4
5228,-125
5229,675
5230,573
5231,675
5232,675
5233,23
5234,675
5235,425
5236,675
5237,623
5238,675
5239,675
5240,625
5241,250
5242,-125
5243,523
5244,675
5245,675
5246,525
5247,625
5248,675
5249,-75
5250,573
5251,673
5252,675
5253,-25
5254,-79
5255,675
5256,625
5257,615
5258,625
5259,423
5260,625
5261,575
5262,-125
5263,425
5264,523
5265,673
5266,400
5267,471
5268,-27
5269,550
5270,575
5271,625
5272,-75
5273,400
5274,625
5275,675
5276,675
5277,675
5278,425
5279,675
5280,675
5281,525
5282,525
5283,625
5284,625
5285,625
5286,223
5287,-125
5288,525
5289,375
5290,525
5291,498
5292,575
5293,675
5294,575
5295,523
5296,425
5297,400
5298,525
5299,669
5300,675
5301,575
5302,425
5303,-125
5304,-125
5305,573
5306,75
5307,550
5308,-75
5309,-75
5310,625
5311,625
5312,625
5313,675
5314,325
5315,673
5316,250
5317,525
5318,-29
5319,673
5320,675
5321,671
5322,675
5323,-175
5324,675
5325,623
5326,519
5327,625
5328,148
5329,673
5330,-125
5331,623
5332,525
5333,675
5334,375
5335,400
5336,675
5337,-25
5338,423
5339,625
5340,625
5341,625
5342,350
5343,346
5344,625
5345,450
5346,-29
5347,198
5348,675
5349,675
5350,675
5351,675
5352,-125
5353,398
5354,-75
5355,625
5356,400
5357,673
5358,675
5359,673
5360,400
5361,-75
5362,373
5363,400
5364,575
5365,675
5366,275
5367,625
5368,675
5369,600
5370,271
5371,525
5372,-125
5373,25
5374,675
5375,525
5376,675
5377,-27
5378,675
5379,621
5380,675
5381,625
5382,498
5383,575
5384,375
5385,475
5386,575
5387,400
5388,425
5389,675
5390,675
5391,575
5392,625
5393,575
5394,673
5395,325
5396,675
5397,0
5398,-2
5399,250
5400,625
5401,623
5402,575
5403,625
5404,-200
5405,-175
5406,-25
5407,675
5408,-77
5409,675
5410,675
5411,-25
5412,675
5413,625
5414,675
5415,521
5416,-125
5417,-75
5418,675
5419,-75
5420,525
5421,525
5422,-125
5423,621
5424,673
5425,425
5426,575
5427,675
5428,675
5429,-77
5430,-77
5431,675
5432,675
5433,623
5434,675
5435,575
5436,625
5437,575
5438,-29
5439,-125
5440,523
5441,673
5442,625
5443,623
5444,548
5445,675
5446,575
5447,673
5448,625
5449,625
5450,675
5451,675
5452,575
5453,675
5454,625
5455,550
5456,675
5457,-79
5458,575
5459,673
5460,625
5461,675
5462,525
5463,-75
5464,575
5465,671
5466,348
5467,575
5468,475
5469,-77
5470,625
5471,421
5472,-77
5473,469
5474,425
5475,300
5476,625
5477,675
5478,525
5479,675
5480,625
5481,523
5482,625
5483,-25
5484,675
5485,575
5486,673
5487,-75
5488,275
5489,625
5490,575
5491,675
5492,-77
5493,450
5494,625
5495,623
5496,673
5497,625
5498,575
5499,-175
5500,-125
5501,625
5502,575
5503,673
5504,-25
5505,-125
5506,-125
5507,-29
5508,521
5509,-127
5510,550
5511,675
5512,-125
5513,673
5514,417
5515,675
5516,669
5517,673
5518,675
5519,675
5520,575
5521,675
5522,469
5523,548
5524,-25
5525,-127
5526,-229
5527,625
5528,625
5529,-25
5530,671
5531,625
5532,525
5533,623
5534,675
5535,675
5536,373
5537,-127
5538,275
5539,675
5540,-25
5541,623
5542,-79
5543,-27
5544,573
5545,-125
5546,425
5547,-125
5548,-75
5549,675
5550,573
5551,-75
5552,473
5553,498
5554,675
5555,673
5556,325
5557,675
5558,575
5559,673
5560,-27
5561,625
5562,-177
5563,675
5564,575
5565,573
5566,673
5567,550
5568,675
5569,500
5570,525
5571,625
5572,623
5573,-175
5574,423
5575,625
5576,-125
5577,623
5578,-125
5579,625
5580,675
5581,675
5582,625
5583,-75
5584,294
5585,-129
5586,-77
5587,675
5588,621
5589,625
5590,673
5591,350
5592,400
5593,425
5594,398
5595,548
5596,675
5597,525
5598,671
5599,575
5600,398
5601,675
5602,498
5603,675
5604,675
5605,675
5606,621
5607,550
5608,675
5609,673
5610,-77
5611,425
5612,400
5613,425
5614,400
5615,623
5616,675
5617,625
5618,625
5619,675
5620,498
5621,675
5622,-75
5623,550
5624,575
5625,400
5626,575
5627,675
5628,575
5629,375
5630,-27
5631,475
5632,-27
5633,525
5634,675
5635,673
5636,625
5637,675
5638,575
5639,398
5640,500
5641,675
5642,-125
5643,673
5644,625
5645,573
5646,-127
5647,575
5648,471
5649,-77
5650,-177
5651,617
5652,625
5653,-75
5654,625
5655,673
5656,625
5657,625
5658,625
5659,-75
5660,623
5661,-56
5662,575
5663,-25
5664,-33
5665,675
5666,475
5667,498
5668,-2
5669,-127
5670,621
5671,675
5672,625
5673,625
5674,400
5675,625
5676,521
5677,498
5678,623
5679,625
5680,673
5681,-125
5682,673
5683,675
5684,-125
5685,623
5686,573
5687,-125
5688,625
5689,525
5690,675
5691,625
5692,475
5693,675
5694,471
5695,625
5696,-127
5697,-200
5698,519
5699,-75
5700,625
5701,673
5702,625
5703,625
5704,625
5705,225
5706,-152
5707,396
5708,575
5709,-75
5710,550
5711,525
5712,625
5713,-75
5714,675
5715,575
5716,575
5717,423
5718,-75
5719,671
5720,625
5721,573
5722,-75
5723,625
5724,671
5725,425
5726,675
5727,623
5728,625
5729,625
5730,625
5731,625
5732,575
5733,673
5734,-127
5735,-25
5736,675
5737,-127
5738,-125
5739,473
5740,475
5741,675
5742,375
5743,525
5744,523
5745,-79
5746,-177
5747,673
5748,-75
5749,625
5750,675
5751,-254
5752,623
5753,675
5754,473
5755,675
5756,675
5757,625
5758,675
5759,-27
5760,623
5761,669
5762,400
5763,-125
5764,550
5765,623
5766,673
5767,525
5768,571
5769,675
5770,625
5771,675
5772,-25
5773,675
5774,625
5775,423
5776,625
5777,350
5778,475
5779,675
5780,675
5781,-25
5782,171
5783,673
5784,575
5785,625
5786,623
5787,525
5788,-77
5789,-77
5790,673
5791,323
5792,575
5793,448
5794,-25
5795,575
5796,675
5797,423
5798,425
5799,523
5800,671
5801,-175
5802,675
5803,-125
5804,-127
5805,-27
5806,675
5807,423
5808,-131
5809,625
5810,675
5811,673
5812,475
5813,675
5814,675
5815,523
5816,673
5817,675
5818,-27
5819,675
5820,675
5821,-75
5822,625
5823,-56
5824,525
5825,673
5826,625
5827,675
5828,575
5829,575
5830,300
5831,525
5832,575
5833,673
5834,300
5835,625
5836,-77
5837,573
5838,350
5839,575
5840,673
5841,521
5842,523
5843,675
5844,675
5845,-127
5846,573
5847,671
5848,248
5849,623
5850,675
5851,675
5852,575
5853,348
5854,675
5855,675
5856,675
5857,425
5858,621
5859,623
5860,625
5861,675
5862,-125
5863,675
5864,-25
5865,671
5866,475
5867,575
5868,625
5869,675
5870,-175
5871,550
5872,625
5873,550
5874,623
5875,573
5876,469
5877,425
5878,675
5879,-333
5880,675
5881,675
5882,571
5883,621
5884,673
5885,473
5886,550
5887,575
5888,-75
5889,675
5890,-25
5891,-125
5892,573
5893,525
5894,525
5895,471
5896,625
5897,675
5898,423
5899,-125
5900,625
5901,425
5902,625
5903,625
5904,673
5905,625
5906,625
5907,623
5908,-125
5909,525
5910,675
5911,250
5912,625
5913,673
5914,-125
5915,675
5916,625
5917,525
5918,625
5919,575
5920,675
5921,675
5922,625
5923,675
5924,675
5925,-4
5926,150
5927,573
5928,575
5929,573
5930,675
5931,346
5932,-25
5933,625
5934,623
5935,623
5936,625
5937,-129
5938,575
5939,-27
5940,400
5941,-75
5942,500
5943,671
5944,225
5945,675
5946,-125
5947,425
5948,623
5949,675
5950,623
5951,675
5952,623
5953,671
5954,575
5955,-125
5956,421
5957,575
5958,675
5959,675
5960,575
5961,625
5962,673
5963,425
5964,625
5965,623
5966,400
5967,575
5968,673
5969,675
5970,625
5971,523
5972,473
5973,-129
5974,-79
5975,275
5976,-25
5977,425
5978,625
5979,675
5980,525
5981,-75
5982,-75
5983,675
5984,523
5985,425
5986,675
5987,175
5988,675
5989,675
5990,400
5991,-125
5992,525
5993,573
5994,675
5995,675
5996,573
5997,675
5998,275
5999,675
6000,675
6001,625
6002,675
6003,675
6004,675
6005,625
6006,-75
6007,-125
6008,675
6009,675
6010,-125
6011,-25
6012,348
6013,675
6014,-77
6015,-127
6016,567
6017,673
6018,675
6019,623
6020,625
6021,-227
6022,425
6023,623
6024,625
6025,571
6026,-227
6027,575
6028,675
6029,575
6030,625
6031,625
6032,673
6033,623
6034,271
6035,625
6036,575
6037,-27
6038,423
6039,575
6040,425
6041,571
6042,-100
6043,-125
6044,575
6045,675
6046,525
6047,625
6048,675
6049,675
6050,-29
6051,-127
6052,625
6053,150
6054,475
6055,675
6056,675
6057,-125
6058,398
6059,673
6060,675
6061,525
6062,675
6063,175
6064,521
6065,675
6066,344
6067,625
6068,675
6069,-179
6070,675
6071,375
6072,623
6073,-125
6074,675
6075,675
6076,675
6077,675
6078,571
6079,675
6080,546
6081,673
6082,675
6083,-29
6084,575
6085,550
6086,523
6087,575
6088,675
6089,575
6090,675
6091,350
6092,673
6093,-206
6094,623
6095,625
6096,573
6097,-25
6098,675
6099,673
6100,525
6101,575
6102,675
6103,-175
6104,675
6105,625
6106,523
6107,669
6108,575
6109,525
6110,350
6111,675
6112,-75
6113,375
6114,625
6115,350
6116,-75
6117,423
6118,675
6119,625
6120,625
6121,225
6122,623
6123,623
6124,675
6125,600
6126,-81
6127,525
6128,425
6129,675
6130,625
6131,625
6132,675
6133,619
6134,573
6135,400
6136,500
6137,-125
6138,673
6139,623
6140,475
6141,673
6142,525
6143,575
6144,675
6145,348
6146,-177
6147,675
6148,575
6149,623
6150,569
6151,-75
6152,548
6153,550
6154,573
6155,625
6156,673
6157,625
6158,675
6159,675
6160,623
6161,325
6162,673
6163,625
6164,625
6165,571
6166,675
6167,448
6168,675
6169,394
6170,375
6171,525
6172,625
6173,625
6174,675
6175,375
6176,575
6177,623
6178,248
6179,675
6180,-127
6181,573
6182,171
6183,-25
6184,421
6185,625
6186,575
6187,625
6188,675
6189,625
6190,348
6191,523
6192,-29
6193,100
6194,-125
6195,675
6196,673
6197,-125
6198,625
6199,621
6200,523
6201,675
6202,675
6203,573
6204,675
6205,-125
6206,675
6207,-25
6208,425
6209,350
6210,373
6211,675
6212,675
6213,673
6214,675
6215,-29
6216,-125
6217,473
6218,350
6219,325
6220,475
6221,673
6222,575
6223,625
6224,675
6225,-25
6226,675
6227,375
6228,550
6229,623
6230,675
6231,675
6232,675
6233,669
6234,675
6235,73
6236,571
6237,-77
6238,475
6239,575
6240,-125
6241,-125
6242,575
6243,675
6244,625
6245,625
6246,673
6247,575
6248,519
6249,150
6250,673
6251,525
6252,675
6253,675
6254,625
6255,675
6256,625
6257,525
6258,400
6259,-27
6260,-125
6261,425
6262,-125
6263,550
6264,-175
6265,675
6266,675
6267,625
6268,625
6269,623
6270,400
6271,675
6272,350
6273,675
6274,625
6275,-127
6276,425
6277,400
6278,675
6279,675
6280,675
6281,673
6282,623
6283,525
6284,625
6285,-75
6286,-25
6287,675
6288,425
6289,350
6290,675
6291,625
6292,-175
6293,-125
6294,-81
6295,625
6296,575
6297,-79
6298,496
6299,623
6300,675
6301,575
6302,575
6303,575
6304,671
6305,623
6306,-125
6307,500
6308,375
6309,375
6310,475
6311,675
6312,-125
6313,675
6314,575
6315,575
6316,625
6317,-77
6318,425
6319,-125
6320,623
6321,-125
6322,623
6323,275
6324,675
6325,621
6326,575
6327,625
6328,494
6329,575
6330,223
6331,521
6332,275
6333,296
6334,675
6335,675
6336,673
6337,675
6338,-125
6339,-77
6340,-125
6341,625
6342,350
6343,250
6344,623
6345,-127
6346,250
6347,675
6348,675
6349,625
6350,623
6351,623
6352,-75
6353,673
6354,675
6355,348
6356,-25
6357,623
6358,623
6359,600
6360,675
6361,375
6362,-27
6363,400
6364,373
6365,625
6366,623
6367,-100
6368,-25
6369,573
6370,-125
6371,625
6372,673
6373,675
6374,623
6375,200
6376,575
6377,675
6378,575
6379,298
6380,575
6381,-125
6382,675
6383,448
6384,-77
6385,675
6386,625
6387,96
6388,675
6389,625
6390,425
6391,-127
6392,675
6393,623
6394,573
6395,475
6396,675
6397,623
6398,523
6399,675
6400,-125
6401,471
6402,625
6403,573
6404,675
6405,-125
6406,525
6407,-25
6408,675
6409,575
6410,673
6411,675
6412,625
6413,573
6414,525
6415,625
6416,548
6417,675
6418,675
6419,675
6420,575
6421,-125
6422,-75
6423,675
6424,423
6425,625
6426,671
6427,525
6428,550
6429,573
6430,625
6431,625
6432,625
6433,675
6434,550
6435,575
6436,625
6437,625
6438,-125
6439,675
6440,473
6441,625
6442,473
6443,671
6444,-25
6445,-27
6446,673
6447,400
6448,421
6449,625
6450,248
6451,-75
6452,475
6453,623
6454,521
6455,623
6456,525
6457,625
6458,675
6459,675
6460,619
6461,475
6462,625
6463,675
6464,621
6465,375
6466,575
6467,425
6468,625
6469,-125
6470,675
6471,675
6472,673
6473,-125
6474,673
6475,-175
6476,675
6477,200
6478,575
6479,-29
6480,550
6481,575
6482,473
6483,-125
6484,673
6485,673
6486,673
6487,675
6488,523
6489,675
6490,546
6491,498
6492,323
6493,-125
6494,475
6495,-75
6496,-75
6497,-31
6498,673
6499,523
6500,673
6501,-75
6502,-77
6503,525
6504,675
6505,675
6506,-225
6507,523
6508,275
6509,623
6510,625
6511,625
6512,-125
6513,525
6514,625
6515,675
6516,550
6517,621
6518,675
6519,573
6520,575
6521,473
6522,400
6523,675
6524,625
6525,623
6526,-27
6527,425
6528,675
6529,525
6530,-27
6531,421
6532,675
6533,275
6534,-75
6535,-127
6536,623
6537,-125
6538,546
6539,573
6540,575
6541,675
6542,625
6543,673
6544,673
6545,625
6546,375
6547,675
6548,400
6549,621
6550,350
6551,375
6552,550
6553,475
6554,675
6555,623
6556,673
6557,573
6558,-200
6559,573
6560,475
6561,425
6562,-125
6563,-75
6564,-175
6565,-125
6566,625
6567,675
6568,675
6569,675
6570,-25
6571,-125
6572,523
6573,575
6574,-79
6575,675
6576,-75
6577,325
6578,625
6579,-125
6580,573
6581,675
6582,-127
6583,398
6584,625
6585,573
6586,-52
6587,675
6588,675
6589,-77
6590,671
6591,-27
6592,675
6593,625
6594,575
6595,525
6596,571
6597,423
6598,619
6599,625
6600,625
6601,625
6602,625
6603,575
6604,571
6605,671
6606,675
6607,525
6608,675
6609,-75
6610,575
6611,550
6612,525
6613,673
6614,575
6615,0
6616,675
6617,150
6618,375
6619,675
6620,298
6621,575
6622,475
6623,573
6624,675
6625,248
6626,675
6627,675
6628,525
6629,673
6630,675
6631,348
6632,573
6633,-125
6634,-127
6635,675
6636,625
6637,525
6638,375
6639,625
6640,-125
6641,675
6642,425
6643,625
6644,446
6645,625
6646,625
6647,-125
6648,675
6649,-252
6650,-175
6651,525
6652,673
6653,471
6654,675
6655,619
6656,400
6657,598
6658,-125
6659,-27
6660,573
6661,673
6662,623
6663,675
6664,675
6665,523
6666,675
6667,625
6668,-75
6669,-125
6670,475
6671,-202
6672,675
6673,673
6674,-125
6675,573
6676,-125
6677,473
6678,675
6679,621
6680,500
6681,673
6682,575
6683,-75
6684,-27
6685,675
6686,167
6687,675
6688,673
6689,375
6690,550
6691,500
6692,325
6693,625
6694,675
6695,625
6696,548
6697,673
6698,-75
6699,375
6700,-75
6701,675
6702,525
6703,425
6704,625
6705,573
6706,675
6707,625
6708,75
6709,375
6710,623
6711,423
6712,625
6713,571
6714,-75
6715,675
6716,225
6717,625
6718,573
6719,675
6720,-75
6721,673
6722,675
6723,573
6724,-300
6725,625
6726,675
6727,623
6728,671
6729,525
6730,371
6731,546
6732,675
6733,523
6734,675
6735,625
6736,673
6737,675
6738,675
6739,-75
6740,667
6741,-127
6742,-25
6743,425
6744,623
6745,625
6746,571
6747,425
6748,-79
6749,675
6750,625
6751,625
6752,-125
6753,675
6754,675
6755,675
6756,675
6757,573
6758,550
6759,675
6760,475
6761,575
6762,475
6763,675
6764,525
6765,675
6766,675
6767,625
6768,-2
6769,525
6770,-25
6771,-125
6772,575
6773,375
6774,-125
6775,675
6776,573
6777,-200
6778,675
6779,625
6780,625
6781,673
6782,425
6783,575
6784,-75
6785,521
6786,425
6787,371
6788,675
6789,669
6790,675
6791,-127
6792,671
6793,675
6794,375
6795,-175
6796,675
6797,423
6798,-77
6799,548
6800,675
6801,473
6802,673
6803,-77
6804,675
6805,625
6806,400
6807,673
6808,675
6809,625
6810,548
6811,375
6812,625
6813,-75
6814,673
6815,-25
6816,-175
6817,675
6818,-75
6819,-125
6820,523
6821,-75
6822,398
6823,675
6824,625
6825,-125
6826,600
6827,571
6828,623
6829,675
6830,525
6831,-177
6832,625
6833,423
6834,673
6835,625
6836,675
6837,675
6838,673
6839,623
6840,673
6841,473
6842,675
6843,675
6844,400
6845,400
6846,675
6847,475
6848,675
6849,-175
6850,675
6851,675
6852,625
6853,-150
6854,625
6855,623
6856,-27
6857,673
6858,200
6859,275
6860,575
6861,-175
6862,-29
6863,675
6864,675
6865,-75
6866,625
6867,625
6868,673
6869,425
6870,673
6871,675
6872,523
6873,-75
6874,-129
6875,575
6876,675
6877,-75
6878,675
6879,573
6880,423
6881,523
6882,-75
6883,675
6884,675
6885,-125
6886,573
6887,475
6888,525
6889,623
6890,673
6891,573
6892,-125
6893,-125
6894,673
6895,669
6896,675
6897,398
6898,673
6899,675
6900,-125
6901,-125
6902,675
6903,675
6904,400
6905,575
6906,-75
6907,625
6908,675
6909,675
6910,475
6911,-75
6912,373
6913,575
6914,575
6915,675
6916,575
6917,575
6918,575
6919,473
6920,-131
6921,675
6922,525
6923,525
6924,-125
6925,-125
6926,500
6927,573
6928,575
6929,-125
6930,623
6931,-75
6932,-125
6933,525
6934,525
6935,675
6936,525
6937,321
6938,675
6939,-75
6940,623
6941,-77
6942,625
6943,-129
6944,675
6945,498
6946,-8
6947,498
6948,523
6949,523
6950,625
6951,450
6952,671
6953,625
6954,625
6955,675
6956,350
6957,573
6958,525
6959,-175
6960,-125
6961,625
6962,423
6963,675
6964,621
6965,500
6966,625
6967,-175
6968,525
6969,575
6970,625
6971,673
6972,675
6973,400
6974,275
6975,-27
6976,-77
6977,575
6978,-125
6979,575
6980,671
6981,425
6982,623
6983,675
6984,673
6985,675
6986,550
6987,571
6988,675
6989,625
6990,-79
6991,673
6992,450
6993,325
6994,673
6995,625
6996,-75
6997,500
6998,400
6999,398
7000,625
7001,573
7002,675
7003,675
7004,-27
7005,521
7006,569
7007,625
7008,673
7009,625
7010,350
7011,675
7012,625
7013,625
7014,498
7015,525
7016,425
7017,-129
7018,498
7019,625
7020,475
7021,675
7022,475
7023,575
7024,675
7025,-75
7026,675
7027,675
7028,475
7029,675
7030,500
7031,623
7032,623
7033,398
7034,498
7035,675
7036,573
7037,675
7038,675
7039,675
7040,675
7041,-125
7042,423
7043,-125
7044,-25
7045,675
7046,-77
7047,625
7048,675
7049,675
7050,621
7051,675
7052,-2
7053,525
7054,-125
7055,-179
7056,575
7057,-77
7058,625
7059,523
7060,625
7061,623
7062,300
7063,573
7064,675
7065,500
7066,669
7067,671
7068,425
7069,673
7070,-27
7071,625
7072,623
7073,-27
7074,625
7075,-75
7076,575
7077,675
7078,273
7079,-125
7080,625
7081,550
7082,473
7083,475
7084,675
7085,625
7086,625
7087,625
7088,675
7089,625
7090,-175
7091,675
7092,619
7093,573
7094,675
7095,575
7096,250
7097,625
7098,673
7099,671
7100,-75
7101,548
7102,675
7103,625
7104,675
7105,673
7106,575
7107,525
7108,550
7109,-25
7110,500
7111,675
7112,400
7113,575
7114,675
7115,575
7116,575
7117,625
7118,-50
7119,575
7120,675
7121,623
7122,625
7123,425
7124,575
7125,348
7126,-125
7127,621
7128,675
7129,675
7130,675
7131,-75
7132,623
7133,675
7134,-25
7135,625
7136,675
7137,621
7138,625
7139,575
7140,673
7141,675
7142,675
7143,673
7144,400
7145,573
7146,-25
7147,625
7148,-179
7149,425
7150,673
7151,400
7152,400
7153,400
7154,675
7155,425
7156,675
7157,573
7158,675
7159,375
7160,625
7161,-75
7162,-75
7163,523
7164,675
7165,625
7166,575
7167,675
7168,-79
7169,675
7170,-100
7171,675
7172,625
7173,473
7174,675
7175,250
7176,523
7177,575
7178,525
7179,196
7180,675
7181,625
7182,575
7183,625
7184,623
7185,-75
7186,598
7187,623
7188,625
7189,625
7190,-127
7191,400
7192,673
7193,673
7194,625
7195,673
7196,525
7197,100
7198,550
7199,625
7200,571
7201,675
7202,525
7203,350
7204,623
7205,675
7206,519
7207,675
7208,-77
7209,-75
7210,675
7211,325
7212,550
7213,625
7214,675
7215,-75
7216,623
7217,675
7218,473
7219,625
7220,575
7221,673
7222,-177
7223,350
7224,525
7225,675
7226,525
7227,573
7228,573
7229,625
7230,673
7231,623
7232,-125
7233,394
7234,-75
7235,675
7236,298
7237,573
7238,-77
7239,25
7240,671
7241,300
7242,575
7243,550
7244,675
7245,600
7246,550
7247,625
7248,571
7249,-27
7250,398
7251,-27
7252,675
7253,-77
7254,400
7255,523
7256,673
7257,548
7258,173
7259,100
7260,550
7261,-125
7262,675
7263,573
7264,675
7265,675
7266,675
7267,623
7268,623
7269,671
7270,675
7271,625
7272,675
7273,675
7274,-75
7275,300
7276,621
7277,675
7278,675
7279,-175
7280,625
7281,473
7282,625
7283,623
7284,-31
7285,675
7286,675
7287,321
7288,425
7289,400
7290,398
7291,348
7292,-125
7293,673
7294,550
7295,625
7296,523
7297,675
7298,625
7299,-75
7300,675
7301,-125
7302,-75
7303,-29
7304,425
7305,625
7306,575
7307,575
7308,-75
7309,623
7310,675
7311,348
7312,525
7313,675
7314,625
7315,625
7316,675
7317,675
7318,-125
7319,625
7320,673
7321,675
7322,625
7323,625
7324,675
7325,550
7326,525
7327,575
7328,-75
7329,375
7330,473
7331,675
7332,575
7333,-75
7334,673
7335,675
7336,619
7337,-129
7338,425
7339,675
7340,525
7341,575
7342,575
7343,550
7344,575
7345,200
7346,673
7347,575
7348,625
7349,525
7350,675
7351,625
7352,673
7353,575
7354,673
7355,398
7356,400
7357,675
7358,675
7359,-27
7360,250
7361,575
7362,675
7363,-125
7364,-77
7365,675
7366,675
7367,-104
7368,623
7369,550
7370,675
7371,675
7372,621
7373,525
7374,300
7375,-125
7376,575
7377,-25
7378,473
7379,348
7380,425
7381,623
7382,525
7383,623
7384,473
7385,675
7386,675
7387,548
7388,623
7389,675
7390,623
7391,-27
7392,400
7393,550
7394,675
7395,675
7396,625
7397,675
7398,523
7399,-127
7400,573
7401,623
7402,346
7403,675
7404,623
7405,-102
7406,348
7407,-75
7408,675
7409,498
7410,-75
7411,-127
7412,621
7413,-327
7414,675
7415,375
7416,-25
7417,673
7418,625
7419,575
7420,575
7421,525
7422,50
7423,623
7424,673
7425,-177
7426,573
7427,675
7428,250
7429,575
7430,-127
7431,675
7432,675
7433,-79
7434,625
7435,625
7436,-125
7437,669
7438,-129
7439,675
7440,573
7441,-75
7442,-75
7443,200
7444,623
7445,473
7446,625
7447,675
7448,623
7449,675
7450,675
7451,675
7452,675
7453,-125
7454,673
7455,675
7456,673
7457,550
7458,-77
7459,675
7460,525
7461,473
7462,525
7463,625
7464,625
7465,375
7466,-25
7467,-125
7468,673
7469,525
7470,625
7471,625
7472,375
7473,300
7474,523
7475,423
7476,623
7477,675
7478,548
7479,573
7480,-125
7481,-125
7482,625
7483,675
7484,400
7485,675
7486,-181
7487,348
7488,675
7489,521
7490,-125
7491,623
7492,348
7493,625
7494,-75
7495,-100
7496,625
7497,396
7498,575
7499,675
7500,625
7501,673
7502,675
7503,473
7504,325
7505,298
7506,675
7507,525
7508,-50
7509,-77
7510,675
7511,525
7512,-125
7513,-75
7514,-75
7515,475
7516,675
7517,621
7518,675
7519,525
7520,675
7521,400
7522,675
7523,625
7524,575
7525,675
7526,250
7527,675
7528,-27
7529,-300
7530,623
7531,675
7532,625
7533,625
7534,675
7535,671
7536,425
7537,675
7538,625
7539,-25
7540,625
7541,523
7542,669
7543,-75
7544,298
7545,473
7546,625
7547,675
7548,-77
7549,-75
7550,475
7551,623
7552,-27
7553,573
7554,575
7555,623
7556,500
7557,300
7558,623
7559,675
7560,-304
7561,523
7562,425
7563,-79
7564,625
7565,350
7566,348
7567,669
7568,-75
7569,573
7570,400
7571,348
7572,350
7573,625
7574,623
7575,675
7576,623
7577,675
7578,625
7579,525
7580,548
7581,550
7582,525
7583,575
7584,675
7585,625
7586,-75
7587,375
7588,625
7589,523
7590,575
7591,673
7592,673
7593,675
7594,675
7595,523
7596,573
7597,573
7598,-150
7599,525
7600,575
7601,-100
7602,571
7603,-177
7604,623
7605,425
7606,-77
7607,-125
7608,675
7609,296
7610,525
7611,571
7612,300
7613,-75
7614,625
7615,-125
7616,-125
7617,675
7618,623
7619,625
7620,675
7621,625
7622,-75
7623,473
7624,-125
7625,-25
7626,675
7627,675
7628,623
7629,350
7630,675
7631,-177
7632,675
7633,625
7634,375
7635,-125
7636,-75
7637,675
7638,621
7639,525
7640,250
7641,675
7642,-275
7643,621
7644,-81
7645,625
7646,475
7647,625
7648,625
7649,573
7650,523
7651,675
7652,675
7653,-25
7654,675
7655,525
7656,548
7657,-79
7658,675
7659,-27
7660,625
7661,573
7662,-125
7663,-100
7664,675
7665,348
7666,375
7667,-75
7668,675
7669,675
7670,425
7671,675
7672,-129
7673,325
7674,675
7675,375
7676,675
7677,500
7678,-75
7679,425
7680,675
7681,-125
7682,-200
7683,573
7684,575
7685,675
7686,-75
7687,675
7688,400
7689,371
7690,675
7691,625
7692,675
7693,375
7694,625
7695,350
7696,675
7697,623
7698,-125
7699,573
7700,621
7701,375
7702,675
7703,675
7704,500
7705,425
7706,25
7707,675
7708,-227
7709,625
7710,423
7711,675
7712,675
7713,-125
7714,-127
7715,573
7716,623
7717,-27
7718,425
7719,675
7720,625
7721,625
7722,675
7723,573
7724,575
7725,675
7726,675
7727,250
7728,-75
7729,625
7730,625
7731,675
7732,-129
7733,675
7734,673
7735,625
7736,550
7737,-75
7738,-125
7739,348
7740,523
7741,625
7742,500
7743,575
7744,625
7745,375
7746,675
7747,521
7748,675
7749,625
7750,675
7751,-77
7752,675
7753,673
7754,-75
7755,-25
7756,350
7757,675
7758,298
7759,575
7760,425
7761,675
7762,675
7763,-200
7764,500
7765,-200
7766,675
7767,625
7768,675
7769,473
7770,625
7771,300
7772,625
7773,675
7774,675
7775,298
7776,421
7777,425
7778,250
7779,675
7780,148
7781,673
7782,625
7783,675
7784,625
7785,521
7786,523
7787,573
7788,-25
7789,675
7790,625
7791,675
7792,623
7793,675
7794,675
7795,575
7796,675
7797,450
7798,-125
7799,571
7800,-127
7801,621
7802,571
7803,300
7804,400
7805,-202
7806,675
7807,0
7808,675
7809,225
7810,675
7811,550
7812,625
7813,675
7814,625
7815,-75
7816,523
7817,671
7818,673
7819,675
7820,-75
7821,471
7822,525
7823,675
7824,575
7825,575
7826,546
7827,673
7828,-75
7829,525
7830,575
7831,675
7832,675
7833,675
7834,300
7835,525
7836,625
7837,425
7838,673
7839,625
7840,575
7841,475
7842,675
7843,625
7844,675
7845,621
7846,623
7847,-25
7848,625
7849,500
7850,373
7851,475
7852,-125
7853,675
7854,525
7855,625
7856,423
7857,373
7858,673
7859,-75
7860,523
7861,325
7862,523
7863,621
7864,675
7865,575
7866,-77
7867,625
7868,625
7869,-77
7870,675
7871,348
7872,525
7873,71
7874,675
7875,575
7876,675
7877,621
7878,-125
7879,-177
7880,625
7881,675
7882,671
7883,675
7884,-75
7885,300
7886,-202
7887,625
7888,500
7889,-175
7890,675
7891,-27
7892,400
7893,575
7894,675
7895,675
7896,625
7897,-77
7898,-125
7899,675
7900,-127
7901,25
7902,625
7903,675
7904,675
7905,-102
7906,375
7907,475
7908,675
7909,623
7910,525
7911,-25
7912,571
7913,675
7914,625
7915,498
7916,475
7917,350
7918,573
7919,398
7920,275
7921,625
7922,-125
7923,300
7924,-79
7925,625
7926,575
7927,625
7928,-25
7929,675
7930,300
7931,675
7932,423
7933,-27
7934,575
7935,523
7936,625
7937,675
7938,425
7939,573
7940,425
7941,675
7942,471
7943,575
7944,-175
7945,423
7946,675
7947,675
7948,673
7949,-75
7950,-75
7951,575
7952,400
7953,625
7954,675
7955,625
7956,-125
7957,575
7958,-125
7959,496
7960,569
7961,623
7962,673
7963,625
7964,671
7965,625
7966,625
7967,400
7968,525
7969,225
7970,673
7971,-31
7972,625
7973,671
7974,675
7975,475
7976,421
7977,525
7978,575
7979,425
7980,300
7981,398
7982,675
7983,621
7984,673
7985,675
7986,-125
7987,675
7988,575
7989,398
7990,500
7991,-75
7992,625
7993,675
7994,625
7995,575
7996,625
7997,625
7998,675
7999,400
8000,525
8001,525
8002,325
8003,625
8004,525
8005,-75
8006,400
8007,675
8008,275
8009,673
8010,350
8011,-125
8012,625
8013,675
8014,-29
8015,675
8016,675
8017,675
8018,600
8019,-75
8020,500
8021,550
8022,-202
8023,575
8024,-125
8025,-75
8026,575
8027,575
8028,575
8029,675
8030,523
8031,-54
8032,150
8033,425
8034,575
8035,523
8036,500
8037,398
8038,475
8039,625
8040,475
8041,525
8042,623
8043,598
8044,425
8045,446
8046,-125
8047,523
8048,200
8049,-75
8050,673
8051,-125
8052,675
8053,-127
8054,575
8055,675
8056,523
8057,625
8058,675
8059,675
8060,623
8061,625
8062,-152
8063,-127
8064,675
8065,175
8066,675
8067,675
8068,573
8069,525
8070,550
8071,675
8072,575
8073,473
8074,675
8075,673
8076,675
8077,-75
8078,625
8079,675
8080,273
8081,-25
8082,423
8083,425
8084,569
8085,625
8086,571
8087,625
8088,398
8089,625
8090,-127
8091,550
8092,675
8093,625
8094,675
8095,-25
8096,575
8097,425
8098,525
8099,675
8100,571
8101,671
8102,675
8103,250
8104,675
8105,625
8106,673
8107,525
8108,375
8109,675
8110,625
8111,575
8112,675
8113,475
8114,448
8115,675
8116,496
8117,675
8118,675
8119,525
8120,-179
8121,675
8122,398
8123,673
8124,675
8125,675
8126,-125
8127,625
8128,675
8129,-75
8130,-125
8131,-27
8132,673
8133,-127
8134,623
8135,675
8136,525
8137,375
8138,621
8139,425
8140,675
8141,-179
8142,-125
8143,398
8144,675
8145,498
8146,625
8147,623
8148,675
8149,675
8150,-75
8151,625
8152,625
8153,0
8154,-125
8155,625
8156,675
8157,-75
8158,675
8159,625
8160,675
8161,425
8162,675
8163,-125
8164,-25
8165,675
8166,675
8167,-125
8168,625
8169,673
8170,675
8171,575
8172,-131
8173,675
8174,625
8175,525
8176,623
8177,625
8178,400
8179,-125
8180,675
8181,675
8182,473
8183,673
8184,625
8185,675
8186,675
8187,271
8188,675
8189,625
8190,425
8191,525
8192,675
8193,623
8194,625
8195,673
8196,-77
8197,575
8198,573
8199,675
8200,675
8201,623
8202,675
8203,-29
8204,625
8205,625
8206,671
8207,273
8208,473
8209,-75
8210,675
8211,675
8212,-75
8213,675
8214,625
8215,575
8216,569
8217,625
8218,-27
8219,425
8220,625
8221,675
8222,-100
8223,400
8224,-25
8225,-27
8226,673
8227,675
8228,675
8229,675
8230,498
8231,523
8232,671
8233,-127
8234,675
8235,673
8236,225
8237,623
8238,573
8239,525
8240,-75
8241,548
8242,625
8243,625
8244,675
8245,571
8246,673
8247,550
8248,73
8249,0
8250,546
8251,500
8252,621
8253,575
8254,-125
8255,-100
8256,-52
8257,375
8258,625
8259,623
8260,-75
8261,-229
8262,-25
8263,550
8264,-29
8265,-125
8266,625
8267,625
8268,-75
8269,625
8270,675
8271,623
8272,375
8273,423
8274,669
8275,575
8276,-77
8277,573
8278,500
8279,675
8280,-75
8281,-125
8282,-81
8283,575
8284,625
8285,675
8286,625
8287,675
8288,-25
8289,-25
8290,675
8291,673
8292,425
8293,500
8294,523
8295,425
8296,575
8297,-75
8298,519
8299,475
8300,346
8301,-27
8302,425
8303,675
8304,625
8305,623
8306,625
8307,575
8308,523
8309,675
8310,-127
8311,571
8312,625
8313,675
8314,575
8315,-154
8316,275
8317,550
8318,425
8319,525
8320,-77
8321,675
8322,569
8323,673
8324,548
8325,625
8326,573
8327,675
8328,350
8329,575
8330,-25
8331,-27
8332,325
8333,-125
8334,350
8335,525
8336,675
8337,673
8338,523
8339,473
8340,673
8341,673
8342,575
8343,571
8344,400
8345,-125
8346,623
8347,525
8348,673
8349,675
8350,-125
8351,-125
8352,-77
8353,523
8354,675
8355,350
8356,675
8357,525
8358,675
8359,-175
8360,673
8361,673
8362,625
8363,625
8364,571
8365,673
8366,675
8367,675
8368,623
8369,-75
8370,-27
8371,525
8372,625
8373,675
8374,573
8375,671
8376,573
8377,575
8378,673
8379,625
8380,673
8381,-125
8382,673
8383,-29
8384,571
8385,675
8386,623
8387,575
8388,-125
8389,575
8390,575
8391,575
8392,550
8393,425
8394,675
8395,375
8396,-25
8397,625
8398,625
8399,675
8400,496
8401,675
8402,73
8403,523
8404,-75
8405,473
8406,400
8407,675
8408,675
8409,471
8410,675
8411,671
8412,525
8413,671
8414,-125
8415,675
8416,325
8417,675
8418,625
8419,-2
8420,496
8421,525
8422,673
8423,675
8424,-75
8425,625
8426,675
8427,623
8428,-125
8429,625
8430,675
8431,675
8432,550
8433,625
8434,575
8435,-125
8436,675
8437,575
8438,300
8439,675
8440,-125
8441,625
8442,625
8443,675
8444,625
8445,373
8446,523
8447,525
8448,625
8449,625
8450,525
8451,575
8452,625
8453,350
8454,-175
8455,675
8456,625
8457,-125
8458,-125
8459,-25
8460,625
8461,673
8462,675
8463,425
8464,673
8465,-25
8466,400
8467,673
8468,675
8469,675
8470,673
8471,673
8472,575
8473,575
8474,623
8475,623
8476,675
8477,521
8478,425
8479,423
8480,623
8481,-29
8482,473
8483,400
8484,-127
8485,675
8486,567
8487,675
8488,423
8489,-75
8490,675
8491,348
8492,675
8493,-125
8494,-75
8495,575
8496,423
8497,675
8498,550
8499,625
8500,400
8501,575
8502,675
8503,575
8504,-79
8505,625
8506,-75
8507,575
8508,675
8509,623
8510,625
8511,-75
8512,325
8513,625
8514,673
8515,-177
8516,675
8517,296
8518,425
8519,675
8520,75
8521,350
8522,-75
8523,675
8524,573
8525,673
8526,-31
8527,623
8528,675
8529,625
8530,-200
8531,625
8532,675
8533,675
8534,625
8535,525
8536,275
8537,523
8538,-125
8539,473
8540,548
8541,-29
8542,625
8543,573
8544,675
8545,675
8546,-50
8547,573
8548,-100
8549,575
8550,671
8551,623
8552,-29
8553,325
8554,625
8555,675
8556,673
8557,575
8558,573
8559,675
8560,498
8561,-200
8562,621
8563,675
8564,671
8565,675
8566,525
8567,575
8568,675
8569,625
8570,575
8571,675
8572,-125
8573,675
8574,675
8575,475
8576,625
8577,675
8578,525
8579,623
8580,625
8581,673
8582,673
8583,623
8584,675
8585,-127
8586,675
8587,-75
8588,675
8589,-125
8590,-75
8591,675
8592,575
8593,675
8594,675
8595,248
8596,523
8597,348
8598,-79
8599,321
8600,-125
8601,675
8602,673
8603,623
8604,523
8605,525
8606,625
8607,250
8608,575
8609,544
8610,523
8611,-125
8612,675
8613,-129
8614,375
8615,498
8616,-75
8617,573
8618,500
8619,675
8620,625
8621,675
8622,-75
8623,675
8624,200
8625,675
8626,621
8627,675
8628,625
8629,623
8630,521
8631,500
8632,675
8633,625
8634,-77
8635,575
8636,675
8637,675
8638,625
8639,575
8640,623
8641,675
8642,671
8643,-125
8644,625
8645,548
8646,675
8647,-125
8648,671
8649,675
8650,-75
8651,625
8652,625
8653,523
8654,675
8655,675
8656,-125
8657,625
8658,-175
8659,675
8660,350
8661,623
8662,425
8663,573
8664,675
8665,571
8666,-127
8667,625
8668,675
8669,400
8670,675
8671,423
8672,375
8673,675
8674,400
8675,675
8676,675
8677,473
8678,575
8679,625
8680,675
8681,675
8682,625
8683,673
8684,421
8685,625
8686,623
8687,550
8688,575
8689,625
8690,375
8691,675
8692,523
8693,523
8694,275
8695,425
8696,625
8697,-125
8698,675
8699,-79
8700,-25
8701,675
8702,400
8703,625
8704,675
8705,675
8706,-75
8707,-100
8708,675
8709,575
8710,573
8711,675
8712,450
8713,525
8714,575
8715,-127
8716,625
8717,623
8718,625
8719,675
8720,625
8721,523
8722,350
8723,-127
8724,-125
8725,425
8726,575
8727,625
8728,-25
8729,525
8730,-75
8731,521
8732,675
8733,500
8734,575
8735,675
8736,-127
8737,625
8738,500
8739,623
8740,575
8741,625
8742,673
8743,398
8744,398
8745,673
8746,575
8747,675
8748,673
8749,523
8750,625
8751,-125
8752,525
8753,275
8754,400
8755,625
8756,625
8757,625
8758,675
8759,523
8760,-75
8761,23
8762,625
8763,-75
8764,521
8765,-175
8766,550
8767,373
8768,625
8769,523
8770,675
8771,575
8772,-125
8773,623
8774,675
8775,-125
8776,248
8777,425
8778,675
8779,673
8780,525
8781,250
8782,673
8783,625
8784,200
8785,675
8786,-77
8787,673
8788,-100
8789,-27
8790,625
8791,-29
8792,673
8793,550
8794,-25
8795,525
8796,625
8797,523
8798,673
8799,623
8800,573
8801,571
8802,575
8803,623
8804,675
8805,548
8806,-25
8807,425
8808,-75
8809,425
8810,-125
8811,675
8812,-75
8813,-125
8814,675
8815,673
8816,621
8817,625
8818,-29
8819,421
8820,675
8821,675
8822,550
8823,494
8824,673
8825,575
8826,675
8827,675
8828,625
8829,675
8830,675
8831,575
8832,550
8833,625
8834,671
8835,-175
8836,-75
8837,471
8838,575
8839,525
8840,-75
8841,673
8842,350
8843,521
8844,-27
8845,73
8846,198
8847,575
8848,623
8849,625
8850,675
8851,521
8852,623
8853,673
8854,500
8855,525
8856,673
8857,625
8858,675
8859,-75
8860,575
8861,675
8862,575
8863,623
8864,675
8865,625
8866,673
8867,625
8868,475
8869,675
8870,475
8871,675
8872,-127
8873,-27
8874,-125
8875,571
8876,-52
8877,273
8878,625
8879,296
8880,625
8881,-202
8882,625
8883,400
8884,-77
8885,625
8886,675
8887,525
8888,-125
8889,575
8890,550
8891,-77
8892,625
8893,-127
8894,675
8895,675
8896,521
8897,675
8898,673
8899,375
8900,523
8901,398
8902,575
8903,673
8904,621
8905,-127
8906,673
8907,675
8908,425
8909,19
8910,625
8911,300
8912,675
8913,425
8914,-125
8915,675
8916,423
8917,250
8918,275
8919,350
8920,523
8921,475
8922,248
8923,-125
8924,500
8925,675
8926,575
8927,500
8928,575
8929,300
8930,573
8931,673
8932,675
8933,625
8934,400
8935,625
8936,675
8937,675
8938,523
8939,675
8940,398
8941,625
8942,-77
8943,675
8944,625
8945,673
8946,625
8947,623
8948,675
8949,625
8950,675
8951,675
8952,450
8953,-75
8954,-75
8955,675
8956,548
8957,523
8958,-125
8959,250
8960,625
8961,300
8962,523
8963,625
8964,-25
8965,525
8966,625
8967,625
8968,675
8969,675
8970,675
8971,-75
8972,625
8973,625
8974,-150
8975,673
8976,525
8977,-77
8978,675
8979,675
8980,523
8981,-79
8982,673
8983,-50
8984,275
8985,675
8986,675
8987,673
8988,575
8989,675
8990,671
8991,-75
8992,-75
8993,625
8994,625
8995,623
8996,425
8997,298
8998,-225
8999,675
9000,625
9001,675
9002,-25
9003,525
9004,625
9005,-29
9006,675
9007,625
9008,625
9009,675
9010,675
9011,425
9012,473
9013,625
9014,675
9015,675
9016,-81
9017,625
9018,525
9019,625
9020,625
9021,675
9022,625
9023,575
9024,625
9025,350
9026,275
9027,425
9028,673
9029,425
9030,400
9031,523
9032,-204
9033,425
9034,625
9035,96
9036,-125
9037,475
9038,675
9039,469
9040,571
9041,625
9042,625
9043,625
9044,675
9045,-350
9046,475
9047,573
9048,675
9049,625
9050,525
9051,400
9052,500
9053,-75
9054,673
9055,-75
9056,-125
9057,673
9058,675
9059,673
9060,675
9061,-125
9062,-31
9063,675
9064,475
9065,-125
9066,625
9067,-75
9068,675
9069,525
9070,475
9071,675
9072,525
9073,675
9074,619
9075,425
9076,675
9077,675
9078,-200
9079,400
9080,573
9081,375
9082,523
9083,525
9084,400
9085,675
9086,623
9087,523
9088,373
9089,625
9090,-125
9091,625
9092,625
9093,671
9094,673
9095,350
9096,625
9097,525
9098,673
9099,675
9100,575
9101,348
9102,621
9103,425
9104,575
9105,675
9106,575
9107,625
9108,675
9109,673
9110,625
9111,575
9112,675
9113,525
9114,675
9115,623
9116,675
9117,625
9118,-125
9119,623
9120,625
9121,625
9122,673
9123,525
9124,-6
9125,346
9126,625
9127,525
9128,250
9129,625
9130,425
9131,575
9132,573
9133,625
9134,625
9135,425
9136,575
9137,675
9138,-77
9139,625
9140,425
9141,300
9142,675
9143,275
9144,425
9145,-75
9146,-179
9147,675
9148,398
9149,573
9150,675
9151,571
9152,-75
9153,-75
9154,325
9155,-125
9156,-250
9157,575
9158,675
9159,325
9160,675
9161,673
9162,675
9163,625
9164,398
9165,675
9166,675
9167,675
9168,421
9169,623
9170,625
9171,675
9172,675
9173,375
9174,675
9175,573
9176,675
9177,-125
9178,500
9179,-127
9180,575
9181,625
9182,675
9183,621
9184,475
9185,425
9186,-125
9187,625
9188,625
9189,625
9190,571
9191,675
9192,625
9193,575
9194,675
9195,350
9196,675
9197,300
9198,675
9199,273
9200,673
9201,623
9202,546
9203,623
9204,675
9205,-75
9206,500
9207,573
9208,575
9209,425
9210,675
9211,525
9212,400
9213,671
9214,625
9215,515
9216,675
9217,525
9218,-175
9219,550
9220,396
9221,675
9222,375
9223,-29
9224,523
9225,623
9226,-125
9227,675
9228,675
9229,675
9230,675
9231,625
9232,625
9233,-77
9234,625
9235,575
9236,623
9237,575
9238,621
9239,573
9240,525
9241,675
9242,675
9243,673
9244,550
9245,623
9246,525
9247,675
9248,673
9249,675
9250,525
9251,675
9252,425
9253,623
9254,525
9255,575
9256,675
9257,575
9258,-75
9259,675
9260,573
9261,469
9262,400
9263,625
9264,625
9265,0
9266,675
9267,625
9268,673
9269,473
9270,625
9271,550
9272,675
9273,-125
9274,575
9275,625
9276,525
9277,573
9278,575
9279,675
9280,-75
9281,-25
9282,-25
9283,573
9284,471
9285,475
9286,575
9287,673
9288,446
9289,-125
9290,525
9291,-200
9292,-125
9293,625
9294,675
9295,675
9296,-125
9297,625
9298,675
9299,-75
9300,623
9301,675
9302,371
9303,675
9304,413
9305,673
9306,100
9307,573
9308,675
9309,-25
9310,571
9311,550
9312,100
9313,673
9314,625
9315,523
9316,325
9317,-75
9318,-200
9319,625
9320,575
9321,-25
9322,623
9323,-125
9324,-200
9325,398
9326,75
9327,673
9328,625
9329,625
9330,625
9331,-75
9332,625
9333,623
9334,525
9335,673
9336,617
9337,675
9338,675
9339,675
9340,675
9341,-127
9342,675
9343,150
9344,425
9345,675
9346,625
9347,675
9348,675
9349,450
9350,396
9351,675
9352,675
9353,623
9354,623
9355,625
9356,423
9357,-77
9358,675
9359,323
9360,-175
9361,-27
9362,675
9363,-125
9364,475
9365,673
9366,400
9367,-75
9368,625
9369,675
9370,673
9371,625
9372,573
9373,375
9374,623
9375,425
9376,523
9377,525
9378,-175
9379,623
9380,-125
9381,675
9382,575
9383,423
9384,675
9385,675
9386,325
9387,675
9388,623
9389,-75
9390,675
9391,323
9392,473
9393,675
9394,575
9395,400
9396,-125
9397,675
9398,625
9399,673
9400,425
9401,625
9402,625
9403,675
9404,571
9405,675
9406,675
9407,625
9408,673
9409,300
9410,625
9411,675
9412,673
9413,-25
9414,625
9415,425
9416,398
9417,400
9418,575
9419,675
9420,-75
9421,-75
9422,675
9423,625
9424,675
9425,425
9426,675
9427,625
9428,525
9429,675
9430,625
9431,375
9432,675
9433,675
9434,-75
9435,548
9436,350
9437,673
9438,-77
9439,675
9440,625
9441,575
9442,400
9443,621
9444,621
9445,625
9446,-125
9447,625
9448,575
9449,675
9450,-129
9451,-27
9452,675
9453,675
9454,250
9455,673
9456,-125
9457,625
9458,673
9459,675
9460,-125
9461,400
9462,671
9463,-125
9464,-25
9465,-25
9466,673
9467,673
9468,375
9469,73
9470,675
9471,675
9472,575
9473,675
9474,675
9475,298
9476,625
9477,623
9478,675
9479,623
9480,525
9481,675
9482,-29
9483,621
9484,675
9485,550
9486,675
9487,675
9488,675
9489,50
9490,675
9491,-127
9492,-125
9493,-27
9494,-125
9495,675
9496,398
9497,-175
9498,625
9499,673
9500,675
9501,575
9502,500
9503,-100
9504,425
9505,400
9506,575
9507,448
9508,675
9509,-75
9510,475
9511,348
9512,525
9513,675
9514,-75
9515,523
9516,623
9517,375
9518,25
9519,-200
9520,625
9521,625
9522,623
9523,398
9524,100
9525,492
9526,-75
9527,625
9528,-125
9529,450
9530,671
9531,625
9532,675
9533,625
9534,248
9535,623
9536,273
9537,623
9538,625
9539,400
9540,669
9541,675
9542,575
9543,-125
9544,550
9545,675
9546,-275
9547,419
9548,675
9549,625
9550,519
9551,-75
9552,625
9553,675
9554,623
9555,475
9556,421
9557,325
9558,625
9559,625
9560,573
9561,673
9562,625
9563,425
9564,-179
9565,298
9566,675
9567,-125
9568,675
9569,675
9570,0
9571,675
9572,625
9573,675
9574,523
9575,675
9576,400
9577,400
9578,398
9579,671
9580,571
9581,575
9582,-125
9583,500
9584,673
9585,-77
9586,675
9587,550
9588,673
9589,550
9590,525
9591,625
9592,623
9593,521
9594,400
9595,675
9596,673
9597,-125
9598,673
9599,-125
9600,425
9601,673
9602,675
9603,625
9604,-6
9605,575
9606,625
9607,348
9608,425
9609,625
9610,-125
9611,673
9612,673
9613,525
9614,623
9615,675
9616,525
9617,-77
9618,673
9619,575
9620,400
9621,625
9622,400
9623,675
9624,623
9625,575
9626,273
9627,625
9628,675
9629,675
9630,575
9631,623
9632,373
9633,675
9634,-125
9635,625
9636,425
9637,673
9638,675
9639,625
9640,375
9641,525
9642,623
9643,675
9644,-202
9645,675
9646,625
9647,475
9648,-27
9649,625
9650,273
9651,625
9652,675
9653,675
9654,623
9655,523
9656,450
9657,-75
9658,675
9659,-75
9660,675
9661,675
9662,675
9663,-125
9664,519
9665,-29
9666,623
9667,625
9668,523
9669,675
9670,273
9671,-200
9672,421
9673,673
9674,675
9675,625
9676,-77
9677,523
9678,575
9679,423
9680,-75
9681,525
9682,673
9683,625
9684,625
9685,625
9686,675
9687,673
9688,575
9689,675
9690,625
9691,-75
9692,323
9693,523
9694,400
9695,0
9696,396
9697,671
9698,-77
9699,673
9700,-75
9701,250
9702,673
9703,675
9704,625
9705,473
9706,223
9707,623
9708,-75
9709,-175
9710,373
9711,623
9712,-225
9713,675
9714,573
9715,623
9716,473
9717,575
9718,-125
9719,675
9720,-125
9721,-325
9722,-75
9723,-75
9724,573
9725,675
9726,625
9727,-27
9728,569
9729,548
9730,675
9731,675
9732,675
9733,425
9734,-75
9735,625
9736,-27
9737,625
9738,-175
9739,-27
9740,425
9741,625
9742,673
9743,-125
9744,625
9745,148
9746,-125
9747,675
9748,575
9749,575
9750,623
9751,398
9752,-200
9753,675
9754,-127
9755,621
9756,521
9757,675
9758,675
9759,675
9760,375
9761,625
9762,-2
9763,625
9764,625
9765,625
9766,675
9767,-77
9768,575
9769,575
9770,675
9771,675
9772,673
9773,625
9774,523
9775,375
9776,573
9777,-127
9778,675
9779,675
9780,-125
9781,625
9782,523
9783,-75
9784,675
9785,625
9786,425
9787,300
9788,-127
9789,-175
9790,625
9791,-127
9792,-125
9793,675
9794,-75
9795,675
9796,-75
9797,573
9798,-75
9799,621
9800,575
9801,621
9802,675
9803,623
9804,-125
9805,673
9806,-125
9807,350
9808,575
9809,675
9810,-27
9811,623
9812,425
9813,471
9814,671
9815,350
9816,623
9817,-25
9818,400
9819,473
9820,575
9821,675
9822,475
9823,-125
9824,525
9825,575
9826,-75
9827,-125
9828,675
9829,625
9830,675
9831,421
9832,-125
9833,521
9834,250
9835,-25
9836,398
9837,625
9838,673
9839,675
9840,425
9841,675
9842,623
9843,625
9844,675
9845,675
9846,525
9847,423
9848,575
9849,198
9850,675
9851,-27
9852,625
9853,-125
9854,625
9855,-175
9856,675
9857,-75
9858,625
9859,675
9860,348
9861,673
9862,625
9863,573
9864,675
9865,675
9866,-125
9867,675
9868,550
9869,623
9870,625
9871,400
9872,673
9873,675
9874,625
9875,625
9876,623
9877,675
9878,675
9879,625
9880,-100
9881,675
9882,625
9883,675
9884,675
9885,-25
9886,675
9887,625
9888,400
9889,-127
9890,675
9891,675
9892,523
9893,-202
9894,575
9895,675
9896,425
9897,673
9898,625
9899,675
9900,671
9901,375
9902,575
9903,-125
9904,625
9905,375
9906,675
9907,-125
9908,675
9909,575
9910,-75
9911,673
9912,625
9913,675
9914,625
9915,671
9916,675
9917,675
9918,-125
9919,675
9920,675
9921,250
9922,573
9923,675
9924,623
9925,675
9926,623
9927,575
9928,575
9929,-100
9930,475
9931,675
9932,675
9933,625
9934,675
9935,625
9936,675
9937,400
9938,319
9939,344
9940,425
9941,523
9942,575
9943,573
9944,625
9945,675
9946,575
9947,425
9948,-25
9949,625
9950,671
9951,675
9952,625
9953,-75
9954,548
9955,-127
9956,623
9957,575
9958,625
9959,525
9960,73
9961,625
9962,525
9963,-75
9964,475
9965,423
9966,625
9967,623
9968,675
9969,673
9970,673
9971,423
9972,373
9973,575
9974,675
9975,675
9976,-179
9977,-175
9978,550
9979,675
9980,573
9981,675
9982,671
9983,621
9984,548
9985,21
9986,675
9987,625
9988,498
9989,675
9990,675
9991,673
9992,375
9993,-25
9994,675
9995,525
9996,625
9997,671
9998,675
9999,623
10000,675
[[(4, 4), 0, -25], [(3, 4), 2, 50], [(3, 3), 2, 50], [(3, 2), 2, 250], [(3, 1), 0, 250], [(2, 1), 0, -25], [(1, 1), 0, -25], [(0, 1), 2, 150]]