1,-749
2,-557
3,-304
4,-47
5,-256
6,-179
7,-125
8,-131
9,-231
10,-746
11,-306
12,-175
13,-306
14,-402
15,-10
16,-260
17,-75
18,-358
19,-125
20,-202
21,-229
22,-189
23,-200
24,17
25,467
26,-202
27,-229
28,-179
29,-780
30,-131
31,-409
32,-314
33,-593
34,-129
35,-177
36,-630
37,-518
38,-385
39,-204
40,-547
41,-177
42,-127
43,-204
44,-202
45,-664
46,-220
47,-33
48,-345
49,-79
50,-100
51,-100
52,-324
53,-256
54,-233
55,-8
56,-202
57,-241
58,-143
59,-175
60,-426
61,-722
62,-206
63,-49
64,-250
65,-714
66,94
67,-360
68,-297
69,-254
70,140
71,117
72,-252
73,213
74,-287
75,-177
76,-218
77,-200
78,-432
79,248
80,-202
81,-204
82,296
83,48
84,-139
85,-501
86,-202
87,-210
88,-586
89,294
90,-202
91,-179
92,-204
93,-741
94,-428
95,-497
96,-75
97,-181
98,-256
99,-177
100,-35
101,-149
102,28
103,-202
104,-75
105,292
106,-256
107,315
108,175
109,-202
110,-202
111,-327
112,215
113,-127
114,-358
115,-231
116,-139
117,115
118,-29
119,-277
120,-185
121,-75
122,-33
123,-252
124,423
125,21
126,-125
127,-127
128,-179
129,-183
130,-141
131,-256
132,-279
133,-404
134,-179
135,-381
136,-149
137,-227
138,-304
139,-89
140,-200
141,-131
142,-177
143,-129
144,-204
145,-566
146,-175
147,-306
148,-126
149,134
150,290
151,-102
152,-124
153,-125
154,-281
155,19
156,19
157,165
158,-231
159,-231
160,-377
161,-152
162,-408
163,-181
164,38
165,211
166,-547
167,457
168,-279
169,96
170,-531
171,-258
172,671
173,-304
174,115
175,-408
176,-379
177,246
178,-125
179,209
180,-79
181,73
182,134
183,-499
184,-227
185,-125
186,521
187,223
188,-177
189,-277
190,-100
191,-108
192,-135
193,119
194,419
195,-133
196,-125
197,-125
198,94
199,-433
200,365
201,-156
202,-231
203,163
204,-43
205,-200
206,236
207,-177
208,169
209,-202
210,-158
211,40
212,0
213,-129
214,-150
215,-125
216,-125
217,361
218,-125
219,-2
220,-433
221,-75
222,223
223,325
224,-77
225,125
226,44
227,-129
228,342
229,-327
230,573
231,65
232,-125
233,221
234,367
235,-414
236,-233
237,-477
238,-218
239,50
240,246
241,344
242,17
243,-127
244,219
245,-279
246,115
247,-183
248,473
249,546
250,340
251,-56
252,525
253,275
254,623
255,-612
256,473
257,444
258,-281
259,-466
260,-75
261,523
262,-77
263,244
264,373
265,-77
266,319
267,38
268,-193
269,-462
270,-185
271,400
272,142
273,-81
274,221
275,-285
276,173
277,390
278,-75
279,223
280,673
281,273
282,113
283,-256
284,-466
285,375
286,-204
287,319
288,-225
289,-127
290,-141
291,-102
292,-177
293,523
294,-185
295,298
296,-27
297,521
298,398
299,-358
300,300
301,571
302,-225
303,-339
304,-456
305,371
306,213
307,-239
308,-287
309,423
310,623
311,375
312,-152
313,-177
314,-252
315,373
316,15
317,196
318,-75
319,492
320,469
321,421
322,521
323,192
324,-127
325,98
326,-310
327,223
328,-79
329,-183
330,573
331,-200
332,-202
333,225
334,-31
335,-175
336,-77
337,-125
338,567
339,-29
340,300
341,-100
342,471
343,375
344,348
345,223
346,623
347,69
348,90
349,-177
350,469
351,500
352,471
353,371
354,194
355,625
356,-79
357,517
358,71
359,-329
360,-229
361,-281
362,573
363,-127
364,575
365,-125
366,192
367,-125
368,498
369,596
370,675
371,521
372,-131
373,250
374,-200
375,473
376,-77
377,-312
378,675
379,575
380,-227
381,-31
382,-127
383,-120
384,-250
385,573
386,-75
387,675
388,525
389,-327
390,371
391,-97
392,225
393,-125
394,496
395,-77
396,94
397,-75
398,423
399,-125
400,-129
401,271
402,-125
403,-229
404,-100
405,-177
406,-83
407,623
408,-177
409,175
410,221
411,675
412,150
413,523
414,319
415,-125
416,675
417,425
418,421
419,-81
420,225
421,-131
422,-258
423,469
424,242
425,269
426,-75
427,419
428,296
429,450
430,-25
431,-127
432,465
433,371
434,273
435,-229
436,242
437,373
438,675
439,475
440,-350
441,-129
442,-125
443,273
444,-77
445,573
446,-127
447,-304
448,-125
449,275
450,-333
451,-29
452,173
453,323
454,290
455,623
456,-175
457,223
458,496
459,-335
460,-77
461,298
462,-154
463,525
464,571
465,523
466,-75
467,471
468,-202
469,-64
470,625
471,-202
472,17
473,-150
474,525
475,-177
476,425
477,-125
478,675
479,523
480,473
481,471
482,-129
483,669
484,525
485,371
486,200
487,273
488,415
489,550
490,523
491,271
492,273
493,398
494,271
495,575
496,548
497,-75
498,-125
499,-175
500,-29
501,375
502,-179
503,-179
504,569
505,-125
506,373
507,-75
508,-275
509,-75
510,500
511,11
512,350
513,575
514,-177
515,71
516,621
517,500
518,673
519,392
520,-177
521,48
522,248
523,-206
524,-231
525,173
526,625
527,271
528,673
529,673
530,-200
531,469
532,71
533,298
534,171
535,573
536,225
537,571
538,-127
539,-154
540,375
541,398
542,-200
543,575
544,-200
545,569
546,-283
547,569
548,-125
549,425
550,-75
551,275
552,375
553,498
554,-125
555,625
556,675
557,411
558,575
559,496
560,-277
561,-125
562,225
563,-75
564,198
565,-129
566,423
567,575
568,575
569,467
570,519
571,-250
572,225
573,169
574,-175
575,369
576,173
577,-77
578,494
579,171
580,525
581,-75
582,-177
583,319
584,473
585,323
586,575
587,-327
588,-152
589,625
590,525
591,425
592,248
593,117
594,675
595,375
596,86
597,575
598,-85
599,575
600,-150
601,623
602,-175
603,-125
604,573
605,373
606,373
607,296
608,625
609,619
610,425
611,-125
612,-75
613,-125
614,675
615,675
616,-454
617,-125
618,621
619,-175
620,625
621,125
622,569
623,523
624,223
625,-125
626,475
627,675
628,398
629,-533
630,525
631,-77
632,421
633,575
634,248
635,548
636,-75
637,196
638,-81
639,573
640,73
641,573
642,625
643,200
644,-185
645,375
646,425
647,525
648,500
649,471
650,-227
651,-125
652,523
653,671
654,-127
655,575
656,-125
657,-227
658,571
659,-125
660,573
661,475
662,625
663,-127
664,675
665,475
666,-77
667,573
668,625
669,225
670,-233
671,523
672,675
673,623
674,623
675,-75
676,425
677,675
678,619
679,675
680,473
681,-125
682,169
683,198
684,625
685,475
686,-75
687,471
688,-154
689,423
690,-83
691,625
692,-279
693,150
694,-229
695,373
696,-56
697,619
698,471
699,425
700,623
701,625
702,546
703,500
704,-25
705,71
706,-127
707,621
708,346
709,423
710,625
711,175
712,121
713,625
714,373
715,573
716,-175
717,-25
718,675
719,-125
720,-175
721,398
722,-229
723,625
724,-125
725,-125
726,423
727,223
728,-27
729,-175
730,671
731,-125
732,448
733,219
734,623
735,323
736,625
737,375
738,0
739,675
740,625
741,248
742,675
743,623
744,573
745,267
746,625
747,521
748,625
749,573
750,625
751,625
752,-200
753,373
754,675
755,473
756,675
757,-502
758,375
759,-181
760,475
761,300
762,400
763,521
764,319
765,-75
766,225
767,623
768,-200
769,475
770,675
771,-254
772,671
773,571
774,675
775,-200
776,-125
777,575
778,675
779,625
780,-127
781,-200
782,675
783,300
784,-27
785,-77
786,673
787,-127
788,575
789,-102
790,623
791,-75
792,-27
793,523
794,273
795,675
796,623
797,625
798,675
799,675
800,492
801,675
802,525
803,346
804,525
805,-175
806,675
807,-177
808,623
809,-129
810,625
811,300
812,-177
813,-177
814,625
815,-175
816,573
817,346
818,573
819,675
820,-77
821,625
822,-129
823,525
824,425
825,-350
826,625
827,425
828,119
829,671
830,473
831,400
832,423
833,423
834,500
835,-125
836,525
837,-77
838,575
839,575
840,198
841,573
842,675
843,273
844,525
845,475
846,348
847,-27
848,42
849,550
850,625
851,671
852,623
853,75
854,198
855,523
856,625
857,-75
858,625
859,573
860,575
861,575
862,625
863,675
864,244
865,-200
866,471
867,525
868,-125
869,523
870,575
871,-77
872,-75
873,-75
874,625
875,525
876,673
877,-27
878,-125
879,-200
880,575
881,625
882,-125
883,425
884,675
885,225
886,675
887,675
888,475
889,625
890,673
891,425
892,675
893,523
894,373
895,425
896,675
897,248
898,675
899,675
900,-75
901,625
902,625
903,-75
904,-25
905,523
906,548
907,-75
908,675
909,671
910,673
911,298
912,625
913,-100
914,575
915,325
916,575
917,675
918,-29
919,-75
920,448
921,575
922,625
923,-25
924,673
925,-125
926,-125
927,675
928,675
929,548
930,625
931,500
932,496
933,575
934,623
935,625
936,-75
937,573
938,496
939,625
940,623
941,373
942,-25
943,575
944,398
945,573
946,400
947,675
948,350
949,625
950,573
951,625
952,675
953,-25
954,675
955,-125
956,525
957,673
958,575
959,569
960,75
961,-125
962,675
963,673
964,-77
965,521
966,473
967,573
968,425
969,550
970,548
971,498
972,550
973,600
974,575
975,-77
976,625
977,-25
978,425
979,675
980,-25
981,-79
982,423
983,575
984,675
985,625
986,325
987,575
988,267
989,621
990,675
991,625
992,573
993,573
994,675
995,673
996,675
997,675
998,548
999,21
1000,500
1001,623
1002,-100
1003,-25
1004,425
1005,623
1006,675
1007,625
1008,567
1009,469
1010,675
1011,675
1012,675
1013,623
1014,675
1015,623
1016,675
1017,623
1018,421
1019,525
1020,673
1021,625
1022,-25
1023,600
1024,671
1025,523
1026,-127
1027,-81
1028,571
1029,625
1030,625
1031,-77
1032,425
1033,625
1034,625
1035,625
1036,675
1037,-125
1038,675
1039,-29
1040,625
1041,675
1042,675
1043,350
1044,548
1045,625
1046,675
1047,400
1048,-77
1049,275
1050,675
1051,525
1052,-125
1053,673
1054,375
1055,473
1056,-75
1057,-79
1058,675
1059,475
1060,423
1061,-29
1062,625
1063,573
1064,469
1065,671
1066,-75
1067,298
1068,675
1069,673
1070,-75
1071,-75
1072,673
1073,523
1074,675
1075,548
1076,673
1077,673
1078,625
1079,425
1080,673
1081,625
1082,348
1083,423
1084,675
1085,525
1086,675
1087,550
1088,575
1089,525
1090,623
1091,625
1092,673
1093,625
1094,-25
1095,675
1096,573
1097,623
1098,621
1099,675
1100,675
1101,525
1102,575
1103,675
1104,-25
1105,675
1106,623
1107,625
1108,675
1109,-75
1110,625
1111,575
1112,525
1113,-127
1114,523
1115,523
1116,500
1117,675
1118,-75
1119,-25
1120,675
1121,675
1122,673
1123,625
1124,625
1125,625
1126,-125
1127,573
1128,675
1129,671
1130,525
1131,625
1132,625
1133,675
1134,-29
1135,673
1136,-75
1137,675
1138,-75
1139,475
1140,548
1141,573
1142,675
1143,675
1144,675
1145,675
1146,425
1147,675
1148,-25
1149,675
1150,623
1151,500
1152,625
1153,623
1154,675
1155,675
1156,-125
1157,675
1158,-125
1159,525
1160,625
1161,575
1162,675
1163,675
1164,498
1165,675
1166,523
1167,500
1168,473
1169,625
1170,675
1171,675
1172,675
1173,675
1174,523
1175,675
1176,675
1177,525
1178,673
1179,575
1180,675
1181,-125
1182,625
1183,675
1184,575
1185,625
1186,-25
1187,673
1188,350
1189,-125
1190,-127
1191,675
1192,475
1193,673
1194,625
1195,-277
1196,675
1197,675
1198,675
1199,498
1200,-125
1201,550
1202,-125
1203,550
1204,-81
1205,-100
1206,-25
1207,300
1208,625
1209,625
1210,575
1211,425
1212,-75
1213,675
1214,571
1215,623
1216,623
1217,350
1218,625
1219,321
1220,625
1221,675
1222,675
1223,-75
1224,525
1225,625
1226,-175
1227,675
1228,500
1229,573
1230,-54
1231,-127
1232,-27
1233,-75
1234,675
1235,496
1236,375
1237,-27
1238,348
1239,375
1240,-27
1241,375
1242,525
1243,373
1244,-250
1245,521
1246,675
1247,-125
1248,623
1249,675
1250,625
1251,-27
1252,625
1253,675
1254,675
1255,625
1256,625
1257,625
1258,300
1259,425
1260,398
1261,675
1262,675
1263,525
1264,398
1265,575
1266,-2
1267,400
1268,475
1269,675
1270,-77
1271,550
1272,-25
1273,675
1274,621
1275,675
1276,575
1277,423
1278,673
1279,375
1280,623
1281,675
1282,-125
1283,621
1284,625
1285,675
1286,623
1287,675
1288,550
1289,675
1290,675
1291,475
1292,675
1293,-75
1294,625
1295,673
1296,-131
1297,575
1298,525
1299,673
1300,575
1301,425
1302,242
1303,625
1304,375
1305,523
1306,573
1307,673
1308,673
1309,675
1310,675
1311,-25
1312,623
1313,675
1314,625
1315,500
1316,625
1317,-27
1318,525
1319,573
1320,525
1321,675
1322,675
1323,673
1324,525
1325,-125
1326,473
1327,671
1328,675
1329,623
1330,675
1331,625
1332,675
1333,298
1334,-175
1335,-75
1336,-77
1337,475
1338,619
1339,625
1340,0
1341,-125
1342,675
1343,523
1344,675
1345,675
1346,625
1347,575
1348,625
1349,625
1350,400
1351,675
1352,-125
1353,-175
1354,625
1355,-129
1356,623
1357,-127
1358,625
1359,475
1360,525
1361,673
1362,-125
1363,625
1364,675
1365,569
1366,275
1367,675
1368,625
1369,575
1370,675
1371,675
1372,-125
1373,675
1374,-25
1375,623
1376,425
1377,-31
1378,-231
1379,-75
1380,675
1381,675
1382,675
1383,675
1384,-175
1385,348
1386,548
1387,471
1388,625
1389,673
1390,-129
1391,-127
1392,248
1393,675
1394,-25
1395,675
1396,575
1397,525
1398,675
1399,673
1400,525
1401,375
1402,425
1403,675
1404,623
1405,675
1406,623
1407,675
1408,625
1409,200
1410,-125
1411,623
1412,625
1413,375
1414,-125
1415,-77
1416,575
1417,575
1418,373
1419,625
1420,525
1421,471
1422,675
1423,525
1424,625
1425,375
1426,473
1427,-75
1428,673
1429,673
1430,-125
1431,350
1432,-27
1433,348
1434,575
1435,525
1436,-77
1437,673
1438,675
1439,575
1440,375
1441,675
1442,525
1443,675
1444,623
1445,-75
1446,675
1447,625
1448,673
1449,625
1450,675
1451,273
1452,625
1453,525
1454,348
1455,623
1456,675
1457,675
1458,-83
1459,625
1460,-125
1461,425
1462,425
1463,675
1464,350
1465,323
1466,623
1467,575
1468,625
1469,-27
1470,623
1471,675
1472,675
1473,375
1474,-25
1475,625
1476,-125
1477,-75
1478,675
1479,-125
1480,-125
1481,-225
1482,475
1483,675
1484,573
1485,573
1486,625
1487,673
1488,-100
1489,675
1490,575
1491,-125
1492,-127
1493,625
1494,-27
1495,175
1496,675
1497,675
1498,675
1499,625
1500,625
1501,675
1502,675
1503,-75
1504,675
1505,625
1506,-127
1507,675
1508,-175
1509,398
1510,623
1511,675
1512,575
1513,425
1514,675
1515,-27
1516,673
1517,625
1518,-75
1519,675
1520,-75
1521,448
1522,675
1523,-75
1524,671
1525,625
1526,-77
1527,-27
1528,623
1529,575
1530,675
1531,-77
1532,673
1533,225
1534,675
1535,625
1536,-125
1537,125
1538,675
1539,350
1540,-125
1541,421
1542,625
1543,675
1544,425
1545,675
1546,625
1547,575
1548,625
1549,-75
1550,475
1551,675
1552,675
1553,-77
1554,523
1555,675
1556,623
1557,675
1558,673
1559,-152
1560,-50
1561,400
1562,-75
1563,-77
1564,671
1565,573
1566,675
1567,573
1568,675
1569,623
1570,623
1571,148
1572,500
1573,-75
1574,675
1575,575
1576,-281
1577,400
1578,575
1579,623
1580,621
1581,448
1582,475
1583,675
1584,-27
1585,473
1586,621
1587,625
1588,573
1589,425
1590,675
1591,525
1592,573
1593,573
1594,575
1595,575
1596,375
1597,675
1598,675
1599,625
1600,-127
1601,-25
1602,675
1603,425
1604,675
1605,575
1606,675
1607,-125
1608,623
1609,623
1610,-29
1611,675
1612,675
1613,-150
1614,296
1615,-125
1616,523
1617,-277
1618,573
1619,573
1620,675
1621,625
1622,525
1623,623
1624,573
1625,675
1626,400
1627,525
1628,673
1629,298
1630,525
1631,671
1632,375
1633,623
1634,-125
1635,-27
1636,675
1637,-77
1638,525
1639,575
1640,350
1641,675
1642,673
1643,423
1644,-2
1645,300
1646,-77
1647,673
1648,673
1649,623
1650,675
1651,-200
1652,-75
1653,-75
1654,-77
1655,525
1656,673
1657,675
1658,417
1659,571
1660,425
1661,525
1662,-2
1663,675
1664,575
1665,623
1666,623
1667,673
1668,548
1669,625
1670,98
1671,-127
1672,675
1673,425
1674,425
1675,-75
1676,525
1677,669
1678,325
1679,573
1680,623
1681,625
1682,-75
1683,623
1684,475
1685,475
1686,573
1687,623
1688,475
1689,675
1690,-175
1691,473
1692,675
1693,621
1694,625
1695,675
1696,425
1697,673
1698,-75
1699,400
1700,475
1701,425
1702,675
1703,673
1704,625
1705,573
1706,-75
1707,-77
1708,-77
1709,500
1710,625
1711,675
1712,673
1713,673
1714,571
1715,425
1716,-125
1717,-25
1718,-125
1719,625
1720,-100
1721,625
1722,675
1723,473
1724,348
1725,525
1726,-77
1727,-77
1728,623
1729,625
1730,398
1731,625
1732,248
1733,300
1734,375
1735,575
1736,-75
1737,425
1738,400
1739,675
1740,623
1741,400
1742,625
1743,573
1744,625
1745,673
1746,373
1747,575
1748,550
1749,-250
1750,625
1751,-125
1752,675
1753,675
1754,-75
1755,550
1756,675
1757,675
1758,623
1759,-150
1760,-75
1761,673
1762,675
1763,525
1764,625
1765,-150
1766,625
1767,571
1768,675
1769,625
1770,421
1771,546
1772,673
1773,625
1774,625
1775,-125
1776,-127
1777,675
1778,573
1779,523
1780,675
1781,400
1782,-125
1783,323
1784,-25
1785,575
1786,625
1787,675
1788,469
1789,-125
1790,525
1791,575
1792,475
1793,625
1794,625
1795,625
1796,473
1797,625
1798,248
1799,525
1800,675
1801,575
1802,-127
1803,425
1804,400
1805,-27
1806,675
1807,525
1808,-127
1809,-125
1810,625
1811,675
1812,425
1813,625
1814,625
1815,-125
1816,-75
1817,675
1818,573
1819,625
1820,425
1821,521
1822,500
1823,673
1824,625
1825,523
1826,471
1827,525
1828,575
1829,625
1830,673
1831,-175
1832,625
1833,625
1834,-25
1835,523
1836,575
1837,523
1838,623
1839,621
1840,348
1841,-25
1842,675
1843,675
1844,625
1845,675
1846,-25
1847,521
1848,523
1849,675
1850,669
1851,625
1852,625
1853,475
1854,575
1855,675
1856,575
1857,400
1858,623
1859,675
1860,673
1861,625
1862,625
1863,575
1864,250
1865,575
1866,-75
1867,625
1868,425
1869,-75
1870,675
1871,625
1872,675
1873,575
1874,575
1875,248
1876,573
1877,625
1878,675
1879,423
1880,-125
1881,625
1882,323
1883,675
1884,525
1885,-125
1886,423
1887,625
1888,548
1889,625
1890,-77
1891,196
1892,673
1893,575
1894,675
1895,675
1896,-25
1897,675
1898,523
1899,621
1900,569
1901,-75
1902,623
1903,673
1904,675
1905,-125
1906,96
1907,675
1908,275
1909,673
1910,575
1911,623
1912,-77
1913,550
1914,400
1915,675
1916,625
1917,521
1918,575
1919,575
1920,-127
1921,675
1922,623
1923,550
1924,-125
1925,475
1926,623
1927,675
1928,675
1929,-75
1930,471
1931,673
1932,625
1933,675
1934,675
1935,396
1936,675
1937,450
1938,521
1939,625
1940,-75
1941,623
1942,-127
1943,525
1944,175
1945,-177
1946,673
1947,675
1948,675
1949,548
1950,625
1951,-77
1952,675
1953,675
1954,173
1955,373
1956,473
1957,548
1958,675
1959,475
1960,273
1961,675
1962,673
1963,623
1964,300
1965,625
1966,675
1967,396
1968,675
1969,-125
1970,625
1971,675
1972,625
1973,673
1974,-75
1975,673
1976,671
1977,675
1978,-125
1979,675
1980,625
1981,350
1982,546
1983,275
1984,673
1985,675
1986,400
1987,675
1988,675
1989,398
1990,373
1991,625
1992,623
1993,625
1994,375
1995,-25
1996,675
1997,523
1998,200
1999,675
2000,575
2001,573
2002,-125
2003,150
2004,-75
2005,623
2006,675
2007,673
2008,675
2009,673
2010,575
2011,625
2012,423
2013,573
2014,673
2015,-177
2016,548
2017,675
2018,-75
2019,475
2020,625
2021,-175
2022,675
2023,623
2024,625
2025,200
2026,523
2027,425
2028,625
2029,473
2030,-77
2031,675
2032,573
2033,621
2034,-75
2035,625
2036,-125
2037,-29
2038,625
2039,625
2040,675
2041,625
2042,625
2043,625
2044,325
2045,675
2046,623
2047,675
2048,525
2049,625
2050,448
2051,-75
2052,-125
2053,625
2054,-75
2055,525
2056,300
2057,525
2058,548
2059,525
2060,623
2061,448
2062,525
2063,373
2064,473
2065,473
2066,521
2067,525
2068,523
2069,475
2070,675
2071,475
2072,525
2073,423
2074,446
2075,521
2076,417
2077,275
2078,325
2079,625
2080,621
2081,471
2082,548
2083,425
2084,525
2085,325
2086,525
2087,598
2088,523
2089,525
2090,473
2091,223
2092,475
2093,525
2094,525
2095,525
2096,525
2097,-127
2098,525
2099,675
2100,523
2101,375
2102,625
2103,525
2104,525
2105,473
2106,525
2107,523
2108,525
2109,471
2110,425
2111,521
2112,525
2113,-27
2114,323
2115,523
2116,523
2117,425
2118,273
2119,525
2120,475
2121,325
2122,525
2123,525
2124,523
2125,525
2126,525
2127,523
2128,673
2129,371
2130,523
2131,625
2132,523
2133,198
2134,425
2135,425
2136,525
2137,673
2138,-25
2139,525
2140,525
2141,-77
2142,525
2143,523
2144,523
2145,525
2146,525
2147,598
2148,275
2149,-25
2150,523
2151,425
2152,425
2153,523
2154,-77
2155,675
2156,275
2157,248
2158,623
2159,475
2160,625
2161,573
2162,523
2163,525
2164,473
2165,473
2166,600
2167,675
2168,523
2169,525
2170,75
2171,275
2172,373
2173,471
2174,523
2175,425
2176,475
2177,523
2178,525
2179,625
2180,475
2181,675
2182,375
2183,221
2184,250
2185,473
2186,525
2187,525
2188,475
2189,671
2190,469
2191,500
2192,323
2193,-27
2194,250
2195,550
2196,523
2197,525
2198,673
2199,475
2200,423
2201,275
2202,525
2203,-29
2204,373
2205,475
2206,525
2207,475
2208,375
2209,473
2210,475
2211,421
2212,471
2213,473
2214,394
2215,475
2216,523
2217,475
2218,500
2219,-25
2220,-25
2221,675
2222,673
2223,-225
2224,-325
2225,-225
2226,-225
2227,-225
2228,-327
2229,-225
2230,-225
2231,-225
2232,-275
2233,-227
2234,-275
2235,-325
2236,-175
2237,625
2238,400
2239,-125
2240,175
2241,-75
2242,421
2243,621
2244,675
2245,400
2246,-125
2247,625
2248,-125
2249,-50
2250,-27
2251,425
2252,525
2253,475
2254,675
2255,550
2256,425
2257,675
2258,425
2259,525
2260,573
2261,-275
2262,-227
2263,-127
2264,423
2265,250
2266,-225
2267,673
2268,-27
2269,-100
2270,246
2271,350
2272,273
2273,-225
2274,675
2275,675
2276,-225
2277,-275
2278,400
2279,625
2280,25
2281,675
2282,-227
2283,-25
2284,625
2285,-225
2286,-225
2287,-75
2288,-27
2289,471
2290,298
2291,23
2292,675
2293,48
2294,325
2295,-225
2296,673
2297,-229
2298,575
2299,-225
2300,619
2301,150
2302,23
2303,621
2304,673
2305,623
2306,-279
2307,675
2308,623
2309,-125
2310,673
2311,-29
2312,675
2313,400
2314,625
2315,425
2316,675
2317,-225
2318,575
2319,-75
2320,-227
2321,675
2322,-227
2323,250
2324,675
2325,25
2326,573
2327,-225
2328,-227
2329,423
2330,423
2331,-225
2332,375
2333,-225
2334,625
2335,48
2336,-225
2337,425
2338,675
2339,-225
2340,50
2341,-75
2342,325
2343,-27
2344,425
2345,675
2346,-229
2347,575
2348,-25
2349,50
2350,623
2351,-325
2352,-325
2353,-275
2354,100
2355,673
2356,675
2357,619
2358,-275
2359,675
2360,-275
2361,-177
2362,675
2363,400
2364,21
2365,-225
2366,575
2367,100
2368,625
2369,-127
2370,200
2371,675
2372,-227
2373,-225
2374,625
2375,625
2376,623
2377,-225
2378,100
2379,-200
2380,-25
2381,-125
2382,98
2383,-225
2384,675
2385,-225
2386,-227
2387,-225
2388,475
2389,-25
2390,-279
2391,625
2392,-225
2393,-225
2394,-50
2395,-225
2396,-27
2397,-125
2398,375
2399,-225
2400,-75
2401,500
2402,-75
2403,225
2404,21
2405,675
2406,-225
2407,625
2408,675
2409,621
2410,-227
2411,675
2412,-225
2413,348
2414,25
2415,-125
2416,625
2417,-225
2418,625
2419,-225
2420,-225
2421,623
2422,-275
2423,-125
2424,25
2425,-179
2426,25
2427,-77
2428,675
2429,-129
2430,-225
2431,42
2432,-225
2433,625
2434,-275
2435,675
2436,-275
2437,671
2438,675
2439,675
2440,-225
2441,625
2442,-225
2443,675
2444,348
2445,-125
2446,625
2447,-27
2448,-175
2449,348
2450,625
2451,675
2452,498
2453,-77
2454,425
2455,-77
2456,348
2457,450
2458,-125
2459,675
2460,625
2461,425
2462,521
2463,675
2464,-225
2465,-225
2466,398
2467,225
2468,425
2469,625
2470,19
2471,-127
2472,625
2473,675
2474,-29
2475,625
2476,675
2477,25
2478,673
2479,-227
2480,150
2481,-125
2482,623
2483,298
2484,-131
2485,625
2486,525
2487,-127
2488,675
2489,675
2490,271
2491,-129
2492,475
2493,-225
2494,-77
2495,-275
2496,-125
2497,25
2498,575
2499,100
2500,625
2501,-225
2502,375
2503,-27
2504,675
2505,-225
2506,150
2507,23
2508,675
2509,-225
2510,675
2511,-227
2512,675
2513,623
2514,-227
2515,-75
2516,525
2517,-77
2518,671
2519,675
2520,571
2521,-56
2522,-277
2523,571
2524,375
2525,625
2526,50
2527,-227
2528,671
2529,-227
2530,48
2531,673
2532,-227
2533,675
2534,-225
2535,675
2536,675
2537,-225
2538,50
2539,-125
2540,675
2541,25
2542,-77
2543,100
2544,-75
2545,200
2546,523
2547,498
2548,625
2549,-227
2550,625
2551,325
2552,625
2553,98
2554,523
2555,425
2556,-227
2557,675
2558,300
2559,675
2560,25
2561,400
2562,25
2563,371
2564,-225
2565,673
2566,619
2567,-225
2568,573
2569,673
2570,573
2571,100
2572,675
2573,675
2574,-225
2575,271
2576,525
2577,675
2578,575
2579,-150
2580,675
2581,675
2582,498
2583,-175
2584,550
2585,-225
2586,-325
2587,-125
2588,25
2589,-125
2590,-127
2591,-127
2592,673
2593,600
2594,675
2595,525
2596,-125
2597,525
2598,671
2599,548
2600,-327
2601,400
2602,23
2603,325
2604,675
2605,-225
2606,623
2607,-225
2608,675
2609,-227
2610,675
2611,-150
2612,675
2613,423
2614,675
2615,23
2616,675
2617,-127
2618,25
2619,-202
2620,425
2621,-225
2622,-227
2623,375
2624,-225
2625,-225
2626,473
2627,-277
2628,-227
2629,425
2630,-227
2631,0
2632,-225
2633,625
2634,375
2635,-225
2636,575
2637,-225
2638,-225
2639,-25
2640,-25
2641,-277
2642,-229
2643,-225
2644,675
2645,-27
2646,-229
2647,-275
2648,-225
2649,-279
2650,-225
2651,623
2652,-225
2653,-27
2654,625
2655,400
2656,23
2657,48
2658,98
2659,-275
2660,-275
2661,-225
2662,-279
2663,-225
2664,-225
2665,-275
2666,-275
2667,-225
2668,625
2669,-277
2670,-277
2671,673
2672,-225
2673,-227
2674,673
2675,675
2676,-302
2677,-302
2678,-75
2679,675
2680,98
2681,-25
2682,-75
2683,675
2684,-77
2685,575
2686,-81
2687,-75
2688,100
2689,-27
2690,-125
2691,-25
2692,398
2693,442
2694,-177
2695,-27
2696,-77
2697,-150
2698,623
2699,675
2700,75
2701,296
2702,675
2703,673
2704,346
2705,-75
2706,675
2707,-75
2708,625
2709,350
2710,198
2711,548
2712,625
2713,475
2714,-127
2715,625
2716,675
2717,625
2718,525
2719,673
2720,625
2721,673
2722,250
2723,-27
2724,425
2725,-75
2726,400
2727,519
2728,675
2729,273
2730,623
2731,550
2732,575
2733,575
2734,-225
2735,573
2736,675
2737,673
2738,625
2739,623
2740,625
2741,625
2742,575
2743,-227
2744,-127
2745,673
2746,675
2747,525
2748,675
2749,-227
2750,623
2751,400
2752,673
2753,325
2754,-125
2755,621
2756,571
2757,675
2758,-179
2759,-75
2760,425
2761,248
2762,673
2763,-75
2764,675
2765,525
2766,625
2767,425
2768,675
2769,625
2770,521
2771,673
2772,525
2773,625
2774,625
2775,625
2776,675
2777,425
2778,525
2779,675
2780,675
2781,675
2782,673
2783,625
2784,-129
2785,675
2786,-75
2787,550
2788,-125
2789,675
2790,423
2791,625
2792,675
2793,-125
2794,675
2795,675
2796,573
2797,673
2798,425
2799,675
2800,600
2801,673
2802,675
2803,675
2804,675
2805,575
2806,673
2807,-125
2808,675
2809,673
2810,-77
2811,-129
2812,675
2813,675
2814,-75
2815,675
2816,398
2817,525
2818,675
2819,675
2820,573
2821,-125
2822,675
2823,-75
2824,398
2825,571
2826,625
2827,675
2828,-75
2829,673
2830,675
2831,625
2832,575
2833,675
2834,675
2835,475
2836,623
2837,473
2838,-125
2839,-125
2840,475
2841,525
2842,600
2843,523
2844,625
2845,525
2846,550
2847,525
2848,-75
2849,500
2850,350
2851,-125
2852,-125
2853,-77
2854,525
2855,271
2856,-175
2857,573
2858,575
2859,675
2860,675
2861,625
2862,625
2863,-75
2864,475
2865,-25
2866,325
2867,625
2868,675
2869,-75
2870,-75
2871,-125
2872,475
2873,575
2874,375
2875,248
2876,-75
2877,573
2878,625
2879,675
2880,471
2881,675
2882,-187
2883,550
2884,675
2885,675
2886,675
2887,673
2888,296
2889,671
2890,471
2891,548
2892,625
2893,-75
2894,575
2895,675
2896,675
2897,-125
2898,-75
2899,623
2900,498
2901,575
2902,-125
2903,675
2904,675
2905,475
2906,621
2907,425
2908,-27
2909,-127
2910,275
2911,571
2912,675
2913,525
2914,671
2915,-85
2916,675
2917,575
2918,675
2919,673
2920,673
2921,625
2922,-75
2923,371
2924,550
2925,250
2926,-2
2927,675
2928,675
2929,-2
2930,400
2931,675
2932,675
2933,675
2934,25
2935,-83
2936,-27
2937,573
2938,-275
2939,-25
2940,575
2941,675
2942,-327
2943,675
2944,-225
2945,675
2946,-77
2947,-27
2948,625
2949,-25
2950,523
2951,621
2952,675
2953,-350
2954,275
2955,575
2956,-225
2957,171
2958,-225
2959,-25
2960,400
2961,600
2962,425
2963,625
2964,-225
2965,50
2966,521
2967,100
2968,575
2969,-77
2970,400
2971,625
2972,675
2973,675
2974,673
2975,675
2976,675
2977,25
2978,575
2979,-125
2980,23
2981,519
2982,675
2983,425
2984,-225
2985,675
2986,-75
2987,675
2988,625
2989,475
2990,675
2991,675
2992,623
2993,-106
2994,573
2995,671
2996,548
2997,-79
2998,625
2999,675
3000,-177
3001,623
3002,675
3003,-229
3004,525
3005,673
3006,0
3007,675
3008,-2
3009,673
3010,575
3011,625
3012,675
3013,575
3014,675
3015,675
3016,623
3017,75
3018,525
3019,-127
3020,625
3021,675
3022,671
3023,675
3024,621
3025,425
3026,425
3027,573
3028,425
3029,573
3030,25
3031,675
3032,-225
3033,675
3034,-125
3035,23
3036,-27
3037,-25
3038,623
3039,50
3040,-25
3041,75
3042,519
3043,-77
3044,525
3045,300
3046,425
3047,-77
3048,200
3049,-75
3050,421
3051,-125
3052,396
3053,373
3054,550
3055,675
3056,-277
3057,525
3058,675
3059,-79
3060,400
3061,525
3062,473
3063,673
3064,675
3065,475
3066,-125
3067,525
3068,625
3069,50
3070,-227
3071,675
3072,-325
3073,-125
3074,-25
3075,575
3076,-79
3077,521
3078,675
3079,-229
3080,625
3081,-127
3082,675
3083,25
3084,-225
3085,675
3086,623
3087,625
3088,625
3089,-127
3090,-75
3091,623
3092,625
3093,525
3094,675
3095,-177
3096,471
3097,-25
3098,525
3099,23
3100,-2
3101,575
3102,-227
3103,-125
3104,675
3105,523
3106,-75
3107,525
3108,-127
3109,625
3110,-125
3111,71
3112,523
3113,525
3114,-77
3115,625
3116,375
3117,625
3118,323
3119,250
3120,-129
3121,675
3122,25
3123,425
3124,-227
3125,625
3126,621
3127,575
3128,-225
3129,623
3130,675
3131,-275
3132,675
3133,675
3134,-277
3135,675
3136,625
3137,196
3138,25
3139,675
3140,-77
3141,475
3142,-2
3143,675
3144,675
3145,673
3146,25
3147,675
3148,625
3149,673
3150,423
3151,-275
3152,623
3153,-125
3154,-75
3155,-127
3156,625
3157,573
3158,673
3159,625
3160,523
3161,671
3162,398
3163,675
3164,-75
3165,521
3166,298
3167,-75
3168,523
3169,-175
3170,523
3171,625
3172,448
3173,275
3174,325
3175,671
3176,423
3177,475
3178,673
3179,400
3180,675
3181,675
3182,-177
3183,625
3184,523
3185,-125
3186,675
3187,425
3188,-227
3189,675
3190,346
3191,548
3192,623
3193,675
3194,-175
3195,-225
3196,623
3197,425
3198,573
3199,673
3200,625
3201,-277
3202,675
3203,-77
3204,473
3205,575
3206,625
3207,-225
3208,-100
3209,-175
3210,675
3211,-127
3212,675
3213,673
3214,-125
3215,625
3216,-83
3217,675
3218,-125
3219,523
3220,621
3221,523
3222,-125
3223,248
3224,-31
3225,573
3226,673
3227,575
3228,571
3229,475
3230,-177
3231,675
3232,525
3233,625
3234,625
3235,473
3236,523
3237,-79
3238,525
3239,675
3240,23
3241,-275
3242,625
3243,675
3244,623
3245,473
3246,-225
3247,575
3248,373
3249,575
3250,625
3251,675
3252,-277
3253,625
3254,100
3255,675
3256,-325
3257,675
3258,675
3259,625
3260,-227
3261,671
3262,-227
3263,673
3264,-31
3265,675
3266,-277
3267,573
3268,-125
3269,25
3270,673
3271,425
3272,625
3273,675
3274,-225
3275,348
3276,675
3277,625
3278,575
3279,475
3280,546
3281,-227
3282,-75
3283,-25
3284,673
3285,-125
3286,625
3287,675
3288,573
3289,625
3290,550
3291,-75
3292,100
3293,671
3294,675
3295,523
3296,25
3297,575
3298,675
3299,673
3300,-227
3301,475
3302,250
3303,198
3304,675
3305,625
3306,625
3307,675
3308,623
3309,-225
3310,625
3311,675
3312,-25
3313,573
3314,-100
3315,525
3316,-75
3317,623
3318,673
3319,223
3320,-227
3321,675
3322,625
3323,523
3324,-225
3325,-125
3326,671
3327,548
3328,-300
3329,675
3330,623
3331,-125
3332,625
3333,25
3334,675
3335,575
3336,625
3337,-225
3338,621
3339,625
3340,675
3341,575
3342,-225
3343,675
3344,675
3345,350
3346,675
3347,500
3348,-227
3349,475
3350,675
3351,625
3352,-275
3353,625
3354,673
3355,-52
3356,675
3357,48
3358,625
3359,573
3360,-77
3361,675
3362,-25
3363,675
3364,675
3365,-225
3366,375
3367,673
3368,675
3369,-277
3370,575
3371,625
3372,-229
3373,675
3374,-225
3375,569
3376,-125
3377,-75
3378,675
3379,-75
3380,448
3381,-202
3382,500
3383,625
3384,550
3385,550
3386,673
3387,450
3388,625
3389,625
3390,-377
3391,575
3392,-225
3393,675
3394,675
3395,0
3396,-277
3397,575
3398,48
3399,575
3400,673
3401,575
3402,675
3403,-227
3404,75
3405,675
3406,-77
3407,619
3408,623
3409,575
3410,-175
3411,571
3412,525
3413,-125
3414,525
3415,473
3416,375
3417,675
3418,621
3419,675
3420,525
3421,675
3422,625
3423,625
3424,25
3425,-75
3426,-29
3427,673
3428,475
3429,675
3430,-200
3431,-227
3432,525
3433,373
3434,623
3435,475
3436,675
3437,400
3438,250
3439,625
3440,675
3441,-231
3442,575
3443,675
3444,675
3445,625
3446,-227
3447,625
3448,-4
3449,425
3450,523
3451,25
3452,675
3453,400
3454,450
3455,-77
3456,473
3457,675
3458,625
3459,-127
3460,675
3461,25
3462,675
3463,675
3464,671
3465,-25
3466,-227
3467,-79
3468,573
3469,625
3470,-75
3471,371
3472,621
3473,623
3474,200
3475,625
3476,625
3477,675
3478,-27
3479,25
3480,-25
3481,300
3482,423
3483,25
3484,423
3485,625
3486,573
3487,675
3488,-225
3489,575
3490,-225
3491,573
3492,675
3493,675
3494,50
3495,-225
3496,673
3497,-25
3498,623
3499,-225
3500,350
3501,625
3502,25
3503,625
3504,575
3505,-200
3506,-25
3507,-227
3508,673
3509,675
3510,-25
3511,675
3512,-225
3513,425
3514,675
3515,625
3516,623
3517,673
3518,-225
3519,625
3520,575
3521,625
3522,-125
3523,625
3524,-27
3525,623
3526,448
3527,623
3528,-225
3529,425
3530,669
3531,623
3532,-225
3533,625
3534,623
3535,-225
3536,-2
3537,675
3538,-127
3539,498
3540,448
3541,323
3542,-125
3543,-175
3544,625
3545,675
3546,625
3547,371
3548,425
3549,575
3550,425
3551,623
3552,425
3553,569
3554,325
3555,675
3556,-125
3557,-225
3558,675
3559,200
3560,625
3561,673
3562,623
3563,673
3564,25
3565,625
3566,673
3567,350
3568,523
3569,675
3570,575
3571,-25
3572,673
3573,475
3574,-77
3575,625
3576,-225
3577,675
3578,575
3579,623
3580,525
3581,-225
3582,675
3583,675
3584,623
3585,623
3586,621
3587,625
3588,625
3589,-125
3590,575
3591,400
3592,573
3593,-75
3594,625
3595,425
3596,675
3597,671
3598,-75
3599,71
3600,675
3601,673
3602,673
3603,675
3604,673
3605,-125
3606,-75
3607,675
3608,425
3609,675
3610,625
3611,625
3612,569
3613,675
3614,675
3615,673
3616,625
3617,673
3618,573
3619,673
3620,675
3621,75
3622,525
3623,675
3624,275
3625,421
3626,-125
3627,475
3628,625
3629,673
3630,675
3631,675
3632,-175
3633,625
3634,-79
3635,525
3636,675
3637,675
3638,673
3639,425
3640,525
3641,671
3642,525
3643,573
3644,675
3645,-175
3646,675
3647,675
3648,-125
3649,500
3650,525
3651,373
3652,575
3653,623
3654,673
3655,-25
3656,675
3657,-125
3658,-125
3659,-75
3660,573
3661,675
3662,396
3663,400
3664,675
3665,673
3666,275
3667,675
3668,425
3669,-125
3670,400
3671,625
3672,673
3673,396
3674,675
3675,675
3676,-125
3677,675
3678,600
3679,625
3680,625
3681,675
3682,621
3683,675
3684,525
3685,525
3686,300
3687,-125
3688,473
3689,-125
3690,575
3691,425
3692,475
3693,675
3694,-75
3695,575
3696,475
3697,675
3698,-25
3699,623
3700,-75
3701,675
3702,625
3703,625
3704,350
3705,625
3706,-177
3707,625
3708,375
3709,-125
3710,-125
3711,675
3712,525
3713,-77
3714,-125
3715,498
3716,425
3717,625
3718,675
3719,375
3720,473
3721,200
3722,625
3723,-25
3724,675
3725,475
3726,225
3727,-125
3728,625
3729,675
3730,473
3731,525
3732,521
3733,621
3734,-75
3735,675
3736,675
3737,625
3738,625
3739,275
3740,673
3741,394
3742,575
3743,423
3744,-125
3745,575
3746,575
3747,623
3748,523
3749,575
3750,-75
3751,375
3752,675
3753,623
3754,675
3755,623
3756,521
3757,523
3758,400
3759,-125
3760,675
3761,675
3762,675
3763,623
3764,675
3765,500
3766,675
3767,400
3768,623
3769,525
3770,669
3771,675
3772,675
3773,425
3774,575
3775,675
3776,675
3777,671
3778,673
3779,-127
3780,-127
3781,-25
3782,523
3783,-100
3784,200
3785,675
3786,675
3787,425
3788,425
3789,675
3790,673
3791,625
3792,575
3793,675
3794,-125
3795,-125
3796,675
3797,575
3798,575
3799,675
3800,525
3801,525
3802,150
3803,525
3804,623
3805,-75
3806,375
3807,-29
3808,675
3809,625
3810,-75
3811,625
3812,400
3813,523
3814,675
3815,-277
3816,473
3817,675
3818,323
3819,623
3820,-75
3821,-75
3822,548
3823,-75
3824,623
3825,500
3826,575
3827,550
3828,-175
3829,625
3830,575
3831,525
3832,525
3833,275
3834,625
3835,675
3836,575
3837,-227
3838,573
3839,400
3840,523
3841,623
3842,675
3843,675
3844,625
3845,675
3846,475
3847,675
3848,673
3849,625
3850,575
3851,-25
3852,423
3853,-77
3854,375
3855,475
3856,-75
3857,675
3858,-75
3859,275
3860,625
3861,625
3862,675
3863,394
3864,350
3865,623
3866,573
3867,675
3868,-75
3869,-125
3870,673
3871,675
3872,-77
3873,475
3874,669
3875,-125
3876,425
3877,675
3878,550
3879,425
3880,675
3881,450
3882,200
3883,-75
3884,673
3885,673
3886,-77
3887,198
3888,673
3889,475
3890,500
3891,275
3892,675
3893,475
3894,525
3895,573
3896,575
3897,623
3898,48
3899,-229
3900,-225
3901,-227
3902,-77
3903,623
3904,425
3905,-75
3906,625
3907,-125
3908,425
3909,675
3910,350
3911,375
3912,475
3913,-125
3914,-125
3915,525
3916,550
3917,625
3918,-127
3919,475
3920,623
3921,-125
3922,-127
3923,546
3924,675
3925,-125
3926,475
3927,623
3928,-275
3929,271
3930,675
3931,575
3932,-225
3933,48
3934,673
3935,575
3936,-227
3937,623
3938,48
3939,525
3940,50
3941,-225
3942,675
3943,350
3944,-25
3945,625
3946,425
3947,625
3948,-227
3949,625
3950,425
3951,-75
3952,423
3953,675
3954,-225
3955,675
3956,521
3957,-77
3958,-75
3959,525
3960,675
3961,673
3962,625
3963,625
3964,675
3965,575
3966,-25
3967,248
3968,675
3969,475
3970,675
3971,250
3972,575
3973,525
3974,46
3975,575
3976,-225
3977,523
3978,-433
3979,675
3980,-27
3981,0
3982,50
3983,673
3984,625
3985,-125
3986,-125
3987,675
3988,525
3989,625
3990,673
3991,-125
3992,525
3993,675
3994,673
3995,675
3996,-225
3997,673
3998,-77
3999,675
4000,-225
4001,575
4002,625
4003,375
4004,-277
4005,673
4006,675
4007,-27
4008,-225
4009,675
4010,625
4011,-75
4012,475
4013,675
4014,173
4015,-225
4016,673
4017,673
4018,-225
4019,625
4020,0
4021,625
4022,25
4023,675
4024,-125
4025,623
4026,25
4027,250
4028,-177
4029,675
4030,573
4031,475
4032,573
4033,571
4034,-225
4035,625
4036,575
4037,-225
4038,-227
4039,675
4040,625
4041,625
4042,425
4043,675
4044,675
4045,-225
4046,-125
4047,623
4048,-225
4049,50
4050,675
4051,-227
4052,675
4053,-275
4054,350
4055,675
4056,425
4057,-75
4058,-29
4059,625
4060,-175
4061,675
4062,100
4063,675
4064,275
4065,25
4066,-25
4067,523
4068,-125
4069,575
4070,25
4071,673
4072,-275
4073,625
4074,575
4075,375
4076,-25
4077,-79
4078,-77
4079,675
4080,-25
4081,-125
4082,525
4083,675
4084,-75
4085,-27
4086,625
4087,675
4088,525
4089,-125
4090,-75
4091,473
4092,425
4093,675
4094,525
4095,675
4096,625
4097,25
4098,-75
4099,675
4100,-225
4101,675
4102,-227
4103,-125
4104,525
4105,-125
4106,600
4107,525
4108,25
4109,621
4110,675
4111,673
4112,-275
4113,50
4114,673
4115,-225
4116,-75
4117,675
4118,225
4119,48
4120,400
4121,23
4122,673
4123,673
4124,-75
4125,525
4126,673
4127,675
4128,-225
4129,673
4130,-25
4131,-125
4132,23
4133,675
4134,50
4135,-225
4136,675
4137,-275
4138,671
4139,525
4140,475
4141,-225
4142,675
4143,625
4144,-275
4145,425
4146,50
4147,-125
4148,25
4149,625
4150,571
4151,-225
4152,675
4153,-200
4154,623
4155,-225
4156,-25
4157,575
4158,-225
4159,675
4160,-227
4161,675
4162,675
4163,100
4164,673
4165,-125
4166,-75
4167,550
4168,675
4169,50
4170,-75
4171,396
4172,521
4173,-127
4174,623
4175,273
4176,550
4177,-25
4178,-275
4179,575
4180,-225
4181,623
4182,-125
4183,-75
4184,0
4185,-227
4186,575
4187,44
4188,623
4189,571
4190,-81
4191,-225
4192,625
4193,-225
4194,671
4195,-225
4196,671
4197,-75
4198,673
4199,-75
4200,475
4201,421
4202,623
4203,-225
4204,675
4205,623
4206,-225
4207,573
4208,-227
4209,396
4210,598
4211,-25
4212,-225
4213,575
4214,425
4215,523
4216,-225
4217,525
4218,625
4219,-225
4220,623
4221,-27
4222,575
4223,625
4224,-225
4225,-125
4226,625
4227,575
4228,-27
4229,350
4230,25
4231,-125
4232,-27
4233,425
4234,575
4235,25
4236,623
4237,-225
4238,-125
4239,675
4240,-25
4241,675
4242,675
4243,-225
4244,-75
4245,-225
4246,-127
4247,21
4248,400
4249,673
4250,548
4251,623
4252,-225
4253,625
4254,675
4255,623
4256,575
4257,575
4258,675
4259,-225
4260,-129
4261,-225
4262,625
4263,-279
4264,675
4265,-225
4266,675
4267,675
4268,-277
4269,675
4270,-225
4271,673
4272,-227
4273,-277
4274,623
4275,367
4276,621
4277,623
4278,-277
4279,-25
4280,625
4281,0
4282,625
4283,-327
4284,425
4285,-225
4286,-75
4287,625
4288,525
4289,625
4290,-225
4291,675
4292,-275
4293,50
4294,425
4295,-225
4296,-225
4297,475
4298,-300
4299,675
4300,575
4301,-225
4302,675
4303,-225
4304,-225
4305,623
4306,-75
4307,673
4308,325
4309,673
4310,575
4311,525
4312,625
4313,-227
4314,-75
4315,573
4316,525
4317,525
4318,-227
4319,675
4320,575
4321,675
4322,675
4323,-87
4324,98
4325,675
4326,-225
4327,573
4328,425
4329,-27
4330,-225
4331,-225
4332,625
4333,-225
4334,348
4335,-75
4336,523
4337,623
4338,-29
4339,25
4340,-225
4341,-29
4342,-225
4343,50
4344,625
4345,-225
4346,625
4347,-225
4348,48
4349,-75
4350,550
4351,425
4352,25
4353,-125
4354,-225
4355,-225
4356,-275
4357,573
4358,525
4359,-225
4360,-225
4361,400
4362,623
4363,623
4364,-29
4365,625
4366,-231
4367,675
4368,100
4369,425
4370,-225
4371,575
4372,-225
4373,-175
4374,625
4375,21
4376,625
4377,-225
4378,375
4379,-225
4380,425
4381,-227
4382,625
4383,673
4384,-225
4385,-225
4386,575
4387,-225
4388,-125
4389,675
4390,173
4391,675
4392,571
4393,-25
4394,23
4395,675
4396,-325
4397,625
4398,625
4399,-25
4400,0
4401,-227
4402,575
4403,-227
4404,525
4405,-225
4406,625
4407,-225
4408,-125
4409,573
4410,423
4411,675
4412,-77
4413,675
4414,-275
4415,-75
4416,475
4417,-125
4418,673
4419,25
4420,675
4421,-225
4422,625
4423,625
4424,-275
4425,573
4426,625
4427,-227
4428,-225
4429,-31
4430,675
4431,-225
4432,-77
4433,475
4434,-227
4435,573
4436,675
4437,-225
4438,-225
4439,-75
4440,671
4441,250
4442,675
4443,523
4444,25
4445,-277
4446,425
4447,575
4448,-279
4449,425
4450,-225
4451,-2
4452,673
4453,-277
4454,625
4455,-279
4456,-75
4457,571
4458,523
4459,675
4460,-225
4461,-27
4462,50
4463,-125
4464,-27
4465,448
4466,373
4467,625
4468,-225
4469,675
4470,-227
4471,-225
4472,-275
4473,625
4474,425
4475,-27
4476,673
4477,471
4478,575
4479,-225
4480,398
4481,-75
4482,21
4483,675
4484,-225
4485,350
4486,675
4487,423
4488,525
4489,23
4490,425
4491,-275
4492,675
4493,625
4494,625
4495,-225
4496,675
4497,-225
4498,294
4499,675
4500,675
4501,675
4502,673
4503,625
4504,600
4505,-175
4506,625
4507,-225
4508,100
4509,-25
4510,521
4511,573
4512,-129
4513,675
4514,-275
4515,-177
4516,675
4517,-225
4518,675
4519,-225
4520,625
4521,-400
4522,675
4523,100
4524,675
4525,-125
4526,-25
4527,-225
4528,48
4529,-125
4530,23
4531,-102
4532,148
4533,673
4534,50
4535,398
4536,25
4537,-227
4538,-125
4539,-25
4540,23
4541,523
4542,-225
4543,673
4544,-225
4545,675
4546,-229
4547,625
4548,-225
4549,675
4550,-227
4551,575
4552,623
4553,100
4554,-275
4555,675
4556,0
4557,619
4558,-225
4559,575
4560,-225
4561,48
4562,98
4563,-283
4564,73
4565,373
4566,575
4567,-225
4568,-27
4569,-225
4570,675
4571,675
4572,-75
4573,523
4574,-125
4575,625
4576,400
4577,275
4578,573
4579,-283
4580,575
4581,673
4582,-225
4583,-75
4584,525
4585,-50
4586,675
4587,-227
4588,-227
4589,575
4590,100
4591,671
4592,-275
4593,673
4594,-227
4595,475
4596,48
4597,625
4598,100
4599,675
4600,675
4601,675
4602,-229
4603,-225
4604,-275
4605,48
4606,-225
4607,575
4608,-225
4609,625
4610,-225
4611,48
4612,671
4613,-225
4614,-125
4615,198
4616,625
4617,-75
4618,523
4619,673
4620,425
4621,-275
4622,-225
4623,623
4624,-2
4625,348
4626,25
4627,675
4628,-225
4629,-125
4630,675
4631,25
4632,573
4633,-125
4634,623
4635,348
4636,475
4637,-25
4638,50
4639,675
4640,-225
4641,575
4642,-225
4643,371
4644,-127
4645,600
4646,673
4647,625
4648,-27
4649,23
4650,-225
4651,673
4652,-75
4653,423
4654,575
4655,675
4656,-29
4657,-225
4658,675
4659,-281
4660,625
4661,-225
4662,-75
4663,523
4664,-27
4665,625
4666,100
4667,675
4668,473
4669,675
4670,350
4671,673
4672,25
4673,375
4674,-125
4675,623
4676,-127
4677,523
4678,675
4679,-77
4680,525
4681,-325
4682,675
4683,-77
4684,475
4685,48
4686,-225
4687,675
4688,675
4689,-225
4690,523
4691,-125
4692,-327
4693,675
4694,625
4695,-225
4696,-225
4697,623
4698,675
4699,-227
4700,623
4701,425
4702,673
4703,-225
4704,350
4705,25
4706,-100
4707,425
4708,625
4709,-225
4710,48
4711,-125
4712,200
4713,623
4714,-225
4715,675
4716,-225
4717,-4
4718,25
4719,398
4720,675
4721,500
4722,525
4723,-225
4724,675
4725,-225
4726,675
4727,575
4728,-225
4729,350
4730,425
4731,200
4732,625
4733,573
4734,675
4735,-125
4736,19
4737,-225
4738,-277
4739,-125
4740,-29
4741,675
4742,25
4743,675
4744,675
4745,673
4746,-227
4747,-229
4748,675
4749,675
4750,675
4751,625
4752,625
4753,-225
4754,625
4755,-225
4756,398
4757,-25
4758,-77
4759,0
4760,-77
4761,600
4762,425
4763,23
4764,423
4765,-225
4766,675
4767,625
4768,-225
4769,575
4770,-225
4771,573
4772,-227
4773,673
4774,-125
4775,25
4776,-125
4777,25
4778,-277
4779,623
4780,-225
4781,-77
4782,100
4783,673
4784,-225
4785,250
4786,625
4787,25
4788,-225
4789,625
4790,-225
4791,-125
4792,675
4793,25
4794,0
4795,296
4796,675
4797,675
4798,550
4799,50
4800,-275
4801,300
4802,23
4803,423
4804,521
4805,-225
4806,-75
4807,473
4808,525
4809,673
4810,-75
4811,525
4812,-125
4813,-127
4814,-25
4815,625
4816,-225
4817,50
4818,-327
4819,375
4820,-229
4821,675
4822,-225
4823,673
4824,625
4825,150
4826,25
4827,50
4828,-125
4829,550
4830,100
4831,-225
4832,-227
4833,-175
4834,-75
4835,675
4836,571
4837,625
4838,75
4839,523
4840,425
4841,671
4842,550
4843,-75
4844,525
4845,398
4846,675
4847,625
4848,675
4849,550
4850,575
4851,-225
4852,-125
4853,675
4854,25
4855,48
4856,-225
4857,425
4858,675
4859,-225
4860,621
4861,-225
4862,575
4863,-27
4864,675
4865,-225
4866,-77
4867,675
4868,-227
4869,400
4870,25
4871,-50
4872,573
4873,-27
4874,-125
4875,571
4876,425
4877,-77
4878,23
4879,-175
4880,25
4881,625
4882,-25
4883,-300
4884,-125
4885,25
4886,625
4887,-225
4888,423
4889,71
4890,598
4891,375
4892,23
4893,575
4894,-277
4895,-25
4896,625
4897,-227
4898,675
4899,-225
4900,675
4901,375
4902,-227
4903,-75
4904,525
4905,-75
4906,-77
4907,-27
4908,675
4909,625
4910,425
4911,425
4912,-225
4913,-27
4914,625
4915,0
4916,-125
4917,-29
4918,575
4919,-279
4920,675
4921,-225
4922,-77
4923,623
4924,625
4925,475
4926,-275
4927,-125
4928,550
4929,-225
4930,625
4931,-25
4932,-125
4933,19
4934,675
4935,-227
4936,675
4937,-275
4938,-277
4939,-275
4940,48
4941,-227
4942,623
4943,-75
4944,423
4945,0
4946,98
4947,675
4948,-225
4949,623
4950,-227
4951,-125
4952,675
4953,-181
4954,-127
4955,525
4956,-75
4957,425
4958,-225
4959,675
4960,675
4961,-227
4962,623
4963,623
4964,100
4965,-225
4966,-75
4967,675
4968,523
4969,625
4970,-227
4971,525
4972,-77
4973,571
4974,525
4975,421
4976,-225
4977,625
4978,523
4979,675
4980,675
4981,-225
4982,575
4983,-225
4984,673
4985,675
4986,-227
4987,523
4988,-225
4989,675
4990,-225
4991,-125
4992,-75
4993,475
4994,675
4995,25
4996,673
4997,-75
4998,425
4999,-2
5000,623
5001,675
5002,-175
5003,575
5004,498
5005,-225
5006,48
5007,-125
5008,625
5009,198
5010,-275
5011,-125
5012,-125
5013,675
5014,525
5015,625
5016,-225
5017,-127
5018,623
5019,-25
5020,-225
5021,-125
5022,673
5023,675
5024,625
5025,244
5026,625
5027,-227
5028,48
5029,375
5030,575
5031,625
5032,-227
5033,-75
5034,575
5035,523
5036,325
5037,625
5038,-25
5039,-225
5040,623
5041,-275
5042,-77
5043,675
5044,-29
5045,50
5046,475
5047,573
5048,-227
5049,-177
5050,-225
5051,675
5052,421
5053,-225
5054,675
5055,675
5056,675
5057,675
5058,-225
5059,625
5060,-225
5061,-225
5062,0
5063,575
5064,-227
5065,575
5066,-27
5067,400
5068,400
5069,473
5070,575
5071,-227
5072,575
5073,673
5074,-275
5075,-125
5076,625
5077,23
5078,623
5079,619
5080,523
5081,400
5082,25
5083,-225
5084,671
5085,625
5086,-227
5087,573
5088,675
5089,-275
5090,675
5091,98
5092,573
5093,517
5094,400
5095,25
5096,523
5097,-225
5098,-75
5099,675
5100,523
5101,625
5102,625
5103,-225
5104,625
5105,-227
5106,425
5107,625
5108,-225
5109,400
5110,-29
5111,250
5112,-2
5113,575
5114,25
5115,673
5116,-227
5117,400
5118,625
5119,-25
5120,50
5121,-225
5122,-125
5123,-75
5124,675
5125,675
5126,625
5127,200
5128,400
5129,250
5130,-31
5131,325
5132,525
5133,675
5134,-225
5135,673
5136,-125
5137,25
5138,625
5139,275
5140,-27
5141,-225
5142,250
5143,-25
5144,625
5145,675
5146,-325
5147,-275
5148,0
5149,625
5150,25
5151,425
5152,-152
5153,400
5154,675
5155,500
5156,675
5157,0
5158,-275
5159,-29
5160,-225
5161,673
5162,-227
5163,675
5164,-125
5165,25
5166,525
5167,569
5168,-225
5169,325
5170,-225
5171,623
5172,675
5173,-227
5174,-229
5175,625
5176,575
5177,625
5178,-225
5179,675
5180,-227
5181,575
5182,575
5183,-225
5184,-275
5185,625
5186,425
5187,325
5188,675
5189,-125
5190,625
5191,-227
5192,675
5193,-225
5194,673
5195,525
5196,-227
5197,625
5198,375
5199,-227
5200,-325
5201,-225
5202,625
5203,75
5204,-125
5205,625
5206,525
5207,-75
5208,473
5209,625
5210,-150
5211,525
5212,-75
5213,675
5214,523
5215,623
5216,546
5217,-75
5218,473
5219,575
5220,-75
5221,525
5222,675
5223,300
5224,25
5225,625
5226,-31
5227,-225
5228,-127
5229,23
5230,623
5231,-75
5232,473
5233,-127
5234,525
5235,573
5236,-25
5237,675
5238,-225
5239,-25
5240,675
5241,625
5242,-225
5243,675
5244,625
5245,573
5246,-225
5247,675
5248,0
5249,-227
5250,575
5251,-225
5252,673
5253,-4
5254,-225
5255,625
5256,-200
5257,-225
5258,573
5259,-225
5260,675
5261,673
5262,-129
5263,575
5264,523
5265,575
5266,625
5267,350
5268,400
5269,625
5270,673
5271,623
5272,375
5273,675
5274,423
5275,-29
5276,-277
5277,675
5278,673
5279,521
5280,675
5281,573
5282,625
5283,621
5284,625
5285,673
5286,-225
5287,-77
5288,-125
5289,-25
5290,-31
5291,675
5292,621
5293,-225
5294,-75
5295,675
5296,475
5297,675
5298,50
5299,575
5300,673
5301,-227
5302,423
5303,-277
5304,675
5305,350
5306,673
5307,25
5308,621
5309,675
5310,325
5311,675
5312,675
5313,-225
5314,625
5315,-225
5316,575
5317,325
5318,-175
5319,475
5320,25
5321,623
5322,-175
5323,625
5324,-27
5325,-75
5326,675
5327,-125
5328,523
5329,621
5330,675
5331,-27
5332,-177
5333,550
5334,-127
5335,675
5336,473
5337,-31
5338,-77
5339,298
5340,625
5341,25
5342,-225
5343,675
5344,675
5345,573
5346,-225
5347,398
5348,-29
5349,-75
5350,600
5351,675
5352,675
5353,25
5354,-27
5355,-125
5356,25
5357,625
5358,-227
5359,475
5360,575
5361,350
5362,425
5363,550
5364,673
5365,675
5366,-225
5367,675
5368,-225
5369,575
5370,-225
5371,-125
5372,675
5373,25
5374,-125
5375,575
5376,621
5377,-125
5378,523
5379,525
5380,-327
5381,525
5382,525
5383,-277
5384,398
5385,-27
5386,673
5387,623
5388,23
5389,619
5390,-100
5391,475
5392,-75
5393,523
5394,475
5395,244
5396,-25
5397,623
5398,675
5399,-225
5400,625
5401,425
5402,-225
5403,575
5404,50
5405,575
5406,675
5407,675
5408,-27
5409,671
5410,-325
5411,-325
5412,623
5413,-225
5414,525
5415,675
5416,673
5417,-225
5418,575
5419,-225
5420,675
5421,300
5422,-4
5423,675
5424,675
5425,-125
5426,519
5427,573
5428,350
5429,475
5430,-75
5431,675
5432,25
5433,675
5434,675
5435,-275
5436,571
5437,-227
5438,525
5439,-225
5440,675
5441,573
5442,-277
5443,675
5444,-227
5445,-75
5446,546
5447,-225
5448,596
5449,625
5450,500
5451,-75
5452,675
5453,625
5454,523
5455,523
5456,675
5457,98
5458,-127
5459,-75
5460,675
5461,525
5462,400
5463,525
5464,25
5465,375
5466,673
5467,-227
5468,625
5469,525
5470,-227
5471,-75
5472,350
5473,521
5474,625
5475,625
5476,-129
5477,675
5478,675
5479,-225
5480,673
5481,-27
5482,298
5483,625
5484,623
5485,-77
5486,321
5487,-125
5488,525
5489,625
5490,523
5491,100
5492,323
5493,625
5494,675
5495,-125
5496,298
5497,675
5498,-125
5499,675
5500,675
5501,525
5502,673
5503,675
5504,-277
5505,-75
5506,-75
5507,475
5508,396
5509,500
5510,-127
5511,475
5512,625
5513,100
5514,50
5515,525
5516,675
5517,-125
5518,448
5519,675
5520,48
5521,-225
5522,-125
5523,548
5524,-129
5525,523
5526,575
5527,675
5528,575
5529,625
5530,525
5531,348
5532,550
5533,-225
5534,575
5535,673
5536,-225
5537,673
5538,48
5539,625
5540,-50
5541,325
5542,-27
5543,325
5544,-225
5545,675
5546,675
5547,-225
5548,623
5549,521
5550,625
5551,-227
5552,625
5553,675
5554,-225
5555,-225
5556,-225
5557,675
5558,-225
5559,625
5560,573
5561,675
5562,-31
5563,-127
5564,673
5565,625
5566,-79
5567,398
5568,500
5569,675
5570,21
5571,675
5572,673
5573,-225
5574,375
5575,675
5576,675
5577,-277
5578,348
5579,250
5580,-225
5581,-25
5582,675
5583,525
5584,-225
5585,575
5586,675
5587,100
5588,-277
5589,675
5590,675
5591,675
5592,-225
5593,675
5594,675
5595,-225
5596,573
5597,425
5598,-225
5599,625
5600,-75
5601,523
5602,48
5603,621
5604,-277
5605,573
5606,50
5607,675
5608,-275
5609,0
5610,675
5611,-27
5612,-225
5613,673
5614,625
5615,-225
5616,675
5617,675
5618,98
5619,675
5620,0
5621,675
5622,-127
5623,673
5624,25
5625,671
5626,673
5627,-225
5628,-75
5629,-75
5630,-225
5631,-177
5632,521
5633,425
5634,-227
5635,-75
5636,675
5637,575
5638,675
5639,525
5640,675
5641,575
5642,-225
5643,675
5644,375
5645,625
5646,-225
5647,675
5648,375
5649,-225
5650,675
5651,-77
5652,425
5653,673
5654,150
5655,25
5656,425
5657,425
5658,-125
5659,425
5660,475
5661,625
5662,-225
5663,575
5664,98
5665,621
5666,150
5667,-27
5668,-225
5669,573
5670,675
5671,625
5672,625
5673,-225
5674,-27
5675,-279
5676,675
5677,675
5678,-225
5679,675
5680,675
5681,-225
5682,625
5683,-77
5684,475
5685,625
5686,50
5687,425
5688,-275
5689,623
5690,150
5691,623
5692,-75
5693,675
5694,-175
5695,400
5696,375
5697,525
5698,675
5699,525
5700,-75
5701,525
5702,-77
5703,525
5704,523
5705,621
5706,625
5707,675
5708,25
5709,675
5710,-275
5711,575
5712,-325
5713,625
5714,425
5715,-75
5716,250
5717,625
5718,398
5719,525
5720,-77
5721,523
5722,296
5723,673
5724,-25
5725,-227
5726,425
5727,-227
5728,675
5729,521
5730,625
5731,675
5732,673
5733,98
5734,375
5735,-125
5736,-25
5737,675
5738,50
5739,-225
5740,625
5741,-2
5742,-225
5743,425
5744,675
5745,-229
5746,673
5747,-277
5748,625
5749,-75
5750,523
5751,625
5752,675
5753,100
5754,-225
5755,575
5756,575
5757,-125
5758,625
5759,675
5760,-75
5761,398
5762,623
5763,675
5764,525
5765,625
5766,573
5767,523
5768,675
5769,473
5770,-75
5771,475
5772,250
5773,-125
5774,525
5775,667
5776,673
5777,375
5778,-25
5779,675
5780,575
5781,-25
5782,673
5783,-75
5784,48
5785,523
5786,21
5787,50
5788,673
5789,-75
5790,675
5791,-125
5792,625
5793,625
5794,623
5795,575
5796,675
5797,625
5798,675
5799,-77
5800,675
5801,423
5802,598
5803,675
5804,-125
5805,675
5806,525
5807,575
5808,525
5809,675
5810,625
5811,625
5812,-25
5813,625
5814,523
5815,525
5816,-75
5817,-27
5818,-127
5819,625
5820,475
5821,673
5822,575
5823,398
5824,-125
5825,675
5826,675
5827,525
5828,625
5829,625
5830,-75
5831,-275
5832,675
5833,-125
5834,671
5835,573
5836,500
5837,50
5838,425
5839,675
5840,-175
5841,-77
5842,625
5843,675
5844,525
5845,-29
5846,-75
5847,523
5848,623
5849,275
5850,425
5851,-27
5852,-125
5853,625
5854,598
5855,-75
5856,623
5857,173
5858,50
5859,675
5860,-225
5861,575
5862,675
5863,-227
5864,673
5865,525
5866,-27
5867,675
5868,625
5869,675
5870,-225
5871,675
5872,-277
5873,621
5874,350
5875,675
5876,675
5877,-225
5878,-75
5879,525
5880,521
5881,621
5882,500
5883,-227
5884,-225
5885,50
5886,523
5887,425
5888,571
5889,-227
5890,246
5891,398
5892,625
5893,675
5894,523
5895,-75
5896,-77
5897,673
5898,546
5899,575
5900,675
5901,675
5902,-127
5903,573
5904,573
5905,475
5906,621
5907,375
5908,675
5909,523
5910,575
5911,625
5912,600
5913,675
5914,523
5915,-277
5916,675
5917,623
5918,-227
5919,-225
5920,625
5921,675
5922,350
5923,25
5924,575
5925,-75
5926,525
5927,621
5928,675
5929,-225
5930,675
5931,-125
5932,523
5933,573
5934,-125
5935,525
5936,575
5937,-127
5938,575
5939,-125
5940,621
5941,475
5942,673
5943,-75
5944,525
5945,575
5946,625
5947,675
5948,-225
5949,-125
5950,675
5951,425
5952,-31
5953,675
5954,375
5955,-227
5956,-225
5957,-250
5958,675
5959,625
5960,248
5961,198
5962,625
5963,625
5964,-279
5965,248
5966,425
5967,673
5968,23
5969,625
5970,625
5971,423
5972,-225
5973,-75
5974,625
5975,475
5976,625
5977,675
5978,625
5979,625
5980,-225
5981,-125
5982,675
5983,525
5984,675
5985,-127
5986,0
5987,400
5988,525
5989,623
5990,675
5991,625
5992,673
5993,673
5994,673
5995,523
5996,675
5997,675
5998,23
5999,575
6000,675
6001,-225
6002,400
6003,675
6004,625
6005,23
6006,-75
6007,675
6008,673
6009,673
6010,-75
6011,621
6012,-225
6013,675
6014,0
6015,575
6016,-125
6017,575
6018,25
6019,573
6020,621
6021,-225
6022,-125
6023,673
6024,25
6025,675
6026,621
6027,425
6028,-225
6029,400
6030,150
6031,625
6032,575
6033,-27
6034,-75
6035,525
6036,400
6037,475
6038,673
6039,675
6040,523
6041,675
6042,675
6043,21
6044,473
6045,625
6046,525
6047,625
6048,-225
6049,-50
6050,675
6051,-225
6052,675
6053,-129
6054,75
6055,525
6056,675
6057,675
6058,-179
6059,-225
6060,575
6061,-275
6062,675
6063,575
6064,425
6065,625
6066,673
6067,625
6068,-275
6069,675
6070,675
6071,-225
6072,675
6073,675
6074,-225
6075,-29
6076,675
6077,-225
6078,675
6079,675
6080,-29
6081,673
6082,-277
6083,675
6084,425
6085,625
6086,675
6087,573
6088,675
6089,-225
6090,-127
6091,425
6092,675
6093,625
6094,623
6095,250
6096,575
6097,423
6098,675
6099,473
6100,498
6101,675
6102,675
6103,-227
6104,-125
6105,423
6106,625
6107,675
6108,48
6109,575
6110,675
6111,-227
6112,675
6113,675
6114,673
6115,-275
6116,675
6117,675
6118,-225
6119,346
6120,25
6121,-177
6122,675
6123,425
6124,348
6125,398
6126,575
6127,625
6128,375
6129,-27
6130,48
6131,675
6132,398
6133,400
6134,523
6135,48
6136,400
6137,25
6138,48
6139,475
6140,-275
6141,-125
6142,625
6143,675
6144,275
6145,673
6146,423
6147,200
6148,625
6149,0
6150,-225
6151,625
6152,425
6153,-125
6154,550
6155,675
6156,675
6157,-225
6158,475
6159,-275
6160,625
6161,425
6162,423
6163,-225
6164,-125
6165,625
6166,550
6167,673
6168,675
6169,-279
6170,-125
6171,625
6172,-75
6173,375
6174,675
6175,-275
6176,625
6177,625
6178,-25
6179,100
6180,575
6181,675
6182,-225
6183,675
6184,573
6185,-227
6186,625
6187,573
6188,675
6189,-227
6190,623
6191,-100
6192,-225
6193,623
6194,-129
6195,25
6196,375
6197,675
6198,425
6199,-125
6200,525
6201,548
6202,375
6203,-225
6204,675
6205,-275
6206,675
6207,675
6208,-227
6209,400
6210,573
6211,550
6212,50
6213,625
6214,423
6215,-229
6216,-25
6217,623
6218,-229
6219,-127
6220,-25
6221,675
6222,498
6223,575
6224,673
6225,-225
6226,675
6227,673
6228,-225
6229,673
6230,625
6231,-225
6232,425
6233,425
6234,575
6235,425
6236,525
6237,-227
6238,675
6239,-225
6240,-225
6241,0
6242,675
6243,575
6244,675
6245,-225
6246,623
6247,673
6248,675
6249,-225
6250,-100
6251,675
6252,573
6253,48
6254,-252
6255,-75
6256,675
6257,471
6258,-77
6259,575
6260,-225
6261,673
6262,-277
6263,625
6264,-77
6265,148
6266,-25
6267,625
6268,523
6269,-77
6270,525
6271,525
6272,-127
6273,625
6274,625
6275,525
6276,573
6277,-277
6278,100
6279,625
6280,-77
6281,573
6282,300
6283,25
6284,425
6285,-125
6286,523
6287,-75
6288,-77
6289,575
6290,-125
6291,-125
6292,525
6293,569
6294,675
6295,525
6296,-25
6297,-27
6298,521
6299,623
6300,625
6301,-225
6302,575
6303,-175
6304,-227
6305,525
6306,398
6307,25
6308,673
6309,675
6310,100
6311,-77
6312,625
6313,625
6314,48
6315,425
6316,-227
6317,-129
6318,-225
6319,575
6320,675
6321,-75
6322,625
6323,623
6324,675
6325,523
6326,-75
6327,575
6328,450
6329,25
6330,675
6331,675
6332,-127
6333,673
6334,25
6335,-75
6336,396
6337,23
6338,223
6339,675
6340,-227
6341,675
6342,-325
6343,675
6344,323
6345,623
6346,-54
6347,-225
6348,675
6349,675
6350,573
6351,-227
6352,-125
6353,675
6354,671
6355,0
6356,-225
6357,50
6358,-227
6359,-225
6360,575
6361,675
6362,-227
6363,675
6364,573
6365,673
6366,-225
6367,-129
6368,623
6369,25
6370,671
6371,398
6372,25
6373,673
6374,423
6375,-225
6376,-75
6377,671
6378,598
6379,-77
6380,623
6381,423
6382,673
6383,-25
6384,675
6385,25
6386,-75
6387,-225
6388,673
6389,625
6390,-225
6391,425
6392,575
6393,-54
6394,423
6395,-225
6396,675
6397,48
6398,575
6399,21
6400,525
6401,-100
6402,575
6403,473
6404,673
6405,525
6406,-275
6407,623
6408,675
6409,-225
6410,621
6411,-75
6412,525
6413,675
6414,-125
6415,625
6416,625
6417,675
6418,-225
6419,-25
6420,673
6421,100
6422,-25
6423,323
6424,-225
6425,575
6426,-225
6427,675
6428,325
6429,-225
6430,675
6431,625
6432,-227
6433,-75
6434,50
6435,-225
6436,50
6437,100
6438,-125
6439,-77
6440,475
6441,675
6442,-25
6443,-75
6444,671
6445,525
6446,425
6447,-275
6448,-125
6449,675
6450,25
6451,573
6452,675
6453,-125
6454,575
6455,-227
6456,50
6457,675
6458,-150
6459,-127
6460,473
6461,625
6462,-125
6463,-29
6464,575
6465,623
6466,573
6467,675
6468,675
6469,-177
6470,273
6471,625
6472,-25
6473,298
6474,673
6475,-29
6476,425
6477,-275
6478,575
6479,350
6480,625
6481,25
6482,-2
6483,375
6484,-225
6485,-227
6486,671
6487,675
6488,525
6489,-227
6490,46
6491,-275
6492,675
6493,-225
6494,623
6495,675
6496,-225
6497,625
6498,-75
6499,525
6500,523
6501,675
6502,-229
6503,298
6504,675
6505,25
6506,675
6507,671
6508,-125
6509,23
6510,-75
6511,525
6512,623
6513,575
6514,675
6515,-225
6516,296
6517,673
6518,198
6519,623
6520,623
6521,425
6522,-225
6523,625
6524,-225
6525,-125
6526,575
6527,25
6528,-77
6529,625
6530,425
6531,675
6532,-2
6533,25
6534,325
6535,623
6536,-225
6537,625
6538,575
6539,-225
6540,-275
6541,675
6542,623
6543,675
6544,-29
6545,623
6546,-125
6547,-225
6548,423
6549,625
6550,-79
6551,-27
6552,-25
6553,675
6554,-202
6555,-27
6556,675
6557,625
6558,-225
6559,675
6560,-229
6561,623
6562,573
6563,-229
6564,675
6565,-27
6566,325
6567,-27
6568,-25
6569,-75
6570,525
6571,-175
6572,573
6573,25
6574,575
6575,675
6576,-225
6577,-75
6578,548
6579,-77
6580,-25
6581,-75
6582,475
6583,675
6584,623
6585,271
6586,625
6587,523
6588,25
6589,625
6590,-225
6591,273
6592,-25
6593,675
6594,675
6595,-225
6596,525
6597,573
6598,-225
6599,673
6600,675
6601,675
6602,675
6603,-225
6604,-29
6605,675
6606,673
6607,98
6608,150
6609,-175
6610,675
6611,525
6612,-77
6613,675
6614,675
6615,-29
6616,-227
6617,675
6618,-225
6619,625
6620,-225
6621,675
6622,575
6623,625
6624,-277
6625,-125
6626,-152
6627,675
6628,673
6629,525
6630,-227
6631,675
6632,675
6633,623
6634,398
6635,25
6636,623
6637,248
6638,500
6639,-2
6640,675
6641,-225
6642,625
6643,575
6644,-225
6645,525
6646,-75
6647,248
6648,250
6649,425
6650,623
6651,-77
6652,525
6653,-227
6654,-29
6655,400
6656,-75
6657,625
6658,-25
6659,675
6660,-75
6661,525
6662,250
6663,-225
6664,675
6665,-75
6666,623
6667,525
6668,675
6669,248
6670,475
6671,300
6672,523
6673,-125
6674,469
6675,-125
6676,675
6677,525
6678,-75
6679,525
6680,675
6681,675
6682,-225
6683,0
6684,-225
6685,625
6686,-125
6687,625
6688,-75
6689,398
6690,623
6691,550
6692,625
6693,-75
6694,625
6695,425
6696,525
6697,375
6698,450
6699,450
6700,-177
6701,625
6702,494
6703,675
6704,673
6705,-275
6706,48
6707,569
6708,-125
6709,675
6710,675
6711,-75
6712,625
6713,-350
6714,-77
6715,675
6716,625
6717,-225
6718,623
6719,-227
6720,48
6721,673
6722,675
6723,-25
6724,398
6725,25
6726,-29
6727,350
6728,23
6729,-125
6730,675
6731,575
6732,25
6733,425
6734,625
6735,-225
6736,625
6737,-75
6738,525
6739,675
6740,-225
6741,475
6742,-175
6743,675
6744,673
6745,675
6746,675
6747,25
6748,50
6749,623
6750,-227
6751,675
6752,-225
6753,-125
6754,625
6755,25
6756,-27
6757,575
6758,400
6759,25
6760,675
6761,-77
6762,673
6763,625
6764,-229
6765,675
6766,-77
6767,475
6768,671
6769,-175
6770,500
6771,-227
6772,-29
6773,-129
6774,25
6775,-225
6776,425
6777,575
6778,425
6779,623
6780,-29
6781,-75
6782,675
6783,523
6784,675
6785,-275
6786,675
6787,-225
6788,-225
6789,625
6790,675
6791,-125
6792,573
6793,25
6794,671
6795,573
6796,-29
6797,625
6798,400
6799,25
6800,-75
6801,625
6802,250
6803,500
6804,675
6805,50
6806,625
6807,-225
6808,375
6809,675
6810,-225
6811,525
6812,673
6813,-25
6814,625
6815,-75
6816,525
6817,-75
6818,-127
6819,375
6820,475
6821,-27
6822,23
6823,623
6824,673
6825,-225
6826,50
6827,-227
6828,400
6829,-75
6830,200
6831,675
6832,523
6833,425
6834,-75
6835,623
6836,-125
6837,475
6838,625
6839,25
6840,375
6841,675
6842,675
6843,-227
6844,623
6845,523
6846,-225
6847,-225
6848,673
6849,573
6850,-225
6851,-127
6852,-75
6853,25
6854,675
6855,625
6856,-225
6857,350
6858,-127
6859,475
6860,48
6861,625
6862,573
6863,-277
6864,675
6865,573
6866,-275
6867,-125
6868,625
6869,25
6870,673
6871,-225
6872,625
6873,-125
6874,25
6875,675
6876,675
6877,-225
6878,675
6879,-2
6880,-225
6881,673
6882,-225
6883,675
6884,625
6885,-200
6886,-225
6887,-29
6888,625
6889,-225
6890,575
6891,625
6892,-225
6893,675
6894,50
6895,-25
6896,-225
6897,473
6898,350
6899,500
6900,-125
6901,-75
6902,525
6903,496
6904,348
6905,25
6906,675
6907,-75
6908,150
6909,625
6910,-125
6911,425
6912,673
6913,425
6914,625
6915,675
6916,-225
6917,473
6918,521
6919,-225
6920,-225
6921,675
6922,523
6923,-225
6924,325
6925,675
6926,625
6927,-125
6928,25
6929,625
6930,-229
6931,675
6932,100
6933,675
6934,-29
6935,-225
6936,673
6937,673
6938,-225
6939,-225
6940,471
6941,-125
6942,625
6943,675
6944,25
6945,-125
6946,675
6947,-25
6948,-225
6949,525
6950,625
6951,-479
6952,425
6953,-75
6954,625
6955,675
6956,-229
6957,623
6958,-325
6959,675
6960,-225
6961,675
6962,400
6963,675
6964,-27
6965,675
6966,573
6967,-225
6968,673
6969,575
6970,-225
6971,675
6972,-225
6973,-2
6974,575
6975,-227
6976,325
6977,-227
6978,675
6979,-200
6980,-177
6981,-225
6982,623
6983,673
6984,675
6985,-225
6986,573
6987,-29
6988,625
6989,-327
6990,-75
6991,623
6992,525
6993,675
6994,675
6995,-225
6996,675
6997,398
6998,25
6999,675
7000,525
7001,-225
7002,-125
7003,-75
7004,475
7005,625
7006,-225
7007,675
7008,675
7009,-227
7010,625
7011,-6
7012,200
7013,-75
7014,-175
7015,475
7016,75
7017,575
7018,473
7019,-25
7020,-125
7021,350
7022,444
7023,475
7024,573
7025,348
7026,-77
7027,671
7028,671
7029,50
7030,573
7031,673
7032,575
7033,-127
7034,573
7035,25
7036,-227
7037,625
7038,350
7039,573
7040,450
7041,575
7042,-225
7043,675
7044,-50
7045,-125
7046,498
7047,-225
7048,675
7049,-150
7050,625
7051,575
7052,-25
7053,-225
7054,625
7055,675
7056,675
7057,625
7058,-225
7059,-225
7060,-125
7061,675
7062,673
7063,625
7064,525
7065,675
7066,-129
7067,-225
7068,-175
7069,575
7070,575
7071,500
7072,625
7073,625
7074,-227
7075,625
7076,671
7077,323
7078,675
7079,-279
7080,673
7081,-227
7082,669
7083,373
7084,573
7085,-225
7086,50
7087,625
7088,-275
7089,-75
7090,-125
7091,523
7092,400
7093,-375
7094,475
7095,-275
7096,675
7097,-27
7098,-227
7099,250
7100,25
7101,675
7102,-77
7103,475
7104,275
7105,-225
7106,623
7107,675
7108,425
7109,-327
7110,673
7111,-125
7112,25
7113,675
7114,-75
7115,246
7116,-131
7117,625
7118,575
7119,625
7120,675
7121,25
7122,400
7123,23
7124,-75
7125,625
7126,675
7127,673
7128,575
7129,-225
7130,675
7131,0
7132,-225
7133,-75
7134,573
7135,-125
7136,523
7137,573
7138,675
7139,-225
7140,-75
7141,625
7142,525
7143,-2
7144,-2
7145,675
7146,625
7147,-225
7148,671
7149,673
7150,625
7151,617
7152,-54
7153,625
7154,50
7155,-227
7156,373
7157,-227
7158,625
7159,673
7160,625
7161,-229
7162,625
7163,-325
7164,-227
7165,575
7166,-125
7167,623
7168,675
7169,675
7170,675
7171,675
7172,675
7173,323
7174,675
7175,523
7176,-25
7177,-125
7178,525
7179,546
7180,625
7181,675
7182,-225
7183,625
7184,625
7185,-227
7186,-75
7187,673
7188,-225
7189,623
7190,675
7191,350
7192,25
7193,-100
7194,675
7195,625
7196,250
7197,600
7198,0
7199,675
7200,-225
7201,575
7202,-50
7203,625
7204,-125
7205,425
7206,625
7207,-225
7208,-125
7209,25
7210,623
7211,525
7212,675
7213,675
7214,-225
7215,475
7216,-281
7217,-27
7218,-225
7219,625
7220,623
7221,100
7222,-225
7223,675
7224,575
7225,471
7226,-275
7227,675
7228,625
7229,675
7230,625
7231,-225
7232,675
7233,625
7234,-225
7235,425
7236,671
7237,-231
7238,98
7239,573
7240,675
7241,-125
7242,173
7243,675
7244,23
7245,675
7246,-25
7247,-229
7248,-125
7249,675
7250,48
7251,625
7252,-300
7253,675
7254,-75
7255,-227
7256,675
7257,-29
7258,-225
7259,575
7260,-225
7261,623
7262,625
7263,-225
7264,625
7265,-75
7266,-325
7267,-227
7268,350
7269,623
7270,675
7271,575
7272,25
7273,673
7274,-225
7275,-125
7276,-75
7277,-27
7278,-125
7279,623
7280,475
7281,575
7282,-125
7283,623
7284,675
7285,673
7286,675
7287,-25
7288,-329
7289,673
7290,625
7291,-225
7292,673
7293,625
7294,-225
7295,-25
7296,425
7297,-27
7298,-325
7299,675
7300,675
7301,-225
7302,-275
7303,475
7304,-127
7305,25
7306,675
7307,675
7308,623
7309,675
7310,-125
7311,23
7312,-125
7313,671
7314,-77
7315,-75
7316,-177
7317,625
7318,-227
7319,-125
7320,250
7321,675
7322,-75
7323,300
7324,-75
7325,-75
7326,525
7327,625
7328,348
7329,-77
7330,-100
7331,623
7332,496
7333,525
7334,525
7335,669
7336,623
7337,473
7338,-127
7339,671
7340,523
7341,-27
7342,-225
7343,-35
7344,673
7345,675
7346,98
7347,-225
7348,-125
7349,621
7350,25
7351,-125
7352,675
7353,475
7354,675
7355,-275
7356,-27
7357,625
7358,-225
7359,623
7360,675
7361,-275
7362,-225
7363,50
7364,675
7365,625
7366,-225
7367,625
7368,-75
7369,550
7370,675
7371,25
7372,675
7373,98
7374,-200
7375,625
7376,-227
7377,675
7378,673
7379,-225
7380,50
7381,250
7382,198
7383,50
7384,-225
7385,621
7386,-127
7387,23
7388,621
7389,675
7390,-275
7391,625
7392,625
7393,671
7394,569
7395,375
7396,-225
7397,675
7398,675
7399,675
7400,-225
7401,625
7402,-225
7403,-77
7404,350
7405,675
7406,519
7407,25
7408,675
7409,675
7410,0
7411,-75
7412,673
7413,-225
7414,-75
7415,525
7416,673
7417,425
7418,-227
7419,-125
7420,673
7421,25
7422,573
7423,400
7424,-175
7425,525
7426,625
7427,625
7428,98
7429,675
7430,473
7431,-325
7432,-75
7433,600
7434,673
7435,673
7436,25
7437,675
7438,525
7439,100
7440,675
7441,-225
7442,100
7443,623
7444,521
7445,675
7446,-225
7447,475
7448,-75
7449,346
7450,675
7451,250
7452,475
7453,-225
7454,575
7455,621
7456,423
7457,-277
7458,-125
7459,675
7460,-27
7461,575
7462,575
7463,-225
7464,623
7465,575
7466,48
7467,150
7468,675
7469,450
7470,-229
7471,675
7472,625
7473,-229
7474,373
7475,-50
7476,-75
7477,671
7478,-127
7479,-125
7480,200
7481,675
7482,223
7483,675
7484,625
7485,-275
7486,675
7487,675
7488,-227
7489,671
7490,-225
7491,0
7492,675
7493,625
7494,323
7495,-225
7496,-275
7497,575
7498,575
7499,-275
7500,575
7501,619
7502,-225
7503,675
7504,-225
7505,-56
7506,-227
7507,375
7508,-225
7509,-125
7510,575
7511,500
7512,625
7513,621
7514,-275
7515,625
7516,-227
7517,469
7518,-225
7519,-125
7520,625
7521,423
7522,250
7523,-225
7524,625
7525,675
7526,-225
7527,-275
7528,471
7529,-75
7530,523
7531,673
7532,396
7533,675
7534,250
7535,-75
7536,523
7537,-29
7538,673
7539,475
7540,673
7541,675
7542,-225
7543,675
7544,625
7545,625
7546,-229
7547,673
7548,-77
7549,475
7550,-225
7551,671
7552,-200
7553,675
7554,400
7555,25
7556,625
7557,-225
7558,623
7559,-227
7560,675
7561,400
7562,-125
7563,425
7564,525
7565,400
7566,675
7567,21
7568,675
7569,-225
7570,623
7571,623
7572,-275
7573,-125
7574,675
7575,575
7576,523
7577,625
7578,-75
7579,525
7580,623
7581,619
7582,-225
7583,525
7584,425
7585,-227
7586,-125
7587,150
7588,525
7589,-79
7590,625
7591,-225
7592,-229
7593,675
7594,625
7595,-75
7596,-129
7597,375
7598,625
7599,375
7600,675
7601,523
7602,525
7603,-225
7604,350
7605,675
7606,675
7607,-25
7608,-75
7609,675
7610,525
7611,-127
7612,548
7613,25
7614,-275
7615,425
7616,-77
7617,675
7618,-227
7619,-75
7620,675
7621,-225
7622,-75
7623,475
7624,623
7625,350
7626,25
7627,625
7628,623
7629,-225
7630,675
7631,-181
7632,625
7633,523
7634,575
7635,-125
7636,25
7637,575
7638,625
7639,-227
7640,398
7641,575
7642,25
7643,575
7644,-227
7645,675
7646,625
7647,623
7648,675
7649,-329
7650,-125
7651,-227
7652,671
7653,623
7654,-275
7655,-225
7656,675
7657,-125
7658,-27
7659,621
7660,596
7661,475
7662,350
7663,673
7664,625
7665,25
7666,673
7667,-277
7668,-125
7669,-75
7670,25
7671,673
7672,400
7673,623
7674,25
7675,523
7676,675
7677,525
7678,-227
7679,523
7680,575
7681,-225
7682,-225
7683,-125
7684,-275
7685,-75
7686,675
7687,46
7688,423
7689,673
7690,25
7691,575
7692,-225
7693,625
7694,0
7695,-225
7696,-75
7697,-75
7698,475
7699,375
7700,-75
7701,673
7702,525
7703,525
7704,525
7705,-225
7706,50
7707,675
7708,473
7709,625
7710,50
7711,669
7712,-200
7713,675
7714,523
7715,346
7716,675
7717,673
7718,525
7719,25
7720,-200
7721,623
7722,-225
7723,-50
7724,23
7725,475
7726,675
7727,-227
7728,575
7729,-275
7730,-225
7731,-127
7732,-29
7733,500
7734,-225
7735,300
7736,-25
7737,573
7738,-225
7739,675
7740,-200
7741,523
7742,25
7743,525
7744,673
7745,-227
7746,625
7747,100
7748,-227
7749,575
7750,423
7751,673
7752,-227
7753,-125
7754,-27
7755,25
7756,575
7757,-75
7758,425
7759,425
7760,198
7761,625
7762,523
7763,575
7764,21
7765,625
7766,625
7767,-227
7768,675
7769,625
7770,-225
7771,675
7772,100
7773,675
7774,675
7775,-225
7776,675
7777,-227
7778,671
7779,675
7780,-225
7781,-79
7782,-277
7783,573
7784,-225
7785,625
7786,673
7787,-227
7788,-25
7789,-129
7790,25
7791,-27
7792,-281
7793,373
7794,625
7795,675
7796,-275
7797,675
7798,400
7799,23
7800,-225
7801,673
7802,675
7803,675
7804,575
7805,-25
7806,675
7807,-225
7808,-50
7809,-77
7810,-27
7811,-25
7812,623
7813,-27
7814,525
7815,575
7816,50
7817,675
7818,-77
7819,675
7820,675
7821,675
7822,473
7823,523
7824,675
7825,-225
7826,625
7827,-227
7828,673
7829,-275
7830,625
7831,-75
7832,350
7833,675
7834,25
7835,371
7836,-125
7837,25
7838,675
7839,425
7840,575
7841,671
7842,-225
7843,575
7844,673
7845,-25
7846,575
7847,-225
7848,675
7849,575
7850,-225
7851,-225
7852,675
7853,675
7854,675
7855,-227
7856,75
7857,-25
7858,423
7859,-225
7860,573
7861,625
7862,-275
7863,671
7864,575
7865,-225
7866,575
7867,-225
7868,623
7869,675
7870,-150
7871,625
7872,-79
7873,325
7874,25
7875,-125
7876,375
7877,-27
7878,525
7879,473
7880,-25
7881,425
7882,675
7883,-227
7884,-125
7885,-75
7886,398
7887,625
7888,525
7889,625
7890,325
7891,-75
7892,675
7893,-27
7894,-27
7895,125
7896,-27
7897,673
7898,423
7899,23
7900,625
7901,-75
7902,675
7903,-75
7904,525
7905,525
7906,275
7907,673
7908,625
7909,-275
7910,48
7911,573
7912,0
7913,98
7914,625
7915,675
7916,-225
7917,-275
7918,425
7919,344
7920,23
7921,523
7922,675
7923,-227
7924,675
7925,-225
7926,675
7927,675
7928,-279
7929,-227
7930,625
7931,423
7932,-81
7933,-225
7934,625
7935,575
7936,-225
7937,625
7938,-227
7939,625
7940,675
7941,-225
7942,575
7943,423
7944,-275
7945,625
7946,-225
7947,675
7948,675
7949,400
7950,575
7951,623
7952,25
7953,675
7954,-279
7955,-227
7956,573
7957,625
7958,473
7959,675
7960,623
7961,-125
7962,473
7963,-275
7964,673
7965,400
7966,196
7967,-150
7968,425
7969,-75
7970,673
7971,625
7972,500
7973,525
7974,675
7975,673
7976,25
7977,675
7978,425
7979,-225
7980,675
7981,569
7982,-225
7983,623
7984,-225
7985,-125
7986,25
7987,623
7988,-225
7989,673
7990,100
7991,525
7992,675
7993,-229
7994,-129
7995,673
7996,250
7997,-25
7998,625
7999,-327
8000,675
8001,-225
8002,-225
8003,-275
8004,400
8005,-27
8006,675
8007,-200
8008,500
8009,371
8010,-225
8011,-327
8012,350
8013,-75
8014,-77
8015,423
8016,575
8017,425
8018,348
8019,675
8020,625
8021,521
8022,623
8023,671
8024,-227
8025,523
8026,-2
8027,621
8028,-27
8029,-225
8030,-225
8031,-25
8032,673
8033,423
8034,-227
8035,-227
8036,675
8037,50
8038,525
8039,-25
8040,-175
8041,23
8042,573
8043,623
8044,-225
8045,675
8046,-225
8047,348
8048,525
8049,25
8050,-331
8051,625
8052,625
8053,-25
8054,350
8055,573
8056,23
8057,675
8058,-225
8059,-77
8060,673
8061,675
8062,550
8063,673
8064,550
8065,625
8066,-231
8067,-229
8068,598
8069,675
8070,-27
8071,-75
8072,0
8073,573
8074,573
8075,471
8076,425
8077,75
8078,273
8079,675
8080,675
8081,-75
8082,421
8083,525
8084,550
8085,473
8086,571
8087,675
8088,-225
8089,675
8090,-275
8091,625
8092,-77
8093,525
8094,675
8095,675
8096,-225
8097,671
8098,625
8099,-225
8100,625
8101,-225
8102,48
8103,675
8104,-375
8105,50
8106,575
8107,-125
8108,523
8109,48
8110,350
8111,23
8112,621
8113,-225
8114,425
8115,573
8116,-225
8117,-225
8118,-27
8119,675
8120,-279
8121,675
8122,-125
8123,196
8124,673
8125,575
8126,150
8127,250
8128,625
8129,625
8130,25
8131,50
8132,-25
8133,-125
8134,675
8135,23
8136,50
8137,-4
8138,-225
8139,-75
8140,-25
8141,400
8142,-125
8143,475
8144,625
8145,221
8146,325
8147,-225
8148,625
8149,423
8150,-225
8151,675
8152,-2
8153,-225
8154,625
8155,575
8156,-275
8157,625
8158,-225
8159,-25
8160,473
8161,-225
8162,675
8163,575
8164,623
8165,-225
8166,425
8167,675
8168,-225
8169,-127
8170,623
8171,25
8172,525
8173,675
8174,-25
8175,-27
8176,-225
8177,625
8178,625
8179,-304
8180,375
8181,-225
8182,675
8183,625
8184,-227
8185,-25
8186,-227
8187,575
8188,473
8189,-225
8190,625
8191,-125
8192,525
8193,-79
8194,-225
8195,-75
8196,675
8197,-227
8198,675
8199,373
8200,-227
8201,-27
8202,573
8203,623
8204,-225
8205,575
8206,-225
8207,525
8208,675
8209,525
8210,48
8211,525
8212,675
8213,-325
8214,425
8215,675
8216,625
8217,-75
8218,225
8219,675
8220,-275
8221,-75
8222,-75
8223,673
8224,675
8225,-150
8226,400
8227,425
8228,625
8229,523
8230,623
8231,550
8232,621
8233,675
8234,146
8235,623
8236,525
8237,675
8238,-27
8239,-225
8240,575
8241,50
8242,-225
8243,-125
8244,25
8245,675
8246,523
8247,-225
8248,625
8249,675
8250,-225
8251,675
8252,-225
8253,-127
8254,400
8255,525
8256,-25
8257,573
8258,-225
8259,575
8260,-225
8261,675
8262,-275
8263,575
8264,-227
8265,673
8266,675
8267,-225
8268,-75
8269,675
8270,525
8271,-225
8272,-125
8273,548
8274,675
8275,323
8276,625
8277,525
8278,-279
8279,523
8280,573
8281,-227
8282,673
8283,621
8284,50
8285,673
8286,-225
8287,50
8288,675
8289,-227
8290,625
8291,373
8292,675
8293,-127
8294,23
8295,571
8296,-225
8297,0
8298,571
8299,248
8300,675
8301,573
8302,248
8303,521
8304,300
8305,523
8306,-227
8307,-77
8308,-125
8309,525
8310,573
8311,575
8312,25
8313,48
8314,-225
8315,675
8316,523
8317,675
8318,-225
8319,673
8320,100
8321,398
8322,325
8323,673
8324,-77
8325,523
8326,673
8327,23
8328,675
8329,623
8330,573
8331,-227
8332,0
8333,525
8334,-227
8335,623
8336,525
8337,575
8338,625
8339,-227
8340,425
8341,425
8342,625
8343,675
8344,675
8345,-225
8346,100
8347,625
8348,-225
8349,675
8350,525
8351,-277
8352,-231
8353,675
8354,575
8355,-225
8356,675
8357,673
8358,-225
8359,-277
8360,-227
8361,425
8362,675
8363,248
8364,500
8365,-225
8366,-25
8367,325
8368,-225
8369,675
8370,-227
8371,-225
8372,-125
8373,346
8374,575
8375,-175
8376,275
8377,573
8378,625
8379,-29
8380,673
8381,-127
8382,623
8383,-27
8384,673
8385,573
8386,-277
8387,575
8388,-225
8389,625
8390,625
8391,425
8392,423
8393,625
8394,-33
8395,-125
8396,575
8397,675
8398,-225
8399,623
8400,-225
8401,673
8402,675
8403,-227
8404,625
8405,-129
8406,473
8407,673
8408,-227
8409,-125
8410,625
8411,-25
8412,675
8413,673
8414,21
8415,623
8416,425
8417,575
8418,625
8419,-227
8420,675
8421,-27
8422,-225
8423,623
8424,-227
8425,623
8426,675
8427,-25
8428,625
8429,-275
8430,621
8431,675
8432,-225
8433,525
8434,675
8435,-4
8436,573
8437,25
8438,-227
8439,675
8440,675
8441,675
8442,675
8443,-277
8444,673
8445,625
8446,623
8447,625
8448,675
8449,625
8450,-225
8451,675
8452,675
8453,-275
8454,675
8455,-177
8456,-225
8457,625
8458,675
8459,50
8460,-277
8461,-225
8462,398
8463,425
8464,21
8465,675
8466,625
8467,-225
8468,625
8469,-279
8470,100
8471,25
8472,525
8473,-300
8474,375
8475,-325
8476,-229
8477,-125
8478,-25
8479,625
8480,150
8481,550
8482,25
8483,675
8484,400
8485,25
8486,469
8487,-233
8488,673
8489,-125
8490,25
8491,673
8492,100
8493,-225
8494,675
8495,625
8496,-27
8497,-75
8498,675
8499,-127
8500,675
8501,675
8502,-25
8503,550
8504,675
8505,673
8506,596
8507,625
8508,475
8509,-25
8510,623
8511,475
8512,48
8513,625
8514,-227
8515,-225
8516,625
8517,100
8518,625
8519,625
8520,625
8521,25
8522,625
8523,675
8524,-227
8525,50
8526,-225
8527,675
8528,675
8529,-225
8530,400
8531,548
8532,571
8533,-225
8534,100
8535,148
8536,575
8537,623
8538,-75
8539,-77
8540,23
8541,-227
8542,675
8543,625
8544,675
8545,-225
8546,675
8547,-31
8548,675
8549,-127
8550,23
8551,625
8552,675
8553,-75
8554,375
8555,-225
8556,-75
8557,575
8558,273
8559,525
8560,100
8561,575
8562,625
8563,575
8564,675
8565,673
8566,-225
8567,50
8568,673
8569,-225
8570,98
8571,-29
8572,625
8573,675
8574,621
8575,350
8576,23
8577,575
8578,675
8579,673
8580,625
8581,423
8582,625
8583,-275
8584,621
8585,675
8586,675
8587,675
8588,-125
8589,-75
8590,525
8591,325
8592,-127
8593,23
8594,323
8595,25
8596,623
8597,675
8598,-227
8599,673
8600,-175
8601,-183
8602,25
8603,-225
8604,675
8605,-125
8606,473
8607,48
8608,-225
8609,275
8610,-225
8611,375
8612,673
8613,-225
8614,675
8615,-227
8616,-75
8617,675
8618,550
8619,575
8620,625
8621,25
8622,419
8623,675
8624,675
8625,-225
8626,675
8627,-225
8628,675
8629,625
8630,-227
8631,-227
8632,-225
8633,675
8634,625
8635,400
8636,423
8637,21
8638,-225
8639,575
8640,675
8641,675
8642,-225
8643,623
8644,625
8645,675
8646,-225
8647,-125
8648,25
8649,623
8650,625
8651,-227
8652,350
8653,675
8654,-75
8655,398
8656,200
8657,50
8658,675
8659,-225
8660,675
8661,-275
8662,675
8663,625
8664,-27
8665,-125
8666,-27
8667,-125
8668,-125
8669,-125
8670,50
8671,621
8672,675
8673,425
8674,675
8675,250
8676,450
8677,-75
8678,625
8679,475
8680,673
8681,573
8682,623
8683,675
8684,-277
8685,675
8686,-225
8687,575
8688,-225
8689,-77
8690,673
8691,525
8692,575
8693,-231
8694,673
8695,675
8696,575
8697,-225
8698,623
8699,-75
8700,523
8701,-225
8702,675
8703,675
8704,623
8705,-229
8706,675
8707,675
8708,-25
8709,675
8710,-225
8711,673
8712,573
8713,-227
8714,625
8715,625
8716,-225
8717,625
8718,-225
8719,350
8720,-75
8721,525
8722,525
8723,575
8724,25
8725,625
8726,100
8727,673
8728,-52
8729,675
8730,675
8731,-225
8732,673
8733,396
8734,21
8735,673
8736,-225
8737,-125
8738,623
8739,25
8740,675
8741,675
8742,-225
8743,-227
8744,675
8745,675
8746,-275
8747,625
8748,675
8749,-125
8750,-25
8751,25
8752,673
8753,575
8754,-277
8755,623
8756,-225
8757,675
8758,-225
8759,675
8760,675
8761,673
8762,350
8763,675
8764,600
8765,-75
8766,-27
8767,473
8768,-227
8769,-225
8770,625
8771,675
8772,675
8773,-175
8774,-27
8775,-125
8776,475
8777,673
8778,-100
8779,575
8780,623
8781,625
8782,475
8783,50
8784,425
8785,50
8786,-225
8787,675
8788,625
8789,-225
8790,-125
8791,675
8792,-27
8793,473
8794,-75
8795,-227
8796,-227
8797,675
8798,0
8799,48
8800,671
8801,-225
8802,425
8803,46
8804,-25
8805,575
8806,-77
8807,625
8808,675
8809,50
8810,46
8811,623
8812,675
8813,-275
8814,675
8815,-175
8816,525
8817,675
8818,675
8819,-227
8820,621
8821,-225
8822,150
8823,625
8824,600
8825,-125
8826,-27
8827,675
8828,673
8829,-227
8830,-225
8831,625
8832,675
8833,675
8834,-225
8835,248
8836,625
8837,675
8838,19
8839,-225
8840,-75
8841,623
8842,-125
8843,525
8844,-25
8845,623
8846,300
8847,525
8848,575
8849,400
8850,325
8851,623
8852,573
8853,525
8854,23
8855,-125
8856,675
8857,-150
8858,575
8859,475
8860,625
8861,-225
8862,625
8863,625
8864,-225
8865,575
8866,625
8867,-227
8868,675
8869,-227
8870,675
8871,-275
8872,623
8873,675
8874,675
8875,575
8876,-225
8877,675
8878,-275
8879,625
8880,-225
8881,575
8882,-227
8883,675
8884,675
8885,-275
8886,675
8887,-2
8888,575
8889,675
8890,675
8891,675
8892,675
8893,-225
8894,325
8895,-225
8896,675
8897,675
8898,100
8899,250
8900,-25
8901,673
8902,-225
8903,-225
8904,625
8905,-125
8906,25
8907,673
8908,675
8909,-225
8910,625
8911,-277
8912,625
8913,625
8914,-75
8915,471
8916,673
8917,300
8918,600
8919,-125
8920,25
8921,625
8922,675
8923,-225
8924,673
8925,400
8926,600
8927,625
8928,571
8929,625
8930,-125
8931,-127
8932,525
8933,-125
8934,325
8935,475
8936,471
8937,-275
8938,-125
8939,-25
8940,675
8941,-125
8942,-27
8943,525
8944,398
8945,25
8946,273
8947,-225
8948,675
8949,675
8950,-225
8951,675
8952,50
8953,-231
8954,-100
8955,425
8956,575
8957,-275
8958,375
8959,573
8960,-225
8961,675
8962,-227
8963,625
8964,625
8965,-225
8966,400
8967,-25
8968,675
8969,673
8970,-325
8971,575
8972,575
8973,573
8974,-225
8975,-227
8976,673
8977,675
8978,-77
8979,-125
8980,573
8981,625
8982,519
8983,675
8984,-225
8985,-125
8986,-125
8987,550
8988,675
8989,675
8990,25
8991,625
8992,-225
8993,569
8994,50
8995,-179
8996,-225
8997,-75
8998,625
8999,421
9000,346
9001,-27
9002,675
9003,573
9004,-150
9005,675
9006,-75
9007,573
9008,425
9009,325
9010,325
9011,25
9012,625
9013,275
9014,-225
9015,675
9016,-325
9017,675
9018,-225
9019,523
9020,525
9021,146
9022,150
9023,675
9024,575
9025,-225
9026,-275
9027,-225
9028,675
9029,575
9030,675
9031,-75
9032,625
9033,-77
9034,571
9035,575
9036,475
9037,523
9038,675
9039,0
9040,-125
9041,98
9042,675
9043,423
9044,-227
9045,625
9046,675
9047,-25
9048,-225
9049,575
9050,625
9051,-75
9052,-227
9053,-125
9054,550
9055,575
9056,575
9057,-227
9058,625
9059,675
9060,-79
9061,-277
9062,675
9063,521
9064,625
9065,575
9066,-225
9067,-225
9068,-79
9069,50
9070,-125
9071,675
9072,625
9073,398
9074,525
9075,573
9076,-225
9077,-125
9078,575
9079,250
9080,246
9081,475
9082,623
9083,573
9084,-225
9085,625
9086,-225
9087,323
9088,621
9089,-275
9090,-75
9091,625
9092,669
9093,500
9094,-25
9095,675
9096,350
9097,23
9098,50
9099,-75
9100,525
9101,-225
9102,625
9103,42
9104,-77
9105,525
9106,350
9107,-77
9108,75
9109,625
9110,475
9111,675
9112,623
9113,600
9114,675
9115,675
9116,-225
9117,675
9118,44
9119,-225
9120,-79
9121,98
9122,575
9123,-227
9124,400
9125,-75
9126,525
9127,623
9128,673
9129,25
9130,623
9131,-225
9132,625
9133,673
9134,671
9135,625
9136,-6
9137,625
9138,296
9139,625
9140,25
9141,625
9142,-25
9143,-225
9144,675
9145,-75
9146,-27
9147,296
9148,25
9149,625
9150,275
9151,-29
9152,48
9153,-225
9154,400
9155,-125
9156,523
9157,675
9158,675
9159,625
9160,673
9161,-225
9162,-125
9163,473
9164,-175
9165,375
9166,675
9167,548
9168,525
9169,575
9170,675
9171,23
9172,625
9173,-225
9174,675
9175,-125
9176,25
9177,675
9178,675
9179,625
9180,-227
9181,671
9182,275
9183,673
9184,-77
9185,-25
9186,-225
9187,575
9188,-227
9189,425
9190,673
9191,-227
9192,-25
9193,-129
9194,675
9195,521
9196,400
9197,425
9198,21
9199,623
9200,100
9201,625
9202,523
9203,675
9204,575
9205,-227
9206,-229
9207,673
9208,625
9209,-75
9210,525
9211,-2
9212,400
9213,525
9214,525
9215,-225
9216,50
9217,-125
9218,675
9219,575
9220,23
9221,625
9222,0
9223,-75
9224,625
9225,475
9226,625
9227,100
9228,675
9229,425
9230,-225
9231,-150
9232,275
9233,625
9234,-125
9235,25
9236,625
9237,675
9238,-227
9239,675
9240,675
9241,-225
9242,673
9243,98
9244,-125
9245,521
9246,-75
9247,675
9248,-275
9249,625
9250,-225
9251,625
9252,46
9253,-227
9254,675
9255,-225
9256,-225
9257,625
9258,575
9259,-27
9260,400
9261,23
9262,675
9263,-227
9264,425
9265,525
9266,-225
9267,-125
9268,523
9269,-25
9270,-125
9271,23
9272,619
9273,-277
9274,475
9275,667
9276,-225
9277,575
9278,573
9279,-75
9280,675
9281,625
9282,625
9283,521
9284,675
9285,-225
9286,675
9287,0
9288,-229
9289,625
9290,-227
9291,50
9292,675
9293,-227
9294,675
9295,675
9296,-225
9297,-181
9298,625
9299,625
9300,525
9301,50
9302,675
9303,625
9304,-227
9305,675
9306,675
9307,-227
9308,575
9309,625
9310,-225
9311,621
9312,675
9313,-225
9314,523
9315,-225
9316,-75
9317,-75
9318,525
9319,625
9320,475
9321,625
9322,575
9323,-227
9324,-275
9325,625
9326,675
9327,-229
9328,575
9329,575
9330,-225
9331,-125
9332,-2
9333,673
9334,-225
9335,-75
9336,-2
9337,0
9338,-225
9339,673
9340,-75
9341,-125
9342,-27
9343,-27
9344,525
9345,323
9346,-225
9347,-125
9348,523
9349,623
9350,571
9351,250
9352,25
9353,675
9354,625
9355,575
9356,-225
9357,-125
9358,675
9359,575
9360,296
9361,-227
9362,675
9363,675
9364,-227
9365,-275
9366,673
9367,623
9368,-79
9369,571
9370,575
9371,-225
9372,675
9373,398
9374,23
9375,673
9376,-225
9377,673
9378,673
9379,-225
9380,400
9381,25
9382,300
9383,675
9384,575
9385,23
9386,-225
9387,625
9388,-227
9389,48
9390,675
9391,-227
9392,-225
9393,625
9394,675
9395,-25
9396,675
9397,-225
9398,625
9399,675
9400,-225
9401,675
9402,-225
9403,-227
9404,-75
9405,625
9406,675
9407,-75
9408,475
9409,625
9410,-225
9411,625
9412,-325
9413,673
9414,675
9415,-225
9416,675
9417,-225
9418,573
9419,300
9420,148
9421,525
9422,275
9423,-275
9424,675
9425,-200
9426,675
9427,-275
9428,-277
9429,675
9430,673
9431,50
9432,625
9433,625
9434,-225
9435,621
9436,-227
9437,173
9438,625
9439,-227
9440,-125
9441,675
9442,25
9443,-225
9444,-225
9445,623
9446,625
9447,-75
9448,-25
9449,396
9450,523
9451,673
9452,625
9453,675
9454,-202
9455,25
9456,48
9457,625
9458,-227
9459,-27
9460,525
9461,673
9462,-225
9463,623
9464,-225
9465,675
9466,573
9467,-225
9468,675
9469,625
9470,-225
9471,673
9472,-227
9473,-2
9474,673
9475,100
9476,396
9477,673
9478,25
9479,673
9480,-225
9481,50
9482,525
9483,-225
9484,673
9485,-277
9486,523
9487,-227
9488,675
9489,675
9490,-225
9491,-227
9492,625
9493,671
9494,-127
9495,-25
9496,-75
9497,575
9498,475
9499,673
9500,571
9501,25
9502,675
9503,-225
9504,625
9505,675
9506,100
9507,575
9508,-225
9509,621
9510,-279
9511,-27
9512,-181
9513,100
9514,675
9515,-225
9516,425
9517,623
9518,623
9519,-227
9520,673
9521,625
9522,-225
9523,573
9524,575
9525,-227
9526,675
9527,-283
9528,573
9529,-125
9530,23
9531,-125
9532,-27
9533,50
9534,675
9535,473
9536,-225
9537,675
9538,625
9539,-227
9540,625
9541,571
9542,625
9543,673
9544,-227
9545,623
9546,625
9547,573
9548,-225
9549,196
9550,675
9551,-225
9552,-25
9553,675
9554,100
9555,575
9556,-225
9557,675
9558,669
9559,-225
9560,623
9561,375
9562,675
9563,-225
9564,673
9565,-275
9566,350
9567,-25
9568,623
9569,-225
9570,675
9571,625
9572,675
9573,-225
9574,575
9575,-225
9576,525
9577,623
9578,-79
9579,423
9580,625
9581,-225
9582,675
9583,-225
9584,275
9585,-25
9586,-225
9587,475
9588,-79
9589,-225
9590,-127
9591,248
9592,625
9593,471
9594,525
9595,-227
9596,523
9597,-25
9598,675
9599,-225
9600,625
9601,575
9602,-225
9603,623
9604,-225
9605,623
9606,-27
9607,-225
9608,-225
9609,-77
9610,475
9611,-200
9612,675
9613,625
9614,-225
9615,-25
9616,675
9617,675
9618,-325
9619,623
9620,-225
9621,400
9622,-125
9623,523
9624,673
9625,-225
9626,675
9627,-225
9628,575
9629,673
9630,-275
9631,675
9632,-227
9633,-225
9634,675
9635,-275
9636,673
9637,221
9638,673
9639,-225
9640,575
9641,-75
9642,525
9643,623
9644,350
9645,-79
9646,625
9647,25
9648,625
9649,625
9650,-225
9651,625
9652,-125
9653,548
9654,-225
9655,-227
9656,675
9657,675
9658,-25
9659,-200
9660,-225
9661,625
9662,623
9663,-225
9664,675
9665,675
9666,625
9667,625
9668,-225
9669,150
9670,675
9671,548
9672,-27
9673,575
9674,-227
9675,-125
9676,-25
9677,523
9678,-125
9679,200
9680,673
9681,673
9682,-225
9683,-75
9684,-227
9685,-225
9686,575
9687,623
9688,-225
9689,675
9690,623
9691,-225
9692,675
9693,573
9694,-225
9695,625
9696,-225
9697,675
9698,-175
9699,675
9700,550
9701,-75
9702,675
9703,275
9704,675
9705,-227
9706,0
9707,675
9708,-225
9709,675
9710,673
9711,-225
9712,425
9713,-227
9714,675
9715,-225
9716,673
9717,-75
9718,675
9719,421
9720,548
9721,21
9722,673
9723,673
9724,-225
9725,623
9726,-275
9727,675
9728,675
9729,-277
9730,675
9731,-125
9732,25
9733,425
9734,-225
9735,-75
9736,-27
9737,625
9738,623
9739,675
9740,625
9741,-227
9742,675
9743,675
9744,-227
9745,525
9746,-225
9747,-225
9748,-125
9749,675
9750,625
9751,675
9752,23
9753,-227
9754,-277
9755,-2
9756,-77
9757,673
9758,673
9759,-227
9760,523
9761,-275
9762,575
9763,-225
9764,-225
9765,675
9766,-77
9767,-129
9768,150
9769,625
9770,523
9771,525
9772,675
9773,423
9774,525
9775,-25
9776,625
9777,-200
9778,-225
9779,475
9780,-225
9781,623
9782,675
9783,-225
9784,-100
9785,623
9786,250
9787,623
9788,25
9789,675
9790,675
9791,325
9792,-175
9793,375
9794,625
9795,548
9796,625
9797,348
9798,675
9799,-125
9800,619
9801,521
9802,48
9803,675
9804,-225
9805,625
9806,-225
9807,675
9808,673
9809,-225
9810,575
9811,-75
9812,-225
9813,-225
9814,625
9815,-27
9816,-229
9817,-125
9818,-79
9819,325
9820,675
9821,-229
9822,-125
9823,-75
9824,525
9825,673
9826,525
9827,25
9828,-25
9829,675
9830,-227
9831,673
9832,400
9833,25
9834,475
9835,-125
9836,675
9837,546
9838,575
9839,-27
9840,675
9841,625
9842,-225
9843,625
9844,525
9845,675
9846,-227
9847,675
9848,675
9849,675
9850,-277
9851,625
9852,575
9853,-225
9854,621
9855,-227
9856,625
9857,323
9858,675
9859,-225
9860,575
9861,-227
9862,625
9863,223
9864,675
9865,675
9866,-227
9867,675
9868,675
9869,-225
9870,-100
9871,673
9872,523
9873,625
9874,673
9875,625
9876,400
9877,550
9878,623
9879,-279
9880,-277
9881,625
9882,625
9883,623
9884,621
9885,-79
9886,-225
9887,621
9888,-27
9889,625
9890,-225
9891,675
9892,-52
9893,-27
9894,-225
9895,475
9896,625
9897,-229
9898,623
9899,623
9900,573
9901,475
9902,675
9903,-225
9904,575
9905,-227
9906,675
9907,575
9908,-227
9909,625
9910,675
9911,-225
9912,398
9913,25
9914,673
9915,-79
9916,-227
9917,-227
9918,671
9919,675
9920,-225
9921,675
9922,275
9923,-75
9924,325
9925,-225
9926,625
9927,675
9928,350
9929,623
9930,621
9931,-25
9932,625
9933,21
9934,675
9935,571
9936,525
9937,675
9938,-225
9939,623
9940,325
9941,-79
9942,669
9943,-200
9944,-225
9945,625
9946,675
9947,-279
9948,623
9949,675
9950,623
9951,-29
9952,673
9953,673
9954,-27
9955,-227
9956,-25
9957,50
9958,-327
9959,-175
9960,523
9961,575
9962,523
9963,-227
9964,-225
9965,575
9966,-79
9967,575
9968,-225
9969,625
9970,-225
9971,675
9972,423
9973,-225
9974,675
9975,625
9976,623
9977,100
9978,-75
9979,425
9980,525
9981,-225
9982,-277
9983,425
9984,400
9985,-131
9986,623
9987,525
9988,675
9989,-77
9990,675
9991,523
9992,621
9993,625
9994,425
9995,573
9996,596
9997,675
9998,300
9999,200
10000,625
[[(4, 4), 0, -25], [(3, 4), 2, 50], [(3, 3), 2, 50], [(3, 2), 2, 250], [(3, 1), 0, 250], [(2, 1), 2, -25], [(2, 0), 0, -25], [(1, 0), 0, 150]]