1,-1473
2,-181
3,-372
4,-131
5,-268
6,-100
7,-125
8,-613
9,-243
10,-443
11,-206
12,-208
13,-127
14,-204
15,-51
16,-131
17,-333
18,-131
19,-272
20,-495
21,-441
22,-453
23,-210
24,-154
25,-287
26,-258
27,-137
28,-497
29,-152
30,-277
31,-383
32,-260
33,-585
34,-183
35,-564
36,-127
37,-199
38,-726
39,96
40,-264
41,671
42,-204
43,-254
44,-87
45,-358
46,-491
47,-185
48,-381
49,-1055
50,-917
51,107
52,-359
53,-281
54,-524
55,-353
56,-283
57,-1111
58,-162
59,-389
60,-129
61,-356
62,-156
63,-285
64,-358
65,-108
66,263
67,-251
68,-329
69,-185
70,-101
71,-125
72,-160
73,113
74,-127
75,-237
76,-366
77,-258
78,-237
79,-1020
80,-789
81,-204
82,-283
83,-734
84,-414
85,86
86,-377
87,-125
88,-235
89,-393
90,-260
91,-131
92,-87
93,-125
94,-193
95,-252
96,-281
97,-125
98,-675
99,-127
100,-251
101,-277
102,-137
103,-520
104,-303
105,-129
106,-79
107,63
108,-619
109,-251
110,-533
111,-158
112,-202
113,-93
114,342
115,59
116,199
117,-241
118,-270
119,42
120,-127
121,-75
122,-225
123,-225
124,-333
125,-129
126,-27
127,357
128,-254
129,-279
130,-289
131,-158
132,-318
133,-212
134,-339
135,-75
136,-208
137,-541
138,-352
139,-158
140,215
141,-202
142,67
143,59
144,-225
145,-339
146,-425
147,119
148,-233
149,-456
150,-254
151,-125
152,-200
153,240
154,-18
155,-47
156,463
157,-204
158,-285
159,-297
160,-204
161,-541
162,-587
163,623
164,-326
165,90
166,-175
167,-235
168,-8
169,-603
170,-175
171,323
172,75
173,-202
174,-231
175,-125
176,-277
177,-128
178,-208
179,-462
180,-252
181,-75
182,-206
183,-179
184,-410
185,575
186,473
187,-125
188,346
189,-195
190,-179
191,-129
192,-179
193,398
194,-181
195,-183
196,-279
197,261
198,384
199,675
200,-279
201,-137
202,542
203,-129
204,-29
205,-435
206,-202
207,-302
208,-581
209,-183
210,-202
211,-368
212,-768
213,-235
214,-481
215,213
216,-612
217,-156
218,-416
219,598
220,113
221,375
222,250
223,365
224,415
225,148
226,-256
227,113
228,50
229,-227
230,-177
231,48
232,342
233,-154
234,-54
235,373
236,-310
237,521
238,669
239,-187
240,475
241,571
242,-227
243,-254
244,419
245,425
246,-225
247,219
248,523
249,-185
250,-227
251,321
252,623
253,-85
254,-175
255,-683
256,463
257,419
258,-179
259,-56
260,-175
261,86
262,175
263,-6
264,-129
265,-129
266,-79
267,567
268,598
269,-352
270,269
271,-177
272,98
273,-59
274,-202
275,471
276,-229
277,-129
278,371
279,142
280,-75
281,-293
282,-229
283,44
284,413
285,-125
286,321
287,-231
288,-177
289,-125
290,11
291,-29
292,-125
293,-227
294,-125
295,-125
296,-175
297,94
298,419
299,-252
300,-4
301,469
302,-327
303,-77
304,169
305,-81
306,-83
307,623
308,521
309,473
310,73
311,519
312,-175
313,675
314,173
315,-127
316,319
317,-125
318,-202
319,475
320,-312
321,21
322,-39
323,-131
324,421
325,-233
326,-179
327,417
328,-27
329,-391
330,-75
331,-81
332,-6
333,569
334,-152
335,623
336,440
337,-200
338,-29
339,-235
340,273
341,419
342,-216
343,-202
344,525
345,144
346,-27
347,673
348,-202
349,275
350,-77
351,-437
352,-231
353,-75
354,-104
355,-204
356,346
357,621
358,-77
359,-75
360,675
361,-179
362,-31
363,-79
364,675
365,-125
366,225
367,623
368,-175
369,17
370,575
371,-300
372,-77
373,675
374,673
375,196
376,-175
377,494
378,446
379,573
380,525
381,548
382,-77
383,-231
384,371
385,-231
386,-75
387,-29
388,-252
389,625
390,-275
391,-129
392,-125
393,373
394,-175
395,-277
396,675
397,-131
398,-125
399,525
400,273
401,-125
402,196
403,348
404,-202
405,-77
406,275
407,175
408,-227
409,-125
410,67
411,561
412,-127
413,-152
414,-252
415,392
416,-227
417,423
418,-75
419,-77
420,569
421,-75
422,471
423,-227
424,292
425,-135
426,-235
427,423
428,21
429,323
430,-125
431,325
432,375
433,575
434,425
435,-154
436,21
437,621
438,194
439,375
440,323
441,421
442,625
443,275
444,0
445,248
446,71
447,348
448,519
449,221
450,98
451,223
452,-327
453,-33
454,523
455,-77
456,-127
457,-125
458,219
459,-154
460,675
461,575
462,621
463,525
464,-106
465,100
466,444
467,271
468,-175
469,190
470,373
471,321
472,471
473,500
474,623
475,623
476,221
477,196
478,-125
479,423
480,-75
481,-75
482,-54
483,-331
484,625
485,448
486,-289
487,475
488,-229
489,625
490,573
491,-179
492,671
493,419
494,-77
495,-27
496,-177
497,323
498,-2
499,96
500,-181
501,-77
502,425
503,-325
504,-250
505,-175
506,-185
507,-54
508,-200
509,425
510,-33
511,-27
512,-35
513,-125
514,621
515,675
516,-343
517,-75
518,473
519,-229
520,546
521,471
522,369
523,-75
524,-125
525,421
526,323
527,-131
528,575
529,-81
530,-35
531,-175
532,-250
533,421
534,323
535,375
536,100
537,400
538,-175
539,-225
540,150
541,198
542,425
543,-77
544,567
545,423
546,350
547,500
548,244
549,375
550,392
551,-125
552,-175
553,523
554,275
555,573
556,150
557,473
558,375
559,246
560,-127
561,271
562,575
563,-125
564,-200
565,625
566,425
567,623
568,-83
569,667
570,275
571,373
572,467
573,221
574,675
575,425
576,-33
577,-77
578,419
579,-75
580,673
581,525
582,-77
583,-125
584,-25
585,325
586,-125
587,373
588,198
589,423
590,96
591,325
592,248
593,-435
594,344
595,-75
596,675
597,-179
598,448
599,-139
600,521
601,573
602,-77
603,625
604,-229
605,473
606,-127
607,-75
608,-125
609,325
610,575
611,-252
612,273
613,525
614,-250
615,250
616,621
617,375
618,425
619,-81
620,-127
621,-125
622,-187
623,350
624,475
625,-202
626,625
627,575
628,-27
629,-75
630,-125
631,673
632,475
633,375
634,671
635,-200
636,-127
637,396
638,325
639,-175
640,-125
641,575
642,200
643,286
644,625
645,623
646,-77
647,-27
648,673
649,621
650,375
651,525
652,-125
653,675
654,625
655,75
656,146
657,-125
658,523
659,525
660,521
661,575
662,-79
663,-127
664,246
665,-125
666,523
667,575
668,525
669,-250
670,250
671,48
672,-77
673,675
674,-127
675,100
676,150
677,-127
678,446
679,675
680,675
681,675
682,-200
683,-75
684,246
685,398
686,-175
687,-75
688,525
689,625
690,550
691,-77
692,-75
693,375
694,-125
695,450
696,425
697,350
698,-75
699,625
700,267
701,-125
702,675
703,-27
704,-279
705,-129
706,294
707,-127
708,569
709,619
710,300
711,625
712,623
713,625
714,673
715,675
716,675
717,463
718,623
719,525
720,573
721,673
722,621
723,-125
724,675
725,375
726,623
727,375
728,625
729,375
730,-125
731,673
732,319
733,673
734,623
735,-252
736,675
737,675
738,298
739,621
740,300
741,523
742,-75
743,-177
744,675
745,625
746,275
747,-279
748,623
749,-77
750,575
751,325
752,625
753,273
754,325
755,425
756,525
757,-154
758,-125
759,-125
760,498
761,675
762,173
763,-77
764,546
765,346
766,623
767,471
768,573
769,371
770,448
771,-77
772,-204
773,198
774,-77
775,298
776,-75
777,600
778,-75
779,675
780,525
781,573
782,-102
783,625
784,-125
785,-79
786,-125
787,-175
788,-127
789,575
790,615
791,-127
792,-77
793,-75
794,-125
795,675
796,625
797,-75
798,423
799,350
800,673
801,625
802,623
803,625
804,473
805,575
806,550
807,573
808,625
809,248
810,373
811,575
812,325
813,373
814,296
815,-75
816,675
817,-125
818,-25
819,675
820,525
821,671
822,571
823,469
824,398
825,425
826,498
827,673
828,525
829,475
830,525
831,492
832,625
833,423
834,675
835,146
836,673
837,-25
838,-25
839,575
840,-202
841,675
842,625
843,623
844,525
845,675
846,425
847,496
848,-125
849,271
850,-79
851,350
852,-27
853,425
854,-179
855,525
856,300
857,675
858,469
859,575
860,675
861,-125
862,675
863,425
864,525
865,621
866,296
867,-175
868,573
869,673
870,350
871,450
872,548
873,271
874,675
875,-127
876,675
877,475
878,625
879,-75
880,-127
881,248
882,625
883,517
884,-127
885,500
886,575
887,571
888,-127
889,-125
890,473
891,248
892,-125
893,525
894,350
895,623
896,-225
897,623
898,675
899,673
900,515
901,625
902,675
903,623
904,575
905,375
906,475
907,675
908,375
909,-125
910,-125
911,373
912,623
913,573
914,350
915,373
916,525
917,375
918,-125
919,550
920,-25
921,625
922,673
923,525
924,371
925,425
926,675
927,521
928,450
929,246
930,623
931,571
932,675
933,425
934,375
935,425
936,344
937,-27
938,421
939,623
940,673
941,450
942,-125
943,675
944,525
945,475
946,523
947,625
948,625
949,344
950,-25
951,421
952,575
953,350
954,425
955,475
956,619
957,525
958,-125
959,625
960,675
961,-177
962,-125
963,675
964,675
965,625
966,421
967,596
968,675
969,675
970,523
971,100
972,-125
973,398
974,675
975,-125
976,675
977,-77
978,525
979,446
980,675
981,-200
982,523
983,-127
984,575
985,473
986,550
987,473
988,-75
989,271
990,621
991,625
992,398
993,523
994,250
995,398
996,525
997,-125
998,273
999,675
1000,575
1001,625
1002,675
1003,-25
1004,-125
1005,-125
1006,675
1007,625
1008,198
1009,-75
1010,525
1011,675
1012,475
1013,-75
1014,-127
1015,573
1016,525
1017,-125
1018,525
1019,675
1020,675
1021,525
1022,675
1023,550
1024,675
1025,673
1026,-75
1027,675
1028,575
1029,525
1030,425
1031,673
1032,575
1033,625
1034,675
1035,473
1036,-75
1037,-31
1038,198
1039,575
1040,625
1041,425
1042,-25
1043,675
1044,523
1045,571
1046,623
1047,623
1048,675
1049,625
1050,323
1051,-77
1052,475
1053,625
1054,625
1055,425
1056,-225
1057,623
1058,-29
1059,425
1060,100
1061,398
1062,675
1063,573
1064,-75
1065,675
1066,-75
1067,475
1068,625
1069,675
1070,550
1071,625
1072,625
1073,575
1074,-75
1075,200
1076,575
1077,675
1078,623
1079,623
1080,623
1081,675
1082,223
1083,671
1084,-125
1085,348
1086,-125
1087,525
1088,675
1089,571
1090,575
1091,575
1092,675
1093,625
1094,675
1095,523
1096,373
1097,625
1098,-75
1099,675
1100,-75
1101,673
1102,625
1103,675
1104,675
1105,675
1106,675
1107,625
1108,475
1109,-4
1110,625
1111,625
1112,625
1113,623
1114,-77
1115,-29
1116,675
1117,348
1118,675
1119,548
1120,621
1121,100
1122,675
1123,675
1124,625
1125,-125
1126,625
1127,573
1128,-25
1129,550
1130,521
1131,500
1132,625
1133,675
1134,675
1135,-77
1136,148
1137,623
1138,625
1139,675
1140,573
1141,-127
1142,675
1143,375
1144,450
1145,675
1146,525
1147,623
1148,675
1149,-77
1150,675
1151,673
1152,675
1153,675
1154,0
1155,623
1156,-125
1157,675
1158,573
1159,623
1160,625
1161,-25
1162,-175
1163,496
1164,673
1165,675
1166,625
1167,675
1168,425
1169,-125
1170,675
1171,625
1172,398
1173,675
1174,675
1175,673
1176,675
1177,-27
1178,-125
1179,675
1180,671
1181,675
1182,625
1183,573
1184,0
1185,-200
1186,575
1187,573
1188,673
1189,625
1190,625
1191,675
1192,425
1193,-77
1194,425
1195,625
1196,675
1197,675
1198,400
1199,475
1200,675
1201,675
1202,625
1203,675
1204,500
1205,400
1206,675
1207,675
1208,625
1209,400
1210,-177
1211,675
1212,-27
1213,675
1214,675
1215,-75
1216,675
1217,-77
1218,525
1219,-75
1220,675
1221,673
1222,675
1223,675
1224,625
1225,-27
1226,-75
1227,675
1228,673
1229,673
1230,523
1231,-125
1232,400
1233,625
1234,-125
1235,375
1236,623
1237,673
1238,625
1239,671
1240,675
1241,525
1242,550
1243,673
1244,675
1245,521
1246,625
1247,523
1248,300
1249,675
1250,675
1251,-29
1252,675
1253,675
1254,675
1255,625
1256,673
1257,473
1258,425
1259,575
1260,573
1261,548
1262,675
1263,675
1264,523
1265,-75
1266,-125
1267,675
1268,-77
1269,573
1270,625
1271,675
1272,623
1273,373
1274,673
1275,-75
1276,348
1277,675
1278,200
1279,625
1280,523
1281,675
1282,573
1283,-27
1284,625
1285,675
1286,675
1287,475
1288,671
1289,248
1290,525
1291,675
1292,523
1293,546
1294,625
1295,-75
1296,625
1297,525
1298,523
1299,675
1300,373
1301,550
1302,-125
1303,675
1304,673
1305,550
1306,-27
1307,398
1308,-75
1309,521
1310,675
1311,573
1312,525
1313,-25
1314,675
1315,675
1316,425
1317,-125
1318,675
1319,625
1320,675
1321,675
1322,523
1323,675
1324,675
1325,-127
1326,-125
1327,671
1328,675
1329,346
1330,-75
1331,521
1332,625
1333,675
1334,-175
1335,673
1336,673
1337,517
1338,625
1339,523
1340,598
1341,-125
1342,-125
1343,675
1344,575
1345,350
1346,675
1347,675
1348,675
1349,625
1350,623
1351,-102
1352,425
1353,369
1354,-125
1355,575
1356,498
1357,675
1358,625
1359,673
1360,675
1361,25
1362,400
1363,675
1364,625
1365,-175
1366,625
1367,623
1368,350
1369,523
1370,471
1371,625
1372,-77
1373,350
1374,525
1375,575
1376,473
1377,675
1378,675
1379,548
1380,-75
1381,675
1382,500
1383,673
1384,675
1385,675
1386,275
1387,623
1388,625
1389,625
1390,625
1391,523
1392,675
1393,621
1394,525
1395,525
1396,675
1397,675
1398,675
1399,575
1400,-75
1401,625
1402,623
1403,625
1404,573
1405,423
1406,675
1407,575
1408,550
1409,-202
1410,325
1411,625
1412,246
1413,475
1414,675
1415,625
1416,-125
1417,275
1418,675
1419,525
1420,571
1421,675
1422,-25
1423,673
1424,475
1425,-77
1426,625
1427,625
1428,575
1429,673
1430,675
1431,675
1432,525
1433,-227
1434,675
1435,-75
1436,673
1437,675
1438,525
1439,675
1440,675
1441,675
1442,273
1443,-79
1444,675
1445,673
1446,673
1447,425
1448,425
1449,548
1450,-127
1451,450
1452,-125
1453,675
1454,675
1455,425
1456,-75
1457,625
1458,-27
1459,-2
1460,550
1461,525
1462,425
1463,-175
1464,623
1465,671
1466,571
1467,673
1468,623
1469,394
1470,673
1471,675
1472,548
1473,673
1474,673
1475,673
1476,675
1477,675
1478,523
1479,-75
1480,623
1481,575
1482,621
1483,675
1484,225
1485,625
1486,573
1487,675
1488,675
1489,673
1490,375
1491,673
1492,473
1493,-27
1494,548
1495,-125
1496,625
1497,673
1498,425
1499,673
1500,625
1501,75
1502,-125
1503,675
1504,-125
1505,675
1506,548
1507,671
1508,625
1509,375
1510,625
1511,575
1512,296
1513,-79
1514,-227
1515,423
1516,675
1517,-75
1518,300
1519,623
1520,473
1521,319
1522,350
1523,625
1524,223
1525,675
1526,673
1527,625
1528,573
1529,675
1530,-125
1531,625
1532,525
1533,675
1534,73
1535,548
1536,573
1537,-29
1538,675
1539,-125
1540,673
1541,673
1542,673
1543,523
1544,469
1545,-125
1546,625
1547,675
1548,625
1549,625
1550,-129
1551,675
1552,525
1553,525
1554,625
1555,575
1556,675
1557,625
1558,-125
1559,675
1560,675
1561,675
1562,675
1563,373
1564,675
1565,525
1566,-125
1567,-129
1568,625
1569,525
1570,525
1571,675
1572,-127
1573,675
1574,673
1575,675
1576,375
1577,675
1578,-75
1579,-25
1580,475
1581,425
1582,398
1583,300
1584,475
1585,625
1586,675
1587,675
1588,548
1589,675
1590,675
1591,675
1592,275
1593,-75
1594,675
1595,625
1596,675
1597,625
1598,525
1599,623
1600,625
1601,675
1602,-250
1603,-100
1604,425
1605,425
1606,525
1607,675
1608,675
1609,-75
1610,625
1611,675
1612,-175
1613,625
1614,675
1615,475
1616,571
1617,373
1618,675
1619,675
1620,671
1621,598
1622,-25
1623,675
1624,625
1625,675
1626,425
1627,498
1628,675
1629,625
1630,575
1631,-125
1632,675
1633,673
1634,625
1635,623
1636,675
1637,275
1638,675
1639,525
1640,494
1641,-75
1642,525
1643,-52
1644,-75
1645,425
1646,523
1647,625
1648,-125
1649,623
1650,673
1651,546
1652,623
1653,575
1654,575
1655,571
1656,475
1657,573
1658,675
1659,-27
1660,625
1661,400
1662,573
1663,425
1664,450
1665,675
1666,575
1667,-125
1668,673
1669,575
1670,-125
1671,675
1672,325
1673,-125
1674,-125
1675,575
1676,625
1677,548
1678,675
1679,673
1680,623
1681,573
1682,-125
1683,675
1684,575
1685,575
1686,-100
1687,350
1688,675
1689,521
1690,-25
1691,-31
1692,623
1693,-25
1694,675
1695,673
1696,-25
1697,-177
1698,-25
1699,675
1700,675
1701,675
1702,673
1703,-75
1704,623
1705,675
1706,400
1707,675
1708,675
1709,675
1710,675
1711,675
1712,-129
1713,275
1714,250
1715,625
1716,398
1717,675
1718,575
1719,621
1720,625
1721,673
1722,421
1723,300
1724,525
1725,623
1726,200
1727,398
1728,575
1729,675
1730,625
1731,625
1732,675
1733,346
1734,671
1735,675
1736,400
1737,673
1738,325
1739,-125
1740,398
1741,525
1742,573
1743,675
1744,575
1745,375
1746,675
1747,575
1748,425
1749,498
1750,625
1751,625
1752,623
1753,-125
1754,675
1755,623
1756,-75
1757,673
1758,-56
1759,-75
1760,-125
1761,623
1762,525
1763,-25
1764,275
1765,673
1766,675
1767,400
1768,673
1769,-127
1770,-125
1771,298
1772,625
1773,673
1774,548
1775,323
1776,675
1777,371
1778,675
1779,-125
1780,675
1781,-77
1782,675
1783,-75
1784,673
1785,673
1786,625
1787,675
1788,675
1789,675
1790,623
1791,525
1792,375
1793,375
1794,573
1795,-75
1796,675
1797,423
1798,675
1799,-252
1800,475
1801,-75
1802,325
1803,675
1804,500
1805,575
1806,575
1807,675
1808,673
1809,-75
1810,675
1811,575
1812,675
1813,-125
1814,625
1815,621
1816,550
1817,548
1818,673
1819,273
1820,-75
1821,675
1822,673
1823,-125
1824,-75
1825,675
1826,525
1827,425
1828,625
1829,575
1830,623
1831,348
1832,525
1833,-125
1834,425
1835,575
1836,673
1837,625
1838,625
1839,623
1840,400
1841,573
1842,-25
1843,571
1844,425
1845,550
1846,671
1847,-125
1848,673
1849,-125
1850,-25
1851,671
1852,-300
1853,500
1854,625
1855,675
1856,-25
1857,673
1858,675
1859,625
1860,675
1861,348
1862,673
1863,623
1864,321
1865,673
1866,625
1867,625
1868,675
1869,623
1870,-77
1871,675
1872,498
1873,675
1874,400
1875,548
1876,675
1877,623
1878,675
1879,350
1880,675
1881,675
1882,-125
1883,675
1884,-175
1885,523
1886,-125
1887,625
1888,-27
1889,575
1890,-125
1891,375
1892,575
1893,575
1894,675
1895,625
1896,675
1897,673
1898,-125
1899,625
1900,323
1901,625
1902,673
1903,675
1904,-125
1905,673
1906,675
1907,400
1908,-75
1909,675
1910,575
1911,400
1912,250
1913,625
1914,675
1915,350
1916,575
1917,675
1918,673
1919,575
1920,623
1921,475
1922,625
1923,625
1924,675
1925,675
1926,525
1927,-75
1928,500
1929,425
1930,-177
1931,623
1932,675
1933,575
1934,575
1935,-175
1936,675
1937,-125
1938,675
1939,625
1940,625
1941,623
1942,675
1943,-75
1944,675
1945,623
1946,425
1947,625
1948,-79
1949,675
1950,-75
1951,525
1952,425
1953,675
1954,348
1955,675
1956,-75
1957,575
1958,-125
1959,673
1960,396
1961,675
1962,573
1963,525
1964,675
1965,525
1966,575
1967,675
1968,625
1969,675
1970,673
1971,500
1972,675
1973,675
1974,675
1975,673
1976,-77
1977,523
1978,675
1979,625
1980,350
1981,-125
1982,569
1983,392
1984,675
1985,-100
1986,346
1987,475
1988,675
1989,-25
1990,373
1991,150
1992,625
1993,675
1994,625
1995,400
1996,675
1997,548
1998,425
1999,625
2000,425
2001,-31
2002,575
2003,-27
2004,573
2005,548
2006,675
2007,675
2008,400
2009,-75
2010,-25
2011,525
2012,-175
2013,525
2014,675
2015,675
2016,675
2017,525
2018,675
2019,575
2020,575
2021,623
2022,400
2023,625
2024,675
2025,675
2026,623
2027,523
2028,673
2029,348
2030,673
2031,671
2032,675
2033,673
2034,675
2035,375
2036,350
2037,625
2038,519
2039,275
2040,625
2041,323
2042,473
2043,675
2044,423
2045,675
2046,573
2047,-79
2048,675
2049,350
2050,673
2051,621
2052,-175
2053,548
2054,571
2055,350
2056,675
2057,575
2058,73
2059,523
2060,673
2061,523
2062,350
2063,573
2064,675
2065,525
2066,675
2067,-75
2068,573
2069,350
2070,-25
2071,-79
2072,675
2073,625
2074,550
2075,675
2076,625
2077,623
2078,625
2079,675
2080,675
2081,-75
2082,675
2083,0
2084,475
2085,675
2086,675
2087,675
2088,400
2089,-127
2090,621
2091,675
2092,675
2093,500
2094,-75
2095,525
2096,675
2097,673
2098,625
2099,675
2100,-125
2101,25
2102,673
2103,475
2104,-25
2105,673
2106,-127
2107,-125
2108,675
2109,550
2110,669
2111,675
2112,525
2113,675
2114,675
2115,671
2116,675
2117,675
2118,673
2119,575
2120,575
2121,675
2122,-175
2123,673
2124,523
2125,346
2126,575
2127,621
2128,425
2129,675
2130,350
2131,675
2132,550
2133,575
2134,346
2135,675
2136,675
2137,675
2138,675
2139,-75
2140,675
2141,-75
2142,-125
2143,-75
2144,523
2145,-125
2146,525
2147,-75
2148,675
2149,-25
2150,675
2151,625
2152,625
2153,675
2154,525
2155,575
2156,-27
2157,673
2158,675
2159,473
2160,623
2161,625
2162,521
2163,425
2164,675
2165,675
2166,621
2167,471
2168,-200
2169,625
2170,675
2171,625
2172,573
2173,675
2174,675
2175,675
2176,573
2177,550
2178,623
2179,621
2180,425
2181,-125
2182,250
2183,375
2184,625
2185,625
2186,675
2187,675
2188,675
2189,298
2190,575
2191,675
2192,575
2193,625
2194,675
2195,623
2196,298
2197,625
2198,675
2199,575
2200,675
2201,-125
2202,-75
2203,525
2204,575
2205,625
2206,575
2207,623
2208,675
2209,675
2210,-129
2211,625
2212,625
2213,-229
2214,-131
2215,300
2216,-125
2217,-125
2218,625
2219,675
2220,623
2221,525
2222,-27
2223,550
2224,400
2225,623
2226,425
2227,671
2228,525
2229,-52
2230,423
2231,673
2232,-75
2233,625
2234,625
2235,671
2236,625
2237,675
2238,575
2239,475
2240,623
2241,471
2242,350
2243,621
2244,675
2245,419
2246,450
2247,-125
2248,675
2249,-29
2250,675
2251,673
2252,625
2253,625
2254,-27
2255,348
2256,675
2257,625
2258,-250
2259,675
2260,-127
2261,675
2262,275
2263,675
2264,673
2265,625
2266,400
2267,675
2268,675
2269,621
2270,73
2271,675
2272,275
2273,550
2274,675
2275,500
2276,575
2277,625
2278,523
2279,675
2280,548
2281,673
2282,-25
2283,575
2284,398
2285,525
2286,400
2287,325
2288,625
2289,573
2290,219
2291,-125
2292,-129
2293,623
2294,-125
2295,471
2296,625
2297,425
2298,-125
2299,625
2300,575
2301,275
2302,675
2303,-125
2304,350
2305,675
2306,575
2307,625
2308,675
2309,-25
2310,-125
2311,-79
2312,400
2313,621
2314,675
2315,575
2316,675
2317,675
2318,375
2319,675
2320,-75
2321,575
2322,525
2323,573
2324,-75
2325,-75
2326,400
2327,625
2328,421
2329,-77
2330,625
2331,625
2332,623
2333,-75
2334,375
2335,575
2336,473
2337,675
2338,675
2339,-100
2340,-127
2341,675
2342,-125
2343,675
2344,573
2345,675
2346,473
2347,673
2348,425
2349,471
2350,673
2351,623
2352,373
2353,675
2354,523
2355,675
2356,550
2357,-25
2358,673
2359,523
2360,523
2361,623
2362,675
2363,673
2364,-127
2365,350
2366,373
2367,675
2368,323
2369,548
2370,-125
2371,-125
2372,575
2373,425
2374,573
2375,575
2376,550
2377,525
2378,496
2379,-75
2380,673
2381,671
2382,675
2383,400
2384,423
2385,625
2386,150
2387,675
2388,475
2389,675
2390,523
2391,623
2392,673
2393,525
2394,675
2395,348
2396,-125
2397,450
2398,575
2399,573
2400,675
2401,675
2402,294
2403,675
2404,525
2405,575
2406,673
2407,575
2408,675
2409,675
2410,25
2411,-27
2412,673
2413,675
2414,-79
2415,675
2416,-27
2417,675
2418,675
2419,575
2420,673
2421,548
2422,675
2423,625
2424,675
2425,625
2426,673
2427,673
2428,321
2429,500
2430,575
2431,-125
2432,675
2433,575
2434,350
2435,-77
2436,-125
2437,-25
2438,375
2439,675
2440,-125
2441,625
2442,525
2443,675
2444,675
2445,375
2446,625
2447,625
2448,525
2449,-127
2450,-25
2451,623
2452,671
2453,625
2454,675
2455,673
2456,675
2457,575
2458,625
2459,575
2460,675
2461,625
2462,-25
2463,425
2464,623
2465,675
2466,525
2467,675
2468,-125
2469,675
2470,625
2471,-175
2472,575
2473,625
2474,623
2475,623
2476,-25
2477,525
2478,525
2479,675
2480,625
2481,475
2482,625
2483,575
2484,425
2485,548
2486,671
2487,675
2488,675
2489,675
2490,575
2491,675
2492,673
2493,425
2494,575
2495,525
2496,625
2497,675
2498,525
2499,625
2500,675
2501,675
2502,675
2503,-2
2504,348
2505,675
2506,548
2507,619
2508,625
2509,498
2510,675
2511,525
2512,525
2513,625
2514,-54
2515,400
2516,623
2517,625
2518,348
2519,-75
2520,625
2521,548
2522,525
2523,400
2524,625
2525,425
2526,-125
2527,623
2528,425
2529,625
2530,-127
2531,675
2532,675
2533,675
2534,675
2535,673
2536,673
2537,623
2538,675
2539,675
2540,625
2541,473
2542,675
2543,575
2544,525
2545,-31
2546,-75
2547,675
2548,573
2549,471
2550,-2
2551,625
2552,-125
2553,575
2554,525
2555,575
2556,623
2557,673
2558,-75
2559,673
2560,-125
2561,675
2562,-125
2563,673
2564,623
2565,671
2566,675
2567,-27
2568,673
2569,675
2570,675
2571,-25
2572,675
2573,675
2574,-75
2575,675
2576,-75
2577,425
2578,573
2579,573
2580,625
2581,675
2582,673
2583,250
2584,550
2585,525
2586,-127
2587,173
2588,625
2589,675
2590,675
2591,623
2592,673
2593,-125
2594,398
2595,575
2596,425
2597,523
2598,625
2599,-27
2600,625
2601,673
2602,675
2603,673
2604,675
2605,548
2606,625
2607,500
2608,-25
2609,425
2610,525
2611,675
2612,450
2613,625
2614,-29
2615,398
2616,575
2617,346
2618,-75
2619,575
2620,623
2621,625
2622,-125
2623,-52
2624,671
2625,-75
2626,675
2627,475
2628,498
2629,675
2630,623
2631,675
2632,-125
2633,675
2634,625
2635,525
2636,675
2637,400
2638,500
2639,348
2640,-77
2641,675
2642,-127
2643,625
2644,525
2645,471
2646,623
2647,400
2648,625
2649,425
2650,673
2651,575
2652,500
2653,673
2654,523
2655,-75
2656,423
2657,623
2658,669
2659,-175
2660,-31
2661,625
2662,596
2663,675
2664,625
2665,625
2666,-75
2667,525
2668,675
2669,675
2670,-25
2671,-129
2672,-77
2673,623
2674,-177
2675,675
2676,346
2677,675
2678,521
2679,-27
2680,675
2681,673
2682,-75
2683,-125
2684,-75
2685,675
2686,573
2687,675
2688,-77
2689,-75
2690,375
2691,-125
2692,575
2693,523
2694,623
2695,671
2696,275
2697,673
2698,673
2699,325
2700,625
2701,398
2702,421
2703,625
2704,675
2705,675
2706,623
2707,675
2708,473
2709,-27
2710,575
2711,525
2712,675
2713,575
2714,300
2715,525
2716,250
2717,400
2718,675
2719,675
2720,675
2721,348
2722,523
2723,348
2724,525
2725,-127
2726,521
2727,-75
2728,621
2729,675
2730,400
2731,673
2732,669
2733,625
2734,675
2735,623
2736,348
2737,625
2738,675
2739,623
2740,675
2741,-125
2742,675
2743,575
2744,425
2745,573
2746,398
2747,675
2748,575
2749,-25
2750,625
2751,525
2752,673
2753,625
2754,573
2755,550
2756,296
2757,-50
2758,675
2759,-75
2760,575
2761,396
2762,675
2763,400
2764,398
2765,-125
2766,400
2767,673
2768,575
2769,673
2770,671
2771,675
2772,375
2773,373
2774,675
2775,375
2776,-75
2777,675
2778,-75
2779,625
2780,671
2781,573
2782,-127
2783,575
2784,575
2785,625
2786,673
2787,675
2788,375
2789,575
2790,-125
2791,469
2792,-200
2793,350
2794,-125
2795,396
2796,573
2797,675
2798,371
2799,625
2800,425
2801,398
2802,675
2803,673
2804,425
2805,-125
2806,675
2807,-27
2808,575
2809,675
2810,675
2811,623
2812,573
2813,575
2814,623
2815,425
2816,-125
2817,575
2818,525
2819,-75
2820,471
2821,675
2822,623
2823,-25
2824,-127
2825,519
2826,398
2827,675
2828,-25
2829,448
2830,675
2831,475
2832,25
2833,523
2834,675
2835,675
2836,-75
2837,625
2838,350
2839,-75
2840,-175
2841,675
2842,623
2843,675
2844,-125
2845,575
2846,675
2847,675
2848,621
2849,500
2850,625
2851,675
2852,-31
2853,675
2854,548
2855,-25
2856,625
2857,325
2858,573
2859,575
2860,473
2861,575
2862,-75
2863,525
2864,675
2865,675
2866,348
2867,400
2868,675
2869,400
2870,671
2871,625
2872,-75
2873,-129
2874,625
2875,450
2876,575
2877,548
2878,623
2879,-175
2880,625
2881,-75
2882,521
2883,675
2884,425
2885,625
2886,-75
2887,425
2888,325
2889,623
2890,-125
2891,623
2892,200
2893,675
2894,621
2895,625
2896,673
2897,-200
2898,673
2899,-75
2900,675
2901,675
2902,350
2903,675
2904,-75
2905,675
2906,675
2907,-125
2908,525
2909,348
2910,-77
2911,675
2912,625
2913,575
2914,398
2915,623
2916,625
2917,-125
2918,-125
2919,-125
2920,675
2921,573
2922,675
2923,673
2924,623
2925,525
2926,675
2927,671
2928,675
2929,521
2930,675
2931,623
2932,625
2933,-100
2934,673
2935,150
2936,500
2937,573
2938,-31
2939,625
2940,425
2941,625
2942,-25
2943,498
2944,521
2945,625
2946,675
2947,-125
2948,-125
2949,675
2950,675
2951,675
2952,-200
2953,675
2954,573
2955,348
2956,625
2957,675
2958,-175
2959,-125
2960,571
2961,350
2962,575
2963,575
2964,325
2965,625
2966,-25
2967,625
2968,625
2969,548
2970,296
2971,625
2972,675
2973,675
2974,-25
2975,673
2976,675
2977,398
2978,675
2979,623
2980,623
2981,625
2982,425
2983,521
2984,25
2985,521
2986,575
2987,675
2988,571
2989,675
2990,548
2991,623
2992,675
2993,425
2994,675
2995,475
2996,475
2997,-125
2998,671
2999,-27
3000,571
3001,425
3002,-75
3003,675
3004,675
3005,623
3006,575
3007,-129
3008,625
3009,525
3010,-125
3011,-125
3012,625
3013,675
3014,575
3015,625
3016,623
3017,248
3018,675
3019,-125
3020,573
3021,621
3022,-2
3023,673
3024,-75
3025,625
3026,625
3027,-125
3028,675
3029,623
3030,292
3031,675
3032,621
3033,623
3034,571
3035,-81
3036,523
3037,623
3038,-31
3039,625
3040,-125
3041,473
3042,400
3043,675
3044,423
3045,-25
3046,475
3047,400
3048,675
3049,575
3050,673
3051,675
3052,-129
3053,475
3054,275
3055,625
3056,375
3057,400
3058,471
3059,-79
3060,400
3061,575
3062,525
3063,625
3064,-27
3065,525
3066,675
3067,675
3068,525
3069,675
3070,425
3071,575
3072,-125
3073,625
3074,675
3075,625
3076,675
3077,-77
3078,573
3079,496
3080,323
3081,575
3082,-75
3083,621
3084,623
3085,625
3086,525
3087,623
3088,-4
3089,675
3090,525
3091,300
3092,623
3093,625
3094,398
3095,400
3096,-25
3097,673
3098,675
3099,523
3100,-75
3101,-175
3102,675
3103,-125
3104,625
3105,675
3106,125
3107,550
3108,675
3109,-75
3110,575
3111,71
3112,675
3113,473
3114,525
3115,575
3116,675
3117,675
3118,675
3119,525
3120,-125
3121,675
3122,675
3123,625
3124,-25
3125,250
3126,-77
3127,625
3128,300
3129,-77
3130,673
3131,675
3132,448
3133,-75
3134,-75
3135,525
3136,675
3137,675
3138,-125
3139,625
3140,675
3141,-75
3142,625
3143,625
3144,525
3145,625
3146,469
3147,623
3148,623
3149,398
3150,625
3151,675
3152,550
3153,573
3154,675
3155,675
3156,275
3157,673
3158,625
3159,423
3160,425
3161,525
3162,500
3163,-27
3164,200
3165,-125
3166,-75
3167,625
3168,675
3169,675
3170,675
3171,398
3172,350
3173,575
3174,-75
3175,-25
3176,423
3177,523
3178,675
3179,323
3180,371
3181,0
3182,375
3183,-127
3184,625
3185,400
3186,675
3187,675
3188,673
3189,625
3190,-125
3191,271
3192,-200
3193,348
3194,596
3195,625
3196,425
3197,625
3198,-125
3199,500
3200,625
3201,519
3202,673
3203,525
3204,-75
3205,673
3206,571
3207,669
3208,625
3209,675
3210,675
3211,575
3212,525
3213,550
3214,675
3215,675
3216,350
3217,623
3218,423
3219,425
3220,-75
3221,573
3222,673
3223,-75
3224,623
3225,675
3226,675
3227,675
3228,475
3229,575
3230,675
3231,675
3232,623
3233,-77
3234,673
3235,675
3236,-75
3237,475
3238,-77
3239,675
3240,675
3241,623
3242,525
3243,675
3244,675
3245,-75
3246,671
3247,375
3248,273
3249,400
3250,675
3251,675
3252,548
3253,625
3254,623
3255,673
3256,348
3257,625
3258,523
3259,625
3260,346
3261,675
3262,-75
3263,525
3264,-35
3265,625
3266,625
3267,-129
3268,575
3269,500
3270,325
3271,346
3272,623
3273,675
3274,675
3275,471
3276,400
3277,675
3278,625
3279,675
3280,675
3281,625
3282,673
3283,-127
3284,573
3285,673
3286,625
3287,625
3288,523
3289,675
3290,-125
3291,-125
3292,-75
3293,675
3294,-125
3295,-77
3296,425
3297,-127
3298,-75
3299,-125
3300,248
3301,675
3302,-200
3303,669
3304,573
3305,-2
3306,575
3307,398
3308,150
3309,-25
3310,-79
3311,573
3312,675
3313,625
3314,348
3315,625
3316,625
3317,525
3318,575
3319,525
3320,625
3321,625
3322,400
3323,475
3324,623
3325,675
3326,675
3327,425
3328,675
3329,625
3330,375
3331,475
3332,673
3333,498
3334,350
3335,-25
3336,-27
3337,673
3338,425
3339,675
3340,350
3341,548
3342,625
3343,-25
3344,425
3345,623
3346,675
3347,-125
3348,-75
3349,671
3350,473
3351,625
3352,525
3353,575
3354,675
3355,623
3356,675
3357,-75
3358,675
3359,625
3360,525
3361,250
3362,-125
3363,675
3364,-125
3365,625
3366,675
3367,-75
3368,575
3369,675
3370,673
3371,575
3372,425
3373,475
3374,675
3375,675
3376,573
3377,323
3378,-27
3379,-75
3380,-131
3381,-175
3382,575
3383,675
3384,-27
3385,625
3386,-125
3387,-25
3388,675
3389,625
3390,523
3391,675
3392,-100
3393,250
3394,-125
3395,675
3396,125
3397,521
3398,625
3399,-75
3400,673
3401,275
3402,-125
3403,675
3404,675
3405,625
3406,675
3407,625
3408,575
3409,675
3410,575
3411,625
3412,623
3413,550
3414,375
3415,675
3416,-27
3417,573
3418,675
3419,671
3420,525
3421,625
3422,621
3423,623
3424,573
3425,525
3426,625
3427,-77
3428,-25
3429,625
3430,625
3431,-79
3432,625
3433,623
3434,625
3435,673
3436,475
3437,573
3438,-75
3439,525
3440,425
3441,-77
3442,-202
3443,673
3444,675
3445,625
3446,621
3447,623
3448,675
3449,321
3450,400
3451,550
3452,475
3453,425
3454,675
3455,-77
3456,425
3457,575
3458,-125
3459,575
3460,-75
3461,675
3462,350
3463,673
3464,623
3465,550
3466,-125
3467,-125
3468,-125
3469,625
3470,525
3471,-100
3472,625
3473,-131
3474,523
3475,675
3476,223
3477,673
3478,675
3479,675
3480,-125
3481,475
3482,25
3483,-31
3484,571
3485,675
3486,625
3487,625
3488,625
3489,-150
3490,623
3491,-125
3492,625
3493,550
3494,675
3495,525
3496,673
3497,675
3498,623
3499,-25
3500,575
3501,425
3502,625
3503,-125
3504,350
3505,-25
3506,573
3507,573
3508,673
3509,625
3510,575
3511,623
3512,423
3513,-75
3514,675
3515,348
3516,625
3517,475
3518,625
3519,196
3520,-27
3521,671
3522,673
3523,675
3524,-75
3525,675
3526,573
3527,-125
3528,575
3529,573
3530,523
3531,675
3532,-125
3533,223
3534,573
3535,675
3536,671
3537,675
3538,500
3539,525
3540,423
3541,375
3542,575
3543,-125
3544,500
3545,675
3546,625
3547,675
3548,675
3549,625
3550,500
3551,675
3552,525
3553,-125
3554,500
3555,575
3556,-127
3557,675
3558,-175
3559,625
3560,475
3561,623
3562,625
3563,675
3564,-125
3565,675
3566,625
3567,673
3568,625
3569,-125
3570,525
3571,-52
3572,675
3573,400
3574,675
3575,675
3576,675
3577,671
3578,675
3579,521
3580,675
3581,673
3582,623
3583,-125
3584,550
3585,625
3586,-125
3587,623
3588,-125
3589,675
3590,675
3591,575
3592,625
3593,675
3594,348
3595,625
3596,375
3597,675
3598,350
3599,525
3600,621
3601,-129
3602,675
3603,-125
3604,673
3605,569
3606,675
3607,675
3608,425
3609,625
3610,450
3611,-25
3612,575
3613,675
3614,523
3615,573
3616,675
3617,-129
3618,675
3619,471
3620,621
3621,575
3622,423
3623,-25
3624,425
3625,373
3626,673
3627,-75
3628,675
3629,623
3630,-152
3631,625
3632,673
3633,675
3634,-25
3635,-77
3636,625
3637,675
3638,525
3639,-125
3640,300
3641,675
3642,573
3643,673
3644,673
3645,525
3646,-225
3647,-175
3648,675
3649,675
3650,673
3651,673
3652,623
3653,-75
3654,675
3655,675
3656,550
3657,-125
3658,-75
3659,625
3660,475
3661,675
3662,675
3663,623
3664,675
3665,-125
3666,275
3667,-125
3668,675
3669,625
3670,675
3671,675
3672,675
3673,675
3674,625
3675,575
3676,300
3677,-75
3678,625
3679,619
3680,521
3681,400
3682,575
3683,523
3684,625
3685,-75
3686,673
3687,625
3688,-25
3689,673
3690,625
3691,675
3692,675
3693,573
3694,575
3695,675
3696,398
3697,298
3698,398
3699,-75
3700,-27
3701,575
3702,625
3703,573
3704,625
3705,623
3706,-77
3707,-77
3708,625
3709,625
3710,425
3711,625
3712,675
3713,550
3714,675
3715,625
3716,548
3717,-100
3718,623
3719,425
3720,621
3721,400
3722,321
3723,500
3724,-127
3725,-125
3726,675
3727,673
3728,571
3729,675
3730,550
3731,-175
3732,-127
3733,521
3734,525
3735,-125
3736,621
3737,625
3738,675
3739,625
3740,625
3741,496
3742,623
3743,675
3744,-125
3745,575
3746,675
3747,525
3748,171
3749,-175
3750,525
3751,675
3752,675
3753,575
3754,300
3755,246
3756,675
3757,675
3758,673
3759,623
3760,419
3761,450
3762,675
3763,450
3764,675
3765,675
3766,575
3767,-175
3768,575
3769,450
3770,675
3771,-75
3772,523
3773,-179
3774,500
3775,575
3776,-127
3777,675
3778,575
3779,-77
3780,673
3781,675
3782,525
3783,625
3784,-77
3785,675
3786,625
3787,475
3788,623
3789,625
3790,573
3791,675
3792,-125
3793,625
3794,-79
3795,623
3796,425
3797,425
3798,-25
3799,-25
3800,675
3801,400
3802,625
3803,425
3804,675
3805,673
3806,400
3807,623
3808,675
3809,619
3810,675
3811,-125
3812,625
3813,525
3814,675
3815,-125
3816,-125
3817,525
3818,623
3819,625
3820,525
3821,-125
3822,-27
3823,-50
3824,625
3825,-77
3826,525
3827,-79
3828,675
3829,575
3830,625
3831,625
3832,571
3833,-125
3834,623
3835,675
3836,523
3837,675
3838,525
3839,446
3840,625
3841,525
3842,575
3843,675
3844,625
3845,348
3846,675
3847,550
3848,625
3849,623
3850,573
3851,625
3852,573
3853,-125
3854,-102
3855,500
3856,625
3857,625
3858,473
3859,423
3860,625
3861,475
3862,173
3863,573
3864,171
3865,575
3866,325
3867,625
3868,675
3869,675
3870,621
3871,623
3872,573
3873,348
3874,471
3875,423
3876,-75
3877,523
3878,625
3879,673
3880,673
3881,-200
3882,323
3883,400
3884,625
3885,625
3886,625
3887,346
3888,625
3889,350
3890,675
3891,523
3892,350
3893,-125
3894,525
3895,425
3896,625
3897,575
3898,-175
3899,-125
3900,-125
3901,425
3902,-29
3903,-131
3904,569
3905,575
3906,475
3907,623
3908,625
3909,625
3910,-29
3911,398
3912,398
3913,475
3914,525
3915,-177
3916,625
3917,-125
3918,71
3919,675
3920,675
3921,350
3922,625
3923,475
3924,575
3925,523
3926,350
3927,675
3928,-150
3929,675
3930,396
3931,675
3932,575
3933,625
3934,521
3935,625
3936,621
3937,394
3938,298
3939,525
3940,296
3941,575
3942,623
3943,-100
3944,348
3945,675
3946,673
3947,675
3948,625
3949,-25
3950,400
3951,675
3952,400
3953,-125
3954,623
3955,-127
3956,673
3957,275
3958,473
3959,475
3960,625
3961,675
3962,575
3963,675
3964,623
3965,300
3966,425
3967,523
3968,675
3969,625
3970,348
3971,325
3972,523
3973,575
3974,675
3975,571
3976,-125
3977,621
3978,675
3979,675
3980,525
3981,-29
3982,673
3983,-125
3984,625
3985,525
3986,673
3987,248
3988,675
3989,675
3990,623
3991,-125
3992,-202
3993,675
3994,625
3995,625
3996,575
3997,-125
3998,623
3999,625
4000,625
4001,675
4002,675
4003,-75
4004,673
4005,-100
4006,-77
4007,473
4008,675
4009,625
4010,-75
4011,448
4012,446
4013,398
4014,675
4015,623
4016,623
4017,-75
4018,575
4019,-125
4020,-75
4021,-375
4022,623
4023,350
4024,673
4025,575
4026,-129
4027,673
4028,675
4029,675
4030,625
4031,675
4032,-27
4033,675
4034,621
4035,625
4036,-75
4037,275
4038,-125
4039,100
4040,575
4041,-75
4042,-175
4043,625
4044,673
4045,-77
4046,625
4047,575
4048,625
4049,675
4050,371
4051,621
4052,550
4053,675
4054,-75
4055,498
4056,350
4057,625
4058,521
4059,623
4060,675
4061,525
4062,75
4063,573
4064,346
4065,425
4066,625
4067,348
4068,675
4069,623
4070,523
4071,450
4072,575
4073,325
4074,-79
4075,-75
4076,400
4077,625
4078,525
4079,400
4080,-77
4081,625
4082,675
4083,-125
4084,-125
4085,350
4086,525
4087,675
4088,575
4089,675
4090,675
4091,575
4092,575
4093,675
4094,575
4095,-175
4096,425
4097,525
4098,575
4099,-125
4100,625
4101,425
4102,-33
4103,-25
4104,473
4105,625
4106,-79
4107,-75
4108,673
4109,625
4110,250
4111,673
4112,675
4113,675
4114,625
4115,673
4116,-125
4117,625
4118,521
4119,450
4120,675
4121,275
4122,675
4123,671
4124,625
4125,623
4126,-125
4127,575
4128,569
4129,525
4130,-125
4131,675
4132,675
4133,550
4134,500
4135,-125
4136,575
4137,-100
4138,-125
4139,675
4140,525
4141,625
4142,575
4143,675
4144,-125
4145,675
4146,-25
4147,625
4148,523
4149,675
4150,675
4151,400
4152,625
4153,675
4154,375
4155,-175
4156,375
4157,675
4158,623
4159,-175
4160,521
4161,675
4162,498
4163,573
4164,-152
4165,521
4166,625
4167,675
4168,525
4169,675
4170,525
4171,573
4172,675
4173,-175
4174,675
4175,675
4176,375
4177,-125
4178,425
4179,350
4180,625
4181,625
4182,523
4183,675
4184,-229
4185,571
4186,673
4187,625
4188,675
4189,473
4190,623
4191,475
4192,-27
4193,375
4194,625
4195,673
4196,398
4197,675
4198,521
4199,425
4200,671
4201,673
4202,675
4203,673
4204,475
4205,550
4206,375
4207,-27
4208,673
4209,150
4210,-125
4211,-227
4212,250
4213,625
4214,-27
4215,521
4216,625
4217,675
4218,375
4219,675
4220,621
4221,375
4222,675
4223,398
4224,623
4225,675
4226,625
4227,-29
4228,473
4229,-125
4230,673
4231,575
4232,423
4233,675
4234,223
4235,675
4236,273
4237,-125
4238,625
4239,573
4240,625
4241,675
4242,550
4243,575
4244,573
4245,573
4246,671
4247,675
4248,625
4249,525
4250,-250
4251,573
4252,675
4253,625
4254,400
4255,625
4256,525
4257,-29
4258,525
4259,675
4260,675
4261,623
4262,625
4263,675
4264,550
4265,675
4266,673
4267,673
4268,675
4269,673
4270,-81
4271,625
4272,523
4273,625
4274,575
4275,423
4276,375
4277,619
4278,275
4279,523
4280,-125
4281,619
4282,523
4283,423
4284,675
4285,673
4286,625
4287,675
4288,675
4289,675
4290,625
4291,625
4292,-75
4293,673
4294,400
4295,625
4296,623
4297,675
4298,675
4299,-25
4300,425
4301,-125
4302,523
4303,675
4304,675
4305,675
4306,-125
4307,548
4308,625
4309,673
4310,-75
4311,523
4312,675
4313,621
4314,500
4315,375
4316,623
4317,675
4318,550
4319,400
4320,-75
4321,675
4322,673
4323,-150
4324,525
4325,-77
4326,675
4327,673
4328,-75
4329,425
4330,-25
4331,400
4332,550
4333,-25
4334,625
4335,-125
4336,625
4337,525
4338,675
4339,575
4340,625
4341,-75
4342,675
4343,625
4344,400
4345,673
4346,675
4347,625
4348,675
4349,675
4350,-75
4351,-125
4352,675
4353,675
4354,625
4355,-129
4356,-175
4357,425
4358,273
4359,-79
4360,275
4361,675
4362,573
4363,519
4364,525
4365,523
4366,675
4367,675
4368,625
4369,625
4370,375
4371,675
4372,625
4373,675
4374,-125
4375,400
4376,550
4377,573
4378,425
4379,675
4380,675
4381,575
4382,-79
4383,571
4384,675
4385,550
4386,675
4387,625
4388,675
4389,675
4390,625
4391,375
4392,425
4393,525
4394,521
4395,300
4396,623
4397,-75
4398,275
4399,675
4400,475
4401,350
4402,400
4403,675
4404,-29
4405,675
4406,675
4407,675
4408,523
4409,-77
4410,623
4411,675
4412,625
4413,-125
4414,625
4415,675
4416,573
4417,625
4418,675
4419,675
4420,471
4421,625
4422,-127
4423,573
4424,625
4425,475
4426,-75
4427,525
4428,-75
4429,623
4430,550
4431,-125
4432,-175
4433,350
4434,575
4435,-77
4436,471
4437,675
4438,625
4439,675
4440,675
4441,625
4442,623
4443,250
4444,-125
4445,673
4446,425
4447,546
4448,-125
4449,548
4450,-175
4451,673
4452,-125
4453,575
4454,673
4455,671
4456,625
4457,-227
4458,675
4459,625
4460,525
4461,673
4462,525
4463,575
4464,675
4465,523
4466,575
4467,475
4468,623
4469,625
4470,-200
4471,575
4472,573
4473,675
4474,-52
4475,675
4476,525
4477,625
4478,573
4479,525
4480,-125
4481,350
4482,525
4483,421
4484,373
4485,625
4486,475
4487,-75
4488,625
4489,300
4490,675
4491,-125
4492,625
4493,675
4494,675
4495,550
4496,625
4497,623
4498,400
4499,294
4500,350
4501,521
4502,473
4503,-77
4504,425
4505,325
4506,575
4507,673
4508,575
4509,375
4510,575
4511,425
4512,673
4513,623
4514,625
4515,675
4516,675
4517,375
4518,625
4519,675
4520,575
4521,425
4522,546
4523,675
4524,675
4525,475
4526,-125
4527,525
4528,621
4529,325
4530,423
4531,575
4532,675
4533,675
4534,-125
4535,523
4536,398
4537,625
4538,523
4539,675
4540,675
4541,675
4542,375
4543,621
4544,400
4545,475
4546,675
4547,673
4548,571
4549,673
4550,425
4551,675
4552,575
4553,675
4554,523
4555,623
4556,625
4557,373
4558,-77
4559,400
4560,675
4561,-75
4562,675
4563,675
4564,350
4565,623
4566,625
4567,-125
4568,675
4569,675
4570,575
4571,625
4572,675
4573,-29
4574,525
4575,375
4576,675
4577,575
4578,675
4579,425
4580,675
4581,-125
4582,475
4583,625
4584,625
4585,675
4586,671
4587,-75
4588,675
4589,400
4590,625
4591,423
4592,625
4593,248
4594,400
4595,-75
4596,375
4597,546
4598,-75
4599,675
4600,-75
4601,675
4602,675
4603,575
4604,675
4605,675
4606,673
4607,625
4608,-75
4609,398
4610,250
4611,-27
4612,396
4613,675
4614,673
4615,625
4616,625
4617,673
4618,623
4619,575
4620,375
4621,575
4622,675
4623,473
4624,373
4625,250
4626,675
4627,-25
4628,575
4629,-125
4630,675
4631,625
4632,673
4633,675
4634,475
4635,673
4636,325
4637,-25
4638,375
4639,623
4640,675
4641,673
4642,673
4643,675
4644,669
4645,575
4646,625
4647,673
4648,198
4649,573
4650,675
4651,623
4652,625
4653,625
4654,673
4655,-75
4656,675
4657,-125
4658,573
4659,675
4660,675
4661,375
4662,675
4663,-77
4664,-125
4665,623
4666,625
4667,675
4668,675
4669,400
4670,523
4671,575
4672,-27
4673,425
4674,550
4675,625
4676,675
4677,675
4678,571
4679,350
4680,675
4681,-27
4682,623
4683,-200
4684,400
4685,675
4686,623
4687,73
4688,525
4689,375
4690,523
4691,-150
4692,675
4693,673
4694,625
4695,523
4696,625
4697,-125
4698,675
4699,675
4700,-125
4701,471
4702,525
4703,675
4704,623
4705,675
4706,-75
4707,448
4708,525
4709,625
4710,675
4711,625
4712,348
4713,625
4714,-75
4715,-179
4716,546
4717,525
4718,523
4719,273
4720,675
4721,675
4722,-25
4723,523
4724,671
4725,625
4726,623
4727,675
4728,525
4729,623
4730,625
4731,475
4732,-175
4733,475
4734,425
4735,675
4736,675
4737,625
4738,525
4739,571
4740,573
4741,-125
4742,398
4743,625
4744,625
4745,673
4746,-125
4747,621
4748,625
4749,675
4750,675
4751,525
4752,300
4753,625
4754,675
4755,575
4756,523
4757,-77
4758,525
4759,675
4760,523
4761,671
4762,675
4763,471
4764,-27
4765,675
4766,675
4767,-127
4768,-125
4769,675
4770,525
4771,-31
4772,675
4773,675
4774,575
4775,625
4776,675
4777,396
4778,-75
4779,675
4780,675
4781,575
4782,294
4783,675
4784,575
4785,425
4786,400
4787,-125
4788,675
4789,625
4790,550
4791,625
4792,-125
4793,425
4794,-200
4795,625
4796,-129
4797,675
4798,675
4799,573
4800,-75
4801,523
4802,675
4803,675
4804,350
4805,425
4806,675
4807,300
4808,475
4809,-25
4810,675
4811,550
4812,673
4813,625
4814,-75
4815,625
4816,425
4817,673
4818,-75
4819,400
4820,-75
4821,525
4822,344
4823,625
4824,550
4825,625
4826,673
4827,550
4828,-125
4829,675
4830,673
4831,623
4832,546
4833,675
4834,675
4835,673
4836,673
4837,675
4838,-202
4839,-104
4840,375
4841,625
4842,275
4843,-175
4844,498
4845,675
4846,250
4847,673
4848,425
4849,298
4850,625
4851,575
4852,525
4853,623
4854,675
4855,-27
4856,469
4857,675
4858,75
4859,675
4860,-125
4861,575
4862,-102
4863,-54
4864,673
4865,73
4866,-75
4867,571
4868,675
4869,625
4870,-225
4871,-75
4872,625
4873,625
4874,525
4875,625
4876,-250
4877,550
4878,675
4879,675
4880,350
4881,675
4882,673
4883,-175
4884,673
4885,498
4886,625
4887,625
4888,525
4889,673
4890,-125
4891,625
4892,625
4893,625
4894,425
4895,673
4896,625
4897,575
4898,675
4899,675
4900,669
4901,-179
4902,675
4903,675
4904,675
4905,475
4906,623
4907,623
4908,225
4909,675
4910,673
4911,675
4912,423
4913,473
4914,675
4915,619
4916,675
4917,525
4918,675
4919,375
4920,-25
4921,523
4922,675
4923,500
4924,523
4925,-125
4926,525
4927,400
4928,300
4929,675
4930,675
4931,625
4932,423
4933,521
4934,675
4935,673
4936,500
4937,675
4938,675
4939,675
4940,475
4941,575
4942,-125
4943,423
4944,550
4945,-177
4946,675
4947,675
4948,525
4949,575
4950,625
4951,550
4952,675
4953,675
4954,625
4955,-125
4956,575
4957,575
4958,575
4959,625
4960,573
4961,575
4962,-175
4963,575
4964,-175
4965,625
4966,575
4967,673
4968,671
4969,675
4970,625
4971,623
4972,-27
4973,623
4974,425
4975,200
4976,-75
4977,-129
4978,673
4979,325
4980,-75
4981,248
4982,675
4983,575
4984,375
4985,-125
4986,675
4987,475
4988,575
4989,500
4990,575
4991,425
4992,625
4993,573
4994,398
4995,575
4996,623
4997,-125
4998,625
4999,675
5000,675
5001,625
5002,625
5003,-75
5004,546
5005,575
5006,675
5007,550
5008,471
5009,675
5010,675
5011,625
5012,425
5013,500
5014,673
5015,575
5016,623
5017,421
5018,-75
5019,673
5020,675
5021,425
5022,300
5023,-125
5024,625
5025,625
5026,623
5027,675
5028,625
5029,675
5030,625
5031,673
5032,623
5033,-125
5034,625
5035,625
5036,673
5037,573
5038,675
5039,621
5040,-27
5041,-127
5042,625
5043,325
5044,-75
5045,675
5046,-75
5047,198
5048,619
5049,271
5050,475
5051,675
5052,673
5053,-177
5054,675
5055,675
5056,625
5057,425
5058,473
5059,523
5060,375
5061,425
5062,-125
5063,671
5064,473
5065,625
5066,675
5067,575
5068,675
5069,-25
5070,275
5071,-75
5072,623
5073,200
5074,675
5075,425
5076,623
5077,400
5078,675
5079,675
5080,571
5081,575
5082,675
5083,475
5084,621
5085,625
5086,673
5087,0
5088,550
5089,675
5090,-75
5091,471
5092,519
5093,673
5094,298
5095,573
5096,498
5097,-125
5098,671
5099,-125
5100,-27
5101,425
5102,400
5103,-75
5104,675
5105,571
5106,675
5107,675
5108,619
5109,425
5110,625
5111,625
5112,-75
5113,-75
5114,275
5115,-127
5116,675
5117,625
5118,423
5119,625
5120,625
5121,375
5122,675
5123,675
5124,673
5125,625
5126,-75
5127,675
5128,623
5129,667
5130,-27
5131,673
5132,573
5133,673
5134,575
5135,575
5136,-77
5137,571
5138,-77
5139,675
5140,-75
5141,625
5142,169
5143,575
5144,-125
5145,625
5146,-129
5147,-77
5148,673
5149,-75
5150,675
5151,546
5152,625
5153,625
5154,348
5155,-27
5156,573
5157,619
5158,625
5159,673
5160,-125
5161,625
5162,625
5163,625
5164,675
5165,-75
5166,575
5167,673
5168,46
5169,-75
5170,675
5171,0
5172,621
5173,525
5174,371
5175,525
5176,675
5177,521
5178,625
5179,675
5180,623
5181,350
5182,671
5183,448
5184,198
5185,625
5186,-27
5187,625
5188,-125
5189,425
5190,625
5191,675
5192,623
5193,675
5194,675
5195,625
5196,373
5197,525
5198,325
5199,-125
5200,675
5201,-125
5202,350
5203,569
5204,675
5205,425
5206,623
5207,625
5208,675
5209,675
5210,-79
5211,625
5212,475
5213,625
5214,623
5215,675
5216,625
5217,625
5218,521
5219,-75
5220,675
5221,550
5222,625
5223,525
5224,673
5225,675
5226,521
5227,525
5228,625
5229,675
5230,675
5231,475
5232,473
5233,223
5234,675
5235,525
5236,625
5237,-75
5238,-125
5239,625
5240,523
5241,625
5242,675
5243,625
5244,675
5245,675
5246,-125
5247,575
5248,-175
5249,673
5250,675
5251,-75
5252,675
5253,625
5254,673
5255,273
5256,-125
5257,675
5258,675
5259,325
5260,675
5261,675
5262,675
5263,521
5264,-125
5265,675
5266,573
5267,623
5268,-127
5269,675
5270,625
5271,623
5272,671
5273,-202
5274,675
5275,-75
5276,675
5277,550
5278,625
5279,171
5280,675
5281,-75
5282,425
5283,673
5284,523
5285,-125
5286,575
5287,475
5288,548
5289,-125
5290,671
5291,548
5292,275
5293,575
5294,625
5295,625
5296,675
5297,625
5298,425
5299,-125
5300,671
5301,675
5302,425
5303,675
5304,673
5305,625
5306,625
5307,-75
5308,625
5309,98
5310,575
5311,675
5312,525
5313,623
5314,669
5315,623
5316,625
5317,625
5318,675
5319,-75
5320,625
5321,625
5322,675
5323,573
5324,621
5325,550
5326,398
5327,475
5328,623
5329,-25
5330,100
5331,673
5332,625
5333,548
5334,-25
5335,625
5336,675
5337,625
5338,623
5339,350
5340,350
5341,675
5342,-75
5343,621
5344,673
5345,473
5346,-27
5347,500
5348,625
5349,675
5350,673
5351,-277
5352,-125
5353,675
5354,623
5355,475
5356,573
5357,575
5358,573
5359,623
5360,625
5361,675
5362,675
5363,550
5364,225
5365,-127
5366,625
5367,675
5368,675
5369,498
5370,675
5371,573
5372,575
5373,675
5374,473
5375,675
5376,500
5377,-125
5378,573
5379,625
5380,625
5381,675
5382,548
5383,675
5384,675
5385,625
5386,625
5387,671
5388,675
5389,396
5390,675
5391,675
5392,-75
5393,575
5394,675
5395,623
5396,675
5397,523
5398,675
5399,575
5400,469
5401,675
5402,-50
5403,675
5404,523
5405,525
5406,675
5407,-25
5408,625
5409,625
5410,625
5411,623
5412,-25
5413,673
5414,675
5415,-125
5416,625
5417,-175
5418,423
5419,573
5420,525
5421,473
5422,675
5423,675
5424,621
5425,625
5426,400
5427,-125
5428,425
5429,400
5430,675
5431,-127
5432,350
5433,421
5434,523
5435,-75
5436,623
5437,625
5438,675
5439,675
5440,675
5441,675
5442,673
5443,625
5444,675
5445,675
5446,-125
5447,625
5448,625
5449,675
5450,675
5451,-25
5452,675
5453,625
5454,625
5455,475
5456,221
5457,625
5458,673
5459,-75
5460,675
5461,675
5462,623
5463,-79
5464,675
5465,-125
5466,623
5467,675
5468,248
5469,371
5470,575
5471,621
5472,625
5473,625
5474,675
5475,498
5476,575
5477,675
5478,475
5479,475
5480,498
5481,673
5482,623
5483,675
5484,-31
5485,623
5486,675
5487,575
5488,575
5489,-77
5490,-75
5491,625
5492,-127
5493,675
5494,569
5495,675
5496,575
5497,675
5498,250
5499,523
5500,625
5501,-25
5502,625
5503,525
5504,625
5505,550
5506,619
5507,671
5508,623
5509,675
5510,571
5511,625
5512,475
5513,625
5514,675
5515,675
5516,675
5517,-77
5518,475
5519,-125
5520,625
5521,675
5522,423
5523,675
5524,675
5525,623
5526,675
5527,623
5528,348
5529,675
5530,675
5531,525
5532,546
5533,500
5534,473
5535,473
5536,-175
5537,-125
5538,625
5539,573
5540,625
5541,-27
5542,671
5543,623
5544,621
5545,550
5546,-27
5547,675
5548,625
5549,373
5550,-27
5551,-77
5552,523
5553,450
5554,675
5555,673
5556,675
5557,573
5558,673
5559,573
5560,625
5561,550
5562,673
5563,673
5564,675
5565,575
5566,625
5567,525
5568,598
5569,575
5570,675
5571,-125
5572,625
5573,675
5574,-125
5575,673
5576,675
5577,-25
5578,619
5579,-27
5580,623
5581,-127
5582,423
5583,675
5584,-75
5585,523
5586,-125
5587,621
5588,-125
5589,573
5590,621
5591,573
5592,623
5593,675
5594,525
5595,673
5596,675
5597,350
5598,573
5599,-250
5600,-75
5601,323
5602,675
5603,675
5604,525
5605,-177
5606,625
5607,625
5608,671
5609,423
5610,-27
5611,348
5612,-77
5613,-52
5614,150
5615,625
5616,400
5617,675
5618,625
5619,-125
5620,-127
5621,525
5622,-125
5623,375
5624,625
5625,625
5626,575
5627,625
5628,675
5629,523
5630,-77
5631,623
5632,675
5633,-125
5634,675
5635,421
5636,625
5637,273
5638,-75
5639,621
5640,-175
5641,573
5642,673
5643,598
5644,500
5645,625
5646,525
5647,400
5648,623
5649,625
5650,500
5651,569
5652,621
5653,425
5654,575
5655,-125
5656,625
5657,173
5658,675
5659,625
5660,150
5661,675
5662,-75
5663,425
5664,673
5665,673
5666,-125
5667,675
5668,623
5669,475
5670,573
5671,-75
5672,575
5673,673
5674,425
5675,675
5676,675
5677,296
5678,575
5679,573
5680,675
5681,675
5682,-125
5683,621
5684,325
5685,625
5686,398
5687,625
5688,123
5689,-125
5690,475
5691,494
5692,-125
5693,-75
5694,675
5695,-75
5696,675
5697,625
5698,423
5699,475
5700,623
5701,675
5702,625
5703,625
5704,625
5705,675
5706,-125
5707,675
5708,473
5709,-75
5710,548
5711,273
5712,348
5713,525
5714,573
5715,675
5716,625
5717,-25
5718,575
5719,675
5720,675
5721,350
5722,525
5723,623
5724,425
5725,-125
5726,-27
5727,-131
5728,675
5729,571
5730,348
5731,625
5732,475
5733,673
5734,475
5735,625
5736,675
5737,625
5738,-125
5739,-75
5740,550
5741,-125
5742,575
5743,-127
5744,625
5745,500
5746,100
5747,675
5748,671
5749,575
5750,525
5751,575
5752,373
5753,573
5754,625
5755,-125
5756,469
5757,-125
5758,675
5759,350
5760,475
5761,675
5762,-127
5763,-125
5764,673
5765,673
5766,348
5767,675
5768,-25
5769,250
5770,625
5771,-125
5772,669
5773,475
5774,523
5775,625
5776,425
5777,-75
5778,673
5779,575
5780,675
5781,348
5782,-75
5783,675
5784,673
5785,394
5786,669
5787,396
5788,675
5789,-127
5790,625
5791,675
5792,-25
5793,675
5794,673
5795,425
5796,675
5797,423
5798,-250
5799,573
5800,575
5801,675
5802,225
5803,400
5804,623
5805,675
5806,473
5807,675
5808,625
5809,675
5810,673
5811,675
5812,675
5813,573
5814,575
5815,625
5816,675
5817,675
5818,675
5819,-75
5820,625
5821,625
5822,673
5823,25
5824,675
5825,398
5826,675
5827,425
5828,571
5829,573
5830,425
5831,-77
5832,625
5833,625
5834,573
5835,675
5836,575
5837,675
5838,625
5839,575
5840,325
5841,400
5842,-125
5843,-27
5844,-200
5845,-25
5846,625
5847,500
5848,-125
5849,625
5850,75
5851,625
5852,525
5853,675
5854,425
5855,673
5856,675
5857,473
5858,625
5859,675
5860,400
5861,625
5862,-125
5863,-125
5864,523
5865,523
5866,-77
5867,625
5868,-25
5869,-125
5870,-25
5871,625
5872,675
5873,-77
5874,625
5875,623
5876,-125
5877,625
5878,550
5879,-125
5880,675
5881,473
5882,675
5883,625
5884,625
5885,548
5886,400
5887,623
5888,675
5889,671
5890,673
5891,675
5892,275
5893,675
5894,475
5895,625
5896,473
5897,625
5898,521
5899,448
5900,673
5901,671
5902,623
5903,425
5904,623
5905,400
5906,275
5907,-75
5908,675
5909,671
5910,675
5911,550
5912,623
5913,625
5914,675
5915,625
5916,625
5917,575
5918,675
5919,623
5920,-77
5921,675
5922,-125
5923,521
5924,625
5925,625
5926,675
5927,625
5928,398
5929,575
5930,398
5931,400
5932,675
5933,425
5934,-25
5935,525
5936,523
5937,473
5938,675
5939,475
5940,675
5941,625
5942,400
5943,-75
5944,675
5945,625
5946,375
5947,675
5948,323
5949,575
5950,675
5951,673
5952,-177
5953,625
5954,-127
5955,-202
5956,425
5957,671
5958,398
5959,675
5960,-125
5961,675
5962,346
5963,671
5964,623
5965,673
5966,675
5967,475
5968,625
5969,623
5970,375
5971,675
5972,625
5973,-77
5974,623
5975,573
5976,675
5977,573
5978,625
5979,398
5980,394
5981,675
5982,675
5983,-75
5984,675
5985,675
5986,625
5987,575
5988,675
5989,575
5990,675
5991,673
5992,-77
5993,625
5994,623
5995,525
5996,571
5997,675
5998,625
5999,675
6000,675
6001,473
6002,675
6003,625
6004,625
6005,623
6006,675
6007,673
6008,571
6009,675
6010,525
6011,425
6012,675
6013,675
6014,425
6015,675
6016,673
6017,625
6018,675
6019,523
6020,675
6021,575
6022,625
6023,525
6024,623
6025,-104
6026,400
6027,221
6028,-27
6029,675
6030,521
6031,575
6032,625
6033,-75
6034,625
6035,425
6036,523
6037,-202
6038,669
6039,-125
6040,375
6041,625
6042,-27
6043,573
6044,-75
6045,425
6046,575
6047,623
6048,625
6049,675
6050,625
6051,675
6052,625
6053,-27
6054,425
6055,525
6056,-125
6057,-125
6058,546
6059,675
6060,550
6061,350
6062,623
6063,425
6064,673
6065,450
6066,625
6067,373
6068,675
6069,375
6070,673
6071,671
6072,625
6073,675
6074,550
6075,675
6076,675
6077,625
6078,-77
6079,623
6080,673
6081,621
6082,546
6083,675
6084,675
6085,625
6086,219
6087,625
6088,623
6089,675
6090,625
6091,673
6092,-25
6093,298
6094,623
6095,625
6096,398
6097,-29
6098,675
6099,673
6100,625
6101,575
6102,675
6103,475
6104,-75
6105,575
6106,575
6107,625
6108,-31
6109,-27
6110,673
6111,-75
6112,-125
6113,625
6114,625
6115,525
6116,550
6117,398
6118,625
6119,625
6120,675
6121,396
6122,375
6123,-125
6124,425
6125,625
6126,573
6127,625
6128,425
6129,623
6130,523
6131,675
6132,473
6133,500
6134,550
6135,625
6136,425
6137,-175
6138,673
6139,571
6140,675
6141,673
6142,-29
6143,-129
6144,625
6145,298
6146,546
6147,673
6148,575
6149,625
6150,473
6151,94
6152,-127
6153,300
6154,675
6155,-125
6156,573
6157,673
6158,623
6159,-29
6160,625
6161,673
6162,673
6163,675
6164,-75
6165,525
6166,573
6167,625
6168,450
6169,575
6170,-127
6171,675
6172,571
6173,573
6174,673
6175,-125
6176,-250
6177,675
6178,573
6179,523
6180,-129
6181,675
6182,671
6183,575
6184,671
6185,675
6186,473
6187,525
6188,623
6189,675
6190,425
6191,625
6192,471
6193,-77
6194,498
6195,-125
6196,625
6197,400
6198,623
6199,623
6200,375
6201,425
6202,525
6203,298
6204,-75
6205,575
6206,-125
6207,675
6208,-75
6209,-29
6210,675
6211,-75
6212,523
6213,625
6214,675
6215,525
6216,-75
6217,625
6218,500
6219,-77
6220,625
6221,0
6222,-25
6223,675
6224,675
6225,573
6226,675
6227,675
6228,625
6229,575
6230,-79
6231,-225
6232,625
6233,475
6234,625
6235,675
6236,-129
6237,575
6238,673
6239,575
6240,625
6241,525
6242,675
6243,-75
6244,525
6245,621
6246,675
6247,625
6248,-125
6249,498
6250,675
6251,623
6252,625
6253,-179
6254,675
6255,423
6256,675
6257,523
6258,-75
6259,675
6260,675
6261,625
6262,425
6263,575
6264,675
6265,523
6266,673
6267,575
6268,625
6269,-125
6270,675
6271,-125
6272,-175
6273,400
6274,575
6275,673
6276,269
6277,-125
6278,571
6279,675
6280,625
6281,-75
6282,525
6283,675
6284,-77
6285,-25
6286,-102
6287,500
6288,-75
6289,-25
6290,675
6291,375
6292,525
6293,475
6294,-75
6295,475
6296,-77
6297,625
6298,550
6299,623
6300,-77
6301,675
6302,675
6303,573
6304,623
6305,675
6306,625
6307,-25
6308,-75
6309,475
6310,625
6311,571
6312,623
6313,675
6314,623
6315,425
6316,675
6317,625
6318,673
6319,675
6320,575
6321,423
6322,425
6323,675
6324,623
6325,625
6326,0
6327,246
6328,525
6329,675
6330,498
6331,473
6332,675
6333,675
6334,-25
6335,400
6336,675
6337,675
6338,675
6339,346
6340,-77
6341,473
6342,-275
6343,350
6344,675
6345,-75
6346,625
6347,575
6348,675
6349,425
6350,-27
6351,73
6352,675
6353,373
6354,375
6355,673
6356,-54
6357,200
6358,-79
6359,625
6360,673
6361,673
6362,675
6363,525
6364,673
6365,550
6366,675
6367,475
6368,623
6369,675
6370,273
6371,675
6372,423
6373,-75
6374,625
6375,673
6376,373
6377,625
6378,675
6379,400
6380,675
6381,673
6382,625
6383,-25
6384,450
6385,621
6386,525
6387,673
6388,-127
6389,675
6390,673
6391,625
6392,625
6393,673
6394,-75
6395,-125
6396,325
6397,398
6398,673
6399,473
6400,-125
6401,473
6402,573
6403,523
6404,673
6405,623
6406,575
6407,675
6408,625
6409,625
6410,625
6411,-127
6412,575
6413,571
6414,675
6415,625
6416,675
6417,500
6418,675
6419,675
6420,625
6421,550
6422,-75
6423,-75
6424,575
6425,575
6426,625
6427,625
6428,673
6429,-75
6430,-200
6431,500
6432,-229
6433,525
6434,548
6435,621
6436,575
6437,625
6438,575
6439,548
6440,623
6441,398
6442,471
6443,675
6444,300
6445,675
6446,-175
6447,575
6448,625
6449,471
6450,625
6451,575
6452,575
6453,673
6454,675
6455,525
6456,671
6457,623
6458,350
6459,525
6460,675
6461,675
6462,675
6463,675
6464,673
6465,675
6466,673
6467,-75
6468,675
6469,623
6470,625
6471,675
6472,-75
6473,625
6474,673
6475,-127
6476,675
6477,350
6478,625
6479,575
6480,625
6481,675
6482,623
6483,548
6484,-27
6485,625
6486,-75
6487,625
6488,-29
6489,423
6490,625
6491,675
6492,623
6493,-177
6494,-125
6495,675
6496,-29
6497,525
6498,675
6499,675
6500,348
6501,675
6502,675
6503,425
6504,623
6505,475
6506,525
6507,-75
6508,325
6509,400
6510,246
6511,373
6512,521
6513,625
6514,675
6515,-125
6516,-27
6517,673
6518,675
6519,675
6520,625
6521,575
6522,625
6523,671
6524,473
6525,575
6526,675
6527,675
6528,-125
6529,623
6530,-79
6531,625
6532,675
6533,-75
6534,473
6535,625
6536,671
6537,673
6538,523
6539,623
6540,675
6541,675
6542,675
6543,475
6544,-125
6545,350
6546,625
6547,525
6548,521
6549,575
6550,475
6551,525
6552,625
6553,467
6554,525
6555,-25
6556,665
6557,525
6558,-75
6559,475
6560,248
6561,675
6562,400
6563,523
6564,-75
6565,-27
6566,-127
6567,673
6568,675
6569,375
6570,625
6571,625
6572,675
6573,673
6574,525
6575,-125
6576,675
6577,-75
6578,675
6579,573
6580,498
6581,323
6582,625
6583,-125
6584,625
6585,-75
6586,573
6587,340
6588,498
6589,623
6590,-125
6591,-125
6592,400
6593,625
6594,525
6595,675
6596,-127
6597,675
6598,625
6599,675
6600,-75
6601,571
6602,150
6603,673
6604,671
6605,525
6606,-75
6607,-125
6608,675
6609,575
6610,575
6611,-25
6612,675
6613,625
6614,-125
6615,675
6616,625
6617,575
6618,571
6619,-125
6620,623
6621,-125
6622,-225
6623,625
6624,675
6625,675
6626,625
6627,400
6628,-225
6629,348
6630,425
6631,623
6632,575
6633,550
6634,673
6635,623
6636,475
6637,675
6638,675
6639,425
6640,625
6641,398
6642,675
6643,-29
6644,675
6645,250
6646,625
6647,675
6648,525
6649,573
6650,475
6651,298
6652,-75
6653,-75
6654,567
6655,675
6656,546
6657,575
6658,575
6659,673
6660,625
6661,675
6662,623
6663,675
6664,623
6665,273
6666,667
6667,673
6668,675
6669,575
6670,675
6671,625
6672,673
6673,621
6674,400
6675,-225
6676,198
6677,73
6678,-27
6679,350
6680,423
6681,-75
6682,625
6683,475
6684,575
6685,673
6686,675
6687,-177
6688,373
6689,575
6690,-125
6691,475
6692,673
6693,-125
6694,675
6695,625
6696,623
6697,400
6698,100
6699,525
6700,-125
6701,598
6702,673
6703,675
6704,621
6705,623
6706,671
6707,625
6708,675
6709,573
6710,-75
6711,475
6712,675
6713,671
6714,475
6715,475
6716,673
6717,671
6718,675
6719,-27
6720,425
6721,550
6722,475
6723,675
6724,-125
6725,623
6726,575
6727,525
6728,525
6729,398
6730,675
6731,-175
6732,425
6733,425
6734,-129
6735,575
6736,-125
6737,-125
6738,625
6739,-125
6740,625
6741,523
6742,573
6743,-125
6744,400
6745,675
6746,625
6747,275
6748,575
6749,625
6750,-225
6751,525
6752,675
6753,623
6754,575
6755,625
6756,675
6757,-27
6758,675
6759,-125
6760,625
6761,671
6762,198
6763,675
6764,-175
6765,-175
6766,673
6767,675
6768,673
6769,-125
6770,400
6771,625
6772,625
6773,425
6774,625
6775,-25
6776,-35
6777,-125
6778,675
6779,675
6780,675
6781,675
6782,675
6783,675
6784,498
6785,675
6786,550
6787,675
6788,525
6789,623
6790,671
6791,673
6792,673
6793,675
6794,625
6795,575
6796,675
6797,550
6798,675
6799,625
6800,675
6801,623
6802,-125
6803,575
6804,-75
6805,675
6806,425
6807,675
6808,625
6809,223
6810,-75
6811,625
6812,673
6813,625
6814,546
6815,675
6816,525
6817,673
6818,573
6819,625
6820,623
6821,675
6822,625
6823,-250
6824,471
6825,569
6826,575
6827,475
6828,573
6829,675
6830,675
6831,675
6832,425
6833,300
6834,675
6835,673
6836,323
6837,625
6838,673
6839,575
6840,625
6841,498
6842,673
6843,423
6844,-77
6845,575
6846,625
6847,623
6848,675
6849,223
6850,344
6851,625
6852,675
6853,-325
6854,625
6855,675
6856,671
6857,575
6858,625
6859,675
6860,-127
6861,-127
6862,625
6863,575
6864,-75
6865,675
6866,673
6867,550
6868,423
6869,525
6870,-75
6871,675
6872,675
6873,625
6874,625
6875,571
6876,525
6877,675
6878,423
6879,-202
6880,350
6881,625
6882,473
6883,575
6884,675
6885,400
6886,400
6887,373
6888,625
6889,-25
6890,675
6891,571
6892,348
6893,450
6894,625
6895,675
6896,675
6897,575
6898,571
6899,500
6900,625
6901,-77
6902,575
6903,-75
6904,675
6905,-127
6906,-125
6907,525
6908,673
6909,573
6910,423
6911,-125
6912,625
6913,-75
6914,423
6915,400
6916,575
6917,669
6918,673
6919,675
6920,623
6921,573
6922,575
6923,-125
6924,-25
6925,575
6926,425
6927,-77
6928,475
6929,348
6930,475
6931,675
6932,623
6933,-125
6934,423
6935,-75
6936,625
6937,544
6938,623
6939,-27
6940,675
6941,625
6942,-125
6943,675
6944,-125
6945,675
6946,625
6947,675
6948,675
6949,523
6950,-127
6951,-125
6952,575
6953,525
6954,573
6955,575
6956,675
6957,150
6958,-79
6959,525
6960,473
6961,-125
6962,475
6963,523
6964,621
6965,625
6966,675
6967,625
6968,-77
6969,400
6970,675
6971,621
6972,675
6973,625
6974,350
6975,523
6976,625
6977,625
6978,-25
6979,525
6980,423
6981,673
6982,623
6983,573
6984,675
6985,-75
6986,-75
6987,675
6988,475
6989,550
6990,525
6991,575
6992,623
6993,-75
6994,473
6995,675
6996,669
6997,425
6998,350
6999,525
7000,575
7001,525
7002,675
7003,617
7004,675
7005,573
7006,625
7007,673
7008,521
7009,675
7010,625
7011,625
7012,498
7013,673
7014,625
7015,525
7016,675
7017,-125
7018,673
7019,573
7020,673
7021,675
7022,673
7023,575
7024,623
7025,523
7026,575
7027,675
7028,673
7029,625
7030,544
7031,671
7032,675
7033,198
7034,548
7035,623
7036,525
7037,498
7038,675
7039,675
7040,675
7041,675
7042,-75
7043,250
7044,425
7045,673
7046,675
7047,573
7048,425
7049,525
7050,675
7051,675
7052,571
7053,675
7054,675
7055,673
7056,-52
7057,-225
7058,625
7059,625
7060,525
7061,-75
7062,471
7063,-200
7064,625
7065,-125
7066,75
7067,400
7068,673
7069,423
7070,675
7071,625
7072,-125
7073,673
7074,673
7075,675
7076,546
7077,498
7078,-125
7079,575
7080,675
7081,-250
7082,673
7083,671
7084,673
7085,-225
7086,675
7087,550
7088,523
7089,-125
7090,425
7091,575
7092,675
7093,675
7094,-77
7095,273
7096,475
7097,575
7098,425
7099,-179
7100,-75
7101,625
7102,675
7103,623
7104,675
7105,-125
7106,400
7107,675
7108,621
7109,675
7110,550
7111,-75
7112,400
7113,623
7114,575
7115,673
7116,675
7117,625
7118,-125
7119,675
7120,675
7121,675
7122,625
7123,675
7124,623
7125,625
7126,625
7127,521
7128,675
7129,546
7130,675
7131,675
7132,-75
7133,571
7134,498
7135,675
7136,-77
7137,425
7138,-27
7139,621
7140,425
7141,675
7142,425
7143,623
7144,475
7145,425
7146,-125
7147,571
7148,-125
7149,675
7150,675
7151,625
7152,525
7153,419
7154,673
7155,-31
7156,571
7157,-127
7158,523
7159,623
7160,475
7161,673
7162,375
7163,675
7164,-27
7165,625
7166,575
7167,425
7168,675
7169,675
7170,673
7171,-31
7172,473
7173,671
7174,623
7175,423
7176,573
7177,-102
7178,523
7179,675
7180,625
7181,669
7182,675
7183,625
7184,675
7185,673
7186,625
7187,675
7188,625
7189,675
7190,675
7191,396
7192,673
7193,575
7194,475
7195,573
7196,-125
7197,-81
7198,675
7199,625
7200,571
7201,-25
7202,-125
7203,575
7204,675
7205,675
7206,525
7207,525
7208,-75
7209,0
7210,425
7211,525
7212,325
7213,623
7214,675
7215,673
7216,325
7217,571
7218,673
7219,448
7220,523
7221,673
7222,675
7223,275
7224,623
7225,623
7226,621
7227,625
7228,-125
7229,425
7230,623
7231,671
7232,675
7233,-25
7234,625
7235,425
7236,-200
7237,625
7238,673
7239,675
7240,273
7241,575
7242,-75
7243,625
7244,350
7245,-177
7246,575
7247,-177
7248,523
7249,573
7250,-125
7251,623
7252,-150
7253,621
7254,673
7255,348
7256,671
7257,575
7258,-125
7259,675
7260,475
7261,-25
7262,423
7263,623
7264,675
7265,575
7266,-75
7267,575
7268,-125
7269,673
7270,625
7271,625
7272,346
7273,-77
7274,200
7275,675
7276,-125
7277,675
7278,-175
7279,-129
7280,675
7281,496
7282,625
7283,-25
7284,575
7285,675
7286,523
7287,625
7288,-125
7289,675
7290,675
7291,525
7292,625
7293,575
7294,675
7295,625
7296,625
7297,675
7298,425
7299,400
7300,625
7301,575
7302,398
7303,625
7304,273
7305,425
7306,675
7307,-200
7308,675
7309,625
7310,373
7311,-183
7312,375
7313,673
7314,573
7315,675
7316,669
7317,575
7318,398
7319,675
7320,673
7321,625
7322,473
7323,-100
7324,371
7325,675
7326,398
7327,273
7328,348
7329,300
7330,498
7331,-75
7332,625
7333,673
7334,673
7335,625
7336,575
7337,575
7338,496
7339,625
7340,350
7341,675
7342,425
7343,475
7344,675
7345,-125
7346,525
7347,471
7348,425
7349,675
7350,673
7351,575
7352,625
7353,575
7354,575
7355,-125
7356,673
7357,675
7358,-75
7359,325
7360,500
7361,671
7362,275
7363,625
7364,371
7365,475
7366,623
7367,623
7368,498
7369,671
7370,473
7371,675
7372,675
7373,-77
7374,-75
7375,675
7376,673
7377,525
7378,573
7379,398
7380,575
7381,675
7382,673
7383,675
7384,575
7385,275
7386,-75
7387,375
7388,500
7389,675
7390,323
7391,525
7392,573
7393,675
7394,625
7395,675
7396,675
7397,625
7398,-27
7399,523
7400,673
7401,623
7402,675
7403,498
7404,675
7405,525
7406,275
7407,-150
7408,500
7409,673
7410,423
7411,675
7412,573
7413,673
7414,625
7415,-127
7416,573
7417,-27
7418,475
7419,425
7420,-75
7421,525
7422,550
7423,-77
7424,475
7425,450
7426,673
7427,575
7428,673
7429,350
7430,523
7431,623
7432,548
7433,625
7434,573
7435,-125
7436,675
7437,675
7438,625
7439,675
7440,675
7441,675
7442,500
7443,625
7444,425
7445,-125
7446,-227
7447,675
7448,675
7449,625
7450,425
7451,-75
7452,623
7453,98
7454,675
7455,575
7456,571
7457,425
7458,-77
7459,625
7460,575
7461,398
7462,400
7463,521
7464,625
7465,623
7466,675
7467,-75
7468,625
7469,675
7470,-125
7471,675
7472,575
7473,575
7474,675
7475,425
7476,675
7477,475
7478,625
7479,498
7480,625
7481,525
7482,675
7483,625
7484,525
7485,675
7486,625
7487,-125
7488,625
7489,575
7490,396
7491,675
7492,575
7493,448
7494,375
7495,425
7496,673
7497,625
7498,-27
7499,-175
7500,575
7501,675
7502,-75
7503,575
7504,575
7505,423
7506,350
7507,575
7508,473
7509,675
7510,575
7511,675
7512,-25
7513,625
7514,623
7515,-75
7516,398
7517,625
7518,625
7519,623
7520,-129
7521,671
7522,625
7523,-100
7524,548
7525,523
7526,625
7527,23
7528,473
7529,425
7530,-75
7531,675
7532,498
7533,-25
7534,625
7535,625
7536,471
7537,-75
7538,-125
7539,675
7540,425
7541,425
7542,475
7543,575
7544,673
7545,621
7546,671
7547,525
7548,675
7549,625
7550,673
7551,673
7552,625
7553,623
7554,375
7555,675
7556,625
7557,625
7558,398
7559,673
7560,675
7561,-125
7562,300
7563,575
7564,675
7565,575
7566,323
7567,625
7568,675
7569,-250
7570,625
7571,625
7572,475
7573,623
7574,575
7575,425
7576,675
7577,673
7578,448
7579,675
7580,675
7581,525
7582,150
7583,673
7584,-75
7585,-79
7586,500
7587,675
7588,625
7589,-127
7590,675
7591,675
7592,571
7593,350
7594,423
7595,625
7596,519
7597,-75
7598,675
7599,519
7600,523
7601,673
7602,625
7603,625
7604,673
7605,475
7606,625
7607,575
7608,-127
7609,625
7610,675
7611,-127
7612,525
7613,675
7614,575
7615,425
7616,575
7617,675
7618,625
7619,500
7620,246
7621,625
7622,675
7623,423
7624,300
7625,675
7626,-175
7627,573
7628,575
7629,625
7630,-125
7631,671
7632,550
7633,471
7634,525
7635,525
7636,425
7637,471
7638,375
7639,-175
7640,425
7641,675
7642,523
7643,-127
7644,575
7645,675
7646,675
7647,675
7648,675
7649,150
7650,498
7651,671
7652,625
7653,625
7654,-175
7655,675
7656,-27
7657,-131
7658,475
7659,-125
7660,625
7661,450
7662,675
7663,673
7664,-75
7665,473
7666,675
7667,375
7668,675
7669,673
7670,675
7671,675
7672,-277
7673,-25
7674,625
7675,575
7676,673
7677,350
7678,550
7679,625
7680,525
7681,625
7682,675
7683,-75
7684,-29
7685,675
7686,673
7687,625
7688,475
7689,675
7690,-125
7691,675
7692,625
7693,-125
7694,625
7695,575
7696,521
7697,675
7698,675
7699,675
7700,675
7701,675
7702,-202
7703,571
7704,373
7705,-125
7706,525
7707,675
7708,573
7709,675
7710,400
7711,448
7712,-77
7713,400
7714,-200
7715,450
7716,625
7717,500
7718,675
7719,675
7720,625
7721,625
7722,-75
7723,675
7724,425
7725,625
7726,675
7727,198
7728,525
7729,375
7730,-75
7731,575
7732,675
7733,625
7734,23
7735,675
7736,675
7737,625
7738,625
7739,-77
7740,623
7741,525
7742,-77
7743,673
7744,625
7745,525
7746,-75
7747,675
7748,-125
7749,671
7750,525
7751,-75
7752,-27
7753,-75
7754,675
7755,-175
7756,-27
7757,521
7758,525
7759,675
7760,400
7761,425
7762,673
7763,575
7764,298
7765,675
7766,500
7767,-77
7768,-77
7769,675
7770,425
7771,625
7772,675
7773,675
7774,625
7775,675
7776,625
7777,625
7778,575
7779,675
7780,475
7781,425
7782,625
7783,-75
7784,625
7785,623
7786,675
7787,675
7788,675
7789,350
7790,-125
7791,625
7792,-127
7793,625
7794,673
7795,675
7796,625
7797,-75
7798,425
7799,675
7800,25
7801,675
7802,525
7803,-125
7804,675
7805,348
7806,-125
7807,675
7808,673
7809,521
7810,675
7811,-127
7812,-125
7813,625
7814,573
7815,-179
7816,675
7817,625
7818,150
7819,-27
7820,675
7821,675
7822,-75
7823,-75
7824,625
7825,675
7826,-77
7827,575
7828,425
7829,473
7830,673
7831,673
7832,-127
7833,-77
7834,-75
7835,675
7836,-75
7837,-125
7838,550
7839,623
7840,-175
7841,575
7842,500
7843,-75
7844,-125
7845,475
7846,-127
7847,675
7848,0
7849,573
7850,575
7851,623
7852,-75
7853,625
7854,675
7855,675
7856,623
7857,575
7858,525
7859,-125
7860,673
7861,625
7862,675
7863,300
7864,400
7865,625
7866,625
7867,675
7868,675
7869,625
7870,350
7871,475
7872,573
7873,673
7874,625
7875,675
7876,675
7877,625
7878,525
7879,675
7880,225
7881,-31
7882,675
7883,-125
7884,625
7885,-25
7886,675
7887,-127
7888,550
7889,575
7890,575
7891,625
7892,675
7893,-25
7894,373
7895,400
7896,348
7897,623
7898,673
7899,400
7900,675
7901,525
7902,675
7903,-77
7904,-125
7905,675
7906,625
7907,-127
7908,625
7909,-125
7910,671
7911,473
7912,575
7913,523
7914,575
7915,675
7916,400
7917,625
7918,-327
7919,675
7920,525
7921,675
7922,525
7923,625
7924,675
7925,675
7926,625
7927,-200
7928,675
7929,125
7930,675
7931,469
7932,-52
7933,-75
7934,-77
7935,-150
7936,575
7937,675
7938,673
7939,623
7940,523
7941,675
7942,-129
7943,625
7944,675
7945,625
7946,525
7947,625
7948,-202
7949,575
7950,675
7951,625
7952,-75
7953,675
7954,550
7955,300
7956,573
7957,673
7958,573
7959,475
7960,625
7961,675
7962,625
7963,400
7964,150
7965,675
7966,625
7967,-75
7968,625
7969,625
7970,571
7971,575
7972,625
7973,325
7974,348
7975,575
7976,550
7977,625
7978,671
7979,525
7980,673
7981,675
7982,-79
7983,675
7984,350
7985,-25
7986,623
7987,525
7988,675
7989,-25
7990,548
7991,525
7992,525
7993,675
7994,400
7995,423
7996,675
7997,248
7998,675
7999,625
8000,523
8001,-127
8002,423
8003,-125
8004,523
8005,625
8006,675
8007,-75
8008,675
8009,525
8010,675
8011,-25
8012,400
8013,575
8014,-27
8015,-25
8016,-125
8017,400
8018,673
8019,525
8020,675
8021,625
8022,575
8023,425
8024,-75
8025,346
8026,575
8027,550
8028,625
8029,-75
8030,675
8031,-81
8032,375
8033,675
8034,525
8035,423
8036,619
8037,350
8038,525
8039,671
8040,-75
8041,675
8042,623
8043,148
8044,-304
8045,-75
8046,300
8047,575
8048,-125
8049,675
8050,-125
8051,675
8052,-125
8053,450
8054,675
8055,225
8056,475
8057,675
8058,573
8059,675
8060,-27
8061,625
8062,625
8063,625
8064,475
8065,625
8066,575
8067,550
8068,500
8069,623
8070,525
8071,-75
8072,625
8073,573
8074,625
8075,523
8076,675
8077,-75
8078,573
8079,523
8080,521
8081,675
8082,625
8083,675
8084,675
8085,673
8086,525
8087,673
8088,675
8089,625
8090,-125
8091,-125
8092,625
8093,625
8094,625
8095,673
8096,675
8097,575
8098,623
8099,675
8100,-125
8101,575
8102,300
8103,469
8104,675
8105,-125
8106,673
8107,675
8108,575
8109,675
8110,523
8111,625
8112,675
8113,425
8114,625
8115,675
8116,475
8117,623
8118,673
8119,575
8120,-27
8121,675
8122,673
8123,-175
8124,150
8125,475
8126,673
8127,625
8128,500
8129,623
8130,673
8131,623
8132,675
8133,375
8134,675
8135,625
8136,575
8137,675
8138,471
8139,-75
8140,623
8141,400
8142,675
8143,-125
8144,525
8145,-2
8146,400
8147,-125
8148,675
8149,400
8150,525
8151,-125
8152,675
8153,675
8154,623
8155,675
8156,675
8157,623
8158,625
8159,425
8160,675
8161,625
8162,500
8163,498
8164,425
8165,675
8166,525
8167,-75
8168,673
8169,475
8170,575
8171,-75
8172,621
8173,-125
8174,625
8175,-125
8176,675
8177,450
8178,623
8179,50
8180,675
8181,-125
8182,-77
8183,625
8184,425
8185,575
8186,-75
8187,625
8188,571
8189,525
8190,400
8191,673
8192,523
8193,525
8194,675
8195,625
8196,623
8197,675
8198,675
8199,-125
8200,-125
8201,425
8202,675
8203,625
8204,625
8205,623
8206,-27
8207,625
8208,625
8209,400
8210,625
8211,675
8212,623
8213,400
8214,625
8215,675
8216,675
8217,675
8218,523
8219,675
8220,525
8221,-325
8222,675
8223,325
8224,625
8225,625
8226,575
8227,675
8228,671
8229,675
8230,625
8231,675
8232,675
8233,573
8234,-127
8235,-125
8236,625
8237,-25
8238,625
8239,625
8240,-125
8241,673
8242,675
8243,675
8244,623
8245,573
8246,675
8247,575
8248,-77
8249,675
8250,625
8251,675
8252,525
8253,-125
8254,-75
8255,-77
8256,673
8257,675
8258,573
8259,625
8260,625
8261,573
8262,675
8263,-25
8264,548
8265,675
8266,575
8267,425
8268,-75
8269,373
8270,-125
8271,525
8272,625
8273,675
8274,675
8275,-200
8276,-75
8277,573
8278,550
8279,625
8280,200
8281,673
8282,475
8283,473
8284,350
8285,675
8286,523
8287,575
8288,675
8289,623
8290,669
8291,300
8292,275
8293,-125
8294,350
8295,625
8296,625
8297,-75
8298,525
8299,675
8300,675
8301,673
8302,673
8303,673
8304,-79
8305,175
8306,623
8307,623
8308,625
8309,623
8310,575
8311,-125
8312,-77
8313,-75
8314,450
8315,325
8316,575
8317,525
8318,675
8319,575
8320,675
8321,-75
8322,625
8323,-125
8324,673
8325,675
8326,375
8327,673
8328,-125
8329,-75
8330,375
8331,675
8332,575
8333,-75
8334,623
8335,-125
8336,471
8337,673
8338,625
8339,675
8340,525
8341,675
8342,575
8343,-27
8344,-75
8345,623
8346,523
8347,300
8348,575
8349,475
8350,250
8351,675
8352,675
8353,625
8354,675
8355,675
8356,625
8357,573
8358,375
8359,575
8360,675
8361,-27
8362,375
8363,675
8364,-125
8365,573
8366,575
8367,675
8368,-27
8369,673
8370,575
8371,-175
8372,571
8373,675
8374,546
8375,198
8376,673
8377,575
8378,-127
8379,625
8380,475
8381,623
8382,425
8383,625
8384,398
8385,350
8386,525
8387,175
8388,-75
8389,673
8390,-75
8391,-125
8392,575
8393,675
8394,623
8395,-75
8396,375
8397,425
8398,675
8399,-175
8400,575
8401,675
8402,675
8403,675
8404,675
8405,673
8406,625
8407,-77
8408,623
8409,675
8410,625
8411,-27
8412,-125
8413,-250
8414,523
8415,675
8416,623
8417,675
8418,675
8419,675
8420,-125
8421,550
8422,673
8423,-27
8424,575
8425,625
8426,675
8427,675
8428,675
8429,-77
8430,398
8431,325
8432,623
8433,423
8434,571
8435,675
8436,575
8437,498
8438,625
8439,-125
8440,550
8441,-125
8442,671
8443,-125
8444,671
8445,-200
8446,400
8447,675
8448,-75
8449,675
8450,673
8451,-75
8452,-25
8453,-79
8454,375
8455,375
8456,625
8457,673
8458,673
8459,621
8460,571
8461,675
8462,-75
8463,575
8464,400
8465,675
8466,-127
8467,625
8468,621
8469,-125
8470,500
8471,675
8472,-75
8473,675
8474,-125
8475,-304
8476,569
8477,350
8478,375
8479,675
8480,371
8481,575
8482,348
8483,675
8484,-25
8485,675
8486,-102
8487,-77
8488,673
8489,625
8490,425
8491,625
8492,425
8493,523
8494,300
8495,673
8496,675
8497,621
8498,425
8499,525
8500,573
8501,669
8502,675
8503,550
8504,523
8505,675
8506,675
8507,625
8508,325
8509,-75
8510,675
8511,425
8512,673
8513,675
8514,473
8515,675
8516,569
8517,675
8518,548
8519,-127
8520,625
8521,-127
8522,548
8523,-125
8524,575
8525,675
8526,675
8527,525
8528,425
8529,623
8530,621
8531,523
8532,671
8533,550
8534,-27
8535,675
8536,575
8537,623
8538,625
8539,675
8540,-77
8541,-50
8542,550
8543,275
8544,-31
8545,575
8546,673
8547,425
8548,525
8549,523
8550,175
8551,675
8552,675
8553,675
8554,448
8555,425
8556,623
8557,400
8558,673
8559,348
8560,-125
8561,600
8562,573
8563,575
8564,625
8565,150
8566,673
8567,623
8568,523
8569,525
8570,398
8571,673
8572,523
8573,625
8574,675
8575,425
8576,675
8577,500
8578,-25
8579,673
8580,496
8581,625
8582,675
8583,575
8584,425
8585,675
8586,623
8587,623
8588,-125
8589,623
8590,-125
8591,673
8592,-75
8593,675
8594,675
8595,325
8596,400
8597,-25
8598,600
8599,573
8600,673
8601,473
8602,675
8603,623
8604,573
8605,-127
8606,625
8607,-27
8608,-25
8609,-127
8610,673
8611,675
8612,475
8613,625
8614,675
8615,523
8616,675
8617,571
8618,498
8619,-125
8620,-75
8621,-125
8622,-127
8623,-27
8624,675
8625,675
8626,575
8627,-125
8628,673
8629,-125
8630,673
8631,573
8632,625
8633,525
8634,573
8635,525
8636,350
8637,-75
8638,550
8639,625
8640,-125
8641,575
8642,625
8643,675
8644,625
8645,-125
8646,-125
8647,-175
8648,400
8649,398
8650,575
8651,675
8652,575
8653,400
8654,675
8655,573
8656,300
8657,525
8658,496
8659,623
8660,471
8661,675
8662,675
8663,-225
8664,573
8665,675
8666,675
8667,475
8668,-25
8669,325
8670,471
8671,671
8672,475
8673,23
8674,673
8675,625
8676,675
8677,621
8678,625
8679,573
8680,625
8681,625
8682,-227
8683,675
8684,523
8685,525
8686,-75
8687,675
8688,-75
8689,150
8690,673
8691,223
8692,675
8693,-125
8694,675
8695,-127
8696,675
8697,-27
8698,400
8699,675
8700,-125
8701,525
8702,-325
8703,675
8704,673
8705,573
8706,675
8707,673
8708,625
8709,675
8710,625
8711,675
8712,498
8713,675
8714,525
8715,675
8716,625
8717,-27
8718,396
8719,475
8720,546
8721,571
8722,675
8723,625
8724,375
8725,675
8726,675
8727,425
8728,675
8729,625
8730,673
8731,675
8732,-200
8733,573
8734,675
8735,625
8736,575
8737,-125
8738,573
8739,523
8740,396
8741,525
8742,675
8743,625
8744,675
8745,623
8746,325
8747,525
8748,275
8749,375
8750,675
8751,573
8752,-77
8753,675
8754,398
8755,619
8756,-202
8757,675
8758,550
8759,625
8760,623
8761,250
8762,675
8763,575
8764,675
8765,-127
8766,671
8767,623
8768,550
8769,623
8770,348
8771,623
8772,573
8773,675
8774,673
8775,675
8776,573
8777,625
8778,675
8779,475
8780,575
8781,-77
8782,573
8783,-125
8784,675
8785,669
8786,675
8787,623
8788,575
8789,625
8790,100
8791,475
8792,675
8793,675
8794,621
8795,-75
8796,673
8797,421
8798,625
8799,675
8800,550
8801,625
8802,-75
8803,575
8804,-125
8805,673
8806,675
8807,671
8808,675
8809,625
8810,-125
8811,625
8812,473
8813,625
8814,-129
8815,150
8816,525
8817,-75
8818,675
8819,673
8820,-125
8821,348
8822,-125
8823,575
8824,398
8825,523
8826,675
8827,675
8828,671
8829,621
8830,500
8831,619
8832,625
8833,-125
8834,673
8835,525
8836,625
8837,675
8838,-75
8839,675
8840,571
8841,425
8842,550
8843,623
8844,573
8845,575
8846,423
8847,675
8848,325
8849,475
8850,619
8851,-25
8852,573
8853,-175
8854,625
8855,675
8856,-75
8857,575
8858,621
8859,625
8860,573
8861,-27
8862,-202
8863,673
8864,-75
8865,-77
8866,673
8867,675
8868,525
8869,675
8870,423
8871,100
8872,625
8873,350
8874,571
8875,250
8876,400
8877,675
8878,625
8879,-25
8880,-131
8881,671
8882,575
8883,625
8884,673
8885,675
8886,-125
8887,625
8888,623
8889,-125
8890,425
8891,625
8892,425
8893,248
8894,300
8895,675
8896,225
8897,675
8898,675
8899,-79
8900,373
8901,296
8902,250
8903,623
8904,675
8905,625
8906,625
8907,575
8908,625
8909,348
8910,621
8911,675
8912,-27
8913,673
8914,625
8915,675
8916,575
8917,575
8918,-75
8919,675
8920,673
8921,625
8922,525
8923,675
8924,-77
8925,325
8926,621
8927,625
8928,673
8929,350
8930,623
8931,425
8932,575
8933,575
8934,675
8935,625
8936,-125
8937,425
8938,625
8939,375
8940,623
8941,-125
8942,400
8943,498
8944,375
8945,523
8946,525
8947,575
8948,675
8949,675
8950,221
8951,623
8952,375
8953,625
8954,425
8955,400
8956,475
8957,675
8958,675
8959,423
8960,673
8961,-229
8962,523
8963,-75
8964,575
8965,-75
8966,350
8967,575
8968,675
8969,575
8970,294
8971,675
8972,-75
8973,523
8974,398
8975,-75
8976,675
8977,-75
8978,675
8979,671
8980,625
8981,475
8982,675
8983,625
8984,675
8985,375
8986,-77
8987,675
8988,625
8989,425
8990,523
8991,400
8992,675
8993,623
8994,625
8995,625
8996,675
8997,675
8998,-75
8999,-77
9000,398
9001,573
9002,673
9003,675
9004,675
9005,525
9006,-75
9007,-325
9008,621
9009,-31
9010,675
9011,-75
9012,423
9013,625
9014,623
9015,575
9016,-25
9017,550
9018,-75
9019,625
9020,425
9021,625
9022,-27
9023,523
9024,298
9025,625
9026,-75
9027,625
9028,675
9029,-25
9030,475
9031,573
9032,625
9033,525
9034,673
9035,625
9036,350
9037,573
9038,625
9039,623
9040,225
9041,673
9042,525
9043,-125
9044,473
9045,-100
9046,521
9047,573
9048,675
9049,673
9050,675
9051,500
9052,-125
9053,521
9054,-200
9055,625
9056,623
9057,-127
9058,425
9059,425
9060,673
9061,75
9062,675
9063,-77
9064,-127
9065,375
9066,625
9067,675
9068,625
9069,-27
9070,625
9071,675
9072,548
9073,525
9074,425
9075,-125
9076,498
9077,675
9078,675
9079,521
9080,450
9081,675
9082,-75
9083,675
9084,623
9085,675
9086,675
9087,675
9088,-75
9089,625
9090,675
9091,-25
9092,625
9093,525
9094,575
9095,675
9096,550
9097,348
9098,623
9099,575
9100,671
9101,350
9102,673
9103,675
9104,575
9105,475
9106,675
9107,625
9108,525
9109,-75
9110,675
9111,675
9112,398
9113,623
9114,-127
9115,475
9116,475
9117,575
9118,100
9119,623
9120,525
9121,625
9122,623
9123,-27
9124,675
9125,-31
9126,475
9127,-77
9128,669
9129,-29
9130,675
9131,675
9132,-75
9133,-177
9134,-75
9135,675
9136,525
9137,675
9138,-25
9139,675
9140,400
9141,625
9142,523
9143,575
9144,350
9145,523
9146,575
9147,525
9148,675
9149,675
9150,625
9151,-77
9152,-29
9153,675
9154,625
9155,623
9156,525
9157,-27
9158,575
9159,673
9160,675
9161,525
9162,625
9163,623
9164,-77
9165,673
9166,625
9167,-127
9168,375
9169,-75
9170,625
9171,623
9172,675
9173,625
9174,625
9175,-129
9176,675
9177,525
9178,675
9179,675
9180,-75
9181,-100
9182,669
9183,675
9184,675
9185,525
9186,675
9187,675
9188,625
9189,671
9190,675
9191,371
9192,425
9193,475
9194,-75
9195,675
9196,425
9197,623
9198,-127
9199,623
9200,673
9201,675
9202,675
9203,625
9204,550
9205,675
9206,525
9207,-125
9208,-175
9209,525
9210,675
9211,-79
9212,673
9213,-125
9214,675
9215,525
9216,673
9217,525
9218,675
9219,625
9220,375
9221,575
9222,-27
9223,573
9224,675
9225,625
9226,625
9227,575
9228,675
9229,575
9230,673
9231,675
9232,675
9233,675
9234,400
9235,-125
9236,675
9237,625
9238,673
9239,619
9240,675
9241,621
9242,675
9243,225
9244,625
9245,675
9246,523
9247,675
9248,523
9249,-125
9250,675
9251,625
9252,-75
9253,675
9254,373
9255,623
9256,675
9257,-125
9258,625
9259,421
9260,675
9261,521
9262,521
9263,-75
9264,575
9265,675
9266,625
9267,675
9268,675
9269,675
9270,675
9271,675
9272,625
9273,-125
9274,525
9275,-29
9276,425
9277,675
9278,425
9279,623
9280,569
9281,519
9282,623
9283,-125
9284,-25
9285,675
9286,-29
9287,675
9288,350
9289,525
9290,475
9291,-25
9292,675
9293,675
9294,298
9295,400
9296,500
9297,-29
9298,523
9299,575
9300,350
9301,623
9302,-75
9303,375
9304,675
9305,398
9306,675
9307,575
9308,675
9309,525
9310,400
9311,623
9312,675
9313,673
9314,375
9315,671
9316,625
9317,-75
9318,-25
9319,673
9320,675
9321,623
9322,673
9323,625
9324,575
9325,623
9326,-129
9327,625
9328,496
9329,675
9330,250
9331,671
9332,550
9333,-125
9334,625
9335,675
9336,-25
9337,673
9338,475
9339,-125
9340,425
9341,671
9342,673
9343,-29
9344,623
9345,673
9346,575
9347,473
9348,675
9349,625
9350,-177
9351,-125
9352,575
9353,575
9354,550
9355,625
9356,675
9357,625
9358,400
9359,675
9360,-75
9361,473
9362,625
9363,575
9364,675
9365,575
9366,471
9367,-125
9368,625
9369,573
9370,525
9371,300
9372,575
9373,225
9374,675
9375,625
9376,-27
9377,623
9378,625
9379,425
9380,375
9381,300
9382,400
9383,675
9384,525
9385,246
9386,550
9387,375
9388,-75
9389,400
9390,675
9391,675
9392,675
9393,396
9394,350
9395,571
9396,675
9397,350
9398,423
9399,-125
9400,-77
9401,625
9402,675
9403,275
9404,-125
9405,675
9406,675
9407,573
9408,421
9409,550
9410,469
9411,-125
9412,625
9413,675
9414,575
9415,675
9416,675
9417,625
9418,475
9419,675
9420,523
9421,675
9422,498
9423,675
9424,-177
9425,571
9426,200
9427,-250
9428,675
9429,425
9430,425
9431,623
9432,623
9433,373
9434,625
9435,625
9436,471
9437,675
9438,625
9439,675
9440,575
9441,675
9442,-75
9443,625
9444,500
9445,150
9446,425
9447,525
9448,275
9449,675
9450,625
9451,-25
9452,625
9453,675
9454,548
9455,675
9456,-125
9457,-231
9458,523
9459,625
9460,-125
9461,575
9462,423
9463,550
9464,-127
9465,448
9466,675
9467,225
9468,425
9469,673
9470,-125
9471,673
9472,625
9473,-127
9474,625
9475,544
9476,523
9477,0
9478,675
9479,425
9480,396
9481,673
9482,423
9483,525
9484,-177
9485,-125
9486,446
9487,675
9488,-75
9489,-75
9490,575
9491,673
9492,623
9493,625
9494,573
9495,673
9496,550
9497,673
9498,-125
9499,625
9500,675
9501,398
9502,-125
9503,623
9504,621
9505,625
9506,675
9507,625
9508,625
9509,525
9510,475
9511,623
9512,475
9513,575
9514,675
9515,296
9516,-75
9517,625
9518,673
9519,521
9520,350
9521,575
9522,575
9523,-25
9524,623
9525,575
9526,-77
9527,523
9528,625
9529,675
9530,-75
9531,523
9532,-100
9533,-125
9534,573
9535,573
9536,625
9537,625
9538,573
9539,-75
9540,673
9541,550
9542,675
9543,675
9544,625
9545,475
9546,569
9547,-75
9548,673
9549,423
9550,673
9551,350
9552,673
9553,425
9554,623
9555,675
9556,675
9557,523
9558,575
9559,675
9560,-77
9561,325
9562,-125
9563,-125
9564,673
9565,623
9566,675
9567,-125
9568,-127
9569,-125
9570,-29
9571,675
9572,673
9573,621
9574,375
9575,-125
9576,-25
9577,673
9578,573
9579,675
9580,571
9581,575
9582,346
9583,625
9584,625
9585,-75
9586,523
9587,675
9588,675
9589,675
9590,-125
9591,673
9592,623
9593,550
9594,-125
9595,625
9596,-75
9597,348
9598,675
9599,25
9600,575
9601,350
9602,-125
9603,-75
9604,475
9605,-75
9606,-127
9607,-25
9608,673
9609,675
9610,675
9611,350
9612,573
9613,675
9614,300
9615,625
9616,475
9617,425
9618,575
9619,-127
9620,623
9621,-125
9622,-31
9623,-25
9624,571
9625,225
9626,625
9627,-125
9628,-27
9629,675
9630,675
9631,425
9632,523
9633,675
9634,625
9635,623
9636,-27
9637,625
9638,625
9639,673
9640,-125
9641,625
9642,375
9643,-200
9644,425
9645,675
9646,675
9647,673
9648,525
9649,-200
9650,548
9651,675
9652,575
9653,625
9654,675
9655,400
9656,525
9657,575
9658,675
9659,675
9660,498
9661,523
9662,675
9663,298
9664,675
9665,-75
9666,673
9667,625
9668,525
9669,625
9670,675
9671,-125
9672,675
9673,623
9674,625
9675,525
9676,-25
9677,173
9678,396
9679,-79
9680,675
9681,625
9682,671
9683,-125
9684,425
9685,-25
9686,673
9687,671
9688,623
9689,675
9690,-27
9691,425
9692,675
9693,625
9694,521
9695,625
9696,625
9697,575
9698,625
9699,673
9700,625
9701,623
9702,625
9703,150
9704,675
9705,525
9706,-75
9707,525
9708,675
9709,425
9710,-125
9711,500
9712,575
9713,675
9714,625
9715,675
9716,523
9717,348
9718,-75
9719,675
9720,498
9721,173
9722,398
9723,525
9724,575
9725,675
9726,673
9727,675
9728,-77
9729,573
9730,675
9731,575
9732,625
9733,525
9734,-75
9735,673
9736,-77
9737,423
9738,675
9739,621
9740,248
9741,625
9742,475
9743,-77
9744,575
9745,475
9746,-125
9747,575
9748,-302
9749,350
9750,-125
9751,675
9752,550
9753,350
9754,625
9755,-177
9756,675
9757,623
9758,625
9759,625
9760,675
9761,323
9762,150
9763,673
9764,625
9765,673
9766,675
9767,398
9768,425
9769,623
9770,623
9771,548
9772,673
9773,625
9774,525
9775,673
9776,625
9777,-29
9778,675
9779,494
9780,625
9781,625
9782,625
9783,671
9784,673
9785,250
9786,675
9787,-75
9788,575
9789,400
9790,-175
9791,675
9792,675
9793,625
9794,575
9795,-200
9796,525
9797,625
9798,392
9799,625
9800,673
9801,325
9802,-125
9803,625
9804,575
9805,-75
9806,471
9807,575
9808,675
9809,575
9810,550
9811,623
9812,625
9813,546
9814,425
9815,675
9816,423
9817,625
9818,-125
9819,375
9820,625
9821,575
9822,675
9823,-75
9824,675
9825,675
9826,671
9827,273
9828,475
9829,350
9830,-127
9831,675
9832,575
9833,625
9834,575
9835,623
9836,623
9837,673
9838,625
9839,673
9840,-225
9841,675
9842,571
9843,375
9844,423
9845,675
9846,625
9847,423
9848,625
9849,425
9850,575
9851,-75
9852,525
9853,675
9854,675
9855,525
9856,675
9857,-275
9858,325
9859,573
9860,673
9861,-75
9862,0
9863,-52
9864,575
9865,575
9866,675
9867,-75
9868,675
9869,-75
9870,325
9871,675
9872,325
9873,625
9874,-27
9875,675
9876,523
9877,625
9878,675
9879,375
9880,475
9881,-77
9882,325
9883,521
9884,625
9885,-125
9886,675
9887,625
9888,-25
9889,625
9890,550
9891,625
9892,623
9893,675
9894,500
9895,625
9896,-75
9897,-125
9898,625
9899,350
9900,675
9901,-175
9902,625
9903,675
9904,571
9905,475
9906,350
9907,425
9908,550
9909,671
9910,673
9911,675
9912,673
9913,675
9914,625
9915,623
9916,-202
9917,675
9918,-250
9919,675
9920,675
9921,623
9922,675
9923,625
9924,673
9925,-125
9926,-125
9927,675
9928,621
9929,625
9930,296
9931,621
9932,623
9933,423
9934,575
9935,-25
9936,425
9937,-175
9938,-50
9939,625
9940,675
9941,-125
9942,521
9943,625
9944,548
9945,521
9946,675
9947,673
9948,425
9949,625
9950,625
9951,625
9952,625
9953,475
9954,623
9955,675
9956,675
9957,623
9958,548
9959,525
9960,471
9961,525
9962,500
9963,625
9964,675
9965,471
9966,625
9967,675
9968,475
9969,573
9970,25
9971,675
9972,619
9973,575
9974,400
9975,625
9976,425
9977,675
9978,623
9979,625
9980,423
9981,-100
9982,625
9983,-125
9984,523
9985,673
9986,675
9987,619
9988,-127
9989,625
9990,675
9991,675
9992,-75
9993,625
9994,344
9995,-102
9996,-75
9997,675
9998,675
9999,673
10000,625
[[(4, 4), 0, -25], [(3, 4), 2, 50], [(3, 3), 2, 50], [(3, 2), 2, 250], [(3, 1), 0, 250], [(2, 1), 2, -25], [(2, 0), 0, -25], [(1, 0), 0, 150]]