1,-2441
2,-2879
3,-3893
4,-841
5,-231
6,-851
7,-1655
8,-4126
9,-1869
10,-77
11,-1271
12,-789
13,-3767
14,-4241
15,-501
16,-689
17,-341
18,-989
19,-439
20,-1061
21,-3199
22,-4172
23,-945
24,-3850
25,-185
26,-3942
27,-3669
28,-633
29,-4218
30,-2013
31,-3620
32,-1479
33,-1053
34,-149
35,-935
36,-1005
37,-1713
38,-335
39,-2061
40,-1763
41,-2837
42,-1819
43,-183
44,-1365
45,-899
46,-33
47,-1085
48,-1301
49,-85
50,-227
51,-733
52,-879
53,-549
54,-661
55,-1257
56,-1761
57,-1339
58,-811
59,-1443
60,-129
61,-1487
62,-3041
63,-733
64,-1305
65,-761
66,-2837
67,-1605
68,-429
69,-125
70,-739
71,-1977
72,-2865
73,-841
74,-237
75,-339
76,-1203
77,-3665
78,-1779
79,-581
80,-1047
81,-849
82,-337
83,-489
84,-1721
85,-129
86,-79
87,-2357
88,-449
89,-443
90,-233
91,-1295
92,-189
93,-335
94,-143
95,-533
96,-1697
97,-197
98,-743
99,-351
100,-695
101,-1573
102,-195
103,-685
104,-345
105,-385
106,-225
107,-2857
108,-693
109,-439
110,-2329
111,-641
112,-1345
113,-257
114,-543
115,-129
116,-779
117,-1233
118,-551
119,-1355
120,-393
121,-185
122,-337
123,-225
124,-1855
125,-277
126,-813
127,-889
128,-1323
129,-283
130,-75
131,-1623
132,-93
133,-1059
134,-491
135,-439
136,-957
137,-449
138,-1769
139,-179
140,-1207
141,-237
142,-181
143,-557
144,-287
145,-547
146,-1569
147,-593
148,-281
149,-283
150,-1045
151,-735
152,-395
153,-291
154,-195
155,-1763
156,-307
157,-393
158,-761
159,-487
160,-1043
161,-753
162,-195
163,-337
164,-331
165,-335
166,-485
167,-135
168,-225
169,-887
170,-1397
171,-239
172,-333
173,-843
174,-863
175,-283
176,-795
177,-433
178,-25
179,-331
180,-529
181,-359
182,-329
183,-229
184,-789
185,-605
186,-535
187,-955
188,-277
189,-1977
190,-125
191,-487
192,-391
193,-283
194,-3377
195,-547
196,-557
197,-539
198,-79
199,-27
200,-327
201,-677
202,-1421
203,-537
204,-607
205,-447
206,-801
207,-81
208,-47
209,-593
210,-949
211,-633
212,-991
213,-285
214,-187
215,-859
216,-481
217,-1121
218,-191
219,-737
220,-853
221,-1355
222,-493
223,-359
224,-431
225,-291
226,-147
227,-131
228,-1047
229,-1953
230,-1151
231,-849
232,-241
233,-335
234,-489
235,-79
236,-587
237,-193
238,-789
239,-681
240,-333
241,-843
242,-435
243,-181
244,-443
245,-227
246,-733
247,-387
248,-143
249,-75
250,-39
251,-31
252,-129
253,-137
254,-137
255,-29
256,-439
257,-1141
258,-137
259,-133
260,-581
261,-527
262,-981
263,-405
264,-555
265,-735
266,-77
267,-229
268,-293
269,-607
270,-479
271,-333
272,-87
273,-827
274,-141
275,-237
276,-139
277,-953
278,-443
279,-283
280,-301
281,-97
282,-257
283,-129
284,-773
285,-1011
286,-393
287,-183
288,-443
289,-533
290,-337
291,-105
292,-255
293,-31
294,-325
295,-75
296,-639
297,-239
298,-587
299,-477
300,-897
301,-889
302,-135
303,-409
304,-45
305,-287
306,-487
307,-87
308,-449
309,-453
310,-561
311,-235
312,-137
313,-131
314,-133
315,-129
316,-141
317,-205
318,-847
319,-41
320,-1005
321,-791
322,-247
323,-233
324,-251
325,-381
326,-287
327,-599
328,-971
329,-97
330,-233
331,-391
332,-299
333,-89
334,-487
335,-241
336,-567
337,-759
338,-185
339,-47
340,-295
341,-347
342,-85
343,-637
344,-389
345,-235
346,-949
347,-245
348,-599
349,-227
350,-249
351,-83
352,-93
353,-81
354,-285
355,-93
356,-303
357,-233
358,-159
359,-131
360,-149
361,-185
362,-83
363,-717
364,-517
365,-347
366,-549
367,-191
368,-377
369,-387
370,-193
371,-209
372,-285
373,-387
374,-99
375,-345
376,-519
377,-31
378,-293
379,-139
380,-181
381,-553
382,-79
383,-87
384,-245
385,-395
386,-79
387,-33
388,-379
389,-241
390,-127
391,-133
392,-137
393,-227
394,-537
395,-245
396,-599
397,-85
398,-87
399,-185
400,-589
401,-401
402,-85
403,-197
404,-75
405,-79
406,-275
407,-139
408,-143
409,-135
410,-185
411,-147
412,-293
413,-197
414,-341
415,-179
416,-271
417,-127
418,-191
419,-335
420,-143
421,-43
422,-137
423,-155
424,-589
425,-189
426,-25
427,-185
428,-27
429,-495
430,-283
431,-327
432,-77
433,-613
434,-191
435,-395
436,-727
437,-107
438,-337
439,-259
440,-175
441,-85
442,-135
443,-79
444,-181
445,-193
446,-395
447,-91
448,-231
449,-91
450,-181
451,-129
452,-235
453,-33
454,-87
455,-193
456,-207
457,-151
458,-459
459,-193
460,-207
461,-1185
462,-631
463,-51
464,-205
465,-143
466,-353
467,-313
468,-179
469,-281
470,-79
471,-449
472,-157
473,-135
474,-345
475,-599
476,-187
477,-43
478,-295
479,-245
480,-427
481,-427
482,-139
483,-235
484,-239
485,-229
486,-127
487,-143
488,-75
489,-89
490,-133
491,-131
492,-193
493,-263
494,-203
495,-45
496,-293
497,-285
498,-289
499,-185
500,-147
[[(4, 4), 1, -2], [(4, 4), 1, -2], [(4, 4), 1, -2], [(4, 4), 1, -2], [(4, 4), 1, -2], [(4, 4), 1, -2], [(4, 4), 1, -2], [(4, 4), 1, -2], [(4, 4), 1, -2], [(4, 4), 1, -2], [(4, 4), 1, -2], [(4, 4), 1, -2], [(4, 4), 1, -2], [(4, 4), 1, -2], [(4, 4), 1, -2], [(4, 4), 1, -2], [(4, 4), 1, -2], [(4, 4), 1, -2], [(4, 4), 1, -2], [(4, 4), 1, -2], [(4, 4), 1, -2], [(4, 4), 1, -2], [(4, 4), 1, -2], [(4, 4), 1, -2], [(4, 4), 1, -2], [(4, 4), 1, -2], [(4, 4), 1, -2], [(4, 4), 1, -2], [(4, 4), 1, -2], [(4, 4), 1, -2], [(4, 4), 1, -2], [(4, 4), 1, -2], [(4, 4), 1, -2], [(4, 4), 1, -2], [(4, 4), 1, -2], [(4, 4), 1, -2], [(4, 4), 1, -2], [(4, 4), 1, -2], [(4, 4), 1, -2], [(4, 4), 1, -2], [(4, 4), 1, -2], [(4, 4), 1, -2], [(4, 4), 1, -2], [(4, 4), 1, -2], [(4, 4), 1, -2], [(4, 4), 1, -2], [(4, 4), 1, -2], [(4, 4), 1, -2], [(4, 4), 1, -2], [(4, 4), 1, -2], [(4, 4), 1, -2], [(4, 4), 1, -2], [(4, 4), 1, -2], [(4, 4), 1, -2], [(4, 4), 1, -2], [(4, 4), 1, -2], [(4, 4), 1, -2], [(4, 4), 1, -2], [(4, 4), 1, -2], [(4, 4), 1, -2], [(4, 4), 1, -2], [(4, 4), 1, -2], [(4, 4), 1, -2], [(4, 4), 1, -2], [(4, 4), 1, -2], [(4, 4), 1, -2], [(4, 4), 1, -2], [(4, 4), 1, -2], [(4, 4), 1, -2], [(4, 4), 1, -2], [(4, 4), 1, -2], [(4, 4), 1, -2], [(4, 4), 1, -2], [(4, 4), 1, -2], [(4, 4), 1, -2], [(4, 4), 1, -2], [(4, 4), 1, -2], [(4, 4), 1, -2], [(4, 4), 1, -2], [(4, 4), 1, -2], [(4, 4), 1, -2], [(4, 4), 1, -2], [(4, 4), 1, -2], [(4, 4), 1, -2], [(4, 4), 1, -2], [(4, 4), 1, -2], [(4, 4), 1, -2], [(4, 4), 1, -2], [(4, 4), 1, -2], [(4, 4), 1, -2], [(4, 4), 1, -2], [(4, 4), 1, -2], [(4, 4), 1, -2], [(4, 4), 1, -2], [(4, 4), 1, -2], [(4, 4), 1, -2], [(4, 4), 1, -2], [(4, 4), 1, -2], [(4, 4), 1, -2], [(4, 4), 1, -2], [(4, 4), 1, -2], [(4, 4), 1, -2], [(4, 4), 1, -2], [(4, 4), 1, -2], [(4, 4), 1, -2], [(4, 4), 1, -2], [(4, 4), 1, -2], [(4, 4), 1, -2], [(4, 4), 1, -2], [(4, 4), 1, -2], [(4, 4), 1, -2], [(4, 4), 1, -2], [(4, 4), 1, -2], [(4, 4), 1, -2], [(4, 4), 1, -2], [(4, 4), 1, -2], [(4, 4), 1, -2], [(4, 4), 1, -2], [(4, 4), 1, -2], [(4, 4), 1, -2], [(4, 4), 1, -2], [(4, 4), 1, -2], [(4, 4), 1, -2], [(4, 4), 1, -2], [(4, 4), 1, -2], [(4, 4), 1, -2], [(4, 4), 1, -2], [(4, 4), 1, -2], [(4, 4), 1, -2], [(4, 4), 1, -2], [(4, 4), 1, -2], [(4, 4), 1, -2], [(4, 4), 1, -2], [(4, 4), 1, -2], [(4, 4), 1, -2], [(4, 4), 1, -2], [(4, 4), 1, -2], [(4, 4), 1, -2], [(4, 4), 1, -2], [(4, 4), 1, -2], [(4, 4), 1, -2], [(4, 4), 1, -2], [(4, 4), 1, -2], [(4, 4), 1, -2], [(4, 4), 1, -2], [(4, 4), 1, -2], [(4, 4), 1, -2], [(4, 4), 1, -2], [(4, 4), 1, -2], [(4, 4), 1, -2], [(4, 4), 1, -2], [(4, 4), 1, -2], [(4, 4), 1, -2], [(4, 4), 1, -2], [(4, 4), 1, -2], [(4, 4), 1, -2], [(4, 4), 1, -2], [(4, 4), 1, -2], [(4, 4), 1, -2], [(4, 4), 1, -2], [(4, 4), 1, -2], [(4, 4), 1, -2], [(4, 4), 1, -2], [(4, 4), 1, -2], [(4, 4), 1, -2], [(4, 4), 1, -2], [(4, 4), 1, -2], [(4, 4), 1, -2], [(4, 4), 1, -2], [(4, 4), 1, -2], [(4, 4), 1, -2], [(4, 4), 1, -2], [(4, 4), 1, -2], [(4, 4), 1, -2], [(4, 4), 1, -2], [(4, 4), 1, -2], [(4, 4), 1, -2], [(4, 4), 1, -2], [(4, 4), 1, -2], [(4, 4), 1, -2], [(4, 4), 1, -2], [(4, 4), 1, -2], [(4, 4), 1, -2], [(4, 4), 1, -2], [(4, 4), 1, -2], [(4, 4), 1, -2], [(4, 4), 1, -2], [(4, 4), 1, -2], [(4, 4), 1, -2], [(4, 4), 1, -2], [(4, 4), 1, -2], [(4, 4), 1, -2], [(4, 4), 1, -2], [(4, 4), 1, -2], [(4, 4), 1, -2], [(4, 4), 1, -2], [(4, 4), 1, -2], [(4, 4), 1, -2], [(4, 4), 1, -2], [(4, 4), 1, -2], [(4, 4), 1, -2], [(4, 4), 1, -2], [(4, 4), 1, -2], [(4, 4), 1, -2], [(4, 4), 1, -2], [(4, 4), 1, -2], [(4, 4), 1, -2], [(4, 4), 1, -2], [(4, 4), 1, -2], [(4, 4), 1, -2], [(4, 4), 1, -2], [(4, 4), 1, -2], [(4, 4), 1, -2], [(4, 4), 1, -2], [(4, 4), 1, -2], [(4, 4), 1, -2], [(4, 4), 1, -2], [(4, 4), 1, -2], [(4, 4), 1, -2], [(4, 4), 1, -2], [(4, 4), 1, -2], [(4, 4), 1, -2], [(4, 4), 1, -2], [(4, 4), 1, -2], [(4, 4), 1, -2], [(4, 4), 1, -2], [(4, 4), 1, -2], [(4, 4), 1, -2], [(4, 4), 1, -2], [(4, 4), 1, -2], [(4, 4), 1, -2], [(4, 4), 1, -2], [(4, 4), 1, -2], [(4, 4), 1, -2], [(4, 4), 1, -2], [(4, 4), 1, -2], [(4, 4), 1, -2], [(4, 4), 1, -2], [(4, 4), 1, -2], [(4, 4), 1, -2], [(4, 4), 1, -2], [(4, 4), 1, -2], [(4, 4), 1, -2], [(4, 4), 1, -2], [(4, 4), 1, -2], [(4, 4), 1, -2], [(4, 4), 1, -2], [(4, 4), 1, -2], [(4, 4), 1, -2], [(4, 4), 1, -2], [(4, 4), 1, -2], [(4, 4), 1, -2], [(4, 4), 1, -2], [(4, 4), 1, -2], [(4, 4), 1, -2], [(4, 4), 1, -2], [(4, 4), 1, -2], [(4, 4), 1, -2], [(4, 4), 1, -2], [(4, 4), 1, -2], [(4, 4), 1, -2], [(4, 4), 1, -2], [(4, 4), 1, -2], [(4, 4), 1, -2], [(4, 4), 1, -2], [(4, 4), 1, -2], [(4, 4), 1, -2], [(4, 4), 1, -2], [(4, 4), 1, -2], [(4, 4), 1, -2], [(4, 4), 1, -2], [(4, 4), 1, -2], [(4, 4), 1, -2], [(4, 4), 1, -2], [(4, 4), 1, -2], [(4, 4), 1, -2], [(4, 4), 1, -2], [(4, 4), 1, -2], [(4, 4), 1, -2], [(4, 4), 1, -2], [(4, 4), 1, -2], [(4, 4), 1, -2], [(4, 4), 1, -2], [(4, 4), 1, -2], [(4, 4), 1, -2], [(4, 4), 1, -2], [(4, 4), 1, -2], [(4, 4), 1, -2], [(4, 4), 1, -2], [(4, 4), 1, -2], [(4, 4), 1, -2], [(4, 4), 1, -2], [(4, 4), 1, -2], [(4, 4), 1, -2], [(4, 4), 1, -2], [(4, 4), 1, -2], [(4, 4), 1, -2], [(4, 4), 1, -2], [(4, 4), 1, -2], [(4, 4), 1, -2], [(4, 4), 1, -2], [(4, 4), 1, -2], [(4, 4), 1, -2], [(4, 4), 1, -2], [(4, 4), 1, -2], [(4, 4), 1, -2], [(4, 4), 1, -2], [(4, 4), 1, -2], [(4, 4), 1, -2], [(4, 4), 1, -2], [(4, 4), 1, -2], [(4, 4), 1, -2], [(4, 4), 1, -2], [(4, 4), 1, -2], [(4, 4), 1, -2], [(4, 4), 1, -2], [(4, 4), 1, -2], [(4, 4), 1, -2], [(4, 4), 1, -2], [(4, 4), 1, -2], [(4, 4), 1, -2], [(4, 4), 1, -2], [(4, 4), 1, -2], [(4, 4), 1, -2], [(4, 4), 1, -2], [(4, 4), 1, -2], [(4, 4), 1, -2], [(4, 4), 1, -2], [(4, 4), 1, -2], [(4, 4), 1, -2], [(4, 4), 1, -2], [(4, 4), 1, -2], [(4, 4), 1, -2], [(4, 4), 1, -2], [(4, 4), 1, -2], [(4, 4), 1, -2], [(4, 4), 1, -2], [(4, 4), 1, -2], [(4, 4), 1, -2], [(4, 4), 1, -2], [(4, 4), 1, -2], [(4, 4), 1, -2], [(4, 4), 1, -2], [(4, 4), 1, -2], [(4, 4), 1, -2], [(4, 4), 1, -2], [(4, 4), 1, -2], [(4, 4), 1, -2], [(4, 4), 1, -2], [(4, 4), 1, -2], [(4, 4), 1, -2], [(4, 4), 1, -2], [(4, 4), 1, -2], [(4, 4), 1, -2], [(4, 4), 1, -2], [(4, 4), 1, -2], [(4, 4), 1, -2], [(4, 4), 1, -2], [(4, 4), 1, -2], [(4, 4), 1, -2], [(4, 4), 1, -2], [(4, 4), 1, -2], [(4, 4), 1, -2], [(4, 4), 1, -2], [(4, 4), 1, -2], [(4, 4), 1, -2], [(4, 4), 1, -2], [(4, 4), 1, -2], [(4, 4), 1, -2], [(4, 4), 1, -2], [(4, 4), 1, -2], [(4, 4), 1, -2], [(4, 4), 1, -2], [(4, 4), 1, -2], [(4, 4), 1, -2], [(4, 4), 1, -2], [(4, 4), 1, -2], [(4, 4), 1, -2], [(4, 4), 1, -2], [(4, 4), 1, -2], [(4, 4), 1, -2], [(4, 4), 1, -2], [(4, 4), 1, -2], [(4, 4), 1, -2], [(4, 4), 1, -2], [(4, 4), 1, -2], [(4, 4), 1, -2], [(4, 4), 1, -2], [(4, 4), 1, -2], [(4, 4), 1, -2], [(4, 4), 1, -2], [(4, 4), 1, -2], [(4, 4), 1, -2], [(4, 4), 1, -2], [(4, 4), 1, -2], [(4, 4), 1, -2], [(4, 4), 1, -2], [(4, 4), 1, -2], [(4, 4), 1, -2], [(4, 4), 1, -2], [(4, 4), 1, -2], [(4, 4), 1, -2], [(4, 4), 1, -2], [(4, 4), 1, -2], [(4, 4), 1, -2], [(4, 4), 1, -2], [(4, 4), 1, -2], [(4, 4), 1, -2], [(4, 4), 1, -2], [(4, 4), 1, -2], [(4, 4), 1, -2], [(4, 4), 1, -2], [(4, 4), 1, -2], [(4, 4), 1, -2], [(4, 4), 1, -2], [(4, 4), 1, -2], [(4, 4), 1, -2], [(4, 4), 1, -2], [(4, 4), 1, -2], [(4, 4), 1, -2], [(4, 4), 1, -2], [(4, 4), 1, -2], [(4, 4), 1, -2], [(4, 4), 1, -2], [(4, 4), 1, -2], [(4, 4), 1, -2], [(4, 4), 1, -2], [(4, 4), 1, -2], [(4, 4), 1, -2], [(4, 4), 1, -2], [(4, 4), 1, -2], [(4, 4), 1, -2], [(4, 4), 1, -2], [(4, 4), 1, -2], [(4, 4), 1, -2], [(4, 4), 1, -2], [(4, 4), 1, -2], [(4, 4), 1, -2], [(4, 4), 1, -2], [(4, 4), 1, -2], [(4, 4), 1, -2], [(4, 4), 1, -2], [(4, 4), 1, -2], [(4, 4), 1, -2], [(4, 4), 1, -2], [(4, 4), 1, -2], [(4, 4), 1, -2], [(4, 4), 1, -2], [(4, 4), 1, -2], [(4, 4), 1, -2], [(4, 4), 1, -2], [(4, 4), 1, -2], [(4, 4), 1, -2], [(4, 4), 1, -2], [(4, 4), 1, -2], [(4, 4), 1, -2], [(4, 4), 1, -2], [(4, 4), 1, -2], [(4, 4), 1, -2], [(4, 4), 1, -2], [(4, 4), 1, -2], [(4, 4), 1, -2], [(4, 4), 1, -2], [(4, 4), 1, -2], [(4, 4), 1, -2], [(4, 4), 1, -2], [(4, 4), 1, -2], [(4, 4), 1, -2], [(4, 4), 1, -2], [(4, 4), 1, -2], [(4, 4), 1, -2], [(4, 4), 1, -2], [(4, 4), 1, -2], [(4, 4), 1, -2], [(4, 4), 1, -2], [(4, 4), 1, -2], [(4, 4), 1, -2], [(4, 4), 1, -2], [(4, 4), 1, -2], [(4, 4), 1, -2], [(4, 4), 1, -2], [(4, 4), 1, -2], [(4, 4), 1, -2], [(4, 4), 1, -2], [(4, 4), 1, -2], [(4, 4), 1, -2], [(4, 4), 1, -2], [(4, 4), 1, -2], [(4, 4), 1, -2], [(4, 4), 1, -2], [(4, 4), 1, -2], [(4, 4), 1, -2], [(4, 4), 1, -2], [(4, 4), 1, -2], [(4, 4), 1, -2], [(4, 4), 1, -2], [(4, 4), 1, -2], [(4, 4), 1, -2], [(4, 4), 1, -2], [(4, 4), 1, -2]]