1,-2417
2,-545
3,-1175
4,-1907
5,-787
6,-3499
7,-1975
8,-1861
9,-145
10,-4172
11,-3739
12,-1505
13,-531
14,-1425
15,-1815
16,-127
17,-1441
18,-2255
19,-1957
20,-4011
21,-2677
22,-1811
23,-143
24,-3109
25,-281
26,-1447
27,-533
28,-341
29,-1151
30,-4379
31,-237
32,-4195
33,-4126
34,-687
35,-1795
36,-1697
37,-487
38,-917
39,-1831
40,-751
41,-277
42,-2007
43,-837
44,-131
45,-643
46,-1901
47,-633
48,-2143
49,-1827
50,-893
51,-1139
52,-2649
53,-1165
54,-297
55,-1005
56,-1745
57,-337
58,-1505
59,-495
60,-1047
61,-1565
62,-285
63,-1355
64,-3101
65,-131
66,-833
67,-251
68,-377
69,-257
70,-1671
71,-1467
72,-83
73,-2081
74,-479
75,-1005
76,-2837
77,-331
78,-1037
79,-761
80,-751
81,-601
82,-813
83,-1481
84,-1469
85,-589
86,-1357
87,-425
88,-643
89,-687
90,-183
91,-2411
92,-443
93,-139
94,-1519
95,-177
96,-491
97,-235
98,-183
99,-183
100,-487
101,-1095
102,-551
103,-335
104,-1255
105,-851
106,-187
107,-1147
108,-343
109,-1665
110,-699
111,-343
112,-635
113,-97
114,-477
115,-233
116,-1303
117,-227
118,-1049
119,-1853
120,-491
121,-351
122,-1401
123,-693
124,-559
125,-1615
126,-659
127,-449
128,-2239
129,-1055
130,-433
131,-989
132,-239
133,-2353
134,-559
135,-623
136,-301
137,-1405
138,-609
139,-243
140,-609
141,-1223
142,-937
143,-1571
144,-801
145,-543
146,-737
147,-333
148,-291
149,-591
150,-445
151,-1225
152,-2677
153,-29
154,-437
155,-1213
156,-399
157,-1117
158,-385
159,-181
160,-733
161,-39
162,-845
163,-531
164,-227
165,-1017
166,-593
167,-241
168,-401
169,-77
170,-1509
171,-743
172,-337
173,-383
174,-459
175,-1135
176,-841
177,-93
178,-343
179,-683
180,-519
181,-237
182,-647
183,-1363
184,-1731
185,-911
186,-333
187,-943
188,-435
189,-1005
190,-327
191,-335
192,-645
193,-193
194,-895
195,-2591
196,-253
197,-945
198,-79
199,-331
200,-337
201,-385
202,-25
203,-249
204,-565
205,-537
206,-27
207,-637
208,-283
209,-583
210,-2033
211,-393
212,-599
213,-1307
214,-433
215,-283
216,-937
217,-537
218,-845
219,-231
220,-733
221,-913
222,-289
223,-561
224,-1047
225,-545
226,-349
227,-443
228,-393
229,-485
230,-341
231,-77
232,-787
233,-395
234,-1415
235,-545
236,-35
237,-915
238,-329
239,-899
240,-1731
241,-327
242,-239
243,-251
244,-621
245,-231
246,-285
247,-355
248,-347
249,-691
250,-127
251,-29
252,-139
253,-279
254,-779
255,-231
256,-651
257,-1411
258,-83
259,-457
260,-331
261,-753
262,-127
263,-585
264,-133
265,-35
266,-247
267,-725
268,-237
269,-241
270,-339
271,-251
272,-189
273,-241
274,-963
275,-545
276,-31
277,-133
278,-89
279,-549
280,-793
281,-301
282,-285
283,-1445
284,-957
285,-85
286,-179
287,-235
288,-85
289,-459
290,-295
291,-343
292,-517
293,-357
294,-129
295,-485
296,-531
297,-495
298,-177
299,-1077
300,-397
301,-347
302,-387
303,-389
304,-303
305,-129
306,-185
307,-185
308,-549
309,-191
310,-245
311,-511
312,-193
313,-25
314,-239
315,-83
316,-591
317,-419
318,-891
319,-39
320,-405
321,-231
322,-133
323,-401
324,-131
325,-495
326,-743
327,-295
328,-289
329,-193
330,-309
331,-335
332,-595
333,-89
334,-141
335,-659
336,-33
337,-249
338,-621
339,-249
340,-947
341,-801
342,-135
343,-279
344,-447
345,-39
346,-643
347,-237
348,-233
349,-137
350,-85
351,-733
352,-1001
353,-189
354,-387
355,-397
356,-423
357,-287
358,-141
359,-235
360,-547
361,-181
362,-695
363,-481
364,-183
365,-189
366,-85
367,-333
368,-199
369,-857
370,-335
371,-143
372,-157
373,-391
374,-77
375,-27
376,-89
377,-245
378,-287
379,-383
380,-435
381,-77
382,-377
383,-83
384,-389
385,-329
386,-461
387,-131
388,-251
389,-435
390,-131
391,-725
392,-83
393,-31
394,-225
395,-195
396,-29
397,-145
398,-95
399,-93
400,-27
401,-39
402,-269
403,-87
404,-183
405,-405
406,-137
407,-509
408,-149
409,-81
410,-139
411,-243
412,-555
413,-353
414,-299
415,-195
416,-85
417,-507
418,-81
419,-89
420,-181
421,-507
422,-413
423,-519
424,-99
425,-49
426,-437
427,-181
428,-85
429,-259
430,-383
431,-241
432,-965
433,-431
434,-369
435,-693
436,-393
437,-99
438,-85
439,-465
440,-133
441,-831
442,-41
443,-331
444,-585
445,-149
446,-447
447,-403
448,-185
449,-209
450,-235
451,-619
452,-27
453,-77
454,-195
455,-183
456,-235
457,-103
458,-339
459,-565
460,-233
461,-191
462,-185
463,-207
464,-241
465,-285
466,-133
467,-505
468,-49
469,-453
470,-293
471,-491
472,-131
473,-361
474,-361
475,-277
476,-85
477,-187
478,-401
479,-299
480,-31
481,-43
482,-97
483,-355
484,-235
485,-265
486,-281
487,-77
488,-147
489,-111
490,-361
491,-239
492,-25
493,-27
494,-239
495,-283
496,-153
497,-239
498,-345
499,-195
500,-125
[[(4, 4), 3, -2], [(4, 4), 3, -2], [(4, 4), 3, -2], [(4, 4), 3, -2], [(4, 4), 3, -2], [(4, 4), 3, -2], [(4, 4), 3, -2], [(4, 4), 3, -2], [(4, 4), 3, -2], [(4, 4), 3, -2], [(4, 4), 3, -2], [(4, 4), 3, -2], [(4, 4), 3, -2], [(4, 4), 3, -2], [(4, 4), 3, -2], [(4, 4), 3, -2], [(4, 4), 3, -2], [(4, 4), 3, -2], [(4, 4), 3, -2], [(4, 4), 3, -2], [(4, 4), 3, -2], [(4, 4), 3, -2], [(4, 4), 3, -2], [(4, 4), 3, -2], [(4, 4), 3, -2], [(4, 4), 3, -2], [(4, 4), 3, -2], [(4, 4), 3, -2], [(4, 4), 3, -2], [(4, 4), 3, -2], [(4, 4), 3, -2], [(4, 4), 3, -2], [(4, 4), 3, -2], [(4, 4), 3, -2], [(4, 4), 3, -2], [(4, 4), 3, -2], [(4, 4), 3, -2], [(4, 4), 3, -2], [(4, 4), 3, -2], [(4, 4), 3, -2], [(4, 4), 3, -2], [(4, 4), 3, -2], [(4, 4), 3, -2], [(4, 4), 3, -2], [(4, 4), 3, -2], [(4, 4), 3, -2], [(4, 4), 3, -2], [(4, 4), 3, -2], [(4, 4), 3, -2], [(4, 4), 3, -2], [(4, 4), 3, -2], [(4, 4), 3, -2], [(4, 4), 3, -2], [(4, 4), 3, -2], [(4, 4), 3, -2], [(4, 4), 3, -2], [(4, 4), 3, -2], [(4, 4), 3, -2], [(4, 4), 3, -2], [(4, 4), 3, -2], [(4, 4), 3, -2], [(4, 4), 3, -2], [(4, 4), 3, -2], [(4, 4), 3, -2], [(4, 4), 3, -2], [(4, 4), 3, -2], [(4, 4), 3, -2], [(4, 4), 3, -2], [(4, 4), 3, -2], [(4, 4), 3, -2], [(4, 4), 3, -2], [(4, 4), 3, -2], [(4, 4), 3, -2], [(4, 4), 3, -2], [(4, 4), 3, -2], [(4, 4), 3, -2], [(4, 4), 3, -2], [(4, 4), 3, -2], [(4, 4), 3, -2], [(4, 4), 3, -2], [(4, 4), 3, -2], [(4, 4), 3, -2], [(4, 4), 3, -2], [(4, 4), 3, -2], [(4, 4), 3, -2], [(4, 4), 3, -2], [(4, 4), 3, -2], [(4, 4), 3, -2], [(4, 4), 3, -2], [(4, 4), 3, -2], [(4, 4), 3, -2], [(4, 4), 3, -2], [(4, 4), 3, -2], [(4, 4), 3, -2], [(4, 4), 3, -2], [(4, 4), 3, -2], [(4, 4), 3, -2], [(4, 4), 3, -2], [(4, 4), 3, -2], [(4, 4), 3, -2], [(4, 4), 3, -2], [(4, 4), 3, -2], [(4, 4), 3, -2], [(4, 4), 3, -2], [(4, 4), 3, -2], [(4, 4), 3, -2], [(4, 4), 3, -2], [(4, 4), 3, -2], [(4, 4), 3, -2], [(4, 4), 3, -2], [(4, 4), 3, -2], [(4, 4), 3, -2], [(4, 4), 3, -2], [(4, 4), 3, -2], [(4, 4), 3, -2], [(4, 4), 3, -2], [(4, 4), 3, -2], [(4, 4), 3, -2], [(4, 4), 3, -2], [(4, 4), 3, -2], [(4, 4), 3, -2], [(4, 4), 3, -2], [(4, 4), 3, -2], [(4, 4), 3, -2], [(4, 4), 3, -2], [(4, 4), 3, -2], [(4, 4), 3, -2], [(4, 4), 3, -2], [(4, 4), 3, -2], [(4, 4), 3, -2], [(4, 4), 3, -2], [(4, 4), 3, -2], [(4, 4), 3, -2], [(4, 4), 3, -2], [(4, 4), 3, -2], [(4, 4), 3, -2], [(4, 4), 3, -2], [(4, 4), 3, -2], [(4, 4), 3, -2], [(4, 4), 3, -2], [(4, 4), 3, -2], [(4, 4), 3, -2], [(4, 4), 3, -2], [(4, 4), 3, -2], [(4, 4), 3, -2], [(4, 4), 3, -2], [(4, 4), 3, -2], [(4, 4), 3, -2], [(4, 4), 3, -2], [(4, 4), 3, -2], [(4, 4), 3, -2], [(4, 4), 3, -2], [(4, 4), 3, -2], [(4, 4), 3, -2], [(4, 4), 3, -2], [(4, 4), 3, -2], [(4, 4), 3, -2], [(4, 4), 3, -2], [(4, 4), 3, -2], [(4, 4), 3, -2], [(4, 4), 3, -2], [(4, 4), 3, -2], [(4, 4), 3, -2], [(4, 4), 3, -2], [(4, 4), 3, -2], [(4, 4), 3, -2], [(4, 4), 3, -2], [(4, 4), 3, -2], [(4, 4), 3, -2], [(4, 4), 3, -2], [(4, 4), 3, -2], [(4, 4), 3, -2], [(4, 4), 3, -2], [(4, 4), 3, -2], [(4, 4), 3, -2], [(4, 4), 3, -2], [(4, 4), 3, -2], [(4, 4), 3, -2], [(4, 4), 3, -2], [(4, 4), 3, -2], [(4, 4), 3, -2], [(4, 4), 3, -2], [(4, 4), 3, -2], [(4, 4), 3, -2], [(4, 4), 3, -2], [(4, 4), 3, -2], [(4, 4), 3, -2], [(4, 4), 3, -2], [(4, 4), 3, -2], [(4, 4), 3, -2], [(4, 4), 3, -2], [(4, 4), 3, -2], [(4, 4), 3, -2], [(4, 4), 3, -2], [(4, 4), 3, -2], [(4, 4), 3, -2], [(4, 4), 3, -2], [(4, 4), 3, -2], [(4, 4), 3, -2], [(4, 4), 3, -2], [(4, 4), 3, -2], [(4, 4), 3, -2], [(4, 4), 3, -2], [(4, 4), 3, -2], [(4, 4), 3, -2], [(4, 4), 3, -2], [(4, 4), 3, -2], [(4, 4), 3, -2], [(4, 4), 3, -2], [(4, 4), 3, -2], [(4, 4), 3, -2], [(4, 4), 3, -2], [(4, 4), 3, -2], [(4, 4), 3, -2], [(4, 4), 3, -2], [(4, 4), 3, -2], [(4, 4), 3, -2], [(4, 4), 3, -2], [(4, 4), 3, -2], [(4, 4), 3, -2], [(4, 4), 3, -2], [(4, 4), 3, -2], [(4, 4), 3, -2], [(4, 4), 3, -2], [(4, 4), 3, -2], [(4, 4), 3, -2], [(4, 4), 3, -2], [(4, 4), 3, -2], [(4, 4), 3, -2], [(4, 4), 3, -2], [(4, 4), 3, -2], [(4, 4), 3, -2], [(4, 4), 3, -2], [(4, 4), 3, -2], [(4, 4), 3, -2], [(4, 4), 3, -2], [(4, 4), 3, -2], [(4, 4), 3, -2], [(4, 4), 3, -2], [(4, 4), 3, -2], [(4, 4), 3, -2], [(4, 4), 3, -2], [(4, 4), 3, -2], [(4, 4), 3, -2], [(4, 4), 3, -2], [(4, 4), 3, -2], [(4, 4), 3, -2], [(4, 4), 3, -2], [(4, 4), 3, -2], [(4, 4), 3, -2], [(4, 4), 3, -2], [(4, 4), 3, -2], [(4, 4), 3, -2], [(4, 4), 3, -2], [(4, 4), 3, -2], [(4, 4), 3, -2], [(4, 4), 3, -2], [(4, 4), 3, -2], [(4, 4), 3, -2], [(4, 4), 3, -2], [(4, 4), 3, -2], [(4, 4), 3, -2], [(4, 4), 3, -2], [(4, 4), 3, -2], [(4, 4), 3, -2], [(4, 4), 3, -2], [(4, 4), 3, -2], [(4, 4), 3, -2], [(4, 4), 3, -2], [(4, 4), 3, -2], [(4, 4), 3, -2], [(4, 4), 3, -2], [(4, 4), 3, -2], [(4, 4), 3, -2], [(4, 4), 3, -2], [(4, 4), 3, -2], [(4, 4), 3, -2], [(4, 4), 3, -2], [(4, 4), 3, -2], [(4, 4), 3, -2], [(4, 4), 3, -2], [(4, 4), 3, -2], [(4, 4), 3, -2], [(4, 4), 3, -2], [(4, 4), 3, -2], [(4, 4), 3, -2], [(4, 4), 3, -2], [(4, 4), 3, -2], [(4, 4), 3, -2], [(4, 4), 3, -2], [(4, 4), 3, -2], [(4, 4), 3, -2], [(4, 4), 3, -2], [(4, 4), 3, -2], [(4, 4), 3, -2], [(4, 4), 3, -2], [(4, 4), 3, -2], [(4, 4), 3, -2], [(4, 4), 3, -2], [(4, 4), 3, -2], [(4, 4), 3, -2], [(4, 4), 3, -2], [(4, 4), 3, -2], [(4, 4), 3, -2], [(4, 4), 3, -2], [(4, 4), 3, -2], [(4, 4), 3, -2], [(4, 4), 3, -2], [(4, 4), 3, -2], [(4, 4), 3, -2], [(4, 4), 3, -2], [(4, 4), 3, -2], [(4, 4), 3, -2], [(4, 4), 3, -2], [(4, 4), 3, -2], [(4, 4), 3, -2], [(4, 4), 3, -2], [(4, 4), 3, -2], [(4, 4), 3, -2], [(4, 4), 3, -2], [(4, 4), 3, -2], [(4, 4), 3, -2], [(4, 4), 3, -2], [(4, 4), 3, -2], [(4, 4), 3, -2], [(4, 4), 3, -2], [(4, 4), 3, -2], [(4, 4), 3, -2], [(4, 4), 3, -2], [(4, 4), 3, -2], [(4, 4), 3, -2], [(4, 4), 3, -2], [(4, 4), 3, -2], [(4, 4), 3, -2], [(4, 4), 3, -2], [(4, 4), 3, -2], [(4, 4), 3, -2], [(4, 4), 3, -2], [(4, 4), 3, -2], [(4, 4), 3, -2], [(4, 4), 3, -2], [(4, 4), 3, -2], [(4, 4), 3, -2], [(4, 4), 3, -2], [(4, 4), 3, -2], [(4, 4), 3, -2], [(4, 4), 3, -2], [(4, 4), 3, -2], [(4, 4), 3, -2], [(4, 4), 3, -2], [(4, 4), 3, -2], [(4, 4), 3, -2], [(4, 4), 3, -2], [(4, 4), 3, -2], [(4, 4), 3, -2], [(4, 4), 3, -2], [(4, 4), 3, -2], [(4, 4), 3, -2], [(4, 4), 3, -2], [(4, 4), 3, -2], [(4, 4), 3, -2], [(4, 4), 3, -2], [(4, 4), 3, -2], [(4, 4), 3, -2], [(4, 4), 3, -2], [(4, 4), 3, -2], [(4, 4), 3, -2], [(4, 4), 3, -2], [(4, 4), 3, -2], [(4, 4), 3, -2], [(4, 4), 3, -2], [(4, 4), 3, -2], [(4, 4), 3, -2], [(4, 4), 3, -2], [(4, 4), 3, -2], [(4, 4), 3, -2], [(4, 4), 3, -2], [(4, 4), 3, -2], [(4, 4), 3, -2], [(4, 4), 3, -2], [(4, 4), 3, -2], [(4, 4), 3, -2], [(4, 4), 3, -2], [(4, 4), 3, -2], [(4, 4), 3, -2], [(4, 4), 3, -2], [(4, 4), 3, -2], [(4, 4), 3, -2], [(4, 4), 3, -2], [(4, 4), 3, -2], [(4, 4), 3, -2], [(4, 4), 3, -2], [(4, 4), 3, -2], [(4, 4), 3, -2], [(4, 4), 3, -2], [(4, 4), 3, -2], [(4, 4), 3, -2], [(4, 4), 3, -2], [(4, 4), 3, -2], [(4, 4), 3, -2], [(4, 4), 3, -2], [(4, 4), 3, -2], [(4, 4), 3, -2], [(4, 4), 3, -2], [(4, 4), 3, -2], [(4, 4), 3, -2], [(4, 4), 3, -2], [(4, 4), 3, -2], [(4, 4), 3, -2], [(4, 4), 3, -2], [(4, 4), 3, -2], [(4, 4), 3, -2], [(4, 4), 3, -2], [(4, 4), 3, -2], [(4, 4), 3, -2], [(4, 4), 3, -2], [(4, 4), 3, -2], [(4, 4), 3, -2], [(4, 4), 3, -2], [(4, 4), 3, -2], [(4, 4), 3, -2], [(4, 4), 3, -2], [(4, 4), 3, -2], [(4, 4), 3, -2], [(4, 4), 3, -2], [(4, 4), 3, -2], [(4, 4), 3, -2], [(4, 4), 3, -2], [(4, 4), 3, -2], [(4, 4), 3, -2], [(4, 4), 3, -2], [(4, 4), 3, -2], [(4, 4), 3, -2], [(4, 4), 3, -2], [(4, 4), 3, -2], [(4, 4), 3, -2], [(4, 4), 3, -2], [(4, 4), 3, -2], [(4, 4), 3, -2], [(4, 4), 3, -2], [(4, 4), 3, -2], [(4, 4), 3, -2], [(4, 4), 3, -2], [(4, 4), 3, -2], [(4, 4), 3, -2], [(4, 4), 3, -2], [(4, 4), 3, -2], [(4, 4), 3, -2], [(4, 4), 3, -2], [(4, 4), 3, -2], [(4, 4), 3, -2], [(4, 4), 3, -2], [(4, 4), 3, -2], [(4, 4), 3, -2], [(4, 4), 3, -2], [(4, 4), 3, -2], [(4, 4), 3, -2], [(4, 4), 3, -2], [(4, 4), 3, -2], [(4, 4), 3, -2], [(4, 4), 3, -2], [(4, 4), 3, -2], [(4, 4), 3, -2], [(4, 4), 3, -2], [(4, 4), 3, -2], [(4, 4), 3, -2], [(4, 4), 3, -2], [(4, 4), 3, -2], [(4, 4), 3, -2], [(4, 4), 3, -2], [(4, 4), 3, -2], [(4, 4), 3, -2], [(4, 4), 3, -2], [(4, 4), 3, -2], [(4, 4), 3, -2], [(4, 4), 3, -2], [(4, 4), 3, -2], [(4, 4), 3, -2], [(4, 4), 3, -2], [(4, 4), 3, -2], [(4, 4), 3, -2], [(4, 4), 3, -2], [(4, 4), 3, -2], [(4, 4), 3, -2], [(4, 4), 3, -2], [(4, 4), 3, -2], [(4, 4), 3, -2], [(4, 4), 3, -2], [(4, 4), 3, -2], [(4, 4), 3, -2], [(4, 4), 3, -2], [(4, 4), 3, -2], [(4, 4), 3, -2], [(4, 4), 3, -2], [(4, 4), 3, -2], [(4, 4), 3, -2], [(4, 4), 3, -2], [(4, 4), 3, -2], [(4, 4), 3, -2], [(4, 4), 3, -2]]