1,-241
2,-183
3,-712
4,-227
5,-431
6,-185
7,19
8,-235
9,-901
10,-177
11,-345
12,-339
13,275
14,-237
15,-289
16,-204
17,-302
18,-652
19,-185
20,-237
21,-493
22,-300
23,-189
24,-125
25,-137
26,-183
27,-110
28,-293
29,-200
30,-152
31,-560
32,-197
33,-181
34,-127
35,440
36,-231
37,-310
38,-520
39,-135
40,-127
41,-197
42,-239
43,96
44,334
45,-187
46,-233
47,146
48,-358
49,-310
50,-341
51,-127
52,332
53,-125
54,-179
55,-279
56,-429
57,-120
58,-568
59,-237
60,-366
61,-256
62,-727
63,-626
64,-127
65,-131
66,-299
67,-803
68,-158
69,-372
70,-127
71,-202
72,-489
73,-81
74,-160
75,11
76,-77
77,-424
78,275
79,294
80,-137
81,92
82,-345
83,-302
84,-451
85,-133
86,-131
87,-131
88,-179
89,-177
90,-349
91,-260
92,-424
93,-31
94,-254
95,-391
96,-668
97,71
98,-695
99,17
100,-129
101,-414
102,188
103,-569
104,-254
105,367
106,-659
107,-256
108,-364
109,192
110,-408
111,-4
112,-252
113,242
114,-75
115,-268
116,121
117,-254
118,348
119,-133
120,-204
121,-29
122,-497
123,-75
124,-127
125,-150
126,-231
127,-268
128,-125
129,119
130,-102
131,-8
132,-187
133,392
134,-127
135,-254
136,-333
137,-41
138,67
139,-252
140,-524
141,271
142,317
143,346
144,-225
145,69
146,-100
147,-245
148,103
149,-341
150,575
151,-10
152,-108
153,-185
154,371
155,-204
156,-104
157,144
158,-256
159,-177
160,467
161,48
162,188
163,-306
164,-152
165,-104
166,521
167,267
168,-185
169,65
170,-331
171,-183
172,-175
173,-127
174,240
175,-154
176,-245
177,-383
178,319
179,-231
180,-104
181,-333
182,-379
183,121
184,-345
185,342
186,100
187,-312
188,148
189,275
190,-175
191,-25
192,217
193,-435
194,-125
195,-433
196,-125
197,-181
198,-125
199,-200
200,544
201,-177
202,-225
203,146
204,94
205,675
206,-233
207,413
208,-304
209,-377
210,-670
211,-306
212,-254
213,61
214,-193
215,-235
216,-129
217,-360
218,-52
219,-177
220,-362
221,-125
222,36
223,-229
224,-283
225,-291
226,63
227,-302
228,446
229,675
230,148
231,415
232,-329
233,-481
234,321
235,321
236,-129
237,-125
238,221
239,-349
240,-279
241,386
242,-25
243,673
244,-150
245,621
246,267
247,-333
248,67
249,-722
250,-250
251,-150
252,44
253,-135
254,525
255,88
256,271
257,96
258,-125
259,292
260,-383
261,-308
262,-125
263,-77
264,246
265,-127
266,-33
267,-131
268,-335
269,-410
270,-158
271,198
272,423
273,-229
274,-75
275,67
276,-81
277,-129
278,-481
279,425
280,463
281,617
282,363
283,375
284,-125
285,271
286,517
287,148
288,-410
289,269
290,117
291,-129
292,-508
293,-175
294,-129
295,48
296,-18
297,-254
298,190
299,-202
300,-202
301,-4
302,296
303,-58
304,-202
305,-81
306,-129
307,-200
308,-152
309,621
310,-125
311,38
312,-202
313,267
314,-335
315,-75
316,194
317,367
318,-83
319,175
320,471
321,-127
322,275
323,292
324,98
325,-183
326,-235
327,442
328,-125
329,-125
330,388
331,146
332,148
333,250
334,421
335,-27
336,525
337,-125
338,448
339,346
340,296
341,469
342,-177
343,-177
344,-75
345,575
346,375
347,-131
348,675
349,-79
350,100
351,673
352,-77
353,-125
354,171
355,-258
356,-25
357,-125
358,398
359,269
360,44
361,-125
362,269
363,-200
364,-229
365,-79
366,-127
367,-87
368,-306
369,194
370,223
371,-79
372,-77
373,-227
374,300
375,523
376,-175
377,-125
378,-127
379,-75
380,-250
381,-262
382,275
383,-158
384,-6
385,-127
386,-200
387,394
388,-206
389,498
390,421
391,-85
392,92
393,375
394,98
395,623
396,319
397,675
398,-383
399,523
400,267
401,319
402,-75
403,471
404,217
405,269
406,473
407,565
408,-229
409,525
410,-75
411,198
412,-75
413,375
414,471
415,140
416,-125
417,675
418,625
419,-75
420,523
421,425
422,425
423,325
424,323
425,323
426,-204
427,-152
428,471
429,471
430,421
431,-131
432,-127
433,569
434,625
435,-177
436,465
437,-183
438,-127
439,673
440,-125
441,-104
442,523
443,575
444,-29
445,-135
446,-283
447,-56
448,-127
449,69
450,621
451,-125
452,-200
453,563
454,369
455,675
456,167
457,-252
458,623
459,515
460,-156
461,-254
462,-127
463,-135
464,-435
465,-125
466,-237
467,-125
468,198
469,96
470,-81
471,421
472,-152
473,494
474,-131
475,-254
476,619
477,623
478,473
479,-356
480,573
481,-100
482,625
483,250
484,275
485,571
486,373
487,-177
488,-129
489,423
490,450
491,-127
492,425
493,-175
494,273
495,319
496,223
497,675
498,496
499,521
500,69
501,523
502,375
503,675
504,-177
505,-125
506,-258
507,-77
508,523
509,275
510,-125
511,-179
512,-125
513,148
514,298
515,525
516,675
517,473
518,-75
519,325
520,296
521,-85
522,523
523,550
524,198
525,-79
526,-231
527,-125
528,521
529,675
530,525
531,-56
532,200
533,-79
534,-75
535,475
536,-133
537,425
538,296
539,675
540,0
541,-79
542,425
543,575
544,550
545,625
546,675
547,448
548,-175
549,425
550,-283
551,-175
552,425
553,217
554,569
555,250
556,675
557,-33
558,-125
559,298
560,473
561,-200
562,-227
563,319
564,-127
565,523
566,673
567,671
568,373
569,675
570,317
571,-127
572,625
573,600
574,-31
575,-75
576,94
577,-331
578,-100
579,419
580,-14
581,446
582,571
583,519
584,225
585,575
586,373
587,523
588,523
589,375
590,-175
591,471
592,-127
593,-125
594,623
595,273
596,-175
597,323
598,269
599,575
600,-29
601,675
602,-200
603,575
604,-127
605,573
606,-75
607,373
608,675
609,525
610,625
611,675
612,575
613,423
614,-31
615,521
616,300
617,-175
618,373
619,425
620,-77
621,521
622,-75
623,-135
624,675
625,423
626,396
627,-235
628,550
629,623
630,621
631,225
632,621
633,569
634,-125
635,298
636,323
637,-75
638,625
639,325
640,625
641,-689
642,375
643,-125
644,-75
645,373
646,467
647,321
648,575
649,625
650,625
651,525
652,423
653,-175
654,-77
655,-27
656,-175
657,525
658,-75
659,525
660,-256
661,323
662,75
663,375
664,271
665,475
666,673
667,-204
668,573
669,523
670,296
671,-75
672,523
673,546
674,525
675,475
676,673
677,473
678,-75
679,-75
680,498
681,623
682,673
683,671
684,423
685,523
686,675
687,275
688,-75
689,-125
690,523
691,-77
692,519
693,621
694,-129
695,225
696,-77
697,425
698,523
699,573
700,625
701,-125
702,150
703,623
704,423
705,-125
706,-231
707,-125
708,625
709,575
710,623
711,-125
712,-85
713,625
714,-75
715,-129
716,425
717,575
718,575
719,417
720,498
721,625
722,675
723,425
724,423
725,673
726,475
727,425
728,373
729,346
730,623
731,400
732,525
733,375
734,625
735,673
736,421
737,-75
738,521
739,598
740,525
741,250
742,475
743,625
744,573
745,350
746,-127
747,625
748,273
749,525
750,425
751,575
752,675
753,396
754,373
755,-283
756,-175
757,-127
758,125
759,-125
760,473
761,575
762,573
763,500
764,67
765,469
766,669
767,-77
768,573
769,623
770,675
771,-125
772,-377
773,-75
774,525
775,546
776,46
777,475
778,523
779,-100
780,-75
781,625
782,500
783,373
784,373
785,573
786,625
787,473
788,173
789,469
790,-275
791,423
792,625
793,-125
794,575
795,575
796,-200
797,-129
798,-75
799,325
800,675
801,625
802,-127
803,298
804,-75
805,619
806,465
807,675
808,425
809,375
810,-125
811,623
812,-227
813,675
814,425
815,675
816,625
817,625
818,625
819,-75
820,673
821,-175
822,425
823,473
824,-125
825,621
826,525
827,-83
828,-25
829,571
830,-29
831,675
832,621
833,623
834,675
835,623
836,471
837,625
838,-204
839,573
840,675
841,-100
842,425
843,-77
844,-125
845,298
846,671
847,475
848,673
849,625
850,425
851,675
852,625
853,625
854,523
855,575
856,673
857,-200
858,525
859,673
860,350
861,500
862,-75
863,398
864,669
865,673
866,673
867,623
868,625
869,375
870,573
871,421
872,-125
873,625
874,425
875,675
876,425
877,675
878,673
879,675
880,-125
881,400
882,475
883,423
884,-127
885,575
886,675
887,523
888,675
889,575
890,325
891,550
892,675
893,400
894,448
895,675
896,571
897,-75
898,573
899,75
900,623
901,-250
902,673
903,-75
904,525
905,494
906,-127
907,425
908,625
909,-125
910,575
911,675
912,-129
913,573
914,-29
915,575
916,523
917,623
918,250
919,348
920,625
921,575
922,475
923,-75
924,575
925,573
926,623
927,675
928,671
929,100
930,-75
931,675
932,575
933,625
934,625
935,375
936,-31
937,396
938,-127
939,675
940,-131
941,525
942,-75
943,675
944,425
945,448
946,348
947,575
948,-75
949,623
950,546
951,598
952,625
953,525
954,675
955,525
956,675
957,675
958,625
959,-154
960,-125
961,523
962,348
963,625
964,348
965,148
966,523
967,571
968,673
969,671
970,625
971,625
972,675
973,-125
974,-75
975,275
976,419
977,323
978,625
979,675
980,673
981,-77
982,-75
983,675
984,675
985,673
986,525
987,675
988,398
989,-75
990,-125
991,400
992,-125
993,573
994,575
995,523
996,625
997,675
998,0
999,-125
1000,423
1001,-125
1002,375
1003,575
1004,-177
1005,-206
1006,623
1007,575
1008,675
1009,675
1010,-75
1011,575
1012,250
1013,625
1014,673
1015,625
1016,-100
1017,-75
1018,325
1019,298
1020,398
1021,-187
1022,300
1023,675
1024,-75
1025,675
1026,575
1027,675
1028,575
1029,625
1030,175
1031,475
1032,425
1033,325
1034,375
1035,-179
1036,-25
1037,623
1038,323
1039,575
1040,625
1041,523
1042,675
1043,675
1044,625
1045,571
1046,675
1047,571
1048,623
1049,673
1050,550
1051,100
1052,-177
1053,669
1054,625
1055,350
1056,671
1057,675
1058,475
1059,673
1060,469
1061,625
1062,675
1063,675
1064,-77
1065,150
1066,675
1067,-129
1068,571
1069,625
1070,-125
1071,625
1072,625
1073,675
1074,546
1075,573
1076,-77
1077,623
1078,-75
1079,675
1080,525
1081,423
1082,625
1083,623
1084,350
1085,625
1086,625
1087,675
1088,625
1089,400
1090,675
1091,625
1092,625
1093,-127
1094,525
1095,675
1096,675
1097,546
1098,673
1099,375
1100,246
1101,675
1102,675
1103,467
1104,-75
1105,575
1106,475
1107,-204
1108,-75
1109,625
1110,475
1111,475
1112,575
1113,523
1114,475
1115,-125
1116,675
1117,673
1118,623
1119,623
1120,525
1121,675
1122,673
1123,675
1124,675
1125,621
1126,525
1127,525
1128,500
1129,673
1130,-75
1131,-27
1132,575
1133,525
1134,-77
1135,623
1136,398
1137,-77
1138,625
1139,625
1140,671
1141,625
1142,425
1143,625
1144,625
1145,198
1146,675
1147,521
1148,-75
1149,-75
1150,625
1151,623
1152,673
1153,623
1154,296
1155,673
1156,671
1157,673
1158,-29
1159,675
1160,575
1161,400
1162,675
1163,548
1164,-127
1165,675
1166,675
1167,-125
1168,373
1169,623
1170,575
1171,675
1172,-27
1173,625
1174,675
1175,400
1176,575
1177,-327
1178,675
1179,675
1180,575
1181,525
1182,-75
1183,675
1184,519
1185,625
1186,475
1187,675
1188,575
1189,675
1190,621
1191,-79
1192,675
1193,623
1194,573
1195,-27
1196,-125
1197,675
1198,623
1199,673
1200,675
1201,675
1202,525
1203,673
1204,675
1205,-2
1206,675
1207,625
1208,-25
1209,625
1210,423
1211,675
1212,-179
1213,425
1214,673
1215,575
1216,625
1217,-125
1218,675
1219,-75
1220,-125
1221,300
1222,625
1223,675
1224,550
1225,625
1226,621
1227,-125
1228,675
1229,673
1230,675
1231,525
1232,675
1233,673
1234,673
1235,675
1236,675
1237,625
1238,423
1239,675
1240,571
1241,625
1242,-25
1243,571
1244,623
1245,621
1246,675
1247,625
1248,673
1249,475
1250,675
1251,625
1252,-25
1253,625
1254,675
1255,-77
1256,623
1257,625
1258,500
1259,475
1260,398
1261,-77
1262,675
1263,550
1264,673
1265,675
1266,548
1267,625
1268,573
1269,523
1270,573
1271,675
1272,625
1273,-25
1274,375
1275,675
1276,623
1277,-77
1278,573
1279,375
1280,573
1281,625
1282,523
1283,675
1284,625
1285,671
1286,375
1287,250
1288,575
1289,625
1290,-77
1291,675
1292,675
1293,623
1294,625
1295,675
1296,675
1297,575
1298,575
1299,500
1300,298
1301,675
1302,575
1303,675
1304,673
1305,575
1306,673
1307,671
1308,623
1309,625
1310,675
1311,571
1312,525
1313,-125
1314,625
1315,-75
1316,673
1317,525
1318,623
1319,675
1320,625
1321,-125
1322,525
1323,675
1324,475
1325,675
1326,-125
1327,525
1328,-27
1329,-125
1330,425
1331,675
1332,400
1333,675
1334,-125
1335,350
1336,625
1337,-29
1338,575
1339,-125
1340,575
1341,675
1342,475
1343,673
1344,471
1345,575
1346,-25
1347,673
1348,-25
1349,519
1350,473
1351,425
1352,-75
1353,673
1354,625
1355,-25
1356,-125
1357,523
1358,-25
1359,-225
1360,548
1361,625
1362,-25
1363,-125
1364,423
1365,400
1366,675
1367,675
1368,273
1369,675
1370,625
1371,673
1372,625
1373,623
1374,675
1375,673
1376,673
1377,350
1378,675
1379,-75
1380,675
1381,-79
1382,625
1383,625
1384,625
1385,400
1386,625
1387,675
1388,673
1389,400
1390,525
1391,675
1392,571
1393,548
1394,573
1395,-125
1396,300
1397,-75
1398,571
1399,675
1400,673
1401,-27
1402,623
1403,150
1404,675
1405,625
1406,575
1407,525
1408,475
1409,623
1410,675
1411,625
1412,623
1413,-75
1414,-27
1415,625
1416,625
1417,-75
1418,-75
1419,-27
1420,300
1421,675
1422,575
1423,575
1424,625
1425,675
1426,675
1427,625
1428,625
1429,-125
1430,425
1431,625
1432,675
1433,571
1434,625
1435,675
1436,-129
1437,575
1438,625
1439,398
1440,-104
1441,-100
1442,625
1443,673
1444,625
1445,521
1446,471
1447,623
1448,-125
1449,621
1450,625
1451,425
1452,571
1453,-75
1454,673
1455,-125
1456,550
1457,475
1458,675
1459,421
1460,673
1461,575
1462,573
1463,550
1464,625
1465,473
1466,675
1467,-127
1468,625
1469,573
1470,621
1471,-25
1472,575
1473,675
1474,675
1475,525
1476,425
1477,-125
1478,-125
1479,675
1480,625
1481,675
1482,375
1483,523
1484,675
1485,425
1486,425
1487,675
1488,525
1489,675
1490,-125
1491,623
1492,675
1493,675
1494,623
1495,675
1496,-125
1497,625
1498,625
1499,-152
1500,575
1501,673
1502,625
1503,-125
1504,400
1505,625
1506,625
1507,550
1508,675
1509,550
1510,500
1511,675
1512,98
1513,623
1514,198
1515,623
1516,-75
1517,673
1518,-75
1519,-75
1520,673
1521,675
1522,-181
1523,675
1524,575
1525,625
1526,625
1527,-27
1528,675
1529,675
1530,350
1531,375
1532,525
1533,-75
1534,675
1535,675
1536,-175
1537,325
1538,573
1539,671
1540,675
1541,675
1542,-77
1543,671
1544,-125
1545,-225
1546,-75
1547,400
1548,550
1549,348
1550,675
1551,625
1552,623
1553,623
1554,425
1555,-125
1556,673
1557,673
1558,-75
1559,250
1560,298
1561,575
1562,-225
1563,675
1564,625
1565,573
1566,-125
1567,550
1568,675
1569,673
1570,298
1571,675
1572,675
1573,675
1574,550
1575,-125
1576,625
1577,675
1578,625
1579,-125
1580,-125
1581,525
1582,675
1583,625
1584,675
1585,525
1586,-27
1587,625
1588,575
1589,625
1590,625
1591,573
1592,525
1593,675
1594,671
1595,-27
1596,400
1597,675
1598,-75
1599,-125
1600,625
1601,375
1602,675
1603,625
1604,525
1605,673
1606,-25
1607,575
1608,675
1609,475
1610,-127
1611,625
1612,275
1613,673
1614,675
1615,675
1616,575
1617,571
1618,525
1619,121
1620,675
1621,425
1622,675
1623,573
1624,675
1625,525
1626,-77
1627,425
1628,673
1629,675
1630,625
1631,-125
1632,575
1633,625
1634,323
1635,525
1636,575
1637,148
1638,398
1639,675
1640,475
1641,673
1642,-31
1643,675
1644,621
1645,625
1646,671
1647,575
1648,100
1649,575
1650,-79
1651,525
1652,-127
1653,225
1654,150
1655,525
1656,423
1657,550
1658,473
1659,675
1660,-125
1661,-27
1662,673
1663,-75
1664,-52
1665,625
1666,-125
1667,673
1668,675
1669,675
1670,675
1671,525
1672,625
1673,625
1674,675
1675,425
1676,498
1677,625
1678,575
1679,575
1680,573
1681,250
1682,675
1683,-27
1684,673
1685,475
1686,623
1687,675
1688,375
1689,400
1690,548
1691,623
1692,400
1693,675
1694,673
1695,675
1696,675
1697,675
1698,400
1699,575
1700,675
1701,623
1702,625
1703,525
1704,500
1705,575
1706,675
1707,625
1708,673
1709,621
1710,423
1711,675
1712,623
1713,-25
1714,-75
1715,-125
1716,625
1717,675
1718,675
1719,675
1720,673
1721,575
1722,625
1723,675
1724,575
1725,475
1726,625
1727,625
1728,273
1729,475
1730,573
1731,-200
1732,525
1733,625
1734,675
1735,523
1736,-127
1737,673
1738,673
1739,625
1740,521
1741,475
1742,548
1743,675
1744,550
1745,575
1746,675
1747,675
1748,-75
1749,-125
1750,623
1751,-75
1752,425
1753,-125
1754,621
1755,673
1756,625
1757,625
1758,-77
1759,473
1760,-127
1761,625
1762,673
1763,675
1764,675
1765,625
1766,-202
1767,625
1768,525
1769,673
1770,675
1771,573
1772,675
1773,575
1774,273
1775,-127
1776,525
1777,675
1778,621
1779,675
1780,-75
1781,550
1782,523
1783,675
1784,675
1785,575
1786,400
1787,575
1788,675
1789,-127
1790,625
1791,675
1792,498
1793,-227
1794,673
1795,673
1796,575
1797,675
1798,-127
1799,671
1800,625
1801,-25
1802,623
1803,500
1804,673
1805,623
1806,675
1807,623
1808,323
1809,625
1810,575
1811,673
1812,475
1813,675
1814,148
1815,673
1816,-127
1817,625
1818,346
1819,425
1820,675
1821,500
1822,623
1823,625
1824,675
1825,675
1826,675
1827,621
1828,-25
1829,673
1830,250
1831,-202
1832,625
1833,675
1834,525
1835,625
1836,-75
1837,671
1838,400
1839,-177
1840,673
1841,673
1842,523
1843,623
1844,475
1845,673
1846,-125
1847,400
1848,548
1849,675
1850,273
1851,-75
1852,675
1853,625
1854,675
1855,623
1856,675
1857,623
1858,675
1859,-175
1860,-125
1861,625
1862,500
1863,675
1864,-75
1865,625
1866,-27
1867,525
1868,348
1869,675
1870,300
1871,525
1872,675
1873,625
1874,523
1875,-79
1876,575
1877,675
1878,550
1879,625
1880,675
1881,-125
1882,625
1883,675
1884,471
1885,296
1886,673
1887,525
1888,625
1889,-25
1890,675
1891,-125
1892,525
1893,425
1894,-200
1895,675
1896,425
1897,675
1898,623
1899,-125
1900,-29
1901,121
1902,675
1903,525
1904,675
1905,-125
1906,621
1907,100
1908,398
1909,625
1910,498
1911,625
1912,675
1913,671
1914,625
1915,-125
1916,675
1917,575
1918,398
1919,-27
1920,675
1921,675
1922,-125
1923,-25
1924,-25
1925,675
1926,625
1927,625
1928,625
1929,523
1930,-125
1931,-100
1932,-125
1933,-125
1934,-129
1935,625
1936,625
1937,398
1938,625
1939,675
1940,675
1941,471
1942,675
1943,523
1944,675
1945,425
1946,350
1947,673
1948,675
1949,673
1950,275
1951,-25
1952,523
1953,575
1954,625
1955,625
1956,523
1957,675
1958,673
1959,675
1960,625
1961,575
1962,675
1963,423
1964,625
1965,150
1966,625
1967,-75
1968,675
1969,675
1970,671
1971,621
1972,400
1973,675
1974,675
1975,675
1976,575
1977,625
1978,-77
1979,675
1980,-175
1981,675
1982,398
1983,625
1984,623
1985,675
1986,-29
1987,-27
1988,600
1989,573
1990,550
1991,673
1992,675
1993,623
1994,623
1995,346
1996,-125
1997,550
1998,550
1999,673
2000,673
2001,625
2002,623
2003,-125
2004,-77
2005,-125
2006,523
2007,473
2008,675
2009,625
2010,675
2011,-129
2012,525
2013,675
2014,675
2015,675
2016,-125
2017,625
2018,-27
2019,623
2020,-25
2021,625
2022,525
2023,673
2024,400
2025,675
2026,546
2027,-75
2028,-125
2029,-77
2030,-125
2031,498
2032,-75
2033,-27
2034,-2
2035,673
2036,671
2037,673
2038,623
2039,300
2040,-75
2041,673
2042,525
2043,550
2044,675
2045,625
2046,275
2047,673
2048,675
2049,425
2050,675
2051,325
2052,-125
2053,625
2054,575
2055,-25
2056,675
2057,575
2058,673
2059,-127
2060,250
2061,625
2062,-25
2063,175
2064,675
2065,375
2066,573
2067,675
2068,623
2069,575
2070,675
2071,575
2072,575
2073,-125
2074,625
2075,300
2076,-125
2077,-229
2078,673
2079,675
2080,-125
2081,675
2082,673
2083,623
2084,373
2085,523
2086,-306
2087,675
2088,523
2089,348
2090,550
2091,473
2092,623
2093,675
2094,625
2095,625
2096,673
2097,575
2098,675
2099,425
2100,573
2101,623
2102,625
2103,0
2104,675
2105,675
2106,675
2107,675
2108,625
2109,625
2110,-77
2111,625
2112,675
2113,571
2114,600
2115,675
2116,575
2117,675
2118,573
2119,625
2120,675
2121,-75
2122,623
2123,550
2124,523
2125,675
2126,475
2127,-25
2128,-25
2129,350
2130,673
2131,675
2132,475
2133,415
2134,671
2135,675
2136,548
2137,-79
2138,423
2139,298
2140,573
2141,675
2142,675
2143,-125
2144,675
2145,425
2146,673
2147,-125
2148,625
2149,400
2150,-2
2151,-125
2152,425
2153,423
2154,525
2155,675
2156,-79
2157,675
2158,673
2159,625
2160,623
2161,471
2162,-77
2163,-75
2164,523
2165,625
2166,575
2167,-75
2168,675
2169,-125
2170,625
2171,623
2172,548
2173,-75
2174,673
2175,621
2176,-75
2177,-125
2178,-175
2179,675
2180,350
2181,425
2182,425
2183,98
2184,623
2185,-127
2186,575
2187,675
2188,475
2189,348
2190,673
2191,675
2192,619
2193,675
2194,675
2195,675
2196,573
2197,623
2198,625
2199,-127
2200,523
2201,575
2202,-25
2203,625
2204,-25
2205,625
2206,546
2207,673
2208,673
2209,625
2210,673
2211,625
2212,523
2213,623
2214,-27
2215,573
2216,675
2217,625
2218,625
2219,623
2220,625
2221,-127
2222,523
2223,575
2224,-127
2225,625
2226,-25
2227,673
2228,675
2229,575
2230,525
2231,675
2232,-52
2233,-77
2234,675
2235,675
2236,623
2237,625
2238,575
2239,675
2240,571
2241,675
2242,-127
2243,623
2244,625
2245,523
2246,675
2247,625
2248,673
2249,625
2250,625
2251,673
2252,619
2253,625
2254,675
2255,-25
2256,425
2257,-200
2258,473
2259,675
2260,575
2261,575
2262,675
2263,673
2264,425
2265,675
2266,573
2267,625
2268,675
2269,675
2270,675
2271,675
2272,625
2273,325
2274,671
2275,675
2276,400
2277,675
2278,-75
2279,675
2280,625
2281,-25
2282,675
2283,523
2284,-125
2285,675
2286,575
2287,373
2288,575
2289,571
2290,675
2291,273
2292,675
2293,-75
2294,550
2295,248
2296,575
2297,575
2298,567
2299,673
2300,198
2301,546
2302,-175
2303,-75
2304,523
2305,-50
2306,675
2307,-125
2308,-125
2309,675
2310,500
2311,-77
2312,-125
2313,575
2314,623
2315,575
2316,-125
2317,575
2318,625
2319,675
2320,398
2321,675
2322,675
2323,525
2324,671
2325,-100
2326,475
2327,625
2328,673
2329,671
2330,675
2331,673
2332,425
2333,625
2334,-75
2335,-25
2336,-25
2337,625
2338,673
2339,675
2340,575
2341,675
2342,425
2343,575
2344,623
2345,-125
2346,675
2347,550
2348,-129
2349,-125
2350,-129
2351,625
2352,375
2353,523
2354,623
2355,346
2356,671
2357,623
2358,350
2359,-125
2360,-75
2361,621
2362,625
2363,-125
2364,525
2365,-27
2366,575
2367,625
2368,375
2369,675
2370,250
2371,-127
2372,673
2373,575
2374,675
2375,675
2376,623
2377,525
2378,375
2379,575
2380,575
2381,-75
2382,623
2383,625
2384,425
2385,548
2386,625
2387,-75
2388,550
2389,625
2390,623
2391,675
2392,544
2393,625
2394,98
2395,675
2396,398
2397,623
2398,573
2399,675
2400,625
2401,-75
2402,621
2403,675
2404,623
2405,625
2406,-79
2407,-25
2408,573
2409,473
2410,500
2411,475
2412,625
2413,671
2414,423
2415,-127
2416,625
2417,675
2418,573
2419,-225
2420,625
2421,575
2422,673
2423,298
2424,573
2425,-125
2426,350
2427,425
2428,425
2429,-25
2430,675
2431,400
2432,673
2433,-125
2434,-75
2435,523
2436,675
2437,448
2438,523
2439,625
2440,425
2441,623
2442,673
2443,350
2444,673
2445,-27
2446,525
2447,-175
2448,625
2449,-29
2450,-81
2451,248
2452,673
2453,675
2454,375
2455,525
2456,675
2457,623
2458,375
2459,-75
2460,675
2461,-75
2462,-125
2463,625
2464,-75
2465,396
2466,475
2467,625
2468,675
2469,675
2470,675
2471,673
2472,-125
2473,-75
2474,675
2475,300
2476,425
2477,673
2478,-25
2479,198
2480,525
2481,575
2482,-125
2483,675
2484,-125
2485,675
2486,373
2487,-75
2488,625
2489,-125
2490,-125
2491,-250
2492,673
2493,523
2494,675
2495,675
2496,675
2497,350
2498,575
2499,675
2500,575
2501,-125
2502,675
2503,248
2504,623
2505,673
2506,625
2507,673
2508,-125
2509,675
2510,523
2511,625
2512,223
2513,-127
2514,573
2515,198
2516,623
2517,675
2518,625
2519,525
2520,625
2521,625
2522,671
2523,675
2524,675
2525,475
2526,675
2527,671
2528,675
2529,-31
2530,625
2531,675
2532,573
2533,-75
2534,575
2535,675
2536,-25
2537,675
2538,-29
2539,675
2540,-77
2541,625
2542,573
2543,675
2544,350
2545,675
2546,675
2547,675
2548,350
2549,675
2550,675
2551,673
2552,625
2553,350
2554,398
2555,-125
2556,-125
2557,675
2558,-125
2559,575
2560,375
2561,673
2562,625
2563,475
2564,573
2565,625
2566,675
2567,675
2568,673
2569,675
2570,-125
2571,-177
2572,596
2573,675
2574,523
2575,500
2576,575
2577,375
2578,421
2579,546
2580,675
2581,675
2582,625
2583,425
2584,-77
2585,573
2586,675
2587,675
2588,375
2589,-77
2590,675
2591,625
2592,625
2593,-75
2594,-75
2595,625
2596,621
2597,-2
2598,425
2599,673
2600,575
2601,469
2602,525
2603,675
2604,675
2605,-127
2606,500
2607,-27
2608,625
2609,575
2610,625
2611,675
2612,375
2613,623
2614,625
2615,425
2616,-177
2617,-75
2618,675
2619,673
2620,375
2621,400
2622,675
2623,-75
2624,-127
2625,150
2626,-77
2627,673
2628,475
2629,673
2630,575
2631,375
2632,625
2633,675
2634,-75
2635,673
2636,625
2637,675
2638,675
2639,323
2640,675
2641,625
2642,425
2643,-125
2644,673
2645,525
2646,-50
2647,675
2648,-127
2649,525
2650,625
2651,523
2652,-200
2653,625
2654,525
2655,498
2656,-125
2657,-125
2658,675
2659,-175
2660,400
2661,675
2662,325
2663,-75
2664,-54
2665,525
2666,675
2667,625
2668,625
2669,400
2670,623
2671,675
2672,675
2673,575
2674,-27
2675,675
2676,675
2677,675
2678,621
2679,673
2680,675
2681,623
2682,675
2683,623
2684,675
2685,625
2686,673
2687,425
2688,625
2689,400
2690,-29
2691,673
2692,625
2693,675
2694,525
2695,-125
2696,525
2697,675
2698,575
2699,-79
2700,375
2701,25
2702,521
2703,675
2704,675
2705,-77
2706,548
2707,675
2708,675
2709,623
2710,675
2711,-25
2712,623
2713,621
2714,296
2715,675
2716,625
2717,573
2718,-75
2719,373
2720,550
2721,671
2722,-127
2723,-125
2724,0
2725,573
2726,-75
2727,675
2728,623
2729,448
2730,523
2731,425
2732,425
2733,296
2734,675
2735,675
2736,675
2737,675
2738,673
2739,-77
2740,575
2741,675
2742,521
2743,-127
2744,550
2745,525
2746,623
2747,673
2748,325
2749,550
2750,-27
2751,675
2752,675
2753,623
2754,623
2755,573
2756,675
2757,575
2758,671
2759,625
2760,675
2761,-25
2762,673
2763,225
2764,500
2765,475
2766,350
2767,498
2768,673
2769,-177
2770,573
2771,-25
2772,625
2773,-125
2774,523
2775,623
2776,673
2777,400
2778,-75
2779,196
2780,248
2781,675
2782,496
2783,675
2784,625
2785,673
2786,575
2787,519
2788,573
2789,300
2790,523
2791,-75
2792,623
2793,675
2794,575
2795,625
2796,575
2797,623
2798,550
2799,575
2800,450
2801,625
2802,-225
2803,375
2804,573
2805,675
2806,675
2807,-125
2808,550
2809,675
2810,671
2811,275
2812,275
2813,-25
2814,525
2815,625
2816,425
2817,675
2818,-125
2819,-125
2820,625
2821,673
2822,423
2823,675
2824,275
2825,625
2826,575
2827,573
2828,623
2829,675
2830,673
2831,400
2832,575
2833,525
2834,673
2835,523
2836,623
2837,350
2838,625
2839,575
2840,675
2841,575
2842,623
2843,425
2844,400
2845,673
2846,-77
2847,525
2848,675
2849,348
2850,-125
2851,675
2852,623
2853,571
2854,-75
2855,675
2856,325
2857,623
2858,675
2859,675
2860,448
2861,625
2862,673
2863,675
2864,-75
2865,250
2866,-125
2867,575
2868,675
2869,325
2870,-200
2871,-202
2872,675
2873,673
2874,669
2875,573
2876,673
2877,673
2878,625
2879,673
2880,673
2881,373
2882,675
2883,675
2884,625
2885,50
2886,573
2887,625
2888,675
2889,673
2890,600
2891,673
2892,625
2893,625
2894,-75
2895,575
2896,546
2897,-77
2898,-125
2899,675
2900,675
2901,675
2902,573
2903,675
2904,475
2905,325
2906,675
2907,-125
2908,675
2909,675
2910,175
2911,675
2912,525
2913,675
2914,-75
2915,525
2916,575
2917,523
2918,675
2919,23
2920,473
2921,623
2922,-125
2923,675
2924,400
2925,625
2926,621
2927,-75
2928,373
2929,675
2930,375
2931,675
2932,625
2933,671
2934,523
2935,525
2936,625
2937,675
2938,471
2939,675
2940,675
2941,525
2942,673
2943,675
2944,675
2945,625
2946,475
2947,623
2948,250
2949,-75
2950,423
2951,-77
2952,625
2953,-125
2954,625
2955,623
2956,675
2957,525
2958,667
2959,675
2960,-27
2961,625
2962,675
2963,475
2964,575
2965,675
2966,675
2967,673
2968,-77
2969,675
2970,500
2971,350
2972,575
2973,675
2974,448
2975,250
2976,673
2977,625
2978,675
2979,675
2980,675
2981,675
2982,400
2983,-125
2984,-125
2985,525
2986,675
2987,-200
2988,-27
2989,425
2990,-125
2991,275
2992,675
2993,675
2994,675
2995,425
2996,625
2997,675
2998,-75
2999,675
3000,675
3001,675
3002,675
3003,625
3004,621
3005,675
3006,525
3007,625
3008,675
3009,673
3010,675
3011,375
3012,675
3013,675
3014,669
3015,525
3016,673
3017,625
3018,575
3019,673
3020,675
3021,575
3022,571
3023,-175
3024,400
3025,523
3026,675
3027,575
3028,675
3029,675
3030,625
3031,-77
3032,675
3033,675
3034,-175
3035,298
3036,675
3037,675
3038,675
3039,350
3040,621
3041,675
3042,625
3043,673
3044,675
3045,571
3046,425
3047,550
3048,525
3049,625
3050,573
3051,398
3052,673
3053,625
3054,575
3055,625
3056,675
3057,675
3058,350
3059,673
3060,625
3061,623
3062,-125
3063,-25
3064,673
3065,625
3066,-377
3067,675
3068,423
3069,425
3070,400
3071,625
3072,219
3073,144
3074,675
3075,675
3076,623
3077,-75
3078,-27
3079,350
3080,398
3081,-75
3082,525
3083,675
3084,669
3085,675
3086,675
3087,673
3088,675
3089,550
3090,625
3091,625
3092,400
3093,400
3094,375
3095,675
3096,625
3097,623
3098,525
3099,550
3100,225
3101,-202
3102,-75
3103,398
3104,498
3105,571
3106,200
3107,-27
3108,-75
3109,575
3110,575
3111,623
3112,673
3113,675
3114,625
3115,571
3116,425
3117,673
3118,-31
3119,623
3120,675
3121,573
3122,-125
3123,673
3124,-125
3125,675
3126,673
3127,675
3128,575
3129,273
3130,675
3131,673
3132,-75
3133,300
3134,473
3135,625
3136,675
3137,-27
3138,625
3139,-79
3140,625
3141,625
3142,-75
3143,625
3144,575
3145,-125
3146,423
3147,625
3148,673
3149,625
3150,673
3151,550
3152,673
3153,675
3154,250
3155,673
3156,450
3157,625
3158,675
3159,625
3160,248
3161,673
3162,623
3163,625
3164,675
3165,625
3166,623
3167,675
3168,675
3169,675
3170,250
3171,675
3172,-75
3173,573
3174,398
3175,-200
3176,675
3177,400
3178,675
3179,0
3180,673
3181,525
3182,500
3183,323
3184,625
3185,-127
3186,671
3187,400
3188,625
3189,675
3190,-77
3191,250
3192,675
3193,625
3194,575
3195,625
3196,75
3197,296
3198,675
3199,671
3200,300
3201,625
3202,625
3203,525
3204,625
3205,675
3206,575
3207,423
3208,675
3209,-81
3210,550
3211,400
3212,625
3213,373
3214,-2
3215,523
3216,-75
3217,550
3218,575
3219,675
3220,675
3221,625
3222,575
3223,-75
3224,-125
3225,400
3226,323
3227,523
3228,575
3229,523
3230,675
3231,-27
3232,675
3233,625
3234,623
3235,675
3236,675
3237,250
3238,-177
3239,673
3240,625
3241,473
3242,673
3243,625
3244,675
3245,525
3246,625
3247,525
3248,625
3249,-27
3250,625
3251,-75
3252,675
3253,-75
3254,675
3255,525
3256,575
3257,50
3258,425
3259,673
3260,-29
3261,-27
3262,625
3263,675
3264,625
3265,550
3266,-25
3267,623
3268,623
3269,548
3270,525
3271,221
3272,675
3273,425
3274,625
3275,-75
3276,275
3277,675
3278,575
3279,673
3280,675
3281,298
3282,623
3283,573
3284,273
3285,575
3286,675
3287,675
3288,571
3289,525
3290,623
3291,675
3292,575
3293,-79
3294,525
3295,675
3296,625
3297,675
3298,625
3299,675
3300,625
3301,-75
3302,675
3303,625
3304,-125
3305,-75
3306,-125
3307,673
3308,623
3309,675
3310,548
3311,623
3312,-177
3313,675
3314,575
3315,375
3316,675
3317,625
3318,525
3319,623
3320,673
3321,375
3322,450
3323,346
3324,-25
3325,675
3326,673
3327,675
3328,675
3329,525
3330,-129
3331,625
3332,675
3333,625
3334,-75
3335,675
3336,671
3337,375
3338,496
3339,673
3340,-127
3341,625
3342,675
3343,423
3344,673
3345,675
3346,625
3347,575
3348,675
3349,200
3350,675
3351,-75
3352,673
3353,675
3354,375
3355,623
3356,-125
3357,675
3358,-77
3359,575
3360,675
3361,475
3362,-177
3363,625
3364,-31
3365,675
3366,573
3367,675
3368,673
3369,425
3370,573
3371,575
3372,548
3373,523
3374,675
3375,625
3376,625
3377,-125
3378,375
3379,623
3380,621
3381,675
3382,475
3383,575
3384,-175
3385,625
3386,425
3387,573
3388,625
3389,625
3390,675
3391,473
3392,-25
3393,-127
3394,671
3395,625
3396,673
3397,473
3398,-127
3399,-75
3400,-131
3401,625
3402,673
3403,625
3404,675
3405,621
3406,675
3407,-125
3408,675
3409,550
3410,523
3411,346
3412,671
3413,400
3414,625
3415,675
3416,-79
3417,475
3418,-125
3419,467
3420,675
3421,673
3422,-81
3423,-125
3424,575
3425,675
3426,-125
3427,375
3428,-131
3429,398
3430,-204
3431,673
3432,673
3433,675
3434,675
3435,475
3436,-75
3437,625
3438,675
3439,675
3440,623
3441,673
3442,623
3443,673
3444,675
3445,350
3446,675
3447,675
3448,525
3449,350
3450,675
3451,625
3452,523
3453,675
3454,673
3455,673
3456,-175
3457,675
3458,673
3459,625
3460,423
3461,-125
3462,675
3463,675
3464,625
3465,675
3466,625
3467,-200
3468,671
3469,571
3470,621
3471,525
3472,523
3473,675
3474,625
3475,-127
3476,-125
3477,-125
3478,-127
3479,525
3480,-125
3481,450
3482,675
3483,673
3484,673
3485,675
3486,673
3487,425
3488,-175
3489,575
3490,671
3491,625
3492,475
3493,375
3494,473
3495,-50
3496,-125
3497,625
3498,550
3499,575
3500,675
3501,625
3502,673
3503,623
3504,675
3505,575
3506,625
3507,523
3508,-25
3509,675
3510,525
3511,-125
3512,623
3513,625
3514,-127
3515,425
3516,675
3517,675
3518,575
3519,548
3520,-27
3521,675
3522,673
3523,575
3524,675
3525,621
3526,625
3527,-75
3528,525
3529,225
3530,-75
3531,625
3532,673
3533,419
3534,675
3535,300
3536,350
3537,625
3538,671
3539,-29
3540,-100
3541,675
3542,375
3543,675
3544,575
3545,-177
3546,673
3547,675
3548,625
3549,-175
3550,675
3551,625
3552,625
3553,575
3554,425
3555,625
3556,525
3557,425
3558,425
3559,675
3560,-200
3561,625
3562,673
3563,673
3564,525
3565,675
3566,-25
3567,375
3568,617
3569,621
3570,613
3571,-25
3572,625
3573,623
3574,625
3575,675
3576,575
3577,675
3578,675
3579,-100
3580,-75
3581,673
3582,675
3583,75
3584,675
3585,671
3586,-127
3587,675
3588,500
3589,675
3590,-77
3591,575
3592,423
3593,673
3594,225
3595,675
3596,675
3597,675
3598,675
3599,-125
3600,496
3601,600
3602,-125
3603,675
3604,348
3605,423
3606,575
3607,-27
3608,400
3609,625
3610,575
3611,525
3612,446
3613,350
3614,623
3615,-75
3616,675
3617,196
3618,473
3619,-75
3620,673
3621,675
3622,673
3623,-27
3624,-25
3625,-129
3626,673
3627,675
3628,-125
3629,623
3630,350
3631,-177
3632,425
3633,-75
3634,350
3635,675
3636,575
3637,-177
3638,623
3639,425
3640,675
3641,623
3642,625
3643,300
3644,475
3645,675
3646,325
3647,675
3648,565
3649,-225
3650,600
3651,-75
3652,675
3653,675
3654,396
3655,348
3656,675
3657,348
3658,619
3659,-100
3660,625
3661,675
3662,571
3663,-75
3664,217
3665,575
3666,-125
3667,0
3668,573
3669,625
3670,625
3671,25
3672,525
3673,625
3674,675
3675,-181
3676,-127
3677,373
3678,-325
3679,-50
3680,-75
3681,623
3682,675
3683,523
3684,425
3685,571
3686,-75
3687,675
3688,573
3689,-75
3690,675
3691,625
3692,623
3693,421
3694,-25
3695,675
3696,673
3697,-75
3698,425
3699,673
3700,573
3701,523
3702,673
3703,675
3704,625
3705,673
3706,675
3707,575
3708,475
3709,-6
3710,671
3711,75
3712,625
3713,-225
3714,621
3715,675
3716,-77
3717,675
3718,-125
3719,675
3720,675
3721,673
3722,-2
3723,-202
3724,400
3725,671
3726,-2
3727,675
3728,348
3729,525
3730,-25
3731,-75
3732,625
3733,571
3734,-250
3735,623
3736,625
3737,675
3738,625
3739,523
3740,400
3741,673
3742,400
3743,625
3744,-125
3745,625
3746,423
3747,575
3748,-175
3749,-125
3750,-129
3751,-127
3752,671
3753,675
3754,-75
3755,-175
3756,-125
3757,-125
3758,623
3759,271
3760,675
3761,425
3762,475
3763,675
3764,-127
3765,675
3766,575
3767,150
3768,-125
3769,625
3770,625
3771,675
3772,423
3773,525
3774,-125
3775,625
3776,500
3777,-27
3778,675
3779,-125
3780,675
3781,523
3782,-75
3783,625
3784,-125
3785,-75
3786,525
3787,673
3788,575
3789,525
3790,625
3791,673
3792,675
3793,575
3794,675
3795,673
3796,-125
3797,-25
3798,669
3799,623
3800,-127
3801,423
3802,623
3803,675
3804,675
3805,400
3806,-100
3807,625
3808,471
3809,419
3810,425
3811,625
3812,625
3813,673
3814,675
3815,221
3816,675
3817,473
3818,448
3819,673
3820,446
3821,425
3822,625
3823,675
3824,675
3825,625
3826,623
3827,425
3828,675
3829,675
3830,625
3831,-29
3832,675
3833,671
3834,400
3835,623
3836,573
3837,625
3838,571
3839,-179
3840,-131
3841,-127
3842,525
3843,623
3844,675
3845,525
3846,575
3847,623
3848,671
3849,625
3850,473
3851,623
3852,-31
3853,400
3854,625
3855,300
3856,575
3857,500
3858,675
3859,673
3860,375
3861,-75
3862,523
3863,675
3864,-27
3865,675
3866,-125
3867,675
3868,-125
3869,673
3870,675
3871,675
3872,-29
3873,523
3874,675
3875,425
3876,673
3877,400
3878,675
3879,-77
3880,675
3881,525
3882,673
3883,673
3884,675
3885,675
3886,575
3887,675
3888,675
3889,625
3890,325
3891,496
3892,-127
3893,675
3894,623
3895,625
3896,675
3897,575
3898,573
3899,625
3900,-127
3901,575
3902,575
3903,575
3904,500
3905,348
3906,-175
3907,669
3908,573
3909,675
3910,550
3911,675
3912,248
3913,-125
3914,675
3915,575
3916,400
3917,271
3918,623
3919,569
3920,248
3921,675
3922,-75
3923,675
3924,675
3925,400
3926,675
3927,625
3928,475
3929,625
3930,-125
3931,-77
3932,625
3933,675
3934,521
3935,623
3936,675
3937,623
3938,375
3939,573
3940,571
3941,575
3942,75
3943,-175
3944,675
3945,500
3946,300
3947,550
3948,675
3949,673
3950,675
3951,675
3952,625
3953,-25
3954,675
3955,-75
3956,623
3957,673
3958,-25
3959,675
3960,-125
3961,675
3962,625
3963,675
3964,575
3965,675
3966,623
3967,675
3968,298
3969,448
3970,575
3971,673
3972,675
3973,-79
3974,675
3975,-125
3976,350
3977,573
3978,625
3979,525
3980,675
3981,675
3982,675
3983,373
3984,-125
3985,675
3986,-125
3987,673
3988,673
3989,675
3990,521
3991,673
3992,475
3993,675
3994,-227
3995,675
3996,348
3997,625
3998,623
3999,423
4000,-125
4001,-29
4002,623
4003,573
4004,675
4005,625
4006,325
4007,400
4008,500
4009,625
4010,575
4011,423
4012,525
4013,-125
4014,400
4015,-125
4016,625
4017,675
4018,625
4019,471
4020,573
4021,575
4022,623
4023,423
4024,-79
4025,675
4026,623
4027,425
4028,623
4029,625
4030,-27
4031,569
4032,-229
4033,450
4034,-127
4035,623
4036,-177
4037,621
4038,623
4039,675
4040,573
4041,475
4042,575
4043,675
4044,673
4045,675
4046,-27
4047,625
4048,625
4049,625
4050,425
4051,675
4052,371
4053,625
4054,675
4055,519
4056,-127
4057,-125
4058,-75
4059,600
4060,675
4061,675
4062,-25
4063,673
4064,525
4065,550
4066,475
4067,673
4068,675
4069,498
4070,573
4071,-29
4072,675
4073,398
4074,525
4075,400
4076,623
4077,675
4078,675
4079,475
4080,-125
4081,525
4082,675
4083,0
4084,625
4085,575
4086,-75
4087,623
4088,575
4089,423
4090,625
4091,623
4092,-125
4093,-77
4094,423
4095,-125
4096,573
4097,425
4098,375
4099,-77
4100,250
4101,675
4102,625
4103,673
4104,225
4105,175
4106,423
4107,673
4108,675
4109,675
4110,575
4111,548
4112,523
4113,625
4114,375
4115,625
4116,673
4117,323
4118,675
4119,275
4120,625
4121,373
4122,523
4123,-77
4124,675
4125,525
4126,625
4127,473
4128,675
4129,300
4130,375
4131,675
4132,673
4133,371
4134,575
4135,575
4136,-75
4137,675
4138,475
4139,-25
4140,671
4141,423
4142,625
4143,625
4144,523
4145,625
4146,671
4147,-75
4148,675
4149,-200
4150,250
4151,-250
4152,625
4153,675
4154,-125
4155,525
4156,550
4157,625
4158,671
4159,425
4160,-75
4161,675
4162,-177
4163,475
4164,625
4165,675
4166,623
4167,521
4168,-79
4169,400
4170,625
4171,675
4172,-125
4173,-125
4174,475
4175,423
4176,625
4177,475
4178,475
4179,675
4180,625
4181,548
4182,675
4183,623
4184,675
4185,623
4186,675
4187,275
4188,-75
4189,675
4190,-75
4191,675
4192,675
4193,521
4194,673
4195,-125
4196,500
4197,675
4198,625
4199,525
4200,398
4201,569
4202,625
4203,673
4204,675
4205,325
4206,250
4207,575
4208,-25
4209,675
4210,475
4211,-75
4212,623
4213,675
4214,621
4215,521
4216,669
4217,550
4218,675
4219,675
4220,-77
4221,-125
4222,96
4223,675
4224,-77
4225,-127
4226,623
4227,675
4228,675
4229,675
4230,625
4231,523
4232,675
4233,625
4234,523
4235,673
4236,200
4237,575
4238,671
4239,523
4240,475
4241,675
4242,625
4243,673
4244,675
4245,523
4246,350
4247,675
4248,450
4249,-75
4250,-75
4251,300
4252,575
4253,475
4254,625
4255,675
4256,473
4257,675
4258,625
4259,671
4260,625
4261,-77
4262,621
4263,523
4264,225
4265,-104
4266,-75
4267,-25
4268,425
4269,673
4270,573
4271,-77
4272,675
4273,673
4274,400
4275,473
4276,-75
4277,548
4278,496
4279,-175
4280,448
4281,398
4282,525
4283,475
4284,150
4285,523
4286,625
4287,425
4288,475
4289,525
4290,575
4291,675
4292,525
4293,-77
4294,673
4295,573
4296,673
4297,625
4298,675
4299,623
4300,50
4301,-125
4302,475
4303,623
4304,575
4305,623
4306,523
4307,673
4308,-27
4309,575
4310,625
4311,673
4312,623
4313,-177
4314,-129
4315,473
4316,623
4317,-125
4318,523
4319,625
4320,673
4321,525
4322,-25
4323,275
4324,425
4325,-175
4326,-6
4327,298
4328,421
4329,475
4330,673
4331,675
4332,675
4333,350
4334,625
4335,398
4336,-27
4337,573
4338,-27
4339,575
4340,573
4341,-150
4342,625
4343,523
4344,625
4345,675
4346,298
4347,623
4348,671
4349,375
4350,223
4351,-75
4352,-75
4353,675
4354,523
4355,525
4356,-125
4357,-75
4358,625
4359,673
4360,575
4361,475
4362,675
4363,675
4364,473
4365,-75
4366,-125
4367,-125
4368,523
4369,675
4370,550
4371,-87
4372,423
4373,673
4374,548
4375,675
4376,625
4377,425
4378,625
4379,675
4380,-202
4381,625
4382,675
4383,194
4384,375
4385,525
4386,-27
4387,673
4388,450
4389,625
4390,425
4391,675
4392,521
4393,623
4394,675
4395,473
4396,625
4397,425
4398,675
4399,671
4400,475
4401,575
4402,675
4403,673
4404,75
4405,521
4406,625
4407,-25
4408,675
4409,375
4410,523
4411,148
4412,575
4413,550
4414,671
4415,-75
4416,573
4417,671
4418,325
4419,675
4420,573
4421,525
4422,-125
4423,573
4424,671
4425,675
4426,323
4427,625
4428,675
4429,225
4430,223
4431,675
4432,625
4433,621
4434,673
4435,473
4436,673
4437,-125
4438,575
4439,300
4440,423
4441,350
4442,625
4443,498
4444,625
4445,525
4446,619
4447,-85
4448,675
4449,675
4450,525
4451,623
4452,450
4453,575
4454,675
4455,-75
4456,675
4457,-300
4458,623
4459,525
4460,675
4461,575
4462,675
4463,348
4464,375
4465,-77
4466,675
4467,-125
4468,623
4469,625
4470,623
4471,575
4472,300
4473,675
4474,625
4475,675
4476,525
4477,-77
4478,-50
4479,575
4480,-150
4481,-125
4482,621
4483,675
4484,525
4485,621
4486,-75
4487,598
4488,675
4489,675
4490,-127
4491,-127
4492,550
4493,675
4494,625
4495,675
4496,-27
4497,-225
4498,675
4499,675
4500,525
4501,623
4502,371
4503,-25
4504,321
4505,573
4506,625
4507,400
4508,-75
4509,-27
4510,675
4511,425
4512,675
4513,471
4514,675
4515,673
4516,575
4517,523
4518,623
4519,675
4520,421
4521,575
4522,521
4523,321
4524,575
4525,525
4526,448
4527,-150
4528,625
4529,675
4530,425
4531,350
4532,675
4533,675
4534,475
4535,575
4536,525
4537,625
4538,575
4539,673
4540,575
4541,675
4542,673
4543,-100
4544,350
4545,-29
4546,571
4547,475
4548,425
4549,200
4550,675
4551,600
4552,675
4553,-100
4554,673
4555,575
4556,-27
4557,-125
4558,475
4559,500
4560,525
4561,446
4562,675
4563,673
4564,-125
4565,23
4566,500
4567,525
4568,675
4569,623
4570,675
4571,-29
4572,525
4573,571
4574,575
4575,575
4576,398
4577,-129
4578,625
4579,475
4580,625
4581,675
4582,675
4583,525
4584,-125
4585,571
4586,525
4587,375
4588,525
4589,573
4590,675
4591,473
4592,673
4593,448
4594,521
4595,300
4596,-25
4597,675
4598,475
4599,623
4600,571
4601,546
4602,-25
4603,675
4604,-125
4605,675
4606,575
4607,675
4608,525
4609,375
4610,625
4611,621
4612,550
4613,-77
4614,375
4615,348
4616,-127
4617,521
4618,675
4619,669
4620,346
4621,371
4622,475
4623,-129
4624,675
4625,-29
4626,525
4627,525
4628,525
4629,473
4630,625
4631,-79
4632,425
4633,675
4634,625
4635,548
4636,675
4637,-125
4638,475
4639,-181
4640,623
4641,-25
4642,573
4643,675
4644,-125
4645,525
4646,425
4647,575
4648,475
4649,675
4650,573
4651,573
4652,523
4653,675
4654,675
4655,425
4656,525
4657,344
4658,675
4659,673
4660,469
4661,675
4662,673
4663,675
4664,575
4665,623
4666,-125
4667,519
4668,675
4669,525
4670,-75
4671,675
4672,573
4673,423
4674,375
4675,573
4676,423
4677,623
4678,525
4679,675
4680,675
4681,375
4682,-29
4683,525
4684,525
4685,575
4686,625
4687,575
4688,675
4689,325
4690,623
4691,548
4692,396
4693,475
4694,523
4695,517
4696,-229
4697,-102
4698,625
4699,548
4700,625
4701,625
4702,525
4703,625
4704,-79
4705,425
4706,675
4707,623
4708,571
4709,600
4710,575
4711,625
4712,625
4713,-175
4714,625
4715,625
4716,271
4717,523
4718,675
4719,675
4720,675
4721,425
4722,21
4723,525
4724,523
4725,575
4726,448
4727,625
4728,575
4729,423
4730,71
4731,250
4732,-75
4733,23
4734,475
4735,625
4736,625
4737,673
4738,-125
4739,375
4740,625
4741,-175
4742,425
4743,-100
4744,675
4745,548
4746,625
4747,675
4748,523
4749,-125
4750,-100
4751,425
4752,375
4753,675
4754,625
4755,-75
4756,523
4757,625
4758,-25
4759,-127
4760,675
4761,-77
4762,625
4763,675
4764,523
4765,475
4766,-131
4767,675
4768,575
4769,625
4770,-75
4771,-127
4772,548
4773,623
4774,523
4775,-127
4776,525
4777,475
4778,-150
4779,673
4780,375
4781,-152
4782,525
4783,400
4784,571
4785,75
4786,575
4787,675
4788,223
4789,675
4790,546
4791,525
4792,525
4793,425
4794,375
4795,523
4796,675
4797,675
4798,-25
4799,625
4800,471
4801,625
4802,625
4803,621
4804,500
4805,-125
4806,675
4807,475
4808,-54
4809,-125
4810,675
4811,-125
4812,525
4813,525
4814,675
4815,500
4816,675
4817,673
4818,421
4819,625
4820,-125
4821,675
4822,623
4823,675
4824,675
4825,250
4826,246
4827,200
4828,-125
4829,675
4830,-75
4831,675
4832,523
4833,623
4834,675
4835,350
4836,675
4837,675
4838,575
4839,200
4840,675
4841,675
4842,475
4843,573
4844,675
4845,-125
4846,473
4847,571
4848,-75
4849,625
4850,421
4851,-225
4852,675
4853,75
4854,-127
4855,675
4856,621
4857,675
4858,671
4859,-25
4860,550
4861,575
4862,575
4863,-25
4864,550
4865,375
4866,673
4867,667
4868,525
4869,625
4870,573
4871,673
4872,623
4873,-27
4874,-75
4875,625
4876,-125
4877,625
4878,525
4879,625
4880,673
4881,398
4882,623
4883,475
4884,100
4885,673
4886,675
4887,-125
4888,500
4889,675
4890,625
4891,-25
4892,525
4893,548
4894,-75
4895,675
4896,-27
4897,625
4898,623
4899,671
4900,-77
4901,673
4902,-177
4903,525
4904,625
4905,675
4906,573
4907,500
4908,621
4909,675
4910,623
4911,-125
4912,525
4913,350
4914,425
4915,675
4916,523
4917,675
4918,-125
4919,625
4920,475
4921,550
4922,675
4923,425
4924,625
4925,525
4926,671
4927,-175
4928,675
4929,-125
4930,525
4931,675
4932,675
4933,675
4934,623
4935,350
4936,-27
4937,473
4938,675
4939,425
4940,575
4941,673
4942,-25
4943,-125
4944,473
4945,-125
4946,375
4947,-125
4948,675
4949,625
4950,500
4951,100
4952,575
4953,-125
4954,400
4955,273
4956,623
4957,300
4958,-177
4959,275
4960,625
4961,475
4962,625
4963,-127
4964,675
4965,475
4966,625
4967,675
4968,623
4969,671
4970,-27
4971,625
4972,425
4973,-125
4974,675
4975,525
4976,473
4977,625
4978,-200
4979,667
4980,523
4981,425
4982,548
4983,675
4984,625
4985,-81
4986,400
4987,-127
4988,423
4989,473
4990,498
4991,675
4992,573
4993,-25
4994,350
4995,625
4996,550
4997,375
4998,625
4999,623
5000,548
5001,675
5002,625
5003,673
5004,525
5005,500
5006,675
5007,625
5008,-25
5009,675
5010,273
5011,-79
5012,675
5013,625
5014,298
5015,594
5016,625
5017,369
5018,525
5019,-125
5020,675
5021,625
5022,575
5023,573
5024,523
5025,525
5026,575
5027,625
5028,198
5029,625
5030,498
5031,425
5032,525
5033,673
5034,625
5035,598
5036,625
5037,475
5038,675
5039,450
5040,365
5041,-75
5042,-125
5043,625
5044,625
5045,375
5046,248
5047,425
5048,525
5049,625
5050,675
5051,673
5052,575
5053,375
5054,398
5055,550
5056,675
5057,625
5058,673
5059,523
5060,675
5061,300
5062,244
5063,248
5064,675
5065,-75
5066,350
5067,525
5068,-75
5069,-75
5070,573
5071,673
5072,525
5073,350
5074,675
5075,675
5076,525
5077,623
5078,-75
5079,625
5080,625
5081,525
5082,525
5083,625
5084,398
5085,425
5086,675
5087,673
5088,-125
5089,675
5090,625
5091,471
5092,521
5093,375
5094,675
5095,625
5096,675
5097,625
5098,525
5099,625
5100,675
5101,625
5102,625
5103,625
5104,575
5105,675
5106,-125
5107,-25
5108,475
5109,575
5110,-75
5111,625
5112,475
5113,625
5114,575
5115,625
5116,475
5117,525
5118,625
5119,673
5120,-25
5121,675
5122,571
5123,400
5124,398
5125,525
5126,575
5127,625
5128,375
5129,475
5130,675
5131,625
5132,475
5133,623
5134,550
5135,675
5136,571
5137,675
5138,525
5139,-77
5140,675
5141,223
5142,248
5143,675
5144,350
5145,625
5146,575
5147,525
5148,675
5149,625
5150,-75
5151,625
5152,275
5153,675
5154,400
5155,625
5156,198
5157,525
5158,673
5159,-77
5160,575
5161,350
5162,575
5163,25
5164,550
5165,575
5166,575
5167,625
5168,575
5169,625
5170,275
5171,500
5172,675
5173,675
5174,623
5175,425
5176,471
5177,625
5178,-125
5179,-75
5180,625
5181,673
5182,675
5183,675
5184,625
5185,525
5186,675
5187,-77
5188,-129
5189,473
5190,-125
5191,675
5192,675
5193,475
5194,625
5195,675
5196,523
5197,550
5198,521
5199,623
5200,625
5201,573
5202,573
5203,573
5204,675
5205,-75
5206,398
5207,675
5208,475
5209,-177
5210,275
5211,673
5212,675
5213,675
5214,675
5215,400
5216,625
5217,673
5218,271
5219,575
5220,-200
5221,425
5222,675
5223,-127
5224,473
5225,671
5226,621
5227,675
5228,500
5229,475
5230,323
5231,673
5232,625
5233,421
5234,571
5235,675
5236,625
5237,573
5238,175
5239,375
5240,625
5241,621
5242,675
5243,623
5244,675
5245,-100
5246,625
5247,548
5248,571
5249,575
5250,375
5251,625
5252,625
5253,-125
5254,671
5255,-125
5256,675
5257,525
5258,375
5259,625
5260,625
5261,221
5262,675
5263,550
5264,425
5265,498
5266,400
5267,398
5268,544
5269,425
5270,673
5271,546
5272,-52
5273,625
5274,421
5275,621
5276,625
5277,-75
5278,498
5279,398
5280,575
5281,-125
5282,273
5283,625
5284,575
5285,621
5286,350
5287,450
5288,675
5289,423
5290,575
5291,-29
5292,575
5293,669
5294,675
5295,548
5296,625
5297,-25
5298,625
5299,-27
5300,523
5301,575
5302,625
5303,625
5304,673
5305,625
5306,548
5307,525
5308,625
5309,525
5310,621
5311,625
5312,550
5313,500
5314,-329
5315,473
5316,569
5317,573
5318,575
5319,675
5320,475
5321,425
5322,423
5323,625
5324,675
5325,675
5326,-75
5327,625
5328,675
5329,525
5330,625
5331,675
5332,673
5333,444
5334,150
5335,625
5336,-127
5337,673
5338,473
5339,625
5340,-125
5341,675
5342,673
5343,673
5344,525
5345,-125
5346,675
5347,-125
5348,-202
5349,525
5350,673
5351,675
5352,423
5353,-75
5354,475
5355,625
5356,575
5357,275
5358,500
5359,675
5360,-127
5361,625
5362,675
5363,575
5364,625
5365,373
5366,-200
5367,675
5368,375
5369,623
5370,625
5371,-25
5372,573
5373,575
5374,423
5375,625
5376,-125
5377,625
5378,519
5379,-75
5380,673
5381,673
5382,425
5383,625
5384,575
5385,675
5386,500
5387,475
5388,-175
5389,525
5390,625
5391,625
5392,-125
5393,675
5394,625
5395,550
5396,675
5397,323
5398,675
5399,675
5400,675
5401,425
5402,675
5403,-77
5404,625
5405,50
5406,-77
5407,475
5408,675
5409,-27
5410,623
5411,571
5412,675
5413,575
5414,525
5415,496
5416,575
5417,-125
5418,473
5419,673
5420,675
5421,675
5422,-77
5423,675
5424,675
5425,675
5426,525
5427,-25
5428,625
5429,675
5430,675
5431,573
5432,473
5433,423
5434,423
5435,675
5436,575
5437,-79
5438,675
5439,623
5440,375
5441,525
5442,475
5443,623
5444,-75
5445,275
5446,625
5447,675
5448,675
5449,675
5450,675
5451,350
5452,675
5453,471
5454,625
5455,675
5456,575
5457,-75
5458,473
5459,246
5460,573
5461,350
5462,425
5463,475
5464,675
5465,625
5466,475
5467,673
5468,625
5469,625
5470,675
5471,525
5472,625
5473,675
5474,525
5475,675
5476,675
5477,625
5478,600
5479,625
5480,-125
5481,675
5482,623
5483,525
5484,375
5485,423
5486,-75
5487,625
5488,525
5489,621
5490,-125
5491,-127
5492,575
5493,225
5494,675
5495,673
5496,675
5497,575
5498,521
5499,521
5500,-175
5501,475
5502,675
5503,-125
5504,325
5505,675
5506,525
5507,625
5508,-200
5509,671
5510,673
5511,575
5512,675
5513,525
5514,675
5515,525
5516,-25
5517,675
5518,675
5519,571
5520,575
5521,350
5522,-200
5523,575
5524,-75
5525,673
5526,623
5527,675
5528,569
5529,521
5530,625
5531,473
5532,-175
5533,675
5534,375
5535,548
5536,675
5537,123
5538,673
5539,573
5540,625
5541,375
5542,300
5543,625
5544,625
5545,521
5546,675
5547,675
5548,675
5549,675
5550,525
5551,623
5552,571
5553,675
5554,525
5555,675
5556,625
5557,673
5558,525
5559,673
5560,625
5561,625
5562,575
5563,673
5564,675
5565,521
5566,675
5567,-25
5568,625
5569,398
5570,523
5571,-25
5572,675
5573,473
5574,675
5575,-77
5576,623
5577,473
5578,600
5579,673
5580,348
5581,673
5582,375
5583,623
5584,625
5585,550
5586,-125
5587,525
5588,248
5589,-75
5590,525
5591,575
5592,525
5593,500
5594,-75
5595,575
5596,525
5597,675
5598,625
5599,625
5600,48
5601,675
5602,525
5603,-25
5604,625
5605,625
5606,525
5607,250
5608,-75
5609,350
5610,625
5611,350
5612,425
5613,675
5614,675
5615,625
5616,-27
5617,525
5618,625
5619,500
5620,475
5621,673
5622,573
5623,-125
5624,423
5625,-156
5626,625
5627,675
5628,273
5629,625
5630,525
5631,525
5632,675
5633,573
5634,275
5635,525
5636,400
5637,673
5638,575
5639,-125
5640,523
5641,525
5642,398
5643,250
5644,671
5645,673
5646,673
5647,473
5648,675
5649,425
5650,625
5651,621
5652,525
5653,675
5654,675
5655,525
5656,425
5657,475
5658,575
5659,673
5660,675
5661,669
5662,675
5663,-75
5664,-25
5665,-31
5666,550
5667,675
5668,675
5669,575
5670,675
5671,475
5672,675
5673,675
5674,242
5675,675
5676,425
5677,-75
5678,573
5679,673
5680,525
5681,623
5682,625
5683,625
5684,471
5685,625
5686,675
5687,496
5688,550
5689,525
5690,625
5691,625
5692,294
5693,546
5694,625
5695,675
5696,-125
5697,625
5698,671
5699,575
5700,625
5701,673
5702,575
5703,673
5704,425
5705,621
5706,-275
5707,475
5708,575
5709,473
5710,423
5711,573
5712,575
5713,675
5714,675
5715,523
5716,525
5717,-125
5718,675
5719,-125
5720,671
5721,575
5722,348
5723,425
5724,625
5725,623
5726,-127
5727,421
5728,-75
5729,625
5730,-100
5731,471
5732,671
5733,671
5734,475
5735,-127
5736,525
5737,675
5738,525
5739,-77
5740,625
5741,575
5742,623
5743,673
5744,525
5745,675
5746,623
5747,325
5748,573
5749,-75
5750,575
5751,675
5752,675
5753,525
5754,-75
5755,575
5756,675
5757,525
5758,671
5759,-25
5760,425
5761,675
5762,475
5763,675
5764,298
5765,546
5766,475
5767,75
5768,400
5769,425
5770,675
5771,475
5772,575
5773,-125
5774,625
5775,373
5776,675
5777,600
5778,675
5779,625
5780,675
5781,423
5782,425
5783,525
5784,675
5785,544
5786,348
5787,675
5788,571
5789,525
5790,525
5791,475
5792,525
5793,550
5794,-125
5795,625
5796,523
5797,673
5798,421
5799,673
5800,-125
5801,625
5802,675
5803,-125
5804,675
5805,-125
5806,625
5807,525
5808,525
5809,625
5810,625
5811,525
5812,675
5813,625
5814,623
5815,425
5816,625
5817,625
5818,575
5819,675
5820,550
5821,675
5822,400
5823,623
5824,475
5825,669
5826,448
5827,-27
5828,-25
5829,675
5830,673
5831,625
5832,675
5833,300
5834,475
5835,675
5836,523
5837,573
5838,675
5839,523
5840,575
5841,673
5842,675
5843,475
5844,623
5845,525
5846,500
5847,675
5848,575
5849,-125
5850,673
5851,675
5852,673
5853,573
5854,300
5855,621
5856,673
5857,550
5858,575
5859,675
5860,625
5861,523
5862,623
5863,-75
5864,673
5865,525
5866,675
5867,625
5868,525
5869,571
5870,-125
5871,473
5872,675
5873,550
5874,675
5875,473
5876,423
5877,-77
5878,673
5879,573
5880,625
5881,625
5882,425
5883,-75
5884,675
5885,-125
5886,348
5887,623
5888,475
5889,-75
5890,625
5891,-133
5892,673
5893,600
5894,573
5895,-77
5896,675
5897,425
5898,673
5899,-200
5900,421
5901,471
5902,400
5903,-125
5904,525
5905,-133
5906,475
5907,575
5908,673
5909,223
5910,-175
5911,673
5912,675
5913,448
5914,675
5915,625
5916,625
5917,-125
5918,250
5919,625
5920,525
5921,275
5922,521
5923,675
5924,548
5925,446
5926,523
5927,623
5928,673
5929,398
5930,625
5931,525
5932,675
5933,-125
5934,375
5935,673
5936,150
5937,575
5938,625
5939,625
5940,550
5941,369
5942,675
5943,-25
5944,-75
5945,623
5946,525
5947,475
5948,675
5949,425
5950,-75
5951,673
5952,625
5953,673
5954,-175
5955,-175
5956,625
5957,675
5958,-275
5959,573
5960,525
5961,550
5962,675
5963,675
5964,-125
5965,675
5966,675
5967,521
5968,523
5969,-125
5970,498
5971,400
5972,575
5973,625
5974,-125
5975,575
5976,575
5977,525
5978,-77
5979,521
5980,469
5981,548
5982,425
5983,675
5984,673
5985,523
5986,471
5987,671
5988,623
5989,673
5990,525
5991,675
5992,521
5993,625
5994,-75
5995,675
5996,375
5997,373
5998,575
5999,675
6000,675
6001,675
6002,-75
6003,475
6004,100
6005,675
6006,625
6007,625
6008,525
6009,675
6010,575
6011,625
6012,500
6013,675
6014,-25
6015,675
6016,-125
6017,-127
6018,525
6019,523
6020,675
6021,548
6022,667
6023,625
6024,573
6025,498
6026,675
6027,675
6028,675
6029,198
6030,573
6031,673
6032,675
6033,-2
6034,523
6035,623
6036,-125
6037,675
6038,-125
6039,473
6040,673
6041,-27
6042,675
6043,675
6044,675
6045,-77
6046,-100
6047,423
6048,525
6049,623
6050,625
6051,-125
6052,473
6053,-75
6054,625
6055,525
6056,523
6057,450
6058,548
6059,-75
6060,525
6061,471
6062,-25
6063,-75
6064,525
6065,-75
6066,298
6067,625
6068,-25
6069,-125
6070,625
6071,425
6072,398
6073,425
6074,623
6075,675
6076,-125
6077,625
6078,675
6079,525
6080,625
6081,400
6082,625
6083,25
6084,-75
6085,675
6086,-77
6087,-75
6088,425
6089,525
6090,625
6091,675
6092,-25
6093,-77
6094,675
6095,675
6096,525
6097,523
6098,-125
6099,673
6100,625
6101,-25
6102,-125
6103,675
6104,525
6105,625
6106,625
6107,475
6108,675
6109,-75
6110,498
6111,675
6112,400
6113,625
6114,675
6115,550
6116,571
6117,675
6118,-125
6119,475
6120,623
6121,-175
6122,521
6123,575
6124,-75
6125,523
6126,-229
6127,425
6128,625
6129,-27
6130,575
6131,575
6132,623
6133,-125
6134,625
6135,525
6136,-125
6137,350
6138,525
6139,400
6140,625
6141,675
6142,248
6143,475
6144,-75
6145,675
6146,523
6147,-35
6148,398
6149,675
6150,-125
6151,-25
6152,675
6153,-125
6154,623
6155,625
6156,623
6157,548
6158,-25
6159,575
6160,625
6161,523
6162,475
6163,675
6164,525
6165,-75
6166,-75
6167,625
6168,523
6169,-25
6170,150
6171,-77
6172,525
6173,673
6174,150
6175,625
6176,248
6177,675
6178,675
6179,450
6180,373
6181,675
6182,550
6183,425
6184,625
6185,-75
6186,675
6187,475
6188,523
6189,623
6190,-27
6191,675
6192,-127
6193,200
6194,475
6195,623
6196,675
6197,521
6198,625
6199,623
6200,573
6201,548
6202,-75
6203,-25
6204,575
6205,-179
6206,625
6207,575
6208,675
6209,598
6210,575
6211,525
6212,675
6213,675
6214,525
6215,-175
6216,-127
6217,-75
6218,550
6219,525
6220,425
6221,573
6222,625
6223,425
6224,625
6225,675
6226,425
6227,-127
6228,548
6229,346
6230,673
6231,673
6232,-75
6233,475
6234,673
6235,-125
6236,525
6237,398
6238,325
6239,525
6240,421
6241,575
6242,575
6243,675
6244,673
6245,275
6246,675
6247,473
6248,523
6249,675
6250,675
6251,-52
6252,200
6253,675
6254,-200
6255,571
6256,473
6257,473
6258,-75
6259,475
6260,625
6261,-27
6262,625
6263,550
6264,-125
6265,448
6266,-75
6267,-125
6268,-125
6269,400
6270,623
6271,-27
6272,523
6273,625
6274,623
6275,525
6276,-177
6277,573
6278,521
6279,623
6280,-75
6281,625
6282,675
6283,-125
6284,525
6285,550
6286,625
6287,375
6288,473
6289,-25
6290,675
6291,575
6292,575
6293,375
6294,525
6295,-27
6296,675
6297,550
6298,-75
6299,375
6300,-27
6301,475
6302,-127
6303,-75
6304,573
6305,-25
6306,-29
6307,-27
6308,-125
6309,496
6310,-150
6311,675
6312,-125
6313,-29
6314,673
6315,475
6316,525
6317,-125
6318,300
6319,523
6320,625
6321,675
6322,419
6323,198
6324,673
6325,248
6326,273
6327,673
6328,675
6329,525
6330,625
6331,-125
6332,475
6333,-125
6334,675
6335,675
6336,675
6337,623
6338,475
6339,673
6340,-75
6341,521
6342,525
6343,575
6344,571
6345,525
6346,673
6347,675
6348,675
6349,625
6350,525
6351,-25
6352,525
6353,500
6354,375
6355,675
6356,525
6357,475
6358,550
6359,623
6360,469
6361,675
6362,675
6363,525
6364,675
6365,275
6366,675
6367,423
6368,525
6369,-31
6370,423
6371,625
6372,675
6373,675
6374,425
6375,448
6376,-75
6377,573
6378,675
6379,675
6380,523
6381,548
6382,575
6383,275
6384,400
6385,675
6386,471
6387,675
6388,475
6389,625
6390,623
6391,523
6392,350
6393,425
6394,625
6395,475
6396,273
6397,675
6398,625
6399,525
6400,550
6401,425
6402,473
6403,675
6404,623
6405,500
6406,575
6407,675
6408,625
6409,675
6410,625
6411,-52
6412,625
6413,-2
6414,475
6415,525
6416,675
6417,248
6418,-125
6419,573
6420,475
6421,675
6422,675
6423,675
6424,600
6425,623
6426,425
6427,625
6428,521
6429,523
6430,625
6431,623
6432,621
6433,523
6434,-125
6435,-125
6436,550
6437,-125
6438,675
6439,523
6440,675
6441,623
6442,473
6443,-75
6444,575
6445,475
6446,675
6447,625
6448,625
6449,625
6450,200
6451,-125
6452,469
6453,275
6454,523
6455,673
6456,-75
6457,673
6458,521
6459,675
6460,573
6461,675
6462,498
6463,675
6464,475
6465,-125
6466,573
6467,675
6468,473
6469,673
6470,575
6471,525
6472,-75
6473,-125
6474,523
6475,-25
6476,673
6477,625
6478,673
6479,-125
6480,575
6481,96
6482,675
6483,675
6484,250
6485,400
6486,623
6487,623
6488,400
6489,625
6490,525
6491,523
6492,173
6493,350
6494,-125
6495,525
6496,198
6497,675
6498,375
6499,625
6500,525
6501,446
6502,675
6503,575
6504,625
6505,-325
6506,673
6507,475
6508,-75
6509,-125
6510,525
6511,525
6512,625
6513,675
6514,-75
6515,-77
6516,425
6517,625
6518,673
6519,600
6520,398
6521,675
6522,675
6523,575
6524,525
6525,375
6526,575
6527,573
6528,675
6529,675
6530,-75
6531,623
6532,525
6533,273
6534,573
6535,475
6536,-125
6537,400
6538,525
6539,673
6540,675
6541,-75
6542,-150
6543,575
6544,673
6545,575
6546,575
6547,673
6548,573
6549,-125
6550,423
6551,625
6552,675
6553,523
6554,573
6555,500
6556,575
6557,475
6558,375
6559,673
6560,675
6561,621
6562,675
6563,525
6564,625
6565,675
6566,396
6567,673
6568,475
6569,625
6570,675
6571,-125
6572,523
6573,523
6574,675
6575,475
6576,675
6577,675
6578,400
6579,475
6580,273
6581,625
6582,675
6583,519
6584,675
6585,-125
6586,398
6587,375
6588,621
6589,523
6590,675
6591,-2
6592,475
6593,625
6594,-125
6595,671
6596,525
6597,623
6598,-100
6599,375
6600,425
6601,625
6602,546
6603,523
6604,523
6605,673
6606,675
6607,675
6608,575
6609,675
6610,673
6611,525
6612,623
6613,675
6614,525
6615,675
6616,625
6617,523
6618,-125
6619,573
6620,675
6621,625
6622,675
6623,623
6624,573
6625,200
6626,675
6627,100
6628,-125
6629,473
6630,575
6631,675
6632,675
6633,625
6634,450
6635,425
6636,400
6637,298
6638,-25
6639,675
6640,425
6641,675
6642,-75
6643,-150
6644,675
6645,575
6646,400
6647,675
6648,525
6649,550
6650,575
6651,575
6652,575
6653,573
6654,398
6655,523
6656,623
6657,371
6658,675
6659,-127
6660,625
6661,525
6662,673
6663,-25
6664,525
6665,25
6666,675
6667,-2
6668,623
6669,523
6670,573
6671,375
6672,675
6673,625
6674,575
6675,198
6676,-77
6677,623
6678,521
6679,525
6680,575
6681,-75
6682,-225
6683,675
6684,523
6685,625
6686,325
6687,675
6688,-275
6689,525
6690,-275
6691,425
6692,-75
6693,425
6694,673
6695,-225
6696,523
6697,-27
6698,625
6699,546
6700,675
6701,-227
6702,625
6703,-125
6704,675
6705,573
6706,25
6707,475
6708,625
6709,625
6710,-277
6711,675
6712,675
6713,-125
6714,25
6715,675
6716,623
6717,-227
6718,675
6719,50
6720,623
6721,-77
6722,675
6723,-25
6724,675
6725,575
6726,623
6727,-225
6728,571
6729,-27
6730,673
6731,-227
6732,-225
6733,625
6734,625
6735,675
6736,-225
6737,-25
6738,-225
6739,-75
6740,675
6741,-75
6742,173
6743,675
6744,196
6745,675
6746,673
6747,425
6748,675
6749,-77
6750,525
6751,571
6752,-100
6753,521
6754,-25
6755,675
6756,25
6757,-227
6758,400
6759,-77
6760,675
6761,675
6762,623
6763,-25
6764,575
6765,675
6766,-52
6767,475
6768,-75
6769,525
6770,625
6771,398
6772,-225
6773,525
6774,675
6775,675
6776,-325
6777,675
6778,675
6779,-225
6780,-225
6781,625
6782,575
6783,671
6784,673
6785,-225
6786,400
6787,673
6788,623
6789,625
6790,675
6791,25
6792,475
6793,525
6794,-225
6795,675
6796,675
6797,-225
6798,675
6799,-75
6800,-27
6801,-225
6802,625
6803,325
6804,-327
6805,-125
6806,-25
6807,525
6808,675
6809,-225
6810,675
6811,623
6812,-225
6813,-77
6814,675
6815,475
6816,575
6817,-75
6818,675
6819,373
6820,625
6821,675
6822,623
6823,625
6824,-225
6825,621
6826,323
6827,675
6828,675
6829,-225
6830,323
6831,625
6832,623
6833,-50
6834,-27
6835,25
6836,671
6837,-225
6838,-227
6839,325
6840,675
6841,575
6842,623
6843,525
6844,671
6845,-225
6846,573
6847,673
6848,-227
6849,575
6850,675
6851,-125
6852,-125
6853,471
6854,675
6855,525
6856,625
6857,623
6858,23
6859,575
6860,400
6861,25
6862,350
6863,-100
6864,523
6865,525
6866,625
6867,23
6868,-125
6869,550
6870,375
6871,-227
6872,-275
6873,675
6874,-127
6875,298
6876,475
6877,375
6878,675
6879,-225
6880,-75
6881,625
6882,-75
6883,-225
6884,523
6885,-25
6886,675
6887,525
6888,50
6889,625
6890,-225
6891,-75
6892,348
6893,525
6894,623
6895,-75
6896,475
6897,625
6898,-125
6899,525
6900,673
6901,-127
6902,398
6903,25
6904,100
6905,573
6906,-250
6907,675
6908,-77
6909,-77
6910,-125
6911,550
6912,675
6913,575
6914,-27
6915,521
6916,623
6917,-275
6918,-277
6919,623
6920,50
6921,-75
6922,675
6923,475
6924,623
6925,575
6926,-225
6927,623
6928,300
6929,473
6930,575
6931,675
6932,248
6933,173
6934,675
6935,-225
6936,521
6937,425
6938,573
6939,-125
6940,350
6941,471
6942,675
6943,-225
6944,50
6945,-225
6946,675
6947,675
6948,673
6949,-75
6950,525
6951,571
6952,573
6953,-225
6954,625
6955,675
6956,-229
6957,623
6958,625
6959,-225
6960,675
6961,425
6962,625
6963,-227
6964,-125
6965,-75
6966,525
6967,-125
6968,525
6969,-225
6970,573
6971,675
6972,625
6973,675
6974,-275
6975,-75
6976,-279
6977,675
6978,-25
6979,-125
6980,100
6981,625
6982,-227
6983,673
6984,-125
6985,471
6986,123
6987,423
6988,425
6989,600
6990,673
6991,623
6992,-131
6993,575
6994,-77
6995,-225
6996,-127
6997,673
6998,100
6999,625
7000,-75
7001,625
7002,575
7003,525
7004,-75
7005,425
7006,675
7007,675
7008,675
7009,423
7010,675
7011,625
7012,-225
7013,675
7014,425
7015,-225
7016,573
7017,48
7018,-227
7019,675
7020,675
7021,-227
7022,625
7023,-75
7024,525
7025,-75
7026,675
7027,300
7028,25
7029,575
7030,-225
7031,525
7032,475
7033,675
7034,100
7035,-202
7036,525
7037,-225
7038,-127
7039,575
7040,25
7041,-227
7042,575
7043,550
7044,-175
7045,673
7046,675
7047,-225
7048,371
7049,625
7050,675
7051,-225
7052,575
7053,-277
7054,623
7055,575
7056,-75
7057,-125
7058,375
7059,675
7060,425
7061,623
7062,248
7063,-379
7064,623
7065,-77
7066,675
7067,525
7068,625
7069,673
7070,675
7071,373
7072,-25
7073,573
7074,0
7075,-225
7076,50
7077,-125
7078,525
7079,-25
7080,675
7081,375
7082,400
7083,675
7084,-75
7085,296
7086,425
7087,425
7088,575
7089,-75
7090,523
7091,50
7092,-225
7093,625
7094,675
7095,96
7096,675
7097,50
7098,-225
7099,675
7100,-75
7101,475
7102,-77
7103,675
7104,-75
7105,275
7106,300
7107,675
7108,475
7109,25
7110,275
7111,-225
7112,573
7113,575
7114,575
7115,-225
7116,675
7117,675
7118,-225
7119,675
7120,400
7121,-200
7122,675
7123,675
7124,-25
7125,-75
7126,575
7127,475
7128,-25
7129,325
7130,623
7131,675
7132,675
7133,573
7134,498
7135,100
7136,-127
7137,248
7138,573
7139,-77
7140,50
7141,-175
7142,-127
7143,625
7144,525
7145,-125
7146,673
7147,471
7148,675
7149,675
7150,-225
7151,373
7152,-200
7153,48
7154,673
7155,671
7156,623
7157,-279
7158,0
7159,-75
7160,275
7161,-2
7162,-77
7163,423
7164,-125
7165,525
7166,-25
7167,675
7168,-75
7169,521
7170,675
7171,673
7172,475
7173,-225
7174,675
7175,625
7176,50
7177,-225
7178,296
7179,-25
7180,25
7181,675
7182,675
7183,-225
7184,50
7185,675
7186,-227
7187,675
7188,625
7189,-275
7190,521
7191,675
7192,675
7193,100
7194,573
7195,575
7196,-127
7197,625
7198,25
7199,521
7200,100
7201,675
7202,523
7203,296
7204,625
7205,475
7206,25
7207,400
7208,-25
7209,25
7210,675
7211,575
7212,-25
7213,-225
7214,-225
7215,100
7216,675
7217,625
7218,623
7219,-125
7220,571
7221,25
7222,575
7223,625
7224,-225
7225,-275
7226,673
7227,425
7228,375
7229,569
7230,-227
7231,-104
7232,625
7233,-225
7234,-125
7235,623
7236,675
7237,23
7238,-77
7239,-225
7240,625
7241,675
7242,375
7243,673
7244,50
7245,-229
7246,675
7247,373
7248,-275
7249,675
7250,675
7251,-175
7252,675
7253,523
7254,625
7255,-225
7256,-27
7257,-200
7258,675
7259,-225
7260,625
7261,625
7262,673
7263,-225
7264,-75
7265,675
7266,525
7267,525
7268,575
7269,-25
7270,675
7271,675
7272,-275
7273,625
7274,350
7275,23
7276,675
7277,525
7278,-275
7279,-77
7280,-125
7281,248
7282,625
7283,673
7284,525
7285,673
7286,675
7287,50
7288,-125
7289,675
7290,675
7291,25
7292,-125
7293,675
7294,-27
7295,675
7296,525
7297,571
7298,625
7299,150
7300,675
7301,400
7302,525
7303,475
7304,625
7305,423
7306,673
7307,550
7308,675
7309,-225
7310,-229
7311,675
7312,623
7313,-125
7314,-75
7315,675
7316,600
7317,373
7318,-77
7319,-175
7320,671
7321,675
7322,675
7323,625
7324,275
7325,625
7326,150
7327,675
7328,550
7329,675
7330,673
7331,-75
7332,675
7333,575
7334,-225
7335,75
7336,550
7337,-27
7338,625
7339,675
7340,625
7341,23
7342,-102
7343,-252
7344,525
7345,50
7346,675
7347,573
7348,675
7349,625
7350,-227
7351,523
7352,-75
7353,475
7354,675
7355,-225
7356,-200
7357,623
7358,-25
7359,-77
7360,675
7361,673
7362,625
7363,400
7364,198
7365,625
7366,-77
7367,523
7368,675
7369,-275
7370,525
7371,300
7372,471
7373,575
7374,250
7375,575
7376,-27
7377,675
7378,-227
7379,50
7380,625
7381,-227
7382,621
7383,100
7384,623
7385,50
7386,675
7387,675
7388,675
7389,625
7390,673
7391,625
7392,-225
7393,675
7394,396
7395,25
7396,50
7397,-125
7398,23
7399,425
7400,673
7401,525
7402,-102
7403,675
7404,675
7405,473
7406,625
7407,-125
7408,-125
7409,600
7410,-27
7411,675
7412,250
7413,525
7414,-129
7415,573
7416,473
7417,675
7418,-125
7419,625
7420,521
7421,675
7422,46
7423,-75
7424,550
7425,625
7426,675
7427,25
7428,675
7429,-227
7430,573
7431,-75
7432,675
7433,621
7434,350
7435,523
7436,-25
7437,400
7438,575
7439,23
7440,-125
7441,675
7442,-225
7443,-125
7444,575
7445,25
7446,-225
7447,675
7448,-175
7449,-25
7450,-79
7451,-125
7452,23
7453,625
7454,675
7455,-225
7456,575
7457,50
7458,-275
7459,-125
7460,-25
7461,-75
7462,675
7463,-77
7464,500
7465,23
7466,675
7467,625
7468,-225
7469,575
7470,325
7471,-229
7472,625
7473,-52
7474,375
7475,25
7476,-27
7477,625
7478,-27
7479,100
7480,675
7481,625
7482,675
7483,-125
7484,25
7485,675
7486,-375
7487,-225
7488,-27
7489,673
7490,573
7491,-225
7492,623
7493,-125
7494,-79
7495,-125
7496,625
7497,675
7498,675
7499,471
7500,675
7501,525
7502,675
7503,525
7504,625
7505,673
7506,23
7507,625
7508,623
7509,-25
7510,625
7511,671
7512,-227
7513,-25
7514,621
7515,-225
7516,0
7517,-127
7518,525
7519,-25
7520,675
7521,425
7522,-225
7523,675
7524,623
7525,-225
7526,521
7527,625
7528,625
7529,-225
7530,575
7531,673
7532,-177
7533,148
7534,575
7535,400
7536,200
7537,675
7538,675
7539,371
7540,-87
7541,675
7542,600
7543,675
7544,625
7545,-225
7546,625
7547,675
7548,-225
7549,-225
7550,675
7551,623
7552,575
7553,675
7554,-225
7555,625
7556,675
7557,-227
7558,-225
7559,623
7560,575
7561,-27
7562,48
7563,623
7564,-225
7565,625
7566,50
7567,-229
7568,373
7569,-29
7570,573
7571,673
7572,-225
7573,0
7574,625
7575,673
7576,-225
7577,-27
7578,575
7579,675
7580,-225
7581,675
7582,-225
7583,-125
7584,423
7585,625
7586,398
7587,-77
7588,-125
7589,375
7590,673
7591,625
7592,25
7593,625
7594,-225
7595,671
7596,675
7597,-75
7598,-225
7599,675
7600,575
7601,-225
7602,675
7603,-129
7604,-25
7605,-275
7606,675
7607,625
7608,475
7609,400
7610,25
7611,375
7612,-325
7613,625
7614,625
7615,-77
7616,425
7617,625
7618,625
7619,348
7620,675
7621,23
7622,-75
7623,675
7624,-225
7625,425
7626,350
7627,671
7628,-200
7629,250
7630,-225
7631,523
7632,673
7633,-275
7634,573
7635,625
7636,-225
7637,625
7638,50
7639,625
7640,575
7641,675
7642,-225
7643,-100
7644,675
7645,248
7646,675
7647,675
7648,25
7649,-254
7650,-225
7651,50
7652,673
7653,-227
7654,625
7655,-275
7656,673
7657,675
7658,-225
7659,473
7660,525
7661,-225
7662,673
7663,-125
7664,-25
7665,623
7666,75
7667,523
7668,675
7669,396
7670,21
7671,675
7672,675
7673,-25
7674,-125
7675,375
7676,-125
7677,675
7678,325
7679,521
7680,673
7681,525
7682,525
7683,625
7684,-250
7685,100
7686,623
7687,-27
7688,-175
7689,450
7690,-225
7691,625
7692,675
7693,-275
7694,673
7695,-225
7696,-227
7697,675
7698,-25
7699,675
7700,675
7701,575
7702,-225
7703,-125
7704,675
7705,25
7706,675
7707,575
7708,-225
7709,373
7710,625
7711,-229
7712,400
7713,625
7714,196
7715,-125
7716,675
7717,550
7718,-227
7719,575
7720,-29
7721,-225
7722,-129
7723,-225
7724,673
7725,625
7726,675
7727,673
7728,675
7729,-225
7730,-227
7731,675
7732,-52
7733,425
7734,-127
7735,-75
7736,625
7737,73
7738,625
7739,325
7740,246
7741,-75
7742,600
7743,425
7744,675
7745,600
7746,673
7747,250
7748,525
7749,675
7750,-75
7751,323
7752,623
7753,673
7754,525
7755,623
7756,675
7757,-275
7758,675
7759,575
7760,48
7761,-27
7762,100
7763,625
7764,675
7765,350
7766,675
7767,425
7768,198
7769,675
7770,-275
7771,-81
7772,625
7773,669
7774,675
7775,-225
7776,425
7777,50
7778,-227
7779,398
7780,673
7781,25
7782,625
7783,-275
7784,-125
7785,-200
7786,25
7787,-75
7788,-77
7789,473
7790,396
7791,300
7792,523
7793,450
7794,675
7795,246
7796,398
7797,-75
7798,525
7799,623
7800,675
7801,25
7802,-225
7803,-225
7804,575
7805,575
7806,675
7807,675
7808,523
7809,-175
7810,-250
7811,623
7812,623
7813,196
7814,-125
7815,625
7816,25
7817,525
7818,350
7819,625
7820,-125
7821,675
7822,471
7823,625
7824,625
7825,-227
7826,675
7827,-75
7828,523
7829,575
7830,350
7831,448
7832,675
7833,625
7834,-227
7835,-125
7836,623
7837,-125
7838,673
7839,525
7840,-125
7841,-127
7842,525
7843,625
7844,625
7845,300
7846,-75
7847,425
7848,150
7849,473
7850,675
7851,200
7852,623
7853,-125
7854,-175
7855,425
7856,625
7857,-175
7858,-77
7859,-125
7860,475
7861,675
7862,675
7863,673
7864,-175
7865,550
7866,675
7867,673
7868,23
7869,-125
7870,621
7871,600
7872,625
7873,623
7874,-227
7875,625
7876,-225
7877,673
7878,-275
7879,-225
7880,-102
7881,675
7882,625
7883,396
7884,-25
7885,675
7886,25
7887,675
7888,675
7889,425
7890,425
7891,-225
7892,-227
7893,675
7894,425
7895,-181
7896,575
7897,-79
7898,675
7899,525
7900,275
7901,25
7902,523
7903,675
7904,-102
7905,-225
7906,-127
7907,575
7908,471
7909,675
7910,250
7911,671
7912,573
7913,-275
7914,350
7915,23
7916,623
7917,525
7918,575
7919,-225
7920,575
7921,675
7922,-225
7923,-200
7924,400
7925,673
7926,675
7927,575
7928,25
7929,319
7930,-225
7931,623
7932,665
7933,-225
7934,521
7935,675
7936,623
7937,675
7938,575
7939,475
7940,-225
7941,50
7942,-77
7943,175
7944,-125
7945,525
7946,675
7947,25
7948,675
7949,625
7950,-227
7951,675
7952,-231
7953,400
7954,625
7955,550
7956,625
7957,50
7958,-225
7959,94
7960,50
7961,675
7962,-125
7963,400
7964,523
7965,671
7966,673
7967,525
7968,673
7969,675
7970,-227
7971,-75
7972,373
7973,523
7974,-127
7975,675
7976,25
7977,675
7978,625
7979,-225
7980,46
7981,-281
7982,-75
7983,550
7984,621
7985,-25
7986,675
7987,673
7988,675
7989,75
7990,-25
7991,550
7992,150
7993,625
7994,623
7995,623
7996,525
7997,623
7998,473
7999,-225
8000,-231
8001,625
8002,675
8003,575
8004,675
8005,473
8006,-227
8007,421
8008,-225
8009,400
8010,571
8011,25
8012,675
8013,-127
8014,600
8015,-77
8016,675
8017,-25
8018,625
8019,623
8020,675
8021,575
8022,-227
8023,425
8024,-125
8025,525
8026,-31
8027,625
8028,325
8029,450
8030,673
8031,423
8032,-225
8033,-31
8034,0
8035,50
8036,675
8037,-75
8038,573
8039,-127
8040,521
8041,-27
8042,625
8043,-25
8044,675
8045,575
8046,575
8047,-225
8048,-52
8049,-225
8050,675
8051,623
8052,-75
8053,423
8054,675
8055,-225
8056,-125
8057,25
8058,-275
8059,675
8060,-225
8061,675
8062,673
8063,623
8064,-200
8065,625
8066,625
8067,-225
8068,675
8069,625
8070,-277
8071,575
8072,398
8073,25
8074,525
8075,675
8076,675
8077,625
8078,398
8079,25
8080,575
8081,675
8082,-225
8083,575
8084,400
8085,675
8086,-75
8087,275
8088,-125
8089,675
8090,600
8091,673
8092,-227
8093,675
8094,-125
8095,23
8096,-125
8097,675
8098,275
8099,-75
8100,300
8101,225
8102,675
8103,625
8104,575
8105,473
8106,-202
8107,575
8108,425
8109,675
8110,-225
8111,-125
8112,675
8113,196
8114,525
8115,-225
8116,-75
8117,675
8118,525
8119,673
8120,-275
8121,-75
8122,625
8123,523
8124,-225
8125,573
8126,625
8127,425
8128,-50
8129,25
8130,675
8131,325
8132,-325
8133,625
8134,673
8135,625
8136,-327
8137,-225
8138,625
8139,396
8140,-200
8141,575
8142,25
8143,525
8144,673
8145,-225
8146,-75
8147,-125
8148,523
8149,625
8150,625
8151,550
8152,625
8153,675
8154,625
8155,675
8156,625
8157,-227
8158,675
8159,623
8160,-31
8161,675
8162,-125
8163,300
8164,575
8165,-275
8166,675
8167,-125
8168,25
8169,625
8170,673
8171,675
8172,-331
8173,525
8174,625
8175,-225
8176,675
8177,521
8178,-227
8179,525
8180,621
8181,-225
8182,-225
8183,675
8184,675
8185,623
8186,675
8187,-225
8188,425
8189,675
8190,-225
8191,575
8192,-75
8193,200
8194,575
8195,-125
8196,471
8197,625
8198,521
8199,625
8200,-225
8201,-81
8202,625
8203,-227
8204,-225
8205,398
8206,675
8207,500
8208,673
8209,625
8210,-75
8211,471
8212,675
8213,300
8214,625
8215,-77
8216,-75
8217,525
8218,673
8219,675
8220,375
8221,25
8222,675
8223,575
8224,675
8225,675
8226,-277
8227,675
8228,-125
8229,-25
8230,625
8231,400
8232,525
8233,623
8234,675
8235,598
8236,348
8237,621
8238,225
8239,-52
8240,525
8241,573
8242,673
8243,-29
8244,-75
8245,-327
8246,525
8247,625
8248,-225
8249,675
8250,625
8251,625
8252,-225
8253,348
8254,25
8255,675
8256,671
8257,425
8258,675
8259,-225
8260,673
8261,-225
8262,50
8263,673
8264,-375
8265,575
8266,0
8267,-225
8268,400
8269,-31
8270,598
8271,675
8272,671
8273,100
8274,573
8275,675
8276,525
8277,346
8278,375
8279,-29
8280,675
8281,-125
8282,25
8283,575
8284,671
8285,-25
8286,675
8287,675
8288,-225
8289,0
8290,371
8291,344
8292,23
8293,-27
8294,675
8295,-79
8296,675
8297,421
8298,-225
8299,625
8300,-225
8301,123
8302,-125
8303,675
8304,25
8305,675
8306,673
8307,521
8308,625
8309,575
8310,-77
8311,575
8312,673
8313,-227
8314,-225
8315,-127
8316,625
8317,623
8318,675
8319,548
8320,398
8321,373
8322,25
8323,623
8324,-225
8325,623
8326,350
8327,671
8328,96
8329,673
8330,623
8331,0
8332,496
8333,523
8334,-29
8335,625
8336,-125
8337,600
8338,-125
8339,675
8340,-127
8341,273
8342,-200
8343,473
8344,-75
8345,550
8346,200
8347,675
8348,-325
8349,625
8350,-275
8351,623
8352,625
8353,675
8354,-275
8355,575
8356,675
8357,-225
8358,-75
8359,575
8360,573
8361,675
8362,625
8363,675
8364,-129
8365,469
8366,625
8367,623
8368,675
8369,575
8370,625
8371,100
8372,625
8373,675
8374,-225
8375,675
8376,625
8377,675
8378,-225
8379,425
8380,-225
8381,671
8382,-25
8383,573
8384,-229
8385,425
8386,-231
8387,675
8388,350
8389,23
8390,571
8391,-225
8392,-27
8393,-75
8394,423
8395,523
8396,523
8397,525
8398,375
8399,375
8400,675
8401,-225
8402,-29
8403,573
8404,-227
8405,625
8406,-77
8407,525
8408,375
8409,673
8410,-227
8411,50
8412,623
8413,623
8414,298
8415,21
8416,525
8417,673
8418,-225
8419,625
8420,-125
8421,21
8422,675
8423,-225
8424,-75
8425,625
8426,-31
8427,671
8428,198
8429,-227
8430,473
8431,675
8432,350
8433,25
8434,425
8435,-225
8436,575
8437,673
8438,300
8439,25
8440,675
8441,625
8442,-225
8443,48
8444,675
8445,-225
8446,573
8447,-225
8448,675
8449,671
8450,575
8451,-375
8452,425
8453,525
8454,-125
8455,598
8456,623
8457,-75
8458,573
8459,400
8460,675
8461,-75
8462,675
8463,275
8464,348
8465,475
8466,625
8467,475
8468,-27
8469,625
8470,675
8471,-229
8472,675
8473,-75
8474,475
8475,50
8476,400
8477,671
8478,25
8479,-177
8480,300
8481,575
8482,675
8483,25
8484,-125
8485,675
8486,575
8487,623
8488,-25
8489,625
8490,525
8491,-227
8492,625
8493,675
8494,171
8495,-225
8496,675
8497,0
8498,625
8499,-225
8500,675
8501,-75
8502,473
8503,675
8504,623
8505,400
8506,575
8507,675
8508,25
8509,350
8510,675
8511,25
8512,675
8513,-327
8514,675
8515,525
8516,-227
8517,625
8518,-225
8519,575
8520,425
8521,575
8522,-225
8523,-125
8524,25
8525,675
8526,675
8527,675
8528,-227
8529,675
8530,-31
8531,-233
8532,675
8533,425
8534,-225
8535,-77
8536,623
8537,673
8538,-50
8539,475
8540,375
8541,23
8542,-77
8543,625
8544,-25
8545,575
8546,675
8547,675
8548,325
8549,523
8550,675
8551,525
8552,400
8553,675
8554,675
8555,673
8556,25
8557,50
8558,625
8559,571
8560,-225
8561,625
8562,675
8563,-227
8564,625
8565,-225
8566,675
8567,325
8568,675
8569,-225
8570,-79
8571,675
8572,-225
8573,625
8574,50
8575,-225
8576,-106
8577,25
8578,-225
8579,575
8580,673
8581,675
8582,623
8583,-225
8584,571
8585,675
8586,-227
8587,575
8588,-327
8589,675
8590,625
8591,625
8592,-277
8593,-27
8594,-75
8595,525
8596,675
8597,46
8598,-225
8599,675
8600,-225
8601,350
8602,-125
8603,573
8604,523
8605,400
8606,675
8607,23
8608,-125
8609,-25
8610,573
8611,-75
8612,525
8613,348
8614,-27
8615,425
8616,575
8617,-225
8618,625
8619,-279
8620,-225
8621,-175
8622,623
8623,625
8624,-75
8625,600
8626,625
8627,623
8628,525
8629,-279
8630,0
8631,675
8632,675
8633,-77
8634,-225
8635,373
8636,-29
8637,-225
8638,400
8639,-75
8640,675
8641,525
8642,625
8643,673
8644,625
8645,573
8646,-75
8647,-77
8648,675
8649,600
8650,675
8651,325
8652,425
8653,625
8654,-125
8655,-25
8656,-75
8657,0
8658,475
8659,673
8660,275
8661,523
8662,675
8663,675
8664,250
8665,675
8666,573
8667,425
8668,25
8669,-127
8670,-279
8671,519
8672,-275
8673,673
8674,673
8675,625
8676,675
8677,-275
8678,675
8679,573
8680,625
8681,-29
8682,271
8683,525
8684,-75
8685,525
8686,396
8687,-75
8688,425
8689,625
8690,673
8691,246
8692,625
8693,675
8694,-29
8695,-225
8696,623
8697,-275
8698,675
8699,-225
8700,625
8701,-127
8702,675
8703,550
8704,575
8705,425
8706,-225
8707,623
8708,-225
8709,675
8710,-225
8711,673
8712,625
8713,0
8714,-227
8715,625
8716,673
8717,-227
8718,625
8719,675
8720,-125
8721,-27
8722,-25
8723,625
8724,-225
8725,-275
8726,-75
8727,673
8728,625
8729,625
8730,675
8731,523
8732,398
8733,673
8734,-27
8735,675
8736,48
8737,-225
8738,-225
8739,623
8740,625
8741,-77
8742,-125
8743,500
8744,625
8745,-125
8746,525
8747,325
8748,525
8749,375
8750,625
8751,25
8752,675
8753,625
8754,-225
8755,525
8756,-75
8757,469
8758,-77
8759,525
8760,525
8761,675
8762,675
8763,-225
8764,575
8765,621
8766,-225
8767,-29
8768,525
8769,-225
8770,-227
8771,471
8772,-75
8773,517
8774,675
8775,-177
8776,525
8777,675
8778,573
8779,-52
8780,0
8781,621
8782,675
8783,625
8784,-225
8785,396
8786,675
8787,25
8788,-177
8789,525
8790,25
8791,625
8792,673
8793,675
8794,-227
8795,625
8796,-175
8797,348
8798,523
8799,-177
8800,-227
8801,575
8802,621
8803,-225
8804,575
8805,-125
8806,498
8807,673
8808,23
8809,523
8810,375
8811,523
8812,-227
8813,673
8814,675
8815,-54
8816,50
8817,675
8818,373
8819,675
8820,-227
8821,575
8822,675
8823,675
8824,625
8825,675
8826,0
8827,-225
8828,-127
8829,625
8830,-25
8831,369
8832,-225
8833,525
8834,-225
8835,325
8836,675
8837,246
8838,671
8839,625
8840,21
8841,-25
8842,525
8843,525
8844,-225
8845,675
8846,575
8847,-225
8848,625
8849,521
8850,675
8851,375
8852,625
8853,100
8854,221
8855,-50
8856,-225
8857,625
8858,-225
8859,625
8860,623
8861,-227
8862,525
8863,-229
8864,575
8865,571
8866,673
8867,100
8868,400
8869,-200
8870,25
8871,-202
8872,-52
8873,25
8874,-75
8875,625
8876,573
8877,-77
8878,600
8879,375
8880,23
8881,625
8882,625
8883,-277
8884,523
8885,-75
8886,675
8887,675
8888,673
8889,-225
8890,-177
8891,625
8892,-75
8893,625
8894,623
8895,-125
8896,550
8897,-275
8898,675
8899,625
8900,-125
8901,21
8902,-275
8903,625
8904,50
8905,525
8906,-50
8907,673
8908,-77
8909,98
8910,625
8911,675
8912,-29
8913,673
8914,-100
8915,-75
8916,475
8917,625
8918,548
8919,673
8920,-225
8921,350
8922,25
8923,475
8924,675
8925,-279
8926,473
8927,675
8928,-225
8929,-125
8930,573
8931,-25
8932,523
8933,623
8934,-227
8935,375
8936,-75
8937,-277
8938,525
8939,675
8940,-225
8941,-225
8942,-125
8943,25
8944,523
8945,675
8946,100
8947,621
8948,625
8949,675
8950,625
8951,-25
8952,-77
8953,625
8954,625
8955,-225
8956,-2
8957,625
8958,-225
8959,675
8960,375
8961,-225
8962,675
8963,673
8964,-225
8965,-175
8966,675
8967,-25
8968,-225
8969,50
8970,673
8971,673
8972,625
8973,625
8974,623
8975,398
8976,-25
8977,-77
8978,675
8979,523
8980,-27
8981,525
8982,675
8983,-25
8984,-125
8985,-2
8986,473
8987,625
8988,675
8989,-227
8990,625
8991,375
8992,-225
8993,623
8994,623
8995,-225
8996,625
8997,675
8998,-225
8999,673
9000,-225
9001,-75
9002,-125
9003,623
9004,550
9005,675
9006,675
9007,625
9008,-225
9009,675
9010,50
9011,-225
9012,-125
9013,675
9014,23
9015,400
9016,623
9017,21
9018,675
9019,-75
9020,523
9021,623
9022,-225
9023,-75
9024,625
9025,525
9026,350
9027,498
9028,573
9029,673
9030,673
9031,623
9032,623
9033,675
9034,675
9035,-25
9036,675
9037,573
9038,-225
9039,425
9040,673
9041,673
9042,-75
9043,-227
9044,569
9045,675
9046,-277
9047,373
9048,400
9049,25
9050,525
9051,-25
9052,-75
9053,575
9054,575
9055,-227
9056,100
9057,500
9058,675
9059,-125
9060,23
9061,625
9062,673
9063,-225
9064,675
9065,-75
9066,50
9067,-125
9068,625
9069,25
9070,-175
9071,675
9072,-29
9073,-227
9074,675
9075,323
9076,623
9077,375
9078,0
9079,-227
9080,623
9081,-27
9082,-25
9083,669
9084,575
9085,-275
9086,673
9087,225
9088,675
9089,-225
9090,575
9091,673
9092,573
9093,-275
9094,-277
9095,-175
9096,200
9097,325
9098,675
9099,550
9100,525
9101,625
9102,623
9103,-27
9104,625
9105,623
9106,675
9107,-225
9108,625
9109,575
9110,-225
9111,675
9112,525
9113,325
9114,625
9115,-225
9116,625
9117,-279
9118,-125
9119,675
9120,25
9121,400
9122,623
9123,-79
9124,373
9125,625
9126,625
9127,25
9128,675
9129,575
9130,-279
9131,623
9132,-125
9133,-175
9134,525
9135,-75
9136,675
9137,673
9138,675
9139,425
9140,523
9141,-75
9142,150
9143,523
9144,675
9145,575
9146,673
9147,-77
9148,398
9149,673
9150,523
9151,-325
9152,675
9153,623
9154,-125
9155,669
9156,625
9157,573
9158,675
9159,25
9160,675
9161,575
9162,-225
9163,675
9164,400
9165,550
9166,375
9167,675
9168,-225
9169,525
9170,50
9171,625
9172,621
9173,675
9174,-225
9175,675
9176,675
9177,-4
9178,675
9179,-225
9180,-225
9181,625
9182,625
9183,400
9184,625
9185,25
9186,571
9187,675
9188,-227
9189,625
9190,675
9191,625
9192,46
9193,-75
9194,675
9195,400
9196,-175
9197,275
9198,675
9199,623
9200,525
9201,375
9202,675
9203,600
9204,625
9205,525
9206,21
9207,-225
9208,25
9209,625
9210,-125
9211,25
9212,675
9213,-100
9214,500
9215,569
9216,500
9217,325
9218,-300
9219,-125
9220,450
9221,400
9222,19
9223,621
9224,675
9225,375
9226,0
9227,-25
9228,625
9229,525
9230,-275
9231,423
9232,50
9233,-227
9234,50
9235,675
9236,-129
9237,-225
9238,675
9239,294
9240,23
9241,575
9242,-325
9243,675
9244,625
9245,-225
9246,-252
9247,-225
9248,348
9249,675
9250,25
9251,-125
9252,-31
9253,425
9254,-75
9255,523
9256,-25
9257,623
9258,625
9259,248
9260,675
9261,573
9262,25
9263,673
9264,-125
9265,-25
9266,675
9267,573
9268,75
9269,-75
9270,-75
9271,523
9272,673
9273,675
9274,525
9275,675
9276,621
9277,25
9278,525
9279,675
9280,-227
9281,671
9282,675
9283,-127
9284,198
9285,623
9286,-225
9287,675
9288,46
9289,-225
9290,675
9291,673
9292,-225
9293,573
9294,575
9295,-225
9296,325
9297,575
9298,-227
9299,-77
9300,673
9301,-227
9302,-175
9303,673
9304,25
9305,675
9306,-175
9307,25
9308,525
9309,-225
9310,-225
9311,675
9312,675
9313,675
9314,375
9315,321
9316,525
9317,-225
9318,425
9319,575
9320,-225
9321,675
9322,625
9323,473
9324,625
9325,575
9326,296
9327,25
9328,-225
9329,25
9330,-125
9331,-202
9332,23
9333,375
9334,-75
9335,275
9336,625
9337,575
9338,-275
9339,348
9340,25
9341,675
9342,575
9343,-225
9344,673
9345,671
9346,-125
9347,548
9348,-2
9349,-275
9350,625
9351,-227
9352,675
9353,525
9354,-225
9355,673
9356,673
9357,-225
9358,675
9359,673
9360,-227
9361,-25
9362,350
9363,23
9364,675
9365,675
9366,623
9367,-125
9368,-27
9369,675
9370,265
9371,-227
9372,673
9373,573
9374,-125
9375,675
9376,525
9377,-25
9378,575
9379,-275
9380,-227
9381,623
9382,623
9383,575
9384,625
9385,-25
9386,400
9387,-125
9388,621
9389,548
9390,-127
9391,473
9392,625
9393,525
9394,625
9395,-200
9396,625
9397,-277
9398,-4
9399,-75
9400,625
9401,675
9402,25
9403,-127
9404,500
9405,-225
9406,625
9407,671
9408,623
9409,-225
9410,675
9411,-225
9412,-75
9413,675
9414,675
9415,375
9416,671
9417,-129
9418,-225
9419,675
9420,-279
9421,-225
9422,575
9423,375
9424,-225
9425,-125
9426,675
9427,675
9428,675
9429,525
9430,25
9431,621
9432,-125
9433,525
9434,-127
9435,-125
9436,525
9437,675
9438,623
9439,575
9440,-125
9441,25
9442,575
9443,-277
9444,-77
9445,619
9446,475
9447,-225
9448,273
9449,-25
9450,675
9451,-225
9452,-127
9453,550
9454,-52
9455,25
9456,419
9457,625
9458,-225
9459,-29
9460,-225
9461,-75
9462,625
9463,525
9464,625
9465,675
9466,625
9467,-227
9468,-27
9469,675
9470,675
9471,-125
9472,675
9473,573
9474,-75
9475,625
9476,525
9477,673
9478,573
9479,375
9480,600
9481,-125
9482,275
9483,623
9484,0
9485,475
9486,675
9487,425
9488,23
9489,675
9490,-275
9491,625
9492,625
9493,50
9494,-225
9495,575
9496,675
9497,-125
9498,25
9499,425
9500,675
9501,675
9502,248
9503,25
9504,675
9505,675
9506,-227
9507,675
9508,623
9509,525
9510,-125
9511,473
9512,25
9513,50
9514,400
9515,-79
9516,675
9517,525
9518,623
9519,-125
9520,-75
9521,573
9522,473
9523,-229
9524,625
9525,-25
9526,275
9527,-225
9528,575
9529,675
9530,-225
9531,398
9532,-75
9533,198
9534,-75
9535,-75
9536,573
9537,575
9538,-125
9539,621
9540,-25
9541,523
9542,675
9543,475
9544,625
9545,-125
9546,623
9547,675
9548,523
9549,625
9550,-75
9551,673
9552,525
9553,-27
9554,675
9555,523
9556,675
9557,-275
9558,675
9559,575
9560,575
9561,-177
9562,621
9563,425
9564,-125
9565,625
9566,623
9567,523
9568,25
9569,675
9570,48
9571,-229
9572,425
9573,475
9574,-227
9575,675
9576,46
9577,-227
9578,671
9579,575
9580,100
9581,-125
9582,623
9583,23
9584,425
9585,425
9586,-225
9587,-125
9588,-200
9589,25
9590,571
9591,475
9592,-225
9593,675
9594,575
9595,-225
9596,625
9597,573
9598,98
9599,675
9600,150
9601,25
9602,675
9603,525
9604,-227
9605,-127
9606,-25
9607,23
9608,292
9609,625
9610,600
9611,625
9612,675
9613,-277
9614,-75
9615,675
9616,-75
9617,675
9618,423
9619,675
9620,-75
9621,675
9622,523
9623,-275
9624,-77
9625,571
9626,675
9627,-279
9628,350
9629,573
9630,-125
9631,25
9632,625
9633,-225
9634,625
9635,-125
9636,-29
9637,-200
9638,-277
9639,-75
9640,675
9641,-225
9642,373
9643,625
9644,-225
9645,-200
9646,-175
9647,425
9648,446
9649,625
9650,675
9651,-225
9652,575
9653,-125
9654,25
9655,673
9656,50
9657,-225
9658,575
9659,575
9660,-225
9661,673
9662,-275
9663,-175
9664,25
9665,348
9666,-125
9667,571
9668,625
9669,550
9670,571
9671,25
9672,-225
9673,-125
9674,675
9675,623
9676,625
9677,575
9678,-75
9679,475
9680,25
9681,673
9682,621
9683,348
9684,323
9685,446
9686,-127
9687,23
9688,398
9689,623
9690,673
9691,265
9692,673
9693,25
9694,-75
9695,575
9696,675
9697,425
9698,575
9699,673
9700,673
9701,475
9702,475
9703,675
9704,625
9705,-225
9706,621
9707,425
9708,-175
9709,-75
9710,525
9711,571
9712,348
9713,544
9714,-25
9715,-27
9716,423
9717,-125
9718,421
9719,-125
9720,675
9721,23
9722,673
9723,575
9724,-225
9725,675
9726,675
9727,-275
9728,-125
9729,-125
9730,525
9731,675
9732,625
9733,621
9734,-225
9735,671
9736,625
9737,-227
9738,-225
9739,675
9740,-225
9741,-175
9742,675
9743,625
9744,625
9745,-75
9746,525
9747,525
9748,619
9749,625
9750,-77
9751,675
9752,550
9753,625
9754,425
9755,-225
9756,571
9757,575
9758,675
9759,675
9760,-129
9761,475
9762,375
9763,673
9764,23
9765,675
9766,525
9767,-225
9768,573
9769,673
9770,-227
9771,675
9772,621
9773,-227
9774,523
9775,400
9776,25
9777,623
9778,675
9779,400
9780,675
9781,23
9782,398
9783,25
9784,475
9785,675
9786,-27
9787,400
9788,625
9789,400
9790,275
9791,50
9792,-225
9793,675
9794,625
9795,-225
9796,-125
9797,675
9798,25
9799,-275
9800,675
9801,425
9802,621
9803,-227
9804,-25
9805,-2
9806,-77
9807,-25
9808,675
9809,625
9810,475
9811,675
9812,673
9813,25
9814,425
9815,0
9816,-227
9817,-75
9818,625
9819,525
9820,421
9821,-225
9822,-125
9823,550
9824,-229
9825,-225
9826,-127
9827,673
9828,450
9829,75
9830,675
9831,473
9832,675
9833,425
9834,500
9835,675
9836,398
9837,625
9838,-25
9839,-77
9840,675
9841,675
9842,525
9843,675
9844,550
9845,-277
9846,-25
9847,625
9848,-225
9849,673
9850,325
9851,673
9852,-225
9853,675
9854,-125
9855,25
9856,573
9857,675
9858,575
9859,625
9860,50
9861,-227
9862,575
9863,675
9864,-275
9865,675
9866,50
9867,-25
9868,573
9869,425
9870,-125
9871,25
9872,625
9873,675
9874,-231
9875,475
9876,-25
9877,-225
9878,625
9879,-25
9880,625
9881,673
9882,-225
9883,673
9884,621
9885,425
9886,623
9887,523
9888,523
9889,625
9890,-225
9891,521
9892,675
9893,675
9894,675
9895,673
9896,673
9897,575
9898,673
9899,-225
9900,623
9901,675
9902,-225
9903,-125
9904,525
9905,25
9906,-225
9907,-125
9908,675
9909,575
9910,569
9911,-75
9912,475
9913,548
9914,675
9915,575
9916,-125
9917,573
9918,-77
9919,575
9920,450
9921,446
9922,-75
9923,396
9924,475
9925,-75
9926,23
9927,673
9928,-27
9929,-227
9930,625
9931,523
9932,-225
9933,425
9934,-225
9935,675
9936,623
9937,625
9938,525
9939,-225
9940,-125
9941,621
9942,275
9943,625
9944,25
9945,-225
9946,675
9947,625
9948,625
9949,-25
9950,625
9951,675
9952,-275
9953,671
9954,223
9955,673
9956,625
9957,673
9958,623
9959,575
9960,-329
9961,398
9962,519
9963,23
9964,-27
9965,675
9966,-227
9967,-225
9968,575
9969,-27
9970,575
9971,419
9972,50
9973,398
9974,-75
9975,673
9976,-79
9977,675
9978,619
9979,-225
9980,675
9981,673
9982,-75
9983,423
9984,671
9985,475
9986,675
9987,-75
9988,473
9989,673
9990,675
9991,-127
9992,25
9993,625
9994,675
9995,675
9996,-275
9997,425
9998,673
9999,625
10000,-25
[[(4, 4), 0, -25], [(3, 4), 2, 50], [(3, 3), 2, 50], [(3, 2), 2, 250], [(3, 1), 0, 250], [(2, 1), 0, -25], [(1, 1), 0, -25], [(0, 1), 2, 150]]