1,-85
2,-231
3,-175
4,-456
5,-202
6,-283
7,-503
8,-420
9,-370
10,-481
11,-179
12,-253
13,194
14,-131
15,-337
16,-549
17,348
18,-127
19,-229
20,-362
21,-164
22,-456
23,492
24,-499
25,-279
26,-693
27,-310
28,-129
29,-279
30,-212
31,-684
32,-511
33,-191
34,-179
35,-441
36,-424
37,-231
38,-200
39,-75
40,-125
41,165
42,-230
43,-329
44,-79
45,-127
46,-227
47,-235
48,-726
49,142
50,-302
51,-202
52,-183
53,-216
54,421
55,-493
56,-285
57,-287
58,-179
59,-408
60,-468
61,-445
62,-52
63,-89
64,-209
65,396
66,-258
67,192
68,-131
69,296
70,-202
71,118
72,-77
73,-127
74,-391
75,-229
76,-150
77,-216
78,246
79,42
80,-283
81,-341
82,-181
83,-237
84,-129
85,-60
86,-387
87,-574
88,-326
89,-283
90,375
91,-285
92,-2
93,221
94,-258
95,-102
96,-150
97,419
98,211
99,-470
100,111
101,82
102,-154
103,96
104,-125
105,-158
106,-566
107,-229
108,-164
109,-2
110,-225
111,-26
112,159
113,-231
114,-127
115,117
116,-175
117,565
118,-33
119,84
120,-350
121,-129
122,-81
123,109
124,-231
125,675
126,-260
127,-202
128,65
129,-458
130,-231
131,-547
132,-347
133,-89
134,255
135,-175
136,-227
137,-79
138,-77
139,475
140,-206
141,-391
142,169
143,-200
144,-235
145,-187
146,-168
147,-125
148,-420
149,313
150,273
151,-125
152,-378
153,375
154,496
155,38
156,-133
157,-179
158,371
159,-331
160,-104
161,-329
162,-200
163,-720
164,173
165,-56
166,-1272
167,-175
168,419
169,-275
170,-129
171,-75
172,-308
173,65
174,-491
175,221
176,-358
177,-125
178,-87
179,-285
180,-83
181,-177
182,223
183,-225
184,273
185,119
186,517
187,407
188,421
189,-204
190,219
191,623
192,-129
193,-231
194,-177
195,200
196,23
197,425
198,423
199,-150
200,-216
201,115
202,217
203,-181
204,-125
205,-75
206,-102
207,-385
208,-300
209,-160
210,123
211,121
212,167
213,425
214,25
215,223
216,140
217,21
218,548
219,373
220,150
221,-24
222,92
223,-289
224,163
225,119
226,-79
227,-133
228,-102
229,-29
230,125
231,-118
232,-206
233,-235
234,275
235,-304
236,292
237,-227
238,-152
239,240
240,-289
241,317
242,423
243,-310
244,-79
245,-139
246,-75
247,0
248,17
249,67
250,-27
251,-77
252,-231
253,273
254,398
255,-129
256,450
257,-6
258,-329
259,198
260,521
261,21
262,-187
263,-302
264,123
265,-175
266,-256
267,-200
268,-227
269,-129
270,-252
271,-181
272,369
273,-100
274,242
275,-331
276,-139
277,-133
278,-468
279,265
280,146
281,-450
282,-427
283,319
284,467
285,92
286,473
287,-356
288,292
289,-127
290,496
291,-125
292,-200
293,-125
294,-77
295,-158
296,400
297,275
298,223
299,-75
300,419
301,-129
302,-125
303,21
304,48
305,540
306,338
307,-137
308,-277
309,121
310,-277
311,-79
312,-225
313,-125
314,-175
315,575
316,346
317,-106
318,623
319,-158
320,-125
321,417
322,-262
323,44
324,-225
325,473
326,-250
327,-358
328,-125
329,475
330,321
331,-150
332,75
333,-331
334,269
335,-77
336,273
337,525
338,-127
339,-277
340,346
341,-212
342,-77
343,521
344,369
345,348
346,-2
347,-177
348,-127
349,-75
350,-177
351,-83
352,-125
353,623
354,675
355,190
356,-125
357,673
358,-279
359,273
360,-127
361,673
362,575
363,294
364,100
365,342
366,-527
367,523
368,-125
369,-227
370,221
371,-75
372,17
373,375
374,523
375,623
376,-104
377,198
378,223
379,-29
380,521
381,-129
382,271
383,423
384,44
385,-281
386,471
387,494
388,375
389,125
390,173
391,475
392,575
393,-362
394,421
395,400
396,321
397,-127
398,-250
399,150
400,-131
401,-127
402,196
403,-2
404,315
405,417
406,-227
407,-225
408,-125
409,194
410,525
411,-233
412,-177
413,148
414,-125
415,-200
416,523
417,-127
418,-4
419,-175
420,525
421,44
422,525
423,-200
424,21
425,423
426,625
427,-75
428,119
429,-485
430,21
431,-389
432,-54
433,-189
434,-125
435,-225
436,-125
437,40
438,-131
439,119
440,625
441,-252
442,675
443,423
444,-131
445,271
446,-177
447,-52
448,-404
449,-75
450,300
451,623
452,625
453,-331
454,-352
455,675
456,671
457,425
458,398
459,373
460,569
461,425
462,375
463,271
464,-200
465,323
466,625
467,-75
468,-202
469,44
470,94
471,142
472,-2
473,300
474,123
475,-275
476,73
477,-202
478,-462
479,396
480,269
481,-187
482,150
483,350
484,519
485,475
486,-87
487,-383
488,-77
489,-202
490,623
491,173
492,-125
493,-81
494,475
495,-181
496,-75
497,-127
498,-125
499,425
500,-79
501,400
502,-127
503,-77
504,623
505,494
506,421
507,-235
508,673
509,-185
510,598
511,146
512,600
513,-25
514,273
515,-133
516,625
517,-279
518,-204
519,323
520,-108
521,67
522,369
523,571
524,469
525,19
526,569
527,-233
528,-77
529,-125
530,471
531,375
532,525
533,-125
534,475
535,-275
536,623
537,446
538,-150
539,575
540,121
541,575
542,194
543,423
544,419
545,169
546,673
547,273
548,-150
549,-254
550,296
551,-102
552,625
553,271
554,-54
555,675
556,669
557,-100
558,523
559,417
560,521
561,600
562,-75
563,-77
564,425
565,625
566,525
567,-27
568,-127
569,-77
570,-125
571,-77
572,348
573,-135
574,546
575,219
576,-125
577,-252
578,625
579,419
580,-77
581,248
582,94
583,-75
584,525
585,-12
586,-127
587,473
588,525
589,-125
590,519
591,621
592,521
593,-252
594,-225
595,-102
596,-179
597,-125
598,48
599,-125
600,323
601,-127
602,-279
603,517
604,398
605,523
606,-252
607,273
608,-77
609,-77
610,144
611,673
612,100
613,323
614,425
615,350
616,625
617,-75
618,525
619,471
620,-127
621,-127
622,-75
623,-200
624,498
625,623
626,423
627,675
628,625
629,-129
630,625
631,571
632,-325
633,517
634,421
635,-129
636,525
637,625
638,275
639,621
640,-77
641,475
642,-50
643,221
644,625
645,296
646,-27
647,-75
648,425
649,573
650,675
651,571
652,575
653,448
654,-27
655,494
656,-87
657,675
658,-125
659,625
660,419
661,-75
662,-125
663,575
664,673
665,623
666,-125
667,623
668,475
669,325
670,473
671,675
672,446
673,-77
674,-29
675,673
676,-125
677,525
678,-200
679,621
680,-77
681,348
682,-379
683,221
684,375
685,-125
686,-127
687,-229
688,625
689,-77
690,300
691,-179
692,-125
693,675
694,344
695,523
696,223
697,623
698,423
699,-125
700,-75
701,623
702,450
703,371
704,-200
705,471
706,23
707,573
708,-125
709,-179
710,375
711,-125
712,300
713,365
714,621
715,-179
716,225
717,625
718,621
719,-29
720,675
721,625
722,398
723,675
724,292
725,-125
726,621
727,25
728,575
729,469
730,623
731,675
732,-27
733,250
734,423
735,425
736,246
737,-77
738,475
739,575
740,394
741,675
742,419
743,423
744,-25
745,675
746,-225
747,169
748,521
749,623
750,-125
751,325
752,-27
753,-127
754,569
755,523
756,244
757,-75
758,475
759,423
760,425
761,625
762,625
763,-227
764,-79
765,375
766,675
767,521
768,-31
769,-75
770,-75
771,173
772,421
773,-77
774,473
775,-250
776,625
777,300
778,248
779,-52
780,673
781,-129
782,673
783,548
784,-150
785,200
786,675
787,625
788,-125
789,625
790,625
791,373
792,525
793,550
794,525
795,675
796,623
797,-25
798,571
799,573
800,573
801,-125
802,-75
803,298
804,-79
805,573
806,521
807,-75
808,525
809,425
810,-75
811,425
812,625
813,675
814,675
815,623
816,625
817,623
818,-125
819,-2
820,623
821,575
822,525
823,-77
824,-33
825,575
826,-181
827,675
828,-175
829,675
830,675
831,373
832,446
833,675
834,-125
835,-125
836,248
837,525
838,-125
839,-125
840,250
841,425
842,625
843,575
844,-75
845,-75
846,625
847,-50
848,-77
849,-250
850,-125
851,525
852,250
853,573
854,473
855,671
856,500
857,-125
858,625
859,-125
860,148
861,673
862,421
863,-177
864,373
865,571
866,671
867,675
868,423
869,-75
870,-150
871,525
872,-127
873,-127
874,573
875,-125
876,398
877,675
878,225
879,350
880,223
881,-225
882,469
883,473
884,625
885,523
886,421
887,375
888,675
889,423
890,119
891,-125
892,-75
893,573
894,675
895,675
896,673
897,573
898,425
899,-127
900,675
901,523
902,194
903,425
904,569
905,575
906,-27
907,323
908,-127
909,625
910,396
911,575
912,-25
913,625
914,675
915,348
916,525
917,625
918,475
919,198
920,575
921,425
922,525
923,375
924,521
925,673
926,-79
927,400
928,575
929,450
930,448
931,550
932,675
933,-125
934,-81
935,521
936,675
937,675
938,625
939,525
940,-127
941,-27
942,625
943,625
944,575
945,675
946,575
947,675
948,-75
949,675
950,675
951,421
952,673
953,400
954,625
955,523
956,575
957,400
958,675
959,-75
960,625
961,625
962,625
963,519
964,675
965,546
966,675
967,400
968,625
969,623
970,-75
971,325
972,575
973,573
974,571
975,250
976,398
977,575
978,625
979,521
980,400
981,373
982,675
983,-79
984,675
985,-75
986,-25
987,-75
988,675
989,398
990,625
991,373
992,400
993,673
994,375
995,423
996,625
997,675
998,675
999,-250
1000,675
1001,375
1002,675
1003,675
1004,623
1005,-25
1006,473
1007,525
1008,425
1009,425
1010,623
1011,-77
1012,298
1013,400
1014,475
1015,675
1016,575
1017,625
1018,-25
1019,-75
1020,-125
1021,575
1022,-179
1023,625
1024,525
1025,300
1026,500
1027,-2
1028,400
1029,375
1030,425
1031,400
1032,425
1033,625
1034,673
1035,525
1036,-25
1037,-75
1038,-27
1039,-75
1040,523
1041,625
1042,575
1043,673
1044,625
1045,675
1046,525
1047,673
1048,-25
1049,675
1050,-127
1051,350
1052,425
1053,625
1054,571
1055,673
1056,575
1057,675
1058,675
1059,-25
1060,673
1061,625
1062,-125
1063,-75
1064,173
1065,473
1066,575
1067,-27
1068,675
1069,525
1070,525
1071,625
1072,675
1073,373
1074,625
1075,625
1076,200
1077,525
1078,625
1079,-125
1080,675
1081,675
1082,550
1083,575
1084,525
1085,-125
1086,-25
1087,373
1088,673
1089,571
1090,675
1091,525
1092,523
1093,340
1094,400
1095,575
1096,673
1097,675
1098,675
1099,671
1100,673
1101,323
1102,623
1103,375
1104,673
1105,225
1106,675
1107,-125
1108,625
1109,525
1110,371
1111,675
1112,625
1113,-125
1114,525
1115,525
1116,425
1117,675
1118,-25
1119,575
1120,-200
1121,625
1122,525
1123,675
1124,625
1125,-127
1126,675
1127,673
1128,575
1129,625
1130,-175
1131,350
1132,575
1133,673
1134,673
1135,625
1136,325
1137,625
1138,625
1139,525
1140,475
1141,550
1142,-125
1143,573
1144,425
1145,-125
1146,525
1147,446
1148,400
1149,671
1150,675
1151,625
1152,548
1153,625
1154,-125
1155,573
1156,671
1157,523
1158,573
1159,525
1160,525
1161,625
1162,675
1163,675
1164,425
1165,675
1166,-125
1167,675
1168,523
1169,571
1170,573
1171,675
1172,-75
1173,675
1174,150
1175,425
1176,675
1177,675
1178,-77
1179,398
1180,675
1181,675
1182,623
1183,-175
1184,675
1185,-125
1186,398
1187,675
1188,675
1189,675
1190,675
1191,-75
1192,675
1193,675
1194,625
1195,-75
1196,675
1197,625
1198,623
1199,400
1200,673
1201,675
1202,425
1203,675
1204,-75
1205,-25
1206,-125
1207,575
1208,575
1209,625
1210,500
1211,625
1212,625
1213,675
1214,-75
1215,625
1216,673
1217,396
1218,625
1219,-125
1220,675
1221,675
1222,673
1223,-125
1224,625
1225,373
1226,-125
1227,498
1228,-25
1229,675
1230,546
1231,250
1232,673
1233,625
1234,425
1235,-175
1236,423
1237,523
1238,525
1239,373
1240,675
1241,525
1242,675
1243,525
1244,625
1245,675
1246,-75
1247,500
1248,675
1249,-125
1250,675
1251,548
1252,675
1253,675
1254,669
1255,625
1256,496
1257,675
1258,671
1259,-125
1260,675
1261,625
1262,575
1263,-25
1264,575
1265,625
1266,675
1267,675
1268,575
1269,625
1270,573
1271,675
1272,300
1273,675
1274,625
1275,675
1276,523
1277,675
1278,675
1279,675
1280,623
1281,673
1282,-125
1283,675
1284,-177
1285,425
1286,675
1287,675
1288,523
1289,675
1290,525
1291,675
1292,575
1293,625
1294,675
1295,500
1296,625
1297,675
1298,575
1299,673
1300,573
1301,625
1302,375
1303,625
1304,425
1305,625
1306,575
1307,525
1308,423
1309,675
1310,-75
1311,673
1312,425
1313,625
1314,-75
1315,-125
1316,250
1317,550
1318,673
1319,625
1320,675
1321,569
1322,-125
1323,673
1324,-25
1325,675
1326,675
1327,625
1328,521
1329,275
1330,625
1331,675
1332,673
1333,-125
1334,575
1335,623
1336,675
1337,-77
1338,525
1339,525
1340,669
1341,271
1342,200
1343,475
1344,675
1345,-127
1346,675
1347,475
1348,448
1349,675
1350,675
1351,-75
1352,275
1353,523
1354,475
1355,573
1356,675
1357,575
1358,625
1359,325
1360,675
1361,625
1362,675
1363,675
1364,623
1365,-125
1366,625
1367,575
1368,-77
1369,350
1370,675
1371,575
1372,623
1373,523
1374,-75
1375,525
1376,623
1377,575
1378,-77
1379,625
1380,673
1381,675
1382,675
1383,75
1384,675
1385,-125
1386,575
1387,625
1388,325
1389,-75
1390,425
1391,-202
1392,675
1393,275
1394,450
1395,521
1396,525
1397,675
1398,675
1399,425
1400,-200
1401,-177
1402,550
1403,675
1404,675
1405,-75
1406,623
1407,-125
1408,496
1409,675
1410,625
1411,-81
1412,525
1413,675
1414,423
1415,-75
1416,-27
1417,625
1418,-125
1419,625
1420,523
1421,525
1422,623
1423,675
1424,625
1425,400
1426,673
1427,675
1428,348
1429,525
1430,675
1431,-75
1432,673
1433,200
1434,675
1435,400
1436,673
1437,-125
1438,-125
1439,-77
1440,675
1441,-77
1442,675
1443,-127
1444,673
1445,675
1446,321
1447,673
1448,675
1449,475
1450,-200
1451,573
1452,-125
1453,-25
1454,523
1455,-77
1456,-225
1457,675
1458,248
1459,-200
1460,575
1461,623
1462,-175
1463,673
1464,675
1465,548
1466,-125
1467,423
1468,673
1469,625
1470,425
1471,675
1472,625
1473,675
1474,673
1475,-125
1476,498
1477,525
1478,575
1479,550
1480,-27
1481,671
1482,425
1483,675
1484,625
1485,675
1486,348
1487,-129
1488,575
1489,673
1490,675
1491,-127
1492,575
1493,675
1494,675
1495,-75
1496,575
1497,-125
1498,625
1499,-200
1500,625
1501,625
1502,-79
1503,-125
1504,675
1505,675
1506,400
1507,575
1508,523
1509,621
1510,350
1511,-102
1512,675
1513,-75
1514,525
1515,625
1516,625
1517,575
1518,475
1519,548
1520,348
1521,625
1522,-125
1523,675
1524,675
1525,575
1526,675
1527,-175
1528,673
1529,625
1530,525
1531,-127
1532,575
1533,525
1534,623
1535,625
1536,425
1537,-27
1538,523
1539,575
1540,525
1541,-25
1542,-29
1543,623
1544,-75
1545,400
1546,546
1547,673
1548,623
1549,575
1550,675
1551,550
1552,496
1553,573
1554,675
1555,675
1556,521
1557,421
1558,675
1559,575
1560,625
1561,625
1562,-125
1563,673
1564,623
1565,-75
1566,673
1567,675
1568,675
1569,675
1570,425
1571,625
1572,-100
1573,598
1574,-29
1575,525
1576,625
1577,673
1578,-77
1579,675
1580,673
1581,625
1582,675
1583,675
1584,375
1585,625
1586,273
1587,625
1588,525
1589,200
1590,-125
1591,673
1592,548
1593,473
1594,625
1595,675
1596,673
1597,675
1598,675
1599,675
1600,675
1601,-75
1602,500
1603,-25
1604,500
1605,675
1606,625
1607,-27
1608,675
1609,-75
1610,675
1611,623
1612,625
1613,473
1614,-77
1615,623
1616,-125
1617,575
1618,673
1619,623
1620,625
1621,398
1622,675
1623,523
1624,425
1625,675
1626,675
1627,548
1628,675
1629,625
1630,475
1631,675
1632,675
1633,-75
1634,398
1635,675
1636,675
1637,450
1638,498
1639,625
1640,625
1641,675
1642,-125
1643,425
1644,623
1645,523
1646,675
1647,-77
1648,673
1649,-125
1650,675
1651,673
1652,673
1653,625
1654,575
1655,525
1656,573
1657,-75
1658,675
1659,-250
1660,625
1661,400
1662,675
1663,675
1664,675
1665,423
1666,473
1667,675
1668,675
1669,575
1670,675
1671,523
1672,675
1673,625
1674,675
1675,673
1676,675
1677,623
1678,425
1679,675
1680,625
1681,625
1682,-233
1683,675
1684,-150
1685,523
1686,-125
1687,571
1688,-125
1689,675
1690,623
1691,625
1692,473
1693,475
1694,525
1695,446
1696,625
1697,546
1698,675
1699,375
1700,425
1701,223
1702,673
1703,575
1704,625
1705,675
1706,400
1707,-75
1708,675
1709,675
1710,675
1711,623
1712,625
1713,-75
1714,573
1715,525
1716,575
1717,-127
1718,-75
1719,400
1720,500
1721,400
1722,621
1723,675
1724,625
1725,625
1726,623
1727,625
1728,-300
1729,675
1730,525
1731,521
1732,675
1733,-200
1734,575
1735,675
1736,673
1737,575
1738,675
1739,525
1740,675
1741,-75
1742,675
1743,675
1744,573
1745,500
1746,671
1747,575
1748,625
1749,625
1750,-4
1751,350
1752,625
1753,525
1754,675
1755,575
1756,523
1757,623
1758,675
1759,425
1760,673
1761,-27
1762,675
1763,675
1764,-77
1765,573
1766,-127
1767,675
1768,525
1769,623
1770,375
1771,673
1772,-75
1773,675
1774,398
1775,575
1776,419
1777,475
1778,-125
1779,675
1780,-125
1781,625
1782,323
1783,-100
1784,523
1785,675
1786,669
1787,-125
1788,675
1789,625
1790,621
1791,671
1792,675
1793,-27
1794,573
1795,-79
1796,-125
1797,625
1798,400
1799,-177
1800,-75
1801,275
1802,675
1803,673
1804,675
1805,-75
1806,675
1807,675
1808,523
1809,625
1810,375
1811,625
1812,621
1813,523
1814,675
1815,525
1816,575
1817,625
1818,675
1819,569
1820,-125
1821,675
1822,-25
1823,675
1824,-100
1825,-125
1826,-125
1827,625
1828,550
1829,-27
1830,-75
1831,625
1832,-125
1833,623
1834,-125
1835,675
1836,623
1837,675
1838,23
1839,675
1840,-200
1841,625
1842,675
1843,-75
1844,673
1845,625
1846,623
1847,-50
1848,425
1849,150
1850,175
1851,571
1852,625
1853,425
1854,675
1855,-27
1856,450
1857,475
1858,675
1859,675
1860,550
1861,673
1862,575
1863,625
1864,625
1865,675
1866,425
1867,423
1868,573
1869,673
1870,675
1871,-125
1872,-27
1873,623
1874,398
1875,348
1876,625
1877,-125
1878,625
1879,623
1880,323
1881,673
1882,625
1883,525
1884,675
1885,575
1886,273
1887,625
1888,525
1889,623
1890,675
1891,575
1892,675
1893,-75
1894,-25
1895,325
1896,425
1897,-75
1898,-25
1899,625
1900,325
1901,375
1902,-75
1903,575
1904,675
1905,-177
1906,675
1907,623
1908,623
1909,673
1910,473
1911,-27
1912,625
1913,550
1914,675
1915,396
1916,221
1917,525
1918,-75
1919,-127
1920,675
1921,625
1922,621
1923,325
1924,-200
1925,575
1926,625
1927,425
1928,625
1929,673
1930,500
1931,625
1932,625
1933,675
1934,675
1935,-175
1936,573
1937,475
1938,623
1939,623
1940,350
1941,675
1942,471
1943,623
1944,675
1945,-79
1946,373
1947,675
1948,425
1949,675
1950,423
1951,-229
1952,675
1953,223
1954,625
1955,575
1956,525
1957,-125
1958,-177
1959,-75
1960,-125
1961,625
1962,675
1963,373
1964,-125
1965,573
1966,675
1967,-175
1968,167
1969,-79
1970,-127
1971,373
1972,473
1973,575
1974,625
1975,673
1976,-25
1977,623
1978,675
1979,625
1980,523
1981,675
1982,350
1983,673
1984,575
1985,625
1986,-25
1987,519
1988,673
1989,675
1990,625
1991,673
1992,-25
1993,-133
1994,-25
1995,623
1996,-25
1997,325
1998,675
1999,675
2000,675
2001,625
2002,346
2003,-75
2004,621
2005,-125
2006,-27
2007,575
2008,-125
2009,550
2010,471
2011,625
2012,623
2013,598
2014,425
2015,525
2016,675
2017,448
2018,-77
2019,675
2020,525
2021,-177
2022,-127
2023,271
2024,425
2025,675
2026,675
2027,625
2028,571
2029,525
2030,425
2031,400
2032,623
2033,-75
2034,673
2035,623
2036,625
2037,675
2038,673
2039,0
2040,675
2041,525
2042,675
2043,675
2044,573
2045,675
2046,625
2047,500
2048,625
2049,425
2050,-125
2051,675
2052,425
2053,675
2054,569
2055,575
2056,673
2057,548
2058,575
2059,675
2060,573
2061,348
2062,623
2063,573
2064,623
2065,673
2066,298
2067,425
2068,-125
2069,575
2070,525
2071,625
2072,673
2073,550
2074,625
2075,675
2076,-125
2077,675
2078,525
2079,71
2080,625
2081,-125
2082,425
2083,675
2084,225
2085,675
2086,-77
2087,-77
2088,673
2089,473
2090,473
2091,625
2092,150
2093,623
2094,575
2095,673
2096,398
2097,150
2098,675
2099,500
2100,625
2101,675
2102,-200
2103,623
2104,675
2105,548
2106,-125
2107,423
2108,675
2109,625
2110,350
2111,-75
2112,625
2113,675
2114,675
2115,-125
2116,573
2117,-125
2118,471
2119,500
2120,-225
2121,-75
2122,400
2123,100
2124,521
2125,523
2126,675
2127,-127
2128,575
2129,675
2130,523
2131,-129
2132,-125
2133,675
2134,350
2135,625
2136,-77
2137,675
2138,671
2139,244
2140,675
2141,625
2142,675
2143,573
2144,500
2145,623
2146,-77
2147,675
2148,675
2149,675
2150,473
2151,575
2152,350
2153,-125
2154,625
2155,675
2156,425
2157,673
2158,525
2159,675
2160,621
2161,675
2162,-75
2163,350
2164,-125
2165,623
2166,-177
2167,369
2168,423
2169,446
2170,-75
2171,675
2172,-25
2173,673
2174,-50
2175,350
2176,471
2177,-54
2178,625
2179,-25
2180,625
2181,398
2182,675
2183,-75
2184,298
2185,675
2186,375
2187,519
2188,625
2189,425
2190,-125
2191,675
2192,-27
2193,-25
2194,475
2195,675
2196,675
2197,575
2198,625
2199,-125
2200,573
2201,625
2202,625
2203,625
2204,625
2205,396
2206,225
2207,675
2208,375
2209,398
2210,575
2211,625
2212,496
2213,-125
2214,-77
2215,675
2216,400
2217,673
2218,523
2219,673
2220,625
2221,-25
2222,-75
2223,625
2224,-25
2225,-125
2226,675
2227,625
2228,523
2229,419
2230,623
2231,423
2232,625
2233,675
2234,-52
2235,575
2236,-75
2237,625
2238,675
2239,575
2240,675
2241,525
2242,675
2243,-75
2244,273
2245,-125
2246,525
2247,625
2248,625
2249,425
2250,375
2251,575
2252,675
2253,-125
2254,625
2255,521
2256,-125
2257,625
2258,675
2259,500
2260,623
2261,473
2262,550
2263,675
2264,-25
2265,523
2266,-125
2267,675
2268,525
2269,621
2270,575
2271,673
2272,675
2273,625
2274,-100
2275,673
2276,475
2277,675
2278,525
2279,675
2280,548
2281,346
2282,375
2283,669
2284,-125
2285,-75
2286,625
2287,-200
2288,675
2289,673
2290,675
2291,425
2292,673
2293,673
2294,475
2295,675
2296,525
2297,675
2298,675
2299,275
2300,675
2301,675
2302,673
2303,575
2304,571
2305,675
2306,675
2307,625
2308,621
2309,-125
2310,625
2311,623
2312,525
2313,625
2314,550
2315,475
2316,350
2317,546
2318,-77
2319,625
2320,675
2321,671
2322,673
2323,-125
2324,675
2325,671
2326,525
2327,-27
2328,675
2329,-127
2330,-175
2331,-25
2332,625
2333,625
2334,675
2335,625
2336,525
2337,625
2338,675
2339,675
2340,673
2341,673
2342,-125
2343,-75
2344,573
2345,423
2346,-125
2347,623
2348,675
2349,573
2350,625
2351,573
2352,275
2353,573
2354,400
2355,275
2356,625
2357,525
2358,-100
2359,573
2360,673
2361,525
2362,-125
2363,573
2364,575
2365,573
2366,-75
2367,473
2368,673
2369,675
2370,-27
2371,621
2372,75
2373,675
2374,473
2375,525
2376,673
2377,675
2378,625
2379,673
2380,625
2381,573
2382,675
2383,573
2384,625
2385,675
2386,673
2387,100
2388,673
2389,675
2390,671
2391,-75
2392,-29
2393,-125
2394,673
2395,-125
2396,623
2397,623
2398,573
2399,673
2400,675
2401,325
2402,525
2403,625
2404,625
2405,-125
2406,625
2407,675
2408,575
2409,575
2410,571
2411,425
2412,375
2413,-175
2414,675
2415,675
2416,-31
2417,400
2418,-75
2419,625
2420,-77
2421,200
2422,-75
2423,-27
2424,623
2425,348
2426,-25
2427,625
2428,75
2429,317
2430,675
2431,350
2432,96
2433,373
2434,675
2435,625
2436,-75
2437,673
2438,625
2439,625
2440,-77
2441,675
2442,400
2443,400
2444,623
2445,623
2446,-125
2447,-125
2448,623
2449,-75
2450,673
2451,-200
2452,350
2453,675
2454,675
2455,675
2456,525
2457,625
2458,400
2459,673
2460,623
2461,75
2462,675
2463,675
2464,623
2465,625
2466,625
2467,-125
2468,675
2469,675
2470,373
2471,473
2472,675
2473,75
2474,625
2475,-75
2476,-125
2477,-75
2478,-29
2479,171
2480,-27
2481,-125
2482,675
2483,475
2484,675
2485,-175
2486,-200
2487,425
2488,-2
2489,325
2490,325
2491,375
2492,-75
2493,675
2494,425
2495,625
2496,-125
2497,348
2498,425
2499,623
2500,675
2501,521
2502,-75
2503,625
2504,675
2505,544
2506,-25
2507,573
2508,-75
2509,-75
2510,621
2511,625
2512,150
2513,448
2514,-75
2515,-175
2516,596
2517,673
2518,625
2519,548
2520,100
2521,471
2522,575
2523,498
2524,575
2525,625
2526,373
2527,673
2528,625
2529,625
2530,475
2531,675
2532,625
2533,623
2534,675
2535,-75
2536,-127
2537,23
2538,248
2539,-127
2540,625
2541,625
2542,675
2543,669
2544,425
2545,675
2546,298
2547,-25
2548,623
2549,625
2550,675
2551,-75
2552,-125
2553,575
2554,575
2555,475
2556,375
2557,625
2558,425
2559,673
2560,-77
2561,675
2562,625
2563,675
2564,-81
2565,675
2566,473
2567,673
2568,675
2569,-25
2570,-75
2571,400
2572,346
2573,-25
2574,523
2575,-75
2576,673
2577,673
2578,675
2579,623
2580,523
2581,523
2582,-100
2583,425
2584,625
2585,525
2586,471
2587,525
2588,673
2589,-75
2590,625
2591,-127
2592,573
2593,675
2594,-125
2595,550
2596,225
2597,298
2598,-75
2599,-2
2600,-125
2601,523
2602,571
2603,-25
2604,473
2605,475
2606,423
2607,625
2608,-125
2609,548
2610,571
2611,675
2612,675
2613,-125
2614,623
2615,625
2616,675
2617,-27
2618,275
2619,675
2620,475
2621,573
2622,-125
2623,675
2624,400
2625,675
2626,-125
2627,621
2628,525
2629,675
2630,300
2631,300
2632,671
2633,675
2634,575
2635,625
2636,371
2637,-125
2638,375
2639,-177
2640,575
2641,473
2642,675
2643,673
2644,350
2645,675
2646,325
2647,-75
2648,-27
2649,398
2650,523
2651,623
2652,675
2653,400
2654,673
2655,-125
2656,625
2657,625
2658,-79
2659,625
2660,523
2661,623
2662,623
2663,625
2664,625
2665,-75
2666,-75
2667,623
2668,625
2669,475
2670,521
2671,-202
2672,575
2673,498
2674,571
2675,625
2676,-125
2677,-75
2678,573
2679,100
2680,675
2681,348
2682,625
2683,675
2684,573
2685,348
2686,675
2687,200
2688,-127
2689,471
2690,-125
2691,673
2692,-127
2693,623
2694,675
2695,675
2696,525
2697,673
2698,573
2699,673
2700,625
2701,-125
2702,671
2703,475
2704,575
2705,675
2706,521
2707,671
2708,525
2709,423
2710,-77
2711,425
2712,375
2713,550
2714,-25
2715,350
2716,675
2717,-75
2718,675
2719,675
2720,675
2721,-50
2722,673
2723,425
2724,-125
2725,623
2726,673
2727,625
2728,525
2729,-125
2730,375
2731,673
2732,525
2733,575
2734,675
2735,625
2736,625
2737,623
2738,625
2739,675
2740,675
2741,675
2742,575
2743,673
2744,-25
2745,625
2746,673
2747,-77
2748,-225
2749,675
2750,575
2751,473
2752,525
2753,675
2754,550
2755,523
2756,500
2757,675
2758,625
2759,675
2760,675
2761,350
2762,525
2763,675
2764,675
2765,573
2766,623
2767,425
2768,675
2769,-25
2770,-175
2771,625
2772,-200
2773,-129
2774,100
2775,575
2776,569
2777,575
2778,675
2779,575
2780,200
2781,625
2782,-79
2783,573
2784,625
2785,-75
2786,-127
2787,-200
2788,-75
2789,625
2790,675
2791,425
2792,-75
2793,673
2794,400
2795,675
2796,673
2797,-200
2798,-75
2799,300
2800,673
2801,625
2802,621
2803,423
2804,75
2805,575
2806,425
2807,425
2808,425
2809,571
2810,525
2811,575
2812,-75
2813,575
2814,-125
2815,673
2816,425
2817,675
2818,625
2819,548
2820,498
2821,525
2822,-75
2823,-150
2824,396
2825,623
2826,525
2827,625
2828,-75
2829,675
2830,675
2831,675
2832,521
2833,673
2834,673
2835,525
2836,-25
2837,675
2838,675
2839,675
2840,625
2841,548
2842,675
2843,623
2844,675
2845,375
2846,-125
2847,623
2848,571
2849,575
2850,421
2851,675
2852,671
2853,675
2854,-52
2855,625
2856,248
2857,675
2858,625
2859,675
2860,675
2861,-75
2862,-202
2863,625
2864,150
2865,-75
2866,575
2867,623
2868,375
2869,525
2870,675
2871,625
2872,675
2873,625
2874,-25
2875,575
2876,523
2877,-252
2878,421
2879,525
2880,675
2881,625
2882,275
2883,-75
2884,523
2885,523
2886,675
2887,521
2888,473
2889,675
2890,675
2891,625
2892,325
2893,675
2894,625
2895,550
2896,-125
2897,575
2898,675
2899,-125
2900,575
2901,523
2902,-75
2903,623
2904,573
2905,675
2906,675
2907,675
2908,675
2909,675
2910,621
2911,525
2912,575
2913,525
2914,675
2915,673
2916,625
2917,625
2918,525
2919,673
2920,675
2921,-25
2922,-125
2923,-75
2924,575
2925,625
2926,675
2927,525
2928,-125
2929,573
2930,675
2931,-77
2932,675
2933,100
2934,625
2935,100
2936,625
2937,-50
2938,425
2939,675
2940,375
2941,350
2942,-179
2943,675
2944,473
2945,-125
2946,425
2947,525
2948,-27
2949,400
2950,623
2951,675
2952,625
2953,525
2954,625
2955,675
2956,-177
2957,575
2958,471
2959,625
2960,-200
2961,-29
2962,625
2963,-75
2964,575
2965,625
2966,675
2967,675
2968,-125
2969,150
2970,625
2971,573
2972,675
2973,348
2974,373
2975,-177
2976,675
2977,671
2978,625
2979,575
2980,625
2981,-125
2982,575
2983,-77
2984,625
2985,-75
2986,623
2987,675
2988,375
2989,625
2990,375
2991,675
2992,-102
2993,573
2994,423
2995,575
2996,675
2997,675
2998,623
2999,425
3000,675
3001,625
3002,-127
3003,625
3004,675
3005,575
3006,-52
3007,325
3008,673
3009,575
3010,673
3011,675
3012,571
3013,525
3014,-75
3015,625
3016,367
3017,675
3018,-175
3019,673
3020,625
3021,623
3022,675
3023,675
3024,675
3025,400
3026,671
3027,325
3028,-125
3029,673
3030,-125
3031,675
3032,-102
3033,-125
3034,523
3035,625
3036,525
3037,575
3038,675
3039,675
3040,-125
3041,621
3042,625
3043,675
3044,675
3045,673
3046,375
3047,-25
3048,-152
3049,-125
3050,-25
3051,-29
3052,675
3053,569
3054,675
3055,573
3056,673
3057,473
3058,625
3059,625
3060,625
3061,623
3062,575
3063,400
3064,675
3065,675
3066,625
3067,675
3068,675
3069,575
3070,675
3071,625
3072,525
3073,-125
3074,-125
3075,675
3076,-125
3077,675
3078,423
3079,575
3080,523
3081,673
3082,-125
3083,294
3084,625
3085,-125
3086,675
3087,675
3088,-27
3089,675
3090,675
3091,569
3092,625
3093,575
3094,273
3095,571
3096,625
3097,625
3098,375
3099,575
3100,623
3101,-127
3102,567
3103,675
3104,275
3105,675
3106,-25
3107,-75
3108,525
3109,-77
3110,625
3111,673
3112,625
3113,525
3114,471
3115,571
3116,400
3117,500
3118,-202
3119,-75
3120,675
3121,350
3122,675
3123,425
3124,675
3125,-125
3126,625
3127,-125
3128,675
3129,398
3130,573
3131,471
3132,675
3133,575
3134,375
3135,625
3136,-133
3137,575
3138,400
3139,425
3140,675
3141,673
3142,575
3143,621
3144,671
3145,-29
3146,-75
3147,623
3148,623
3149,600
3150,175
3151,625
3152,623
3153,425
3154,523
3155,525
3156,525
3157,-250
3158,-200
3159,573
3160,625
3161,621
3162,373
3163,523
3164,-75
3165,675
3166,0
3167,471
3168,525
3169,548
3170,675
3171,675
3172,673
3173,671
3174,625
3175,-125
3176,375
3177,275
3178,-125
3179,625
3180,-75
3181,-75
3182,675
3183,623
3184,-75
3185,671
3186,625
3187,625
3188,623
3189,623
3190,625
3191,671
3192,275
3193,675
3194,-75
3195,546
3196,21
3197,621
3198,-50
3199,675
3200,-127
3201,675
3202,-29
3203,623
3204,675
3205,200
3206,498
3207,573
3208,-75
3209,675
3210,-75
3211,523
3212,0
3213,673
3214,525
3215,398
3216,673
3217,675
3218,673
3219,625
3220,675
3221,-125
3222,623
3223,550
3224,675
3225,625
3226,625
3227,621
3228,675
3229,550
3230,675
3231,673
3232,300
3233,625
3234,225
3235,-75
3236,525
3237,400
3238,373
3239,-75
3240,675
3241,673
3242,673
3243,-75
3244,292
3245,675
3246,675
3247,575
3248,675
3249,675
3250,-125
3251,675
3252,-127
3253,675
3254,673
3255,675
3256,675
3257,423
3258,521
3259,525
3260,375
3261,575
3262,673
3263,-27
3264,250
3265,475
3266,-75
3267,615
3268,675
3269,623
3270,-75
3271,575
3272,523
3273,675
3274,675
3275,525
3276,398
3277,-25
3278,-125
3279,275
3280,675
3281,523
3282,625
3283,400
3284,675
3285,173
3286,575
3287,350
3288,625
3289,375
3290,675
3291,400
3292,-29
3293,419
3294,475
3295,675
3296,150
3297,625
3298,473
3299,271
3300,425
3301,625
3302,675
3303,573
3304,571
3305,523
3306,625
3307,-175
3308,673
3309,675
3310,-75
3311,623
3312,-275
3313,673
3314,473
3315,521
3316,675
3317,-25
3318,-100
3319,675
3320,-75
3321,675
3322,400
3323,625
3324,675
3325,625
3326,575
3327,625
3328,675
3329,675
3330,675
3331,673
3332,625
3333,625
3334,675
3335,625
3336,296
3337,-25
3338,675
3339,298
3340,623
3341,-75
3342,625
3343,396
3344,671
3345,575
3346,625
3347,675
3348,675
3349,675
3350,675
3351,525
3352,-125
3353,525
3354,621
3355,-77
3356,425
3357,375
3358,675
3359,623
3360,623
3361,523
3362,400
3363,575
3364,250
3365,625
3366,-200
3367,623
3368,573
3369,625
3370,-200
3371,673
3372,175
3373,673
3374,-125
3375,675
3376,-75
3377,675
3378,675
3379,575
3380,675
3381,623
3382,425
3383,-200
3384,625
3385,423
3386,625
3387,-175
3388,-75
3389,400
3390,525
3391,623
3392,573
3393,673
3394,-125
3395,-75
3396,475
3397,675
3398,675
3399,525
3400,469
3401,571
3402,-25
3403,675
3404,623
3405,623
3406,-75
3407,-129
3408,625
3409,621
3410,625
3411,625
3412,573
3413,523
3414,-52
3415,625
3416,623
3417,475
3418,-75
3419,675
3420,-77
3421,673
3422,375
3423,675
3424,675
3425,-225
3426,675
3427,-127
3428,625
3429,623
3430,675
3431,671
3432,575
3433,-25
3434,623
3435,675
3436,621
3437,-77
3438,50
3439,523
3440,625
3441,550
3442,500
3443,621
3444,-227
3445,625
3446,575
3447,675
3448,473
3449,675
3450,675
3451,-125
3452,-75
3453,625
3454,-125
3455,625
3456,350
3457,625
3458,425
3459,675
3460,571
3461,473
3462,400
3463,-125
3464,673
3465,621
3466,0
3467,-125
3468,525
3469,673
3470,550
3471,675
3472,625
3473,675
3474,573
3475,398
3476,525
3477,521
3478,673
3479,675
3480,625
3481,475
3482,623
3483,675
3484,475
3485,-125
3486,575
3487,-75
3488,-25
3489,525
3490,573
3491,575
3492,-27
3493,300
3494,398
3495,675
3496,425
3497,550
3498,625
3499,250
3500,623
3501,575
3502,671
3503,625
3504,625
3505,-75
3506,521
3507,675
3508,675
3509,-25
3510,575
3511,346
3512,573
3513,275
3514,625
3515,525
3516,673
3517,575
3518,625
3519,625
3520,571
3521,675
3522,-25
3523,675
3524,575
3525,673
3526,-75
3527,671
3528,623
3529,-125
3530,625
3531,675
3532,450
3533,625
3534,-75
3535,667
3536,548
3537,675
3538,300
3539,625
3540,623
3541,675
3542,525
3543,673
3544,425
3545,-77
3546,675
3547,675
3548,571
3549,-75
3550,675
3551,625
3552,575
3553,675
3554,625
3555,625
3556,423
3557,425
3558,548
3559,550
3560,675
3561,675
3562,675
3563,298
3564,-27
3565,675
3566,373
3567,675
3568,625
3569,673
3570,525
3571,-202
3572,675
3573,475
3574,400
3575,673
3576,675
3577,675
3578,675
3579,625
3580,675
3581,400
3582,575
3583,625
3584,675
3585,575
3586,625
3587,623
3588,425
3589,425
3590,-127
3591,575
3592,671
3593,-125
3594,-102
3595,573
3596,-29
3597,675
3598,375
3599,575
3600,-75
3601,625
3602,625
3603,425
3604,550
3605,-77
3606,575
3607,623
3608,575
3609,675
3610,625
3611,675
3612,300
3613,675
3614,550
3615,525
3616,300
3617,675
3618,575
3619,-79
3620,675
3621,-77
3622,-125
3623,575
3624,-125
3625,-25
3626,550
3627,275
3628,625
3629,498
3630,575
3631,675
3632,675
3633,575
3634,625
3635,623
3636,423
3637,-125
3638,473
3639,525
3640,573
3641,-125
3642,-29
3643,275
3644,675
3645,675
3646,-200
3647,-125
3648,573
3649,-25
3650,-125
3651,675
3652,575
3653,673
3654,-25
3655,623
3656,575
3657,475
3658,350
3659,525
3660,-175
3661,-75
3662,625
3663,575
3664,-75
3665,375
3666,673
3667,625
3668,623
3669,673
3670,673
3671,673
3672,-75
3673,625
3674,575
3675,673
3676,400
3677,-125
3678,675
3679,623
3680,573
3681,375
3682,-75
3683,400
3684,425
3685,673
3686,525
3687,675
3688,675
3689,-75
3690,623
3691,675
3692,-125
3693,623
3694,325
3695,625
3696,675
3697,675
3698,625
3699,-75
3700,623
3701,673
3702,575
3703,400
3704,-127
3705,625
3706,525
3707,675
3708,-79
3709,625
3710,348
3711,675
3712,475
3713,625
3714,525
3715,-127
3716,573
3717,675
3718,-279
3719,523
3720,675
3721,-27
3722,625
3723,675
3724,625
3725,671
3726,625
3727,550
3728,521
3729,675
3730,321
3731,625
3732,675
3733,400
3734,673
3735,623
3736,-125
3737,675
3738,-100
3739,625
3740,575
3741,-75
3742,575
3743,675
3744,573
3745,425
3746,348
3747,375
3748,-27
3749,-27
3750,675
3751,623
3752,448
3753,400
3754,625
3755,675
3756,221
3757,623
3758,-27
3759,673
3760,375
3761,475
3762,625
3763,625
3764,625
3765,525
3766,246
3767,-129
3768,675
3769,-25
3770,675
3771,625
3772,675
3773,573
3774,675
3775,523
3776,-125
3777,575
3778,625
3779,675
3780,294
3781,625
3782,425
3783,475
3784,625
3785,325
3786,469
3787,675
3788,-125
3789,675
3790,575
3791,675
3792,675
3793,575
3794,573
3795,423
3796,673
3797,-75
3798,623
3799,625
3800,575
3801,523
3802,623
3803,675
3804,673
3805,-125
3806,471
3807,625
3808,-27
3809,400
3810,498
3811,-125
3812,-125
3813,-27
3814,625
3815,675
3816,671
3817,675
3818,400
3819,523
3820,425
3821,675
3822,675
3823,675
3824,675
3825,575
3826,-127
3827,673
3828,-75
3829,673
3830,-125
3831,675
3832,675
3833,675
3834,575
3835,675
3836,673
3837,675
3838,-179
3839,-125
3840,100
3841,623
3842,673
3843,-25
3844,523
3845,623
3846,675
3847,673
3848,625
3849,300
3850,623
3851,671
3852,675
3853,675
3854,675
3855,625
3856,623
3857,675
3858,675
3859,675
3860,525
3861,550
3862,675
3863,675
3864,500
3865,575
3866,673
3867,673
3868,548
3869,675
3870,575
3871,675
3872,675
3873,525
3874,-75
3875,625
3876,625
3877,275
3878,-125
3879,475
3880,675
3881,573
3882,625
3883,675
3884,625
3885,673
3886,675
3887,675
3888,675
3889,573
3890,523
3891,273
3892,675
3893,-75
3894,675
3895,675
3896,675
3897,619
3898,-75
3899,517
3900,525
3901,625
3902,675
3903,500
3904,675
3905,625
3906,573
3907,625
3908,573
3909,525
3910,-250
3911,671
3912,450
3913,425
3914,-125
3915,-125
3916,675
3917,573
3918,500
3919,348
3920,450
3921,625
3922,-77
3923,525
3924,398
3925,-77
3926,573
3927,400
3928,-25
3929,675
3930,575
3931,575
3932,625
3933,673
3934,350
3935,569
3936,625
3937,550
3938,673
3939,675
3940,675
3941,300
3942,523
3943,675
3944,673
3945,-127
3946,400
3947,625
3948,298
3949,625
3950,675
3951,623
3952,675
3953,675
3954,675
3955,673
3956,-25
3957,625
3958,625
3959,-25
3960,625
3961,-177
3962,675
3963,-125
3964,375
3965,525
3966,675
3967,673
3968,673
3969,575
3970,523
3971,675
3972,675
3973,575
3974,-50
3975,625
3976,675
3977,350
3978,475
3979,400
3980,-77
3981,675
3982,573
3983,675
3984,425
3985,625
3986,623
3987,-125
3988,673
3989,625
3990,675
3991,-77
3992,675
3993,625
3994,625
3995,621
3996,671
3997,675
3998,573
3999,675
4000,673
4001,-127
4002,671
4003,673
4004,675
4005,0
4006,625
4007,675
4008,-125
4009,675
4010,575
4011,625
4012,575
4013,675
4014,425
4015,675
4016,471
4017,575
4018,673
4019,573
4020,473
4021,198
4022,350
4023,625
4024,621
4025,671
4026,425
4027,625
4028,473
4029,625
4030,625
4031,398
4032,675
4033,625
4034,-25
4035,621
4036,546
4037,-129
4038,-127
4039,-75
4040,575
4041,675
4042,423
4043,675
4044,675
4045,623
4046,575
4047,400
4048,675
4049,623
4050,675
4051,500
4052,675
4053,-125
4054,675
4055,373
4056,675
4057,675
4058,398
4059,375
4060,250
4061,675
4062,671
4063,673
4064,496
4065,523
4066,373
4067,125
4068,-125
4069,-125
4070,675
4071,575
4072,675
4073,-75
4074,675
4075,675
4076,623
4077,675
4078,525
4079,675
4080,423
4081,525
4082,425
4083,625
4084,-77
4085,-125
4086,-75
4087,298
4088,-225
4089,625
4090,-77
4091,573
4092,425
4093,675
4094,621
4095,673
4096,625
4097,400
4098,675
4099,573
4100,-131
4101,525
4102,-75
4103,-127
4104,423
4105,673
4106,623
4107,425
4108,675
4109,573
4110,550
4111,-125
4112,375
4113,675
4114,575
4115,675
4116,-129
4117,675
4118,-127
4119,348
4120,625
4121,-77
4122,673
4123,625
4124,500
4125,625
4126,500
4127,675
4128,625
4129,675
4130,575
4131,625
4132,625
4133,625
4134,575
4135,-125
4136,373
4137,675
4138,675
4139,673
4140,473
4141,525
4142,675
4143,-75
4144,-75
4145,521
4146,625
4147,675
4148,625
4149,425
4150,425
4151,-250
4152,673
4153,623
4154,675
4155,675
4156,675
4157,673
4158,525
4159,575
4160,625
4161,623
4162,548
4163,673
4164,625
4165,623
4166,573
4167,675
4168,625
4169,675
4170,623
4171,-100
4172,400
4173,473
4174,525
4175,673
4176,671
4177,-127
4178,398
4179,675
4180,400
4181,-125
4182,371
4183,525
4184,475
4185,575
4186,675
4187,398
4188,523
4189,-125
4190,523
4191,473
4192,625
4193,625
4194,675
4195,623
4196,-25
4197,675
4198,-25
4199,-125
4200,-75
4201,625
4202,473
4203,373
4204,398
4205,550
4206,675
4207,625
4208,675
4209,575
4210,675
4211,625
4212,-175
4213,675
4214,-125
4215,673
4216,-127
4217,675
4218,673
4219,50
4220,400
4221,475
4222,675
4223,425
4224,673
4225,675
4226,-125
4227,625
4228,625
4229,-75
4230,-25
4231,575
4232,673
4233,425
4234,-75
4235,-125
4236,675
4237,675
4238,625
4239,625
4240,398
4241,625
4242,623
4243,625
4244,623
4245,525
4246,675
4247,523
4248,573
4249,675
4250,623
4251,675
4252,-25
4253,625
4254,-31
4255,675
4256,-27
4257,225
4258,625
4259,-125
4260,-127
4261,675
4262,-175
4263,575
4264,673
4265,400
4266,621
4267,-75
4268,525
4269,625
4270,621
4271,575
4272,-225
4273,525
4274,250
4275,298
4276,675
4277,575
4278,525
4279,375
4280,623
4281,625
4282,250
4283,-125
4284,675
4285,550
4286,-125
4287,673
4288,675
4289,675
4290,619
4291,575
4292,400
4293,671
4294,675
4295,625
4296,473
4297,500
4298,575
4299,623
4300,675
4301,-75
4302,-129
4303,675
4304,675
4305,623
4306,673
4307,675
4308,675
4309,675
4310,396
4311,-81
4312,-75
4313,675
4314,-125
4315,575
4316,398
4317,523
4318,621
4319,544
4320,625
4321,-200
4322,623
4323,375
4324,398
4325,425
4326,573
4327,525
4328,575
4329,-77
4330,575
4331,625
4332,623
4333,625
4334,575
4335,675
4336,523
4337,625
4338,625
4339,575
4340,625
4341,425
4342,625
4343,-77
4344,623
4345,-79
4346,-127
4347,675
4348,425
4349,573
4350,675
4351,571
4352,471
4353,525
4354,473
4355,398
4356,675
4357,675
4358,675
4359,625
4360,575
4361,675
4362,675
4363,673
4364,573
4365,575
4366,623
4367,625
4368,475
4369,423
4370,623
4371,575
4372,675
4373,-125
4374,675
4375,673
4376,675
4377,525
4378,573
4379,525
4380,400
4381,671
4382,675
4383,525
4384,575
4385,575
4386,350
4387,575
4388,550
4389,550
4390,-127
4391,575
4392,396
4393,675
4394,-125
4395,675
4396,675
4397,625
4398,-27
4399,675
4400,675
4401,625
4402,400
4403,623
4404,-104
4405,675
4406,521
4407,675
4408,525
4409,675
4410,521
4411,-27
4412,571
4413,-125
4414,673
4415,273
4416,675
4417,-75
4418,675
4419,-75
4420,-25
4421,350
4422,625
4423,675
4424,-75
4425,196
4426,673
4427,625
4428,550
4429,498
4430,675
4431,625
4432,625
4433,675
4434,673
4435,625
4436,-75
4437,-125
4438,625
4439,625
4440,225
4441,-175
4442,525
4443,550
4444,675
4445,675
4446,673
4447,623
4448,673
4449,619
4450,625
4451,675
4452,625
4453,675
4454,-125
4455,673
4456,623
4457,575
4458,423
4459,571
4460,625
4461,675
4462,573
4463,625
4464,675
4465,675
4466,423
4467,573
4468,-125
4469,573
4470,675
4471,673
4472,625
4473,475
4474,-75
4475,675
4476,523
4477,623
4478,500
4479,575
4480,625
4481,625
4482,675
4483,623
4484,675
4485,673
4486,625
4487,675
4488,-202
4489,625
4490,-125
4491,675
4492,675
4493,623
4494,675
4495,675
4496,675
4497,623
4498,-56
4499,375
4500,673
4501,675
4502,675
4503,625
4504,525
4505,-75
4506,625
4507,-327
4508,675
4509,675
4510,625
4511,-152
4512,425
4513,673
4514,196
4515,625
4516,448
4517,625
4518,625
4519,375
4520,625
4521,525
4522,625
4523,525
4524,525
4525,573
4526,625
4527,675
4528,575
4529,-252
4530,498
4531,625
4532,525
4533,-75
4534,525
4535,675
4536,523
4537,-125
4538,675
4539,675
4540,675
4541,675
4542,625
4543,-175
4544,673
4545,675
4546,598
4547,625
4548,625
4549,675
4550,-79
4551,575
4552,625
4553,400
4554,623
4555,625
4556,-27
4557,-75
4558,-27
4559,625
4560,625
4561,523
4562,573
4563,573
4564,425
4565,550
4566,400
4567,675
4568,625
4569,675
4570,250
4571,575
4572,675
4573,-127
4574,-79
4575,-125
4576,675
4577,671
4578,-125
4579,471
4580,675
4581,423
4582,625
4583,625
4584,675
4585,673
4586,625
4587,625
4588,523
4589,625
4590,623
4591,-77
4592,-152
4593,625
4594,373
4595,625
4596,675
4597,625
4598,675
4599,625
4600,571
4601,625
4602,575
4603,673
4604,673
4605,675
4606,625
4607,375
4608,675
4609,375
4610,625
4611,525
4612,673
4613,675
4614,673
4615,571
4616,-125
4617,625
4618,-75
4619,-27
4620,-225
4621,571
4622,325
4623,-75
4624,100
4625,675
4626,675
4627,675
4628,625
4629,575
4630,625
4631,675
4632,575
4633,675
4634,673
4635,-75
4636,-25
4637,-75
4638,457
4639,675
4640,675
4641,-77
4642,675
4643,548
4644,675
4645,675
4646,675
4647,-2
4648,-75
4649,623
4650,-175
4651,673
4652,-127
4653,675
4654,300
4655,675
4656,-75
4657,523
4658,575
4659,675
4660,525
4661,675
4662,625
4663,675
4664,671
4665,625
4666,400
4667,625
4668,625
4669,-125
4670,675
4671,525
4672,525
4673,-125
4674,348
4675,575
4676,-127
4677,675
4678,-75
4679,375
4680,573
4681,-100
4682,525
4683,675
4684,673
4685,625
4686,573
4687,-75
4688,-200
4689,675
4690,400
4691,575
4692,550
4693,475
4694,423
4695,675
4696,425
4697,75
4698,550
4699,525
4700,625
4701,625
4702,400
4703,675
4704,625
4705,675
4706,673
4707,623
4708,625
4709,400
4710,375
4711,425
4712,675
4713,-75
4714,-125
4715,573
4716,625
4717,623
4718,625
4719,-75
4720,425
4721,298
4722,623
4723,675
4724,673
4725,675
4726,-125
4727,300
4728,675
4729,373
4730,575
4731,675
4732,675
4733,675
4734,675
4735,548
4736,623
4737,-27
4738,623
4739,625
4740,673
4741,425
4742,-175
4743,-75
4744,0
4745,675
4746,-125
4747,-125
4748,400
4749,673
4750,675
4751,-27
4752,575
4753,623
4754,675
4755,623
4756,-75
4757,425
4758,675
4759,-127
4760,625
4761,250
4762,146
4763,673
4764,623
4765,23
4766,-75
4767,675
4768,-177
4769,675
4770,-25
4771,575
4772,350
4773,425
4774,298
4775,673
4776,575
4777,675
4778,671
4779,573
4780,625
4781,548
4782,625
4783,675
4784,375
4785,673
4786,675
4787,548
4788,675
4789,675
4790,-125
4791,675
4792,-75
4793,-125
4794,675
4795,673
4796,-133
4797,675
4798,675
4799,675
4800,-125
4801,675
4802,-150
4803,625
4804,671
4805,673
4806,398
4807,673
4808,673
4809,673
4810,-75
4811,675
4812,571
4813,625
4814,623
4815,-125
4816,-25
4817,-77
4818,625
4819,525
4820,675
4821,623
4822,675
4823,425
4824,669
4825,400
4826,675
4827,-25
4828,550
4829,675
4830,-75
4831,623
4832,675
4833,-75
4834,575
4835,575
4836,625
4837,525
4838,525
4839,575
4840,400
4841,625
4842,625
4843,675
4844,-125
4845,625
4846,425
4847,673
4848,400
4849,550
4850,671
4851,625
4852,525
4853,-100
4854,675
4855,450
4856,346
4857,675
4858,675
4859,525
4860,625
4861,573
4862,-75
4863,675
4864,500
4865,225
4866,625
4867,675
4868,475
4869,550
4870,525
4871,675
4872,-127
4873,623
4874,-125
4875,675
4876,671
4877,675
4878,575
4879,400
4880,625
4881,675
4882,273
4883,675
4884,-75
4885,150
4886,-75
4887,-175
4888,673
4889,525
4890,675
4891,525
4892,675
4893,-250
4894,525
4895,-75
4896,625
4897,675
4898,675
4899,398
4900,575
4901,625
4902,675
4903,573
4904,521
4905,675
4906,421
4907,675
4908,448
4909,525
4910,373
4911,398
4912,675
4913,375
4914,675
4915,625
4916,625
4917,-127
4918,-125
4919,-27
4920,550
4921,625
4922,675
4923,621
4924,625
4925,-25
4926,675
4927,571
4928,-75
4929,-29
4930,675
4931,671
4932,673
4933,675
4934,675
4935,-27
4936,675
4937,525
4938,350
4939,150
4940,671
4941,-125
4942,625
4943,675
4944,675
4945,546
4946,625
4947,425
4948,625
4949,550
4950,-127
4951,675
4952,673
4953,671
4954,400
4955,-27
4956,475
4957,675
4958,675
4959,575
4960,-77
4961,550
4962,675
4963,675
4964,625
4965,498
4966,673
4967,398
4968,623
4969,675
4970,623
4971,675
4972,525
4973,673
4974,500
4975,575
4976,675
4977,675
4978,675
4979,-125
4980,475
4981,475
4982,671
4983,625
4984,-77
4985,675
4986,675
4987,675
4988,625
4989,550
4990,575
4991,250
4992,-125
4993,675
4994,-227
4995,675
4996,575
4997,523
4998,623
4999,525
5000,-25
5001,-125
5002,423
5003,-127
5004,-75
5005,675
5006,675
5007,623
5008,625
5009,625
5010,675
5011,425
5012,625
5013,571
5014,523
5015,675
5016,623
5017,519
5018,625
5019,675
5020,625
5021,675
5022,675
5023,625
5024,-75
5025,-125
5026,-125
5027,425
5028,675
5029,623
5030,400
5031,298
5032,675
5033,-25
5034,-77
5035,-175
5036,625
5037,675
5038,525
5039,625
5040,-77
5041,673
5042,673
5043,423
5044,575
5045,400
5046,-125
5047,346
5048,675
5049,673
5050,621
5051,625
5052,575
5053,623
5054,-75
5055,-100
5056,673
5057,600
5058,423
5059,623
5060,-125
5061,675
5062,625
5063,423
5064,675
5065,550
5066,675
5067,621
5068,425
5069,473
5070,423
5071,425
5072,400
5073,-129
5074,-125
5075,675
5076,675
5077,625
5078,575
5079,675
5080,573
5081,675
5082,473
5083,496
5084,675
5085,573
5086,425
5087,521
5088,673
5089,600
5090,673
5091,425
5092,621
5093,675
5094,675
5095,350
5096,625
5097,-125
5098,625
5099,671
5100,-227
5101,675
5102,496
5103,-125
5104,-75
5105,675
5106,675
5107,673
5108,675
5109,573
5110,573
5111,548
5112,625
5113,523
5114,675
5115,625
5116,623
5117,-81
5118,675
5119,673
5120,400
5121,525
5122,573
5123,675
5124,675
5125,673
5126,375
5127,621
5128,673
5129,471
5130,675
5131,675
5132,625
5133,625
5134,675
5135,623
5136,675
5137,625
5138,398
5139,573
5140,675
5141,-75
5142,525
5143,675
5144,675
5145,321
5146,623
5147,625
5148,421
5149,425
5150,673
5151,-200
5152,500
5153,-125
5154,623
5155,625
5156,-4
5157,675
5158,525
5159,573
5160,575
5161,-125
5162,425
5163,675
5164,375
5165,625
5166,675
5167,619
5168,573
5169,625
5170,-79
5171,675
5172,-29
5173,525
5174,-125
5175,423
5176,-125
5177,525
5178,473
5179,398
5180,623
5181,198
5182,-125
5183,575
5184,619
5185,623
5186,623
5187,673
5188,675
5189,675
5190,675
5191,575
5192,219
5193,673
5194,673
5195,473
5196,425
5197,425
5198,675
5199,375
5200,523
5201,-125
5202,675
5203,575
5204,675
5205,150
5206,-50
5207,675
5208,625
5209,675
5210,-75
5211,675
5212,-125
5213,-127
5214,675
5215,-127
5216,625
5217,625
5218,-225
5219,675
5220,548
5221,673
5222,675
5223,525
5224,623
5225,625
5226,675
5227,675
5228,673
5229,-77
5230,675
5231,148
5232,525
5233,675
5234,625
5235,623
5236,350
5237,-2
5238,675
5239,625
5240,473
5241,-100
5242,623
5243,-50
5244,625
5245,623
5246,498
5247,675
5248,675
5249,425
5250,625
5251,348
5252,-127
5253,425
5254,550
5255,625
5256,394
5257,-125
5258,675
5259,625
5260,21
5261,675
5262,675
5263,575
5264,675
5265,571
5266,-125
5267,-127
5268,450
5269,675
5270,625
5271,525
5272,423
5273,625
5274,625
5275,673
5276,623
5277,525
5278,625
5279,425
5280,423
5281,571
5282,525
5283,673
5284,-127
5285,573
5286,573
5287,625
5288,-77
5289,-2
5290,-25
5291,621
5292,-75
5293,400
5294,523
5295,-77
5296,573
5297,675
5298,625
5299,623
5300,673
5301,473
5302,675
5303,-75
5304,-2
5305,0
5306,400
5307,573
5308,625
5309,600
5310,-175
5311,575
5312,625
5313,625
5314,-25
5315,400
5316,675
5317,-75
5318,675
5319,675
5320,675
5321,-125
5322,675
5323,-175
5324,575
5325,425
5326,325
5327,575
5328,221
5329,625
5330,575
5331,675
5332,525
5333,675
5334,425
5335,625
5336,573
5337,-25
5338,500
5339,548
5340,400
5341,673
5342,444
5343,675
5344,675
5345,575
5346,625
5347,575
5348,623
5349,-25
5350,625
5351,675
5352,673
5353,-179
5354,625
5355,625
5356,425
5357,673
5358,-175
5359,673
5360,498
5361,625
5362,675
5363,675
5364,-27
5365,-125
5366,625
5367,248
5368,625
5369,-129
5370,323
5371,75
5372,-25
5373,575
5374,123
5375,675
5376,400
5377,675
5378,675
5379,-75
5380,498
5381,623
5382,573
5383,-27
5384,625
5385,575
5386,625
5387,571
5388,623
5389,673
5390,675
5391,346
5392,475
5393,673
5394,573
5395,675
5396,325
5397,673
5398,675
5399,-29
5400,-25
5401,475
5402,675
5403,550
5404,673
5405,625
5406,675
5407,621
5408,675
5409,-6
5410,-27
5411,669
5412,675
5413,425
5414,-27
5415,575
5416,623
5417,625
5418,675
5419,469
5420,673
5421,523
5422,400
5423,669
5424,575
5425,625
5426,675
5427,571
5428,523
5429,625
5430,-75
5431,623
5432,675
5433,423
5434,-50
5435,625
5436,675
5437,675
5438,625
5439,467
5440,525
5441,423
5442,675
5443,-75
5444,675
5445,575
5446,625
5447,550
5448,273
5449,675
5450,675
5451,425
5452,675
5453,-175
5454,350
5455,-200
5456,-79
5457,425
5458,523
5459,423
5460,673
5461,-125
5462,-75
5463,275
5464,675
5465,425
5466,675
5467,673
5468,525
5469,675
5470,625
5471,-125
5472,625
5473,525
5474,375
5475,623
5476,575
5477,-52
5478,-79
5479,625
5480,425
5481,525
5482,-125
5483,625
5484,575
5485,473
5486,675
5487,675
5488,-77
5489,675
5490,675
5491,-75
5492,623
5493,523
5494,475
5495,375
5496,675
5497,675
5498,675
5499,-125
5500,350
5501,348
5502,625
5503,675
5504,675
5505,621
5506,575
5507,525
5508,-25
5509,623
5510,673
5511,625
5512,-77
5513,671
5514,-227
5515,623
5516,625
5517,425
5518,-129
5519,400
5520,523
5521,669
5522,-129
5523,673
5524,675
5525,471
5526,675
5527,525
5528,673
5529,625
5530,625
5531,675
5532,571
5533,673
5534,675
5535,575
5536,673
5537,423
5538,-75
5539,675
5540,523
5541,675
5542,625
5543,-200
5544,573
5545,-77
5546,-75
5547,525
5548,-125
5549,475
5550,673
5551,625
5552,575
5553,671
5554,675
5555,675
5556,675
5557,-125
5558,675
5559,-75
5560,673
5561,-125
5562,223
5563,475
5564,673
5565,-54
5566,625
5567,-2
5568,-27
5569,-175
5570,675
5571,675
5572,523
5573,625
5574,-125
5575,675
5576,575
5577,575
5578,675
5579,-129
5580,625
5581,523
5582,500
5583,573
5584,573
5585,625
5586,675
5587,300
5588,625
5589,621
5590,625
5591,298
5592,625
5593,575
5594,-75
5595,450
5596,244
5597,625
5598,425
5599,400
5600,623
5601,675
5602,673
5603,675
5604,625
5605,623
5606,475
5607,-77
5608,-125
5609,575
5610,675
5611,575
5612,625
5613,148
5614,-75
5615,573
5616,-81
5617,-25
5618,400
5619,-125
5620,623
5621,625
5622,-77
5623,-75
5624,-177
5625,675
5626,-125
5627,671
5628,625
5629,-125
5630,673
5631,-25
5632,675
5633,675
5634,-129
5635,623
5636,-75
5637,625
5638,675
5639,400
5640,425
5641,673
5642,675
5643,473
5644,575
5645,675
5646,571
5647,617
5648,673
5649,673
5650,669
5651,675
5652,671
5653,675
5654,675
5655,675
5656,575
5657,348
5658,675
5659,625
5660,473
5661,625
5662,625
5663,675
5664,673
5665,575
5666,573
5667,675
5668,625
5669,575
5670,300
5671,675
5672,-125
5673,625
5674,346
5675,100
5676,525
5677,-179
5678,-225
5679,450
5680,623
5681,-75
5682,350
5683,675
5684,-127
5685,675
5686,673
5687,575
5688,-27
5689,675
5690,450
5691,625
5692,400
5693,475
5694,425
5695,-75
5696,-29
5697,575
5698,523
5699,625
5700,675
5701,-125
5702,625
5703,675
5704,575
5705,625
5706,623
5707,425
5708,625
5709,623
5710,-125
5711,675
5712,548
5713,675
5714,671
5715,500
5716,675
5717,-75
5718,550
5719,473
5720,675
5721,621
5722,-25
5723,625
5724,675
5725,675
5726,-77
5727,675
5728,575
5729,-75
5730,548
5731,-25
5732,625
5733,675
5734,625
5735,673
5736,-25
5737,398
5738,675
5739,673
5740,498
5741,675
5742,575
5743,400
5744,498
5745,625
5746,525
5747,-125
5748,673
5749,675
5750,623
5751,625
5752,425
5753,673
5754,625
5755,625
5756,-75
5757,-125
5758,675
5759,673
5760,-125
5761,-227
5762,598
5763,-125
5764,675
5765,673
5766,148
5767,400
5768,275
5769,550
5770,573
5771,569
5772,623
5773,625
5774,475
5775,623
5776,375
5777,375
5778,400
5779,-175
5780,675
5781,150
5782,675
5783,-125
5784,625
5785,-75
5786,-75
5787,573
5788,500
5789,525
5790,675
5791,525
5792,573
5793,621
5794,-125
5795,473
5796,623
5797,-127
5798,475
5799,675
5800,525
5801,623
5802,-175
5803,348
5804,625
5805,675
5806,569
5807,675
5808,521
5809,-75
5810,675
5811,400
5812,-125
5813,521
5814,675
5815,675
5816,625
5817,500
5818,-125
5819,525
5820,-27
5821,675
5822,675
5823,675
5824,573
5825,-125
5826,673
5827,625
5828,523
5829,525
5830,673
5831,675
5832,673
5833,-179
5834,571
5835,-75
5836,625
5837,-125
5838,525
5839,575
5840,525
5841,675
5842,375
5843,623
5844,-29
5845,625
5846,625
5847,625
5848,323
5849,675
5850,523
5851,625
5852,673
5853,675
5854,523
5855,573
5856,675
5857,625
5858,-75
5859,673
5860,-102
5861,300
5862,398
5863,675
5864,-25
5865,623
5866,625
5867,-175
5868,625
5869,675
5870,-150
5871,625
5872,225
5873,300
5874,-27
5875,625
5876,625
5877,575
5878,-75
5879,675
5880,675
5881,425
5882,575
5883,675
5884,498
5885,623
5886,525
5887,-77
5888,0
5889,673
5890,-175
5891,575
5892,675
5893,296
5894,-75
5895,98
5896,575
5897,344
5898,675
5899,675
5900,575
5901,625
5902,625
5903,675
5904,625
5905,673
5906,375
5907,-127
5908,673
5909,675
5910,-27
5911,373
5912,673
5913,625
5914,623
5915,673
5916,446
5917,-125
5918,623
5919,523
5920,675
5921,500
5922,625
5923,-77
5924,525
5925,575
5926,675
5927,-75
5928,675
5929,-27
5930,625
5931,675
5932,675
5933,550
5934,625
5935,-175
5936,675
5937,625
5938,623
5939,575
5940,675
5941,675
5942,675
5943,625
5944,675
5945,523
5946,423
5947,-25
5948,675
5949,675
5950,673
5951,-27
5952,525
5953,625
5954,-77
5955,575
5956,671
5957,525
5958,625
5959,675
5960,621
5961,373
5962,571
5963,673
5964,400
5965,675
5966,-75
5967,625
5968,25
5969,625
5970,625
5971,623
5972,625
5973,523
5974,400
5975,571
5976,525
5977,673
5978,550
5979,675
5980,673
5981,673
5982,675
5983,525
5984,-75
5985,675
5986,675
5987,675
5988,625
5989,-50
5990,673
5991,675
5992,625
5993,623
5994,625
5995,475
5996,625
5997,625
5998,525
5999,500
6000,675
6001,675
6002,425
6003,625
6004,475
6005,675
6006,625
6007,675
6008,523
6009,675
6010,550
6011,673
6012,675
6013,675
6014,523
6015,673
6016,-125
6017,675
6018,625
6019,-100
6020,475
6021,675
6022,325
6023,525
6024,-75
6025,-75
6026,-125
6027,-27
6028,573
6029,675
6030,623
6031,-175
6032,675
6033,-25
6034,-25
6035,398
6036,273
6037,573
6038,625
6039,671
6040,550
6041,523
6042,-75
6043,498
6044,-27
6045,675
6046,575
6047,-52
6048,500
6049,525
6050,625
6051,523
6052,-125
6053,573
6054,-75
6055,575
6056,-75
6057,573
6058,619
6059,675
6060,675
6061,100
6062,625
6063,621
6064,375
6065,375
6066,425
6067,525
6068,621
6069,675
6070,675
6071,523
6072,421
6073,675
6074,675
6075,619
6076,675
6077,623
6078,523
6079,-125
6080,671
6081,569
6082,273
6083,275
6084,575
6085,323
6086,675
6087,373
6088,575
6089,575
6090,625
6091,423
6092,498
6093,-125
6094,675
6095,673
6096,675
6097,675
6098,500
6099,675
6100,675
6101,675
6102,625
6103,575
6104,673
6105,525
6106,675
6107,675
6108,675
6109,625
6110,-75
6111,575
6112,675
6113,675
6114,500
6115,623
6116,675
6117,625
6118,-54
6119,625
6120,675
6121,625
6122,250
6123,250
6124,675
6125,-27
6126,575
6127,450
6128,-125
6129,473
6130,623
6131,525
6132,375
6133,673
6134,675
6135,675
6136,-25
6137,673
6138,375
6139,-129
6140,575
6141,275
6142,-75
6143,500
6144,348
6145,548
6146,671
6147,675
6148,75
6149,623
6150,675
6151,548
6152,575
6153,-175
6154,675
6155,625
6156,475
6157,425
6158,500
6159,-27
6160,675
6161,625
6162,-125
6163,673
6164,625
6165,425
6166,573
6167,-27
6168,675
6169,-127
6170,625
6171,575
6172,675
6173,375
6174,200
6175,669
6176,273
6177,625
6178,473
6179,675
6180,675
6181,398
6182,575
6183,675
6184,475
6185,625
6186,-125
6187,-125
6188,525
6189,625
6190,396
6191,-31
6192,575
6193,571
6194,675
6195,475
6196,250
6197,575
6198,-27
6199,619
6200,425
6201,625
6202,675
6203,-129
6204,673
6205,375
6206,675
6207,471
6208,-200
6209,673
6210,675
6211,-75
6212,675
6213,625
6214,675
6215,-27
6216,525
6217,675
6218,623
6219,-75
6220,675
6221,675
6222,673
6223,-75
6224,300
6225,-100
6226,-200
6227,525
6228,575
6229,423
6230,621
6231,523
6232,-125
6233,525
6234,525
6235,675
6236,675
6237,-125
6238,248
6239,-79
6240,625
6241,673
6242,675
6243,575
6244,523
6245,198
6246,-75
6247,675
6248,350
6249,425
6250,675
6251,425
6252,675
6253,-75
6254,-75
6255,-129
6256,675
6257,-125
6258,625
6259,675
6260,675
6261,548
6262,373
6263,425
6264,446
6265,625
6266,425
6267,325
6268,625
6269,625
6270,423
6271,400
6272,-75
6273,671
6274,425
6275,-125
6276,675
6277,-75
6278,550
6279,623
6280,348
6281,573
6282,375
6283,198
6284,673
6285,675
6286,619
6287,675
6288,525
6289,-29
6290,625
6291,673
6292,673
6293,675
6294,-125
6295,675
6296,473
6297,300
6298,-77
6299,-75
6300,675
6301,-27
6302,-125
6303,625
6304,575
6305,623
6306,625
6307,525
6308,675
6309,675
6310,623
6311,675
6312,675
6313,498
6314,625
6315,500
6316,525
6317,-75
6318,673
6319,550
6320,-125
6321,-125
6322,619
6323,-125
6324,425
6325,575
6326,573
6327,-125
6328,-75
6329,471
6330,375
6331,-75
6332,550
6333,525
6334,525
6335,-125
6336,625
6337,675
6338,673
6339,-125
6340,675
6341,575
6342,675
6343,575
6344,575
6345,575
6346,625
6347,675
6348,575
6349,-27
6350,423
6351,675
6352,623
6353,675
6354,573
6355,-75
6356,673
6357,675
6358,675
6359,400
6360,623
6361,-25
6362,573
6363,623
6364,573
6365,675
6366,575
6367,575
6368,623
6369,425
6370,575
6371,675
6372,625
6373,673
6374,473
6375,-125
6376,575
6377,675
6378,671
6379,-179
6380,575
6381,-75
6382,625
6383,-125
6384,473
6385,250
6386,673
6387,623
6388,625
6389,-125
6390,625
6391,100
6392,673
6393,425
6394,625
6395,669
6396,-75
6397,625
6398,425
6399,-202
6400,425
6401,550
6402,348
6403,423
6404,623
6405,573
6406,550
6407,675
6408,675
6409,675
6410,-125
6411,525
6412,-25
6413,625
6414,675
6415,319
6416,569
6417,-125
6418,371
6419,625
6420,398
6421,675
6422,-75
6423,-133
6424,675
6425,-127
6426,675
6427,575
6428,548
6429,298
6430,550
6431,350
6432,673
6433,425
6434,-29
6435,625
6436,675
6437,550
6438,675
6439,625
6440,396
6441,675
6442,625
6443,673
6444,-125
6445,625
6446,575
6447,621
6448,575
6449,525
6450,-125
6451,673
6452,675
6453,675
6454,673
6455,525
6456,675
6457,675
6458,623
6459,-75
6460,623
6461,-125
6462,-25
6463,673
6464,-125
6465,-25
6466,625
6467,-25
6468,523
6469,548
6470,625
6471,675
6472,573
6473,675
6474,-27
6475,350
6476,675
6477,625
6478,-25
6479,525
6480,675
6481,-75
6482,625
6483,569
6484,-125
6485,625
6486,350
6487,675
6488,-125
6489,675
6490,625
6491,425
6492,625
6493,625
6494,-75
6495,575
6496,-125
6497,675
6498,425
6499,-81
6500,525
6501,675
6502,-125
6503,-202
6504,623
6505,-27
6506,-27
6507,673
6508,296
6509,625
6510,375
6511,625
6512,675
6513,673
6514,-79
6515,675
6516,673
6517,673
6518,671
6519,673
6520,425
6521,525
6522,575
6523,573
6524,625
6525,675
6526,400
6527,-75
6528,675
6529,-75
6530,-29
6531,575
6532,521
6533,575
6534,-75
6535,398
6536,675
6537,625
6538,575
6539,675
6540,425
6541,675
6542,623
6543,575
6544,148
6545,517
6546,675
6547,625
6548,375
6549,675
6550,675
6551,575
6552,675
6553,-25
6554,625
6555,625
6556,669
6557,675
6558,675
6559,625
6560,375
6561,625
6562,-127
6563,623
6564,675
6565,625
6566,673
6567,675
6568,573
6569,-125
6570,348
6571,625
6572,550
6573,423
6574,625
6575,625
6576,523
6577,521
6578,525
6579,675
6580,673
6581,375
6582,100
6583,675
6584,471
6585,573
6586,571
6587,625
6588,500
6589,571
6590,-75
6591,575
6592,675
6593,-31
6594,571
6595,625
6596,675
6597,-75
6598,625
6599,421
6600,-125
6601,473
6602,675
6603,675
6604,-27
6605,623
6606,671
6607,-25
6608,573
6609,675
6610,475
6611,-125
6612,625
6613,625
6614,623
6615,-127
6616,498
6617,675
6618,-77
6619,675
6620,625
6621,573
6622,575
6623,623
6624,521
6625,350
6626,675
6627,573
6628,325
6629,673
6630,675
6631,675
6632,675
6633,-75
6634,625
6635,519
6636,675
6637,675
6638,425
6639,-177
6640,-25
6641,375
6642,675
6643,-125
6644,625
6645,350
6646,144
6647,525
6648,248
6649,625
6650,198
6651,525
6652,625
6653,575
6654,-177
6655,675
6656,-27
6657,475
6658,673
6659,275
6660,625
6661,623
6662,525
6663,625
6664,575
6665,625
6666,621
6667,496
6668,475
6669,-81
6670,673
6671,625
6672,675
6673,673
6674,150
6675,425
6676,525
6677,475
6678,-25
6679,675
6680,400
6681,550
6682,625
6683,675
6684,75
6685,575
6686,-125
6687,525
6688,-125
6689,623
6690,573
6691,673
6692,625
6693,523
6694,525
6695,675
6696,-77
6697,623
6698,675
6699,673
6700,375
6701,575
6702,-29
6703,625
6704,673
6705,575
6706,625
6707,673
6708,575
6709,675
6710,325
6711,-75
6712,675
6713,-29
6714,525
6715,625
6716,575
6717,675
6718,673
6719,675
6720,625
6721,571
6722,675
6723,273
6724,396
6725,673
6726,500
6727,625
6728,525
6729,675
6730,575
6731,500
6732,-125
6733,625
6734,525
6735,548
6736,-125
6737,-125
6738,675
6739,625
6740,-31
6741,398
6742,500
6743,525
6744,-25
6745,473
6746,675
6747,675
6748,525
6749,571
6750,525
6751,675
6752,473
6753,-25
6754,623
6755,423
6756,675
6757,625
6758,375
6759,-127
6760,523
6761,675
6762,475
6763,-4
6764,569
6765,525
6766,525
6767,-125
6768,473
6769,350
6770,-125
6771,675
6772,625
6773,525
6774,575
6775,-125
6776,675
6777,-175
6778,675
6779,-125
6780,675
6781,-125
6782,-77
6783,625
6784,571
6785,623
6786,625
6787,-75
6788,675
6789,575
6790,675
6791,-100
6792,350
6793,550
6794,623
6795,525
6796,625
6797,-125
6798,575
6799,625
6800,625
6801,625
6802,625
6803,475
6804,625
6805,350
6806,575
6807,675
6808,69
6809,400
6810,425
6811,-75
6812,-75
6813,373
6814,500
6815,575
6816,675
6817,417
6818,625
6819,-125
6820,475
6821,-27
6822,-125
6823,573
6824,673
6825,569
6826,573
6827,575
6828,675
6829,675
6830,575
6831,-127
6832,425
6833,675
6834,375
6835,523
6836,-75
6837,525
6838,473
6839,423
6840,673
6841,675
6842,250
6843,675
6844,350
6845,675
6846,525
6847,625
6848,675
6849,623
6850,625
6851,673
6852,675
6853,675
6854,575
6855,500
6856,473
6857,675
6858,675
6859,521
6860,525
6861,623
6862,-175
6863,675
6864,675
6865,-27
6866,398
6867,425
6868,675
6869,-125
6870,619
6871,675
6872,673
6873,675
6874,473
6875,575
6876,675
6877,625
6878,623
6879,675
6880,625
6881,550
6882,-75
6883,625
6884,-177
6885,575
6886,246
6887,-200
6888,-102
6889,-125
6890,523
6891,673
6892,675
6893,675
6894,498
6895,-75
6896,475
6897,473
6898,623
6899,575
6900,675
6901,475
6902,675
6903,425
6904,675
6905,-125
6906,573
6907,625
6908,575
6909,673
6910,675
6911,675
6912,300
6913,473
6914,675
6915,398
6916,675
6917,348
6918,621
6919,-127
6920,625
6921,675
6922,675
6923,-125
6924,621
6925,523
6926,625
6927,675
6928,675
6929,621
6930,675
6931,-77
6932,475
6933,675
6934,525
6935,623
6936,523
6937,625
6938,475
6939,671
6940,675
6941,600
6942,425
6943,575
6944,298
6945,623
6946,675
6947,625
6948,675
6949,675
6950,48
6951,575
6952,623
6953,675
6954,525
6955,625
6956,-125
6957,-75
6958,675
6959,675
6960,621
6961,673
6962,475
6963,675
6964,621
6965,425
6966,675
6967,675
6968,625
6969,525
6970,425
6971,-75
6972,-125
6973,398
6974,675
6975,-129
6976,621
6977,625
6978,575
6979,575
6980,675
6981,625
6982,400
6983,625
6984,-75
6985,525
6986,375
6987,675
6988,675
6989,623
6990,673
6991,625
6992,671
6993,525
6994,623
6995,550
6996,675
6997,475
6998,625
6999,675
7000,-52
7001,673
7002,675
7003,673
7004,675
7005,675
7006,475
7007,623
7008,675
7009,575
7010,575
7011,500
7012,625
7013,673
7014,675
7015,525
7016,675
7017,550
7018,-125
7019,675
7020,675
7021,675
7022,-29
7023,625
7024,673
7025,675
7026,621
7027,573
7028,675
7029,675
7030,673
7031,675
7032,675
7033,625
7034,623
7035,-275
7036,623
7037,523
7038,-125
7039,673
7040,625
7041,675
7042,398
7043,625
7044,675
7045,-4
7046,675
7047,625
7048,675
7049,569
7050,425
7051,425
7052,675
7053,675
7054,675
7055,475
7056,396
7057,623
7058,625
7059,621
7060,625
7061,671
7062,425
7063,-125
7064,625
7065,571
7066,-125
7067,675
7068,675
7069,400
7070,-125
7071,325
7072,350
7073,675
7074,425
7075,675
7076,275
7077,-129
7078,550
7079,625
7080,-125
7081,-25
7082,675
7083,175
7084,569
7085,423
7086,675
7087,625
7088,475
7089,525
7090,625
7091,-129
7092,675
7093,-77
7094,573
7095,573
7096,473
7097,625
7098,-129
7099,450
7100,673
7101,-127
7102,400
7103,575
7104,625
7105,-125
7106,525
7107,-75
7108,675
7109,625
7110,623
7111,400
7112,598
7113,298
7114,521
7115,400
7116,675
7117,175
7118,675
7119,425
7120,675
7121,575
7122,473
7123,673
7124,673
7125,525
7126,675
7127,673
7128,550
7129,398
7130,473
7131,675
7132,675
7133,398
7134,-75
7135,-27
7136,-100
7137,475
7138,625
7139,-125
7140,625
7141,550
7142,-75
7143,475
7144,623
7145,675
7146,623
7147,675
7148,573
7149,625
7150,675
7151,550
7152,625
7153,675
7154,148
7155,673
7156,675
7157,675
7158,-75
7159,575
7160,575
7161,-125
7162,573
7163,675
7164,675
7165,400
7166,675
7167,-125
7168,525
7169,473
7170,-125
7171,475
7172,671
7173,575
7174,675
7175,550
7176,475
7177,600
7178,675
7179,675
7180,625
7181,573
7182,625
7183,475
7184,573
7185,550
7186,675
7187,671
7188,575
7189,671
7190,623
7191,-125
7192,-27
7193,625
7194,625
7195,625
7196,675
7197,-27
7198,-75
7199,675
7200,625
7201,523
7202,569
7203,675
7204,248
7205,673
7206,673
7207,623
7208,623
7209,673
7210,675
7211,-77
7212,623
7213,675
7214,-127
7215,673
7216,571
7217,675
7218,425
7219,-31
7220,675
7221,621
7222,673
7223,375
7224,625
7225,625
7226,623
7227,-250
7228,673
7229,573
7230,-25
7231,675
7232,575
7233,673
7234,575
7235,675
7236,675
7237,300
7238,250
7239,625
7240,425
7241,-75
7242,148
7243,-75
7244,425
7245,671
7246,-125
7247,675
7248,71
7249,473
7250,675
7251,573
7252,675
7253,573
7254,675
7255,575
7256,425
7257,675
7258,675
7259,625
7260,525
7261,673
7262,575
7263,425
7264,550
7265,625
7266,350
7267,671
7268,675
7269,573
7270,673
7271,571
7272,567
7273,675
7274,625
7275,-75
7276,75
7277,623
7278,673
7279,675
7280,300
7281,525
7282,673
7283,625
7284,-75
7285,525
7286,673
7287,425
7288,673
7289,625
7290,-27
7291,675
7292,575
7293,350
7294,675
7295,521
7296,675
7297,423
7298,623
7299,-79
7300,623
7301,575
7302,-27
7303,675
7304,623
7305,575
7306,-25
7307,675
7308,-75
7309,575
7310,-125
7311,575
7312,-75
7313,623
7314,673
7315,500
7316,671
7317,525
7318,625
7319,-100
7320,475
7321,398
7322,425
7323,-325
7324,675
7325,425
7326,623
7327,623
7328,525
7329,425
7330,-31
7331,623
7332,0
7333,375
7334,225
7335,675
7336,398
7337,-27
7338,675
7339,525
7340,573
7341,625
7342,550
7343,623
7344,669
7345,671
7346,575
7347,525
7348,625
7349,675
7350,623
7351,675
7352,675
7353,675
7354,550
7355,625
7356,521
7357,675
7358,675
7359,400
7360,625
7361,-75
7362,669
7363,669
7364,-125
7365,623
7366,675
7367,675
7368,675
7369,623
7370,525
7371,675
7372,675
7373,425
7374,475
7375,619
7376,-25
7377,-300
7378,400
7379,575
7380,675
7381,625
7382,675
7383,-27
7384,-104
7385,625
7386,573
7387,575
7388,625
7389,375
7390,575
7391,671
7392,675
7393,675
7394,398
7395,673
7396,673
7397,675
7398,475
7399,671
7400,675
7401,-125
7402,-75
7403,675
7404,-202
7405,675
7406,525
7407,625
7408,673
7409,673
7410,400
7411,373
7412,675
7413,475
7414,-77
7415,-175
7416,675
7417,571
7418,-125
7419,669
7420,675
7421,573
7422,673
7423,675
7424,625
7425,-175
7426,675
7427,623
7428,525
7429,-77
7430,575
7431,575
7432,448
7433,675
7434,575
7435,-125
7436,525
7437,623
7438,675
7439,525
7440,625
7441,671
7442,675
7443,-125
7444,625
7445,-127
7446,675
7447,625
7448,-77
7449,625
7450,525
7451,375
7452,619
7453,675
7454,-27
7455,675
7456,523
7457,-75
7458,675
7459,-25
7460,625
7461,623
7462,-75
7463,-125
7464,675
7465,625
7466,-25
7467,-125
7468,300
7469,675
7470,-125
7471,625
7472,-25
7473,-75
7474,621
7475,400
7476,-25
7477,-75
7478,673
7479,673
7480,625
7481,-25
7482,-75
7483,-75
7484,623
7485,675
7486,-77
7487,675
7488,-127
7489,675
7490,400
7491,-77
7492,546
7493,673
7494,625
7495,623
7496,346
7497,575
7498,275
7499,671
7500,525
7501,675
7502,-127
7503,675
7504,675
7505,625
7506,575
7507,550
7508,-125
7509,625
7510,525
7511,675
7512,673
7513,623
7514,423
7515,-327
7516,625
7517,675
7518,521
7519,-125
7520,525
7521,625
7522,625
7523,675
7524,375
7525,517
7526,-125
7527,296
7528,675
7529,525
7530,669
7531,-125
7532,-75
7533,675
7534,675
7535,-75
7536,673
7537,523
7538,-175
7539,625
7540,400
7541,623
7542,675
7543,423
7544,525
7545,275
7546,623
7547,250
7548,575
7549,625
7550,-77
7551,675
7552,675
7553,675
7554,523
7555,575
7556,625
7557,-125
7558,-75
7559,-177
7560,550
7561,675
7562,623
7563,550
7564,-127
7565,575
7566,625
7567,-75
7568,625
7569,525
7570,348
7571,400
7572,-125
7573,625
7574,550
7575,546
7576,671
7577,575
7578,250
7579,525
7580,575
7581,-27
7582,550
7583,623
7584,-4
7585,673
7586,-125
7587,500
7588,675
7589,373
7590,548
7591,675
7592,575
7593,-25
7594,575
7595,425
7596,625
7597,-77
7598,625
7599,573
7600,675
7601,625
7602,375
7603,675
7604,-29
7605,675
7606,573
7607,575
7608,148
7609,673
7610,-75
7611,625
7612,-75
7613,673
7614,-327
7615,350
7616,673
7617,-2
7618,550
7619,625
7620,-75
7621,625
7622,525
7623,623
7624,-302
7625,575
7626,623
7627,675
7628,625
7629,-125
7630,523
7631,621
7632,675
7633,323
7634,675
7635,-25
7636,475
7637,425
7638,548
7639,675
7640,-177
7641,623
7642,573
7643,625
7644,675
7645,325
7646,675
7647,675
7648,525
7649,-29
7650,400
7651,573
7652,625
7653,-75
7654,675
7655,575
7656,675
7657,675
7658,475
7659,675
7660,675
7661,523
7662,425
7663,425
7664,675
7665,473
7666,525
7667,625
7668,675
7669,625
7670,525
7671,675
7672,-27
7673,525
7674,675
7675,-79
7676,675
7677,296
7678,625
7679,625
7680,675
7681,-125
7682,-377
7683,573
7684,675
7685,625
7686,21
7687,625
7688,675
7689,675
7690,675
7691,675
7692,-75
7693,675
7694,571
7695,675
7696,350
7697,625
7698,675
7699,-125
7700,675
7701,571
7702,-125
7703,625
7704,675
7705,-125
7706,623
7707,525
7708,625
7709,-125
7710,425
7711,571
7712,-29
7713,-125
7714,525
7715,423
7716,-125
7717,675
7718,625
7719,-125
7720,623
7721,550
7722,675
7723,400
7724,398
7725,625
7726,-125
7727,350
7728,373
7729,-125
7730,625
7731,-125
7732,625
7733,348
7734,675
7735,-25
7736,225
7737,623
7738,673
7739,350
7740,673
7741,675
7742,625
7743,448
7744,425
7745,-127
7746,575
7747,675
7748,-77
7749,-75
7750,625
7751,525
7752,400
7753,623
7754,573
7755,-127
7756,675
7757,623
7758,-27
7759,675
7760,-127
7761,673
7762,425
7763,-27
7764,675
7765,523
7766,521
7767,525
7768,673
7769,623
7770,573
7771,-75
7772,675
7773,575
7774,-75
7775,-77
7776,573
7777,573
7778,250
7779,675
7780,-125
7781,673
7782,-200
7783,625
7784,496
7785,675
7786,625
7787,673
7788,-125
7789,673
7790,675
7791,673
7792,275
7793,575
7794,550
7795,673
7796,623
7797,-100
7798,671
7799,500
7800,625
7801,673
7802,675
7803,675
7804,-25
7805,575
7806,575
7807,350
7808,-75
7809,625
7810,525
7811,350
7812,623
7813,673
7814,-175
7815,675
7816,400
7817,673
7818,-127
7819,23
7820,350
7821,675
7822,325
7823,-75
7824,673
7825,675
7826,-125
7827,-177
7828,423
7829,350
7830,675
7831,671
7832,521
7833,675
7834,-75
7835,675
7836,675
7837,-25
7838,373
7839,675
7840,550
7841,673
7842,621
7843,-75
7844,-77
7845,673
7846,525
7847,675
7848,575
7849,525
7850,623
7851,323
7852,75
7853,-125
7854,-125
7855,-75
7856,675
7857,-125
7858,675
7859,625
7860,473
7861,496
7862,625
7863,625
7864,375
7865,575
7866,575
7867,400
7868,625
7869,625
7870,550
7871,673
7872,673
7873,-75
7874,623
7875,675
7876,473
7877,673
7878,498
7879,350
7880,400
7881,-127
7882,669
7883,350
7884,675
7885,675
7886,-175
7887,673
7888,675
7889,575
7890,625
7891,375
7892,-125
7893,673
7894,625
7895,523
7896,625
7897,625
7898,675
7899,575
7900,673
7901,673
7902,498
7903,-125
7904,-125
7905,675
7906,571
7907,675
7908,625
7909,673
7910,573
7911,300
7912,350
7913,675
7914,673
7915,-77
7916,-225
7917,-75
7918,423
7919,625
7920,523
7921,-25
7922,-75
7923,675
7924,675
7925,625
7926,250
7927,675
7928,425
7929,-33
7930,625
7931,-75
7932,669
7933,425
7934,575
7935,575
7936,575
7937,673
7938,671
7939,675
7940,675
7941,-29
7942,398
7943,-225
7944,-125
7945,-79
7946,-127
7947,675
7948,625
7949,-27
7950,-25
7951,400
7952,675
7953,673
7954,573
7955,675
7956,417
7957,475
7958,-27
7959,296
7960,625
7961,673
7962,-125
7963,425
7964,625
7965,-125
7966,675
7967,373
7968,525
7969,675
7970,673
7971,575
7972,-75
7973,-54
7974,250
7975,625
7976,-127
7977,-125
7978,675
7979,350
7980,-77
7981,625
7982,673
7983,-131
7984,-125
7985,625
7986,673
7987,550
7988,673
7989,621
7990,148
7991,619
7992,-25
7993,675
7994,-75
7995,625
7996,625
7997,575
7998,673
7999,23
8000,625
8001,500
8002,625
8003,625
8004,675
8005,375
8006,546
8007,-125
8008,571
8009,675
8010,625
8011,423
8012,-175
8013,621
8014,675
8015,675
8016,675
8017,675
8018,675
8019,-25
8020,671
8021,675
8022,-75
8023,425
8024,325
8025,625
8026,623
8027,673
8028,475
8029,150
8030,-29
8031,523
8032,675
8033,-25
8034,-27
8035,625
8036,573
8037,625
8038,675
8039,623
8040,-75
8041,398
8042,625
8043,469
8044,575
8045,575
8046,-81
8047,298
8048,400
8049,-125
8050,625
8051,575
8052,623
8053,-27
8054,-25
8055,469
8056,675
8057,525
8058,-25
8059,-200
8060,-125
8061,625
8062,575
8063,425
8064,625
8065,625
8066,675
8067,675
8068,425
8069,673
8070,675
8071,675
8072,425
8073,675
8074,673
8075,625
8076,675
8077,625
8078,625
8079,675
8080,623
8081,625
8082,350
8083,100
8084,675
8085,625
8086,525
8087,625
8088,-77
8089,625
8090,521
8091,373
8092,-27
8093,625
8094,525
8095,625
8096,525
8097,623
8098,625
8099,575
8100,623
8101,675
8102,625
8103,-125
8104,671
8105,625
8106,-202
8107,675
8108,548
8109,675
8110,550
8111,173
8112,675
8113,621
8114,575
8115,-252
8116,623
8117,525
8118,625
8119,673
8120,400
8121,625
8122,-25
8123,546
8124,625
8125,123
8126,573
8127,625
8128,621
8129,673
8130,625
8131,623
8132,673
8133,400
8134,675
8135,675
8136,675
8137,250
8138,571
8139,575
8140,675
8141,-29
8142,623
8143,625
8144,623
8145,621
8146,673
8147,625
8148,425
8149,675
8150,-325
8151,623
8152,-175
8153,250
8154,673
8155,521
8156,675
8157,675
8158,573
8159,675
8160,675
8161,623
8162,673
8163,625
8164,673
8165,-75
8166,575
8167,500
8168,571
8169,675
8170,-100
8171,675
8172,-125
8173,625
8174,675
8175,573
8176,673
8177,-81
8178,623
8179,625
8180,675
8181,-25
8182,-77
8183,675
8184,-75
8185,525
8186,-175
8187,675
8188,675
8189,298
8190,475
8191,675
8192,675
8193,475
8194,623
8195,-125
8196,673
8197,550
8198,625
8199,675
8200,-125
8201,675
8202,-125
8203,525
8204,675
8205,623
8206,625
8207,423
8208,675
8209,325
8210,525
8211,625
8212,523
8213,671
8214,675
8215,573
8216,-27
8217,523
8218,673
8219,675
8220,571
8221,500
8222,425
8223,675
8224,625
8225,625
8226,423
8227,675
8228,-27
8229,675
8230,575
8231,348
8232,675
8233,575
8234,675
8235,569
8236,523
8237,575
8238,575
8239,675
8240,-125
8241,675
8242,675
8243,625
8244,675
8245,623
8246,-125
8247,673
8248,675
8249,623
8250,673
8251,-31
8252,675
8253,-75
8254,-125
8255,400
8256,423
8257,575
8258,-75
8259,675
8260,-125
8261,400
8262,675
8263,675
8264,-29
8265,450
8266,675
8267,-25
8268,525
8269,475
8270,675
8271,500
8272,550
8273,675
8274,425
8275,675
8276,625
8277,300
8278,675
8279,673
8280,625
8281,623
8282,675
8283,625
8284,623
8285,-125
8286,675
8287,625
8288,575
8289,675
8290,575
8291,675
8292,-29
8293,223
8294,673
8295,525
8296,-125
8297,575
8298,425
8299,625
8300,523
8301,573
8302,675
8303,-79
8304,-75
8305,675
8306,675
8307,571
8308,625
8309,675
8310,-125
8311,575
8312,675
8313,419
8314,675
8315,575
8316,300
8317,425
8318,398
8319,673
8320,550
8321,625
8322,675
8323,575
8324,300
8325,-102
8326,-125
8327,675
8328,675
8329,673
8330,675
8331,573
8332,625
8333,475
8334,375
8335,-75
8336,623
8337,-125
8338,673
8339,-127
8340,675
8341,625
8342,625
8343,675
8344,575
8345,675
8346,675
8347,-177
8348,673
8349,621
8350,573
8351,525
8352,625
8353,-75
8354,671
8355,673
8356,625
8357,-127
8358,625
8359,675
8360,625
8361,675
8362,673
8363,621
8364,623
8365,675
8366,525
8367,675
8368,673
8369,625
8370,-127
8371,675
8372,-75
8373,521
8374,-79
8375,423
8376,675
8377,675
8378,350
8379,575
8380,625
8381,675
8382,-75
8383,525
8384,673
8385,675
8386,625
8387,-25
8388,625
8389,575
8390,-125
8391,625
8392,621
8393,575
8394,675
8395,675
8396,675
8397,-25
8398,600
8399,-77
8400,625
8401,300
8402,625
8403,525
8404,498
8405,625
8406,-33
8407,423
8408,675
8409,-125
8410,475
8411,-79
8412,446
8413,675
8414,498
8415,673
8416,675
8417,223
8418,575
8419,525
8420,623
8421,675
8422,625
8423,675
8424,-52
8425,675
8426,375
8427,671
8428,675
8429,-25
8430,625
8431,625
8432,-175
8433,673
8434,-75
8435,675
8436,575
8437,573
8438,625
8439,671
8440,575
8441,625
8442,571
8443,400
8444,400
8445,675
8446,575
8447,-125
8448,675
8449,575
8450,473
8451,425
8452,98
8453,625
8454,675
8455,396
8456,-200
8457,623
8458,-127
8459,400
8460,-75
8461,-177
8462,-75
8463,625
8464,475
8465,375
8466,-125
8467,675
8468,675
8469,23
8470,625
8471,350
8472,625
8473,-29
8474,571
8475,675
8476,-25
8477,475
8478,-75
8479,675
8480,625
8481,425
8482,675
8483,675
8484,425
8485,398
8486,548
8487,575
8488,625
8489,398
8490,475
8491,425
8492,-29
8493,475
8494,621
8495,-125
8496,623
8497,675
8498,625
8499,623
8500,473
8501,-77
8502,348
8503,523
8504,575
8505,675
8506,573
8507,625
8508,575
8509,625
8510,-127
8511,675
8512,-125
8513,350
8514,625
8515,625
8516,-125
8517,525
8518,525
8519,425
8520,575
8521,471
8522,623
8523,425
8524,625
8525,550
8526,575
8527,400
8528,625
8529,-75
8530,375
8531,625
8532,-75
8533,425
8534,521
8535,-75
8536,675
8537,675
8538,-50
8539,675
8540,673
8541,675
8542,623
8543,-75
8544,675
8545,625
8546,675
8547,623
8548,-125
8549,625
8550,-125
8551,550
8552,675
8553,100
8554,400
8555,450
8556,-25
8557,550
8558,-75
8559,-25
8560,573
8561,675
8562,675
8563,475
8564,675
8565,425
8566,-129
8567,625
8568,573
8569,300
8570,625
8571,675
8572,-75
8573,673
8574,-77
8575,525
8576,673
8577,673
8578,323
8579,675
8580,-79
8581,-175
8582,625
8583,673
8584,625
8585,475
8586,375
8587,375
8588,375
8589,573
8590,675
8591,525
8592,350
8593,573
8594,625
8595,-77
8596,625
8597,523
8598,573
8599,673
8600,625
8601,675
8602,-175
8603,675
8604,-125
8605,473
8606,-75
8607,675
8608,-75
8609,675
8610,350
8611,425
8612,675
8613,521
8614,675
8615,-75
8616,675
8617,623
8618,675
8619,675
8620,673
8621,573
8622,625
8623,-25
8624,-25
8625,-127
8626,-25
8627,671
8628,623
8629,625
8630,623
8631,673
8632,-29
8633,-129
8634,498
8635,575
8636,-75
8637,450
8638,675
8639,675
8640,625
8641,-27
8642,523
8643,398
8644,675
8645,625
8646,-75
8647,-75
8648,625
8649,523
8650,-75
8651,675
8652,675
8653,675
8654,525
8655,373
8656,671
8657,675
8658,673
8659,-127
8660,146
8661,575
8662,346
8663,523
8664,625
8665,-2
8666,425
8667,573
8668,-125
8669,625
8670,675
8671,625
8672,675
8673,623
8674,675
8675,-125
8676,475
8677,625
8678,623
8679,550
8680,-125
8681,673
8682,525
8683,398
8684,625
8685,573
8686,675
8687,673
8688,525
8689,675
8690,-200
8691,675
8692,-27
8693,675
8694,575
8695,625
8696,400
8697,675
8698,625
8699,623
8700,548
8701,625
8702,423
8703,373
8704,-125
8705,550
8706,625
8707,525
8708,575
8709,623
8710,-27
8711,550
8712,625
8713,623
8714,625
8715,623
8716,575
8717,625
8718,425
8719,525
8720,673
8721,673
8722,575
8723,625
8724,575
8725,671
8726,575
8727,671
8728,675
8729,-175
8730,573
8731,344
8732,425
8733,669
8734,-127
8735,675
8736,625
8737,-75
8738,675
8739,-25
8740,-125
8741,350
8742,675
8743,623
8744,-127
8745,-254
8746,250
8747,-125
8748,675
8749,673
8750,525
8751,475
8752,675
8753,525
8754,344
8755,421
8756,675
8757,621
8758,673
8759,523
8760,575
8761,623
8762,342
8763,625
8764,498
8765,-77
8766,623
8767,-25
8768,625
8769,375
8770,675
8771,473
8772,-25
8773,375
8774,625
8775,300
8776,425
8777,525
8778,-152
8779,-25
8780,525
8781,671
8782,675
8783,-125
8784,500
8785,425
8786,-75
8787,675
8788,400
8789,625
8790,573
8791,298
8792,471
8793,675
8794,625
8795,573
8796,675
8797,675
8798,423
8799,625
8800,400
8801,-100
8802,673
8803,473
8804,675
8805,675
8806,-75
8807,675
8808,-27
8809,625
8810,675
8811,675
8812,550
8813,575
8814,575
8815,575
8816,348
8817,-125
8818,623
8819,-29
8820,375
8821,625
8822,623
8823,623
8824,398
8825,548
8826,300
8827,273
8828,575
8829,-77
8830,-25
8831,346
8832,675
8833,573
8834,425
8835,575
8836,625
8837,248
8838,675
8839,675
8840,673
8841,575
8842,573
8843,425
8844,575
8845,625
8846,569
8847,675
8848,625
8849,423
8850,475
8851,575
8852,621
8853,575
8854,675
8855,573
8856,300
8857,175
8858,575
8859,675
8860,-102
8861,-25
8862,675
8863,625
8864,550
8865,-127
8866,575
8867,548
8868,300
8869,623
8870,621
8871,450
8872,675
8873,-25
8874,575
8875,675
8876,625
8877,500
8878,-25
8879,623
8880,675
8881,575
8882,-27
8883,625
8884,525
8885,350
8886,-75
8887,-225
8888,525
8889,-125
8890,675
8891,673
8892,-200
8893,675
8894,573
8895,-75
8896,-283
8897,575
8898,623
8899,-75
8900,675
8901,675
8902,521
8903,473
8904,625
8905,675
8906,625
8907,621
8908,675
8909,-75
8910,575
8911,300
8912,625
8913,675
8914,-79
8915,-2
8916,-25
8917,575
8918,-125
8919,623
8920,623
8921,673
8922,-127
8923,575
8924,425
8925,525
8926,550
8927,623
8928,625
8929,575
8930,-2
8931,675
8932,473
8933,350
8934,675
8935,675
8936,575
8937,600
8938,525
8939,625
8940,-75
8941,-125
8942,-125
8943,-75
8944,625
8945,200
8946,625
8947,-77
8948,675
8949,-125
8950,675
8951,350
8952,600
8953,-75
8954,71
8955,675
8956,-27
8957,-175
8958,625
8959,675
8960,323
8961,621
8962,623
8963,673
8964,675
8965,475
8966,625
8967,625
8968,325
8969,573
8970,400
8971,425
8972,548
8973,573
8974,525
8975,625
8976,550
8977,-175
8978,-125
8979,675
8980,-127
8981,400
8982,675
8983,675
8984,525
8985,375
8986,625
8987,425
8988,625
8989,475
8990,575
8991,675
8992,623
8993,673
8994,425
8995,-125
8996,575
8997,-125
8998,675
8999,675
9000,-125
9001,425
9002,400
9003,673
9004,673
9005,425
9006,623
9007,573
9008,675
9009,675
9010,675
9011,-77
9012,248
9013,675
9014,675
9015,573
9016,675
9017,575
9018,523
9019,-27
9020,-27
9021,625
9022,-175
9023,625
9024,-75
9025,675
9026,625
9027,675
9028,675
9029,575
9030,619
9031,-27
9032,575
9033,246
9034,575
9035,625
9036,675
9037,623
9038,625
9039,-75
9040,523
9041,-127
9042,675
9043,623
9044,673
9045,673
9046,675
9047,-25
9048,625
9049,625
9050,-125
9051,400
9052,625
9053,675
9054,-77
9055,673
9056,375
9057,625
9058,-75
9059,73
9060,625
9061,625
9062,675
9063,675
9064,675
9065,-125
9066,-75
9067,623
9068,-27
9069,675
9070,675
9071,675
9072,625
9073,471
9074,675
9075,425
9076,-125
9077,675
9078,500
9079,398
9080,-27
9081,-129
9082,-27
9083,-77
9084,575
9085,573
9086,548
9087,573
9088,575
9089,625
9090,-75
9091,373
9092,525
9093,-81
9094,621
9095,623
9096,675
9097,625
9098,625
9099,675
9100,425
9101,550
9102,525
9103,546
9104,675
9105,673
9106,675
9107,673
9108,673
9109,623
9110,273
9111,-125
9112,673
9113,575
9114,550
9115,675
9116,-125
9117,675
9118,675
9119,625
9120,523
9121,625
9122,-75
9123,-75
9124,575
9125,675
9126,625
9127,625
9128,523
9129,-125
9130,573
9131,625
9132,671
9133,523
9134,675
9135,671
9136,575
9137,-75
9138,625
9139,475
9140,673
9141,625
9142,673
9143,525
9144,473
9145,523
9146,248
9147,675
9148,325
9149,425
9150,550
9151,573
9152,673
9153,575
9154,350
9155,348
9156,348
9157,-75
9158,625
9159,-75
9160,425
9161,525
9162,-125
9163,471
9164,348
9165,625
9166,673
9167,575
9168,425
9169,550
9170,-127
9171,675
9172,525
9173,475
9174,625
9175,575
9176,-125
9177,675
9178,-125
9179,425
9180,473
9181,-50
9182,375
9183,621
9184,-127
9185,-4
9186,-75
9187,675
9188,625
9189,625
9190,625
9191,623
9192,300
9193,621
9194,625
9195,673
9196,675
9197,498
9198,-25
9199,675
9200,-127
9201,421
9202,623
9203,575
9204,-77
9205,-4
9206,575
9207,673
9208,623
9209,673
9210,-75
9211,-125
9212,625
9213,675
9214,521
9215,296
9216,-75
9217,-127
9218,-77
9219,675
9220,625
9221,521
9222,625
9223,625
9224,-75
9225,625
9226,425
9227,675
9228,625
9229,671
9230,575
9231,325
9232,675
9233,550
9234,-125
9235,625
9236,623
9237,-75
9238,525
9239,625
9240,550
9241,675
9242,623
9243,673
9244,575
9245,675
9246,-175
9247,325
9248,425
9249,675
9250,625
9251,575
9252,425
9253,-77
9254,398
9255,675
9256,675
9257,625
9258,496
9259,575
9260,-177
9261,675
9262,675
9263,675
9264,623
9265,-75
9266,625
9267,625
9268,575
9269,294
9270,521
9271,625
9272,675
9273,-125
9274,-75
9275,-125
9276,623
9277,450
9278,625
9279,675
9280,625
9281,575
9282,348
9283,673
9284,350
9285,675
9286,-77
9287,-77
9288,-75
9289,-125
9290,521
9291,398
9292,525
9293,673
9294,-25
9295,625
9296,673
9297,675
9298,671
9299,-125
9300,475
9301,675
9302,425
9303,671
9304,473
9305,625
9306,350
9307,675
9308,625
9309,475
9310,623
9311,423
9312,675
9313,425
9314,571
9315,148
9316,575
9317,525
9318,350
9319,425
9320,675
9321,675
9322,423
9323,473
9324,-25
9325,573
9326,425
9327,575
9328,675
9329,-75
9330,-125
9331,-175
9332,246
9333,548
9334,-175
9335,673
9336,625
9337,-177
9338,675
9339,625
9340,475
9341,675
9342,673
9343,298
9344,-75
9345,573
9346,675
9347,575
9348,675
9349,675
9350,625
9351,625
9352,675
9353,675
9354,673
9355,-75
9356,675
9357,625
9358,475
9359,523
9360,625
9361,550
9362,675
9363,673
9364,623
9365,625
9366,675
9367,-75
9368,-75
9369,373
9370,525
9371,675
9372,675
9373,-75
9374,575
9375,675
9376,-75
9377,400
9378,673
9379,675
9380,573
9381,575
9382,450
9383,623
9384,573
9385,625
9386,-125
9387,673
9388,-75
9389,-127
9390,423
9391,623
9392,675
9393,623
9394,675
9395,675
9396,671
9397,575
9398,-125
9399,675
9400,100
9401,-125
9402,675
9403,625
9404,625
9405,-125
9406,675
9407,575
9408,523
9409,-25
9410,621
9411,523
9412,625
9413,375
9414,-75
9415,675
9416,-27
9417,398
9418,398
9419,675
9420,675
9421,573
9422,625
9423,675
9424,619
9425,525
9426,523
9427,675
9428,375
9429,625
9430,-200
9431,675
9432,350
9433,523
9434,425
9435,-75
9436,373
9437,675
9438,575
9439,623
9440,500
9441,675
9442,625
9443,-79
9444,675
9445,675
9446,-75
9447,-77
9448,625
9449,625
9450,623
9451,675
9452,623
9453,675
9454,-175
9455,625
9456,625
9457,675
9458,548
9459,-77
9460,673
9461,-29
9462,375
9463,625
9464,548
9465,625
9466,675
9467,-127
9468,473
9469,675
9470,425
9471,675
9472,525
9473,-25
9474,525
9475,575
9476,625
9477,625
9478,573
9479,425
9480,-125
9481,473
9482,675
9483,575
9484,675
9485,425
9486,621
9487,525
9488,348
9489,573
9490,625
9491,623
9492,675
9493,675
9494,400
9495,-83
9496,625
9497,521
9498,-27
9499,625
9500,625
9501,673
9502,675
9503,546
9504,425
9505,675
9506,675
9507,625
9508,-25
9509,575
9510,675
9511,675
9512,675
9513,348
9514,675
9515,-127
9516,623
9517,575
9518,621
9519,575
9520,675
9521,575
9522,573
9523,350
9524,675
9525,675
9526,673
9527,-27
9528,675
9529,446
9530,-75
9531,675
9532,675
9533,525
9534,675
9535,621
9536,669
9537,675
9538,675
9539,475
9540,675
9541,575
9542,623
9543,675
9544,-25
9545,498
9546,675
9547,625
9548,675
9549,623
9550,625
9551,496
9552,625
9553,475
9554,625
9555,625
9556,550
9557,675
9558,425
9559,346
9560,575
9561,675
9562,473
9563,-50
9564,575
9565,425
9566,675
9567,625
9568,521
9569,575
9570,325
9571,425
9572,575
9573,575
9574,298
9575,-125
9576,673
9577,500
9578,675
9579,425
9580,-175
9581,-125
9582,575
9583,-27
9584,-27
9585,673
9586,375
9587,675
9588,675
9589,-25
9590,400
9591,523
9592,675
9593,550
9594,425
9595,400
9596,673
9597,675
9598,675
9599,625
9600,-75
9601,-200
9602,675
9603,-77
9604,600
9605,625
9606,-125
9607,-50
9608,675
9609,625
9610,400
9611,475
9612,325
9613,400
9614,571
9615,525
9616,675
9617,675
9618,-129
9619,-25
9620,448
9621,625
9622,421
9623,625
9624,-75
9625,625
9626,575
9627,100
9628,425
9629,-75
9630,425
9631,-75
9632,625
9633,548
9634,675
9635,475
9636,575
9637,573
9638,621
9639,-25
9640,425
9641,323
9642,-75
9643,-75
9644,625
9645,675
9646,625
9647,496
9648,-25
9649,573
9650,675
9651,675
9652,673
9653,625
9654,575
9655,-75
9656,675
9657,623
9658,573
9659,621
9660,475
9661,675
9662,375
9663,675
9664,425
9665,625
9666,525
9667,625
9668,-100
9669,675
9670,675
9671,625
9672,421
9673,398
9674,675
9675,671
9676,675
9677,673
9678,-75
9679,675
9680,525
9681,-125
9682,575
9683,500
9684,-25
9685,675
9686,-27
9687,475
9688,-75
9689,625
9690,398
9691,-75
9692,675
9693,621
9694,575
9695,675
9696,300
9697,673
9698,548
9699,523
9700,675
9701,673
9702,575
9703,625
9704,675
9705,525
9706,669
9707,550
9708,671
9709,-125
9710,669
9711,673
9712,675
9713,350
9714,-25
9715,675
9716,473
9717,523
9718,-75
9719,-75
9720,675
9721,400
9722,-25
9723,400
9724,623
9725,-77
9726,675
9727,575
9728,-125
9729,621
9730,-75
9731,-175
9732,-125
9733,673
9734,625
9735,675
9736,525
9737,-75
9738,250
9739,673
9740,300
9741,625
9742,675
9743,675
9744,625
9745,-75
9746,675
9747,575
9748,523
9749,-125
9750,-25
9751,625
9752,625
9753,623
9754,-127
9755,525
9756,671
9757,575
9758,573
9759,673
9760,675
9761,-77
9762,475
9763,-79
9764,575
9765,625
9766,625
9767,625
9768,-125
9769,675
9770,675
9771,-79
9772,673
9773,625
9774,321
9775,575
9776,673
9777,-75
9778,-77
9779,675
9780,623
9781,-75
9782,525
9783,525
9784,473
9785,625
9786,675
9787,567
9788,-75
9789,525
9790,625
9791,425
9792,673
9793,673
9794,675
9795,675
9796,525
9797,425
9798,550
9799,575
9800,525
9801,525
9802,-77
9803,575
9804,675
9805,498
9806,673
9807,423
9808,675
9809,523
9810,625
9811,625
9812,525
9813,425
9814,348
9815,-125
9816,573
9817,673
9818,673
9819,550
9820,675
9821,625
9822,473
9823,625
9824,150
9825,625
9826,625
9827,625
9828,525
9829,675
9830,523
9831,575
9832,-75
9833,625
9834,625
9835,519
9836,-127
9837,625
9838,500
9839,625
9840,544
9841,-25
9842,673
9843,675
9844,625
9845,-125
9846,673
9847,675
9848,571
9849,675
9850,571
9851,675
9852,675
9853,525
9854,-125
9855,523
9856,625
9857,573
9858,623
9859,-75
9860,625
9861,673
9862,675
9863,675
9864,625
9865,-125
9866,675
9867,523
9868,675
9869,625
9870,575
9871,623
9872,625
9873,-125
9874,673
9875,425
9876,625
9877,-125
9878,-4
9879,675
9880,625
9881,417
9882,523
9883,-125
9884,675
9885,625
9886,675
9887,675
9888,625
9889,498
9890,425
9891,-125
9892,675
9893,675
9894,673
9895,475
9896,625
9897,673
9898,575
9899,475
9900,575
9901,625
9902,-125
9903,-127
9904,575
9905,471
9906,-125
9907,-27
9908,621
9909,625
9910,573
9911,625
9912,625
9913,-75
9914,625
9915,-100
9916,-27
9917,675
9918,-125
9919,-75
9920,675
9921,425
9922,423
9923,675
9924,625
9925,525
9926,675
9927,619
9928,-25
9929,625
9930,673
9931,625
9932,475
9933,300
9934,623
9935,675
9936,525
9937,-37
9938,117
9939,-125
9940,398
9941,675
9942,673
9943,673
9944,373
9945,-77
9946,625
9947,625
9948,325
9949,573
9950,-202
9951,573
9952,675
9953,675
9954,573
9955,673
9956,-75
9957,525
9958,623
9959,-125
9960,-129
9961,673
9962,450
9963,523
9964,625
9965,400
9966,-127
9967,625
9968,625
9969,-125
9970,521
9971,675
9972,548
9973,625
9974,671
9975,350
9976,471
9977,100
9978,475
9979,625
9980,675
9981,550
9982,-75
9983,675
9984,-125
9985,675
9986,473
9987,-127
9988,625
9989,325
9990,623
9991,675
9992,675
9993,623
9994,575
9995,348
9996,525
9997,625
9998,-75
9999,675
10000,675
[[(4, 4), 0, -25], [(3, 4), 2, 50], [(3, 3), 2, 50], [(3, 2), 2, 250], [(3, 1), 0, 250], [(2, 1), 0, -25], [(1, 1), 0, -25], [(0, 1), 2, 150]]