1,-158
2,-129
3,-307
4,-152
5,-127
6,-387
7,115
8,398
9,-258
10,-206
11,-341
12,-279
13,-118
14,-252
15,-183
16,-306
17,238
18,-175
19,-231
20,-283
21,4
22,-75
23,-341
24,-77
25,-125
26,-649
27,-516
28,-418
29,-302
30,-389
31,-333
32,53
33,-79
34,-231
35,-1044
36,-175
37,-653
38,-175
39,-570
40,-179
41,7
42,67
43,175
44,-202
45,-200
46,-237
47,-206
48,-129
49,-402
50,-225
51,61
52,-77
53,615
54,-154
55,-229
56,-131
57,-31
58,-260
59,-574
60,-125
61,-320
62,-125
63,-158
64,211
65,113
66,-254
67,-337
68,-181
69,-104
70,71
71,-235
72,244
73,301
74,-206
75,76
76,-204
77,-293
78,255
79,246
80,-183
81,-276
82,-506
83,-331
84,-127
85,71
86,-410
87,-77
88,-108
89,-741
90,-229
91,-633
92,-254
93,-308
94,-411
95,-133
96,-555
97,173
98,-252
99,-62
100,248
101,-541
102,-285
103,365
104,-112
105,-602
106,-175
107,-430
108,-181
109,-177
110,-181
111,205
112,-241
113,-485
114,-202
115,-508
116,-308
117,-233
118,-329
119,-239
120,421
121,-75
122,-277
123,188
124,-1623
125,-200
126,-85
127,321
128,121
129,69
130,-162
131,-335
132,-145
133,-285
134,-81
135,9
136,-68
137,-179
138,598
139,-66
140,146
141,-187
142,-258
143,411
144,-553
145,-331
146,-199
147,-283
148,21
149,-156
150,-206
151,-152
152,296
153,-268
154,-75
155,-304
156,338
157,571
158,-57
159,-62
160,-479
161,-150
162,226
163,-129
164,-75
165,-97
166,-200
167,198
168,-310
169,392
170,423
171,-254
172,-125
173,-300
174,-179
175,-227
176,-177
177,415
178,-104
179,-233
180,-705
181,-335
182,-245
183,-185
184,-183
185,-102
186,271
187,-364
188,63
189,-466
190,-33
191,-125
192,-297
193,517
194,317
195,271
196,321
197,-231
198,471
199,-306
200,142
201,-187
202,-181
203,-31
204,-175
205,-281
206,523
207,471
208,-8
209,469
210,-227
211,-360
212,-391
213,-202
214,-125
215,273
216,-202
217,121
218,-316
219,-125
220,290
221,-127
222,496
223,-129
224,290
225,575
226,-8
227,-127
228,369
229,269
230,573
231,367
232,273
233,425
234,223
235,263
236,575
237,569
238,-175
239,-281
240,121
241,242
242,-485
243,100
244,625
245,571
246,-772
247,448
248,-60
249,-200
250,-125
251,-27
252,-52
253,525
254,-77
255,-229
256,-206
257,469
258,473
259,146
260,215
261,-279
262,-395
263,-641
264,-233
265,-308
266,298
267,-129
268,-150
269,-208
270,-127
271,73
272,94
273,369
274,571
275,121
276,148
277,-131
278,-125
279,365
280,400
281,198
282,313
283,-129
284,475
285,321
286,-129
287,-287
288,-152
289,325
290,-481
291,148
292,317
293,615
294,-200
295,517
296,73
297,-129
298,-127
299,317
300,425
301,175
302,-125
303,269
304,419
305,-125
306,-181
307,421
308,673
309,-29
310,521
311,-127
312,575
313,617
314,469
315,523
316,96
317,-608
318,625
319,-125
320,-125
321,317
322,469
323,375
324,-100
325,-281
326,423
327,-285
328,-50
329,-200
330,244
331,473
332,673
333,-127
334,-206
335,-337
336,523
337,-81
338,196
339,219
340,-285
341,475
342,-279
343,521
344,571
345,-25
346,373
347,-275
348,425
349,563
350,-108
351,494
352,273
353,-27
354,-56
355,73
356,-85
357,-143
358,-75
359,250
360,469
361,-225
362,-254
363,94
364,71
365,198
366,-125
367,475
368,165
369,198
370,-250
371,-283
372,369
373,-129
374,-25
375,-127
376,417
377,-127
378,-91
379,75
380,-200
381,344
382,575
383,521
384,548
385,138
386,-152
387,-127
388,571
389,675
390,423
391,-93
392,-175
393,-125
394,300
395,300
396,417
397,473
398,-125
399,-79
400,-139
401,-131
402,98
403,-77
404,-108
405,417
406,-179
407,-200
408,-125
409,-127
410,-277
411,-200
412,-75
413,550
414,40
415,275
416,-77
417,-125
418,219
419,-181
420,-254
421,-75
422,-418
423,-129
424,423
425,167
426,246
427,525
428,269
429,575
430,69
431,-127
432,-77
433,-25
434,-281
435,519
436,-227
437,550
438,423
439,-129
440,-202
441,521
442,-179
443,498
444,119
445,269
446,525
447,217
448,-127
449,-158
450,621
451,200
452,173
453,625
454,346
455,-175
456,475
457,-79
458,-125
459,569
460,340
461,19
462,-127
463,-29
464,-333
465,196
466,523
467,-681
468,425
469,-100
470,475
471,-279
472,475
473,-77
474,573
475,-129
476,321
477,-183
478,-29
479,-125
480,675
481,519
482,625
483,471
484,669
485,-254
486,398
487,273
488,425
489,673
490,623
491,-54
492,123
493,671
494,-79
495,150
496,550
497,425
498,175
499,69
500,-177
501,500
502,-327
503,-481
504,575
505,673
506,-83
507,319
508,-125
509,-304
510,517
511,-102
512,-81
513,369
514,573
515,-77
516,-154
517,348
518,575
519,223
520,63
521,398
522,625
523,-129
524,373
525,-125
526,98
527,498
528,-75
529,98
530,-229
531,69
532,571
533,475
534,238
535,-75
536,23
537,298
538,419
539,73
540,271
541,-75
542,-206
543,571
544,-75
545,575
546,621
547,-27
548,-225
549,-27
550,-127
551,348
552,275
553,-27
554,525
555,471
556,375
557,-327
558,625
559,-2
560,-79
561,475
562,625
563,573
564,-29
565,-79
566,375
567,275
568,523
569,521
570,350
571,625
572,369
573,671
574,-127
575,396
576,-27
577,619
578,673
579,350
580,-129
581,575
582,-129
583,673
584,-127
585,142
586,-127
587,-175
588,673
589,375
590,-75
591,-33
592,211
593,-75
594,675
595,150
596,275
597,575
598,-77
599,625
600,523
601,-125
602,273
603,398
604,-75
605,300
606,542
607,621
608,-29
609,521
610,569
611,-75
612,619
613,-75
614,-177
615,-127
616,623
617,425
618,475
619,369
620,421
621,575
622,-54
623,-175
624,-81
625,673
626,675
627,-77
628,625
629,548
630,396
631,523
632,-100
633,-50
634,-29
635,321
636,-139
637,371
638,625
639,348
640,575
641,300
642,675
643,350
644,-75
645,621
646,-75
647,348
648,625
649,575
650,-179
651,-79
652,475
653,575
654,673
655,675
656,-129
657,625
658,625
659,196
660,350
661,-77
662,425
663,-129
664,373
665,425
666,-77
667,473
668,625
669,517
670,-125
671,348
672,525
673,623
674,525
675,675
676,50
677,-129
678,371
679,573
680,625
681,-181
682,675
683,475
684,-125
685,623
686,523
687,350
688,-75
689,-75
690,425
691,246
692,675
693,-133
694,625
695,371
696,473
697,548
698,625
699,300
700,-125
701,-2
702,-125
703,-85
704,673
705,-75
706,423
707,475
708,621
709,569
710,675
711,-200
712,625
713,525
714,273
715,325
716,675
717,625
718,-75
719,-125
720,-25
721,573
722,421
723,675
724,575
725,400
726,575
727,475
728,625
729,421
730,246
731,425
732,-29
733,-181
734,600
735,625
736,623
737,-50
738,-179
739,-204
740,675
741,625
742,346
743,-29
744,-77
745,675
746,675
747,425
748,275
749,521
750,400
751,675
752,446
753,325
754,475
755,623
756,-225
757,573
758,300
759,673
760,-125
761,425
762,675
763,471
764,625
765,-77
766,-27
767,621
768,475
769,298
770,523
771,675
772,325
773,250
774,573
775,-125
776,625
777,675
778,-102
779,400
780,625
781,675
782,623
783,475
784,573
785,675
786,519
787,346
788,346
789,673
790,675
791,675
792,550
793,400
794,673
795,-125
796,-27
797,-125
798,100
799,-81
800,-125
801,-179
802,-75
803,371
804,398
805,-77
806,373
807,675
808,400
809,425
810,148
811,525
812,575
813,625
814,675
815,575
816,469
817,621
818,621
819,-129
820,625
821,275
822,571
823,-125
824,548
825,-125
826,625
827,-125
828,515
829,625
830,-52
831,198
832,573
833,623
834,67
835,671
836,600
837,473
838,469
839,-125
840,625
841,675
842,523
843,325
844,573
845,475
846,673
847,673
848,475
849,-29
850,-77
851,-77
852,-125
853,-125
854,623
855,675
856,-12
857,-125
858,523
859,573
860,621
861,573
862,117
863,425
864,-79
865,475
866,623
867,450
868,-77
869,675
870,625
871,-227
872,223
873,473
874,396
875,425
876,623
877,-75
878,-129
879,-227
880,-75
881,621
882,-200
883,-125
884,498
885,-127
886,-125
887,492
888,673
889,673
890,673
891,348
892,575
893,475
894,573
895,373
896,573
897,425
898,-229
899,571
900,-102
901,623
902,-75
903,625
904,625
905,-125
906,621
907,-175
908,625
909,675
910,675
911,248
912,675
913,169
914,623
915,623
916,673
917,625
918,296
919,-125
920,621
921,-25
922,575
923,575
924,625
925,-79
926,475
927,475
928,675
929,-127
930,575
931,675
932,673
933,675
934,675
935,521
936,250
937,-127
938,575
939,-79
940,675
941,519
942,469
943,575
944,625
945,-127
946,473
947,525
948,675
949,675
950,623
951,-125
952,-125
953,623
954,625
955,671
956,675
957,625
958,375
959,-75
960,-25
961,-125
962,575
963,675
964,-75
965,425
966,671
967,521
968,675
969,625
970,396
971,623
972,-75
973,675
974,-77
975,625
976,523
977,625
978,675
979,-125
980,625
981,425
982,98
983,575
984,-125
985,575
986,625
987,475
988,625
989,375
990,325
991,-75
992,675
993,623
994,675
995,675
996,623
997,-125
998,575
999,-125
1000,-127
1001,675
1002,623
1003,675
1004,625
1005,671
1006,471
1007,675
1008,-125
1009,623
1010,673
1011,-25
1012,-75
1013,675
1014,-202
1015,498
1016,-127
1017,-25
1018,625
1019,523
1020,675
1021,621
1022,625
1023,371
1024,275
1025,373
1026,475
1027,675
1028,573
1029,573
1030,525
1031,621
1032,425
1033,-125
1034,625
1035,-29
1036,-125
1037,575
1038,350
1039,675
1040,625
1041,-100
1042,-75
1043,623
1044,300
1045,623
1046,300
1047,625
1048,523
1049,623
1050,623
1051,525
1052,-202
1053,575
1054,-29
1055,-125
1056,325
1057,625
1058,473
1059,0
1060,675
1061,250
1062,625
1063,673
1064,-177
1065,575
1066,521
1067,625
1068,625
1069,425
1070,425
1071,625
1072,625
1073,675
1074,675
1075,675
1076,625
1077,575
1078,625
1079,675
1080,673
1081,675
1082,-29
1083,625
1084,673
1085,675
1086,675
1087,525
1088,673
1089,-125
1090,675
1091,575
1092,425
1093,571
1094,325
1095,625
1096,-125
1097,675
1098,375
1099,673
1100,498
1101,371
1102,-29
1103,675
1104,521
1105,-75
1106,675
1107,625
1108,671
1109,673
1110,-125
1111,675
1112,675
1113,-25
1114,675
1115,-77
1116,623
1117,675
1118,675
1119,523
1120,400
1121,675
1122,575
1123,498
1124,673
1125,-2
1126,-79
1127,623
1128,375
1129,0
1130,675
1131,473
1132,675
1133,198
1134,621
1135,573
1136,675
1137,-125
1138,675
1139,675
1140,350
1141,675
1142,550
1143,675
1144,300
1145,523
1146,673
1147,675
1148,575
1149,-77
1150,-102
1151,675
1152,473
1153,675
1154,525
1155,275
1156,673
1157,450
1158,425
1159,675
1160,21
1161,673
1162,571
1163,300
1164,500
1165,-100
1166,625
1167,625
1168,-25
1169,575
1170,-125
1171,575
1172,673
1173,625
1174,-2
1175,675
1176,617
1177,625
1178,425
1179,425
1180,-127
1181,675
1182,625
1183,525
1184,575
1185,625
1186,675
1187,500
1188,675
1189,425
1190,398
1191,675
1192,625
1193,-177
1194,675
1195,423
1196,623
1197,675
1198,-50
1199,675
1200,523
1201,525
1202,675
1203,575
1204,-75
1205,675
1206,-131
1207,625
1208,-75
1209,575
1210,400
1211,575
1212,-125
1213,671
1214,675
1215,625
1216,625
1217,673
1218,675
1219,625
1220,675
1221,625
1222,675
1223,625
1224,0
1225,375
1226,675
1227,525
1228,675
1229,500
1230,675
1231,625
1232,250
1233,675
1234,623
1235,675
1236,625
1237,550
1238,425
1239,-25
1240,-275
1241,-125
1242,675
1243,625
1244,575
1245,673
1246,623
1247,625
1248,675
1249,675
1250,575
1251,675
1252,675
1253,575
1254,575
1255,423
1256,-25
1257,-75
1258,575
1259,548
1260,675
1261,625
1262,400
1263,-25
1264,625
1265,425
1266,-27
1267,675
1268,675
1269,425
1270,675
1271,525
1272,675
1273,-52
1274,625
1275,675
1276,350
1277,675
1278,673
1279,-175
1280,425
1281,675
1282,625
1283,-27
1284,623
1285,525
1286,425
1287,673
1288,673
1289,673
1290,623
1291,-79
1292,675
1293,575
1294,-175
1295,675
1296,675
1297,675
1298,98
1299,625
1300,375
1301,675
1302,500
1303,-79
1304,-125
1305,-27
1306,675
1307,675
1308,675
1309,300
1310,-75
1311,525
1312,625
1313,550
1314,673
1315,675
1316,523
1317,625
1318,675
1319,575
1320,450
1321,675
1322,500
1323,550
1324,425
1325,525
1326,675
1327,673
1328,625
1329,-75
1330,375
1331,673
1332,575
1333,525
1334,675
1335,621
1336,525
1337,-29
1338,575
1339,625
1340,375
1341,675
1342,546
1343,-75
1344,673
1345,625
1346,673
1347,675
1348,525
1349,-27
1350,673
1351,473
1352,-225
1353,573
1354,625
1355,400
1356,475
1357,675
1358,675
1359,675
1360,523
1361,550
1362,621
1363,-77
1364,675
1365,425
1366,600
1367,-75
1368,23
1369,625
1370,-25
1371,519
1372,-77
1373,425
1374,373
1375,621
1376,625
1377,523
1378,575
1379,-75
1380,400
1381,625
1382,675
1383,425
1384,675
1385,525
1386,250
1387,625
1388,525
1389,621
1390,400
1391,525
1392,425
1393,623
1394,623
1395,623
1396,675
1397,525
1398,525
1399,525
1400,375
1401,523
1402,673
1403,-75
1404,625
1405,425
1406,675
1407,-75
1408,673
1409,450
1410,625
1411,673
1412,494
1413,625
1414,571
1415,-125
1416,675
1417,675
1418,625
1419,675
1420,525
1421,675
1422,396
1423,675
1424,250
1425,400
1426,-75
1427,573
1428,450
1429,625
1430,525
1431,75
1432,675
1433,625
1434,675
1435,675
1436,623
1437,548
1438,425
1439,625
1440,350
1441,425
1442,675
1443,675
1444,398
1445,625
1446,673
1447,621
1448,675
1449,271
1450,625
1451,571
1452,567
1453,675
1454,350
1455,625
1456,600
1457,600
1458,675
1459,400
1460,625
1461,400
1462,-125
1463,673
1464,675
1465,675
1466,575
1467,623
1468,675
1469,350
1470,625
1471,675
1472,625
1473,575
1474,500
1475,673
1476,675
1477,625
1478,400
1479,675
1480,625
1481,475
1482,675
1483,573
1484,-129
1485,248
1486,425
1487,-175
1488,475
1489,625
1490,675
1491,-125
1492,625
1493,675
1494,671
1495,675
1496,-125
1497,-75
1498,673
1499,-200
1500,250
1501,573
1502,625
1503,625
1504,673
1505,625
1506,623
1507,673
1508,675
1509,-75
1510,675
1511,573
1512,425
1513,425
1514,375
1515,-75
1516,675
1517,625
1518,523
1519,425
1520,475
1521,625
1522,275
1523,446
1524,-75
1525,-125
1526,-127
1527,675
1528,375
1529,625
1530,673
1531,575
1532,673
1533,375
1534,475
1535,675
1536,625
1537,425
1538,550
1539,375
1540,-75
1541,223
1542,200
1543,675
1544,625
1545,675
1546,675
1547,623
1548,675
1549,225
1550,-75
1551,-202
1552,621
1553,-125
1554,-125
1555,625
1556,375
1557,625
1558,-175
1559,675
1560,-125
1561,248
1562,500
1563,373
1564,425
1565,621
1566,-200
1567,575
1568,625
1569,523
1570,400
1571,-125
1572,673
1573,523
1574,675
1575,675
1576,-125
1577,623
1578,573
1579,-127
1580,475
1581,671
1582,-127
1583,675
1584,625
1585,671
1586,673
1587,-129
1588,625
1589,-77
1590,325
1591,448
1592,548
1593,625
1594,675
1595,-125
1596,475
1597,671
1598,573
1599,625
1600,-175
1601,-25
1602,625
1603,675
1604,-129
1605,473
1606,575
1607,573
1608,-200
1609,625
1610,-75
1611,-125
1612,-127
1613,675
1614,325
1615,-75
1616,-29
1617,625
1618,623
1619,450
1620,625
1621,623
1622,-200
1623,675
1624,-125
1625,248
1626,-125
1627,625
1628,575
1629,675
1630,571
1631,425
1632,673
1633,573
1634,425
1635,225
1636,673
1637,569
1638,625
1639,675
1640,-25
1641,675
1642,675
1643,675
1644,-75
1645,-75
1646,448
1647,375
1648,623
1649,350
1650,275
1651,675
1652,625
1653,625
1654,-75
1655,-179
1656,573
1657,673
1658,675
1659,625
1660,675
1661,0
1662,573
1663,675
1664,-79
1665,-125
1666,625
1667,400
1668,675
1669,625
1670,-75
1671,-75
1672,675
1673,525
1674,675
1675,394
1676,500
1677,625
1678,571
1679,675
1680,675
1681,625
1682,671
1683,625
1684,-125
1685,-225
1686,673
1687,675
1688,673
1689,473
1690,300
1691,525
1692,-125
1693,675
1694,675
1695,-79
1696,673
1697,675
1698,675
1699,673
1700,548
1701,-75
1702,625
1703,623
1704,675
1705,669
1706,525
1707,-2
1708,575
1709,425
1710,-75
1711,619
1712,-77
1713,400
1714,-79
1715,525
1716,675
1717,625
1718,523
1719,523
1720,675
1721,675
1722,675
1723,475
1724,350
1725,575
1726,675
1727,-25
1728,375
1729,671
1730,673
1731,350
1732,-200
1733,-75
1734,675
1735,675
1736,450
1737,625
1738,473
1739,375
1740,-125
1741,521
1742,-131
1743,625
1744,675
1745,673
1746,575
1747,675
1748,-125
1749,-50
1750,675
1751,675
1752,575
1753,550
1754,625
1755,625
1756,-25
1757,425
1758,675
1759,675
1760,550
1761,473
1762,675
1763,421
1764,675
1765,675
1766,500
1767,-77
1768,425
1769,575
1770,-127
1771,300
1772,675
1773,473
1774,625
1775,675
1776,625
1777,-75
1778,625
1779,525
1780,473
1781,396
1782,623
1783,450
1784,625
1785,675
1786,625
1787,675
1788,-125
1789,-27
1790,575
1791,-129
1792,525
1793,525
1794,-125
1795,473
1796,25
1797,675
1798,550
1799,575
1800,-75
1801,673
1802,623
1803,625
1804,-75
1805,400
1806,-127
1807,673
1808,673
1809,375
1810,669
1811,550
1812,625
1813,675
1814,625
1815,625
1816,675
1817,-75
1818,421
1819,-75
1820,625
1821,-75
1822,-25
1823,248
1824,625
1825,-31
1826,673
1827,200
1828,525
1829,400
1830,375
1831,575
1832,275
1833,625
1834,673
1835,-75
1836,473
1837,671
1838,675
1839,575
1840,575
1841,623
1842,673
1843,550
1844,675
1845,675
1846,673
1847,625
1848,675
1849,571
1850,625
1851,673
1852,575
1853,-75
1854,675
1855,-75
1856,675
1857,550
1858,623
1859,471
1860,673
1861,-125
1862,523
1863,673
1864,625
1865,625
1866,-177
1867,673
1868,298
1869,675
1870,625
1871,675
1872,-125
1873,575
1874,625
1875,-75
1876,523
1877,623
1878,625
1879,623
1880,625
1881,248
1882,-125
1883,523
1884,350
1885,-75
1886,675
1887,-75
1888,623
1889,400
1890,550
1891,425
1892,571
1893,575
1894,400
1895,675
1896,573
1897,675
1898,-125
1899,421
1900,-27
1901,673
1902,475
1903,573
1904,-77
1905,325
1906,675
1907,-175
1908,400
1909,671
1910,425
1911,-127
1912,-25
1913,-125
1914,300
1915,425
1916,575
1917,-50
1918,550
1919,-125
1920,573
1921,625
1922,625
1923,675
1924,275
1925,575
1926,425
1927,625
1928,300
1929,675
1930,-27
1931,-125
1932,675
1933,248
1934,625
1935,623
1936,625
1937,575
1938,473
1939,625
1940,571
1941,673
1942,523
1943,-25
1944,425
1945,675
1946,550
1947,623
1948,573
1949,575
1950,675
1951,625
1952,673
1953,-104
1954,-29
1955,550
1956,673
1957,675
1958,350
1959,675
1960,675
1961,298
1962,675
1963,623
1964,-125
1965,573
1966,344
1967,575
1968,623
1969,325
1970,675
1971,625
1972,623
1973,575
1974,-129
1975,675
1976,-25
1977,675
1978,-127
1979,-2
1980,571
1981,575
1982,525
1983,-150
1984,575
1985,375
1986,-129
1987,675
1988,425
1989,350
1990,625
1991,473
1992,625
1993,-25
1994,-25
1995,300
1996,669
1997,-75
1998,675
1999,525
2000,350
2001,525
2002,-127
2003,398
2004,625
2005,296
2006,675
2007,575
2008,675
2009,-25
2010,673
2011,675
2012,621
2013,-125
2014,450
2015,519
2016,575
2017,248
2018,625
2019,673
2020,625
2021,348
2022,425
2023,675
2024,425
2025,575
2026,525
2027,625
2028,625
2029,523
2030,400
2031,-125
2032,623
2033,675
2034,400
2035,623
2036,675
2037,675
2038,525
2039,471
2040,525
2041,625
2042,625
2043,675
2044,675
2045,675
2046,675
2047,623
2048,-131
2049,675
2050,-150
2051,523
2052,625
2053,625
2054,675
2055,675
2056,525
2057,525
2058,675
2059,575
2060,-27
2061,675
2062,-75
2063,-75
2064,473
2065,573
2066,675
2067,-27
2068,375
2069,673
2070,675
2071,369
2072,-25
2073,675
2074,675
2075,625
2076,400
2077,625
2078,475
2079,673
2080,473
2081,675
2082,-79
2083,475
2084,348
2085,573
2086,675
2087,675
2088,573
2089,625
2090,425
2091,675
2092,473
2093,500
2094,675
2095,-31
2096,-75
2097,-125
2098,625
2099,675
2100,425
2101,525
2102,-75
2103,675
2104,675
2105,-27
2106,625
2107,425
2108,675
2109,-125
2110,675
2111,571
2112,675
2113,-125
2114,525
2115,-152
2116,675
2117,575
2118,675
2119,625
2120,625
2121,675
2122,-125
2123,623
2124,-125
2125,471
2126,675
2127,623
2128,625
2129,573
2130,523
2131,-127
2132,473
2133,-77
2134,575
2135,525
2136,348
2137,-125
2138,423
2139,575
2140,623
2141,675
2142,523
2143,375
2144,673
2145,625
2146,-125
2147,500
2148,548
2149,396
2150,0
2151,675
2152,471
2153,623
2154,521
2155,625
2156,550
2157,550
2158,548
2159,625
2160,425
2161,675
2162,-125
2163,573
2164,671
2165,548
2166,348
2167,625
2168,625
2169,569
2170,275
2171,-125
2172,675
2173,675
2174,625
2175,675
2176,673
2177,373
2178,571
2179,300
2180,500
2181,-225
2182,675
2183,623
2184,150
2185,675
2186,673
2187,675
2188,375
2189,-29
2190,473
2191,-27
2192,625
2193,575
2194,148
2195,675
2196,625
2197,575
2198,575
2199,673
2200,575
2201,625
2202,525
2203,425
2204,350
2205,575
2206,575
2207,625
2208,-77
2209,625
2210,148
2211,150
2212,448
2213,-77
2214,-125
2215,-127
2216,673
2217,675
2218,625
2219,-125
2220,675
2221,575
2222,-200
2223,673
2224,673
2225,675
2226,675
2227,400
2228,-131
2229,425
2230,500
2231,675
2232,623
2233,673
2234,525
2235,350
2236,625
2237,675
2238,473
2239,673
2240,623
2241,-75
2242,623
2243,575
2244,-125
2245,625
2246,300
2247,525
2248,623
2249,525
2250,523
2251,525
2252,675
2253,675
2254,473
2255,569
2256,625
2257,425
2258,675
2259,575
2260,396
2261,425
2262,525
2263,525
2264,675
2265,-75
2266,-75
2267,425
2268,623
2269,625
2270,325
2271,675
2272,675
2273,673
2274,475
2275,398
2276,575
2277,-27
2278,369
2279,675
2280,673
2281,-75
2282,675
2283,623
2284,675
2285,623
2286,675
2287,-75
2288,348
2289,-125
2290,-254
2291,675
2292,625
2293,623
2294,523
2295,675
2296,425
2297,523
2298,673
2299,625
2300,675
2301,575
2302,400
2303,675
2304,-75
2305,675
2306,223
2307,500
2308,475
2309,625
2310,325
2311,-125
2312,575
2313,475
2314,625
2315,623
2316,425
2317,625
2318,675
2319,625
2320,-27
2321,675
2322,625
2323,-25
2324,-131
2325,673
2326,621
2327,298
2328,625
2329,675
2330,425
2331,625
2332,-25
2333,573
2334,625
2335,398
2336,425
2337,400
2338,-125
2339,675
2340,-125
2341,673
2342,-200
2343,573
2344,675
2345,-75
2346,675
2347,-125
2348,625
2349,675
2350,-75
2351,675
2352,550
2353,575
2354,425
2355,625
2356,-77
2357,675
2358,675
2359,671
2360,-125
2361,400
2362,523
2363,675
2364,623
2365,675
2366,625
2367,521
2368,525
2369,625
2370,350
2371,625
2372,675
2373,-75
2374,525
2375,-175
2376,-102
2377,573
2378,675
2379,-177
2380,675
2381,-29
2382,675
2383,-129
2384,625
2385,675
2386,625
2387,-77
2388,675
2389,675
2390,675
2391,675
2392,675
2393,625
2394,425
2395,675
2396,373
2397,675
2398,675
2399,-302
2400,473
2401,675
2402,525
2403,575
2404,575
2405,675
2406,675
2407,375
2408,675
2409,-25
2410,625
2411,625
2412,400
2413,625
2414,375
2415,673
2416,498
2417,675
2418,673
2419,423
2420,575
2421,-25
2422,-127
2423,673
2424,623
2425,673
2426,575
2427,525
2428,675
2429,675
2430,598
2431,675
2432,573
2433,375
2434,400
2435,675
2436,-125
2437,675
2438,548
2439,675
2440,625
2441,375
2442,373
2443,625
2444,675
2445,-254
2446,675
2447,625
2448,575
2449,525
2450,-27
2451,625
2452,-177
2453,423
2454,573
2455,623
2456,675
2457,475
2458,248
2459,350
2460,425
2461,-79
2462,625
2463,673
2464,623
2465,673
2466,671
2467,475
2468,500
2469,525
2470,625
2471,675
2472,-75
2473,623
2474,625
2475,623
2476,-27
2477,675
2478,200
2479,625
2480,-125
2481,575
2482,575
2483,625
2484,675
2485,346
2486,150
2487,625
2488,675
2489,675
2490,675
2491,675
2492,573
2493,625
2494,573
2495,625
2496,-75
2497,400
2498,-25
2499,573
2500,675
2501,675
2502,675
2503,625
2504,-125
2505,-75
2506,675
2507,675
2508,675
2509,623
2510,625
2511,623
2512,525
2513,673
2514,675
2515,571
2516,473
2517,-77
2518,0
2519,675
2520,548
2521,575
2522,525
2523,-25
2524,621
2525,675
2526,623
2527,575
2528,675
2529,625
2530,625
2531,375
2532,525
2533,571
2534,-75
2535,625
2536,-125
2537,525
2538,621
2539,675
2540,673
2541,623
2542,525
2543,625
2544,625
2545,675
2546,-75
2547,-125
2548,625
2549,523
2550,350
2551,675
2552,673
2553,-75
2554,625
2555,421
2556,675
2557,-125
2558,675
2559,394
2560,675
2561,523
2562,673
2563,-79
2564,-125
2565,623
2566,523
2567,473
2568,473
2569,575
2570,-125
2571,400
2572,573
2573,375
2574,575
2575,675
2576,-77
2577,671
2578,625
2579,323
2580,473
2581,548
2582,671
2583,573
2584,498
2585,675
2586,675
2587,625
2588,-125
2589,-52
2590,-75
2591,673
2592,623
2593,675
2594,-125
2595,-77
2596,675
2597,-75
2598,400
2599,571
2600,625
2601,-127
2602,-75
2603,525
2604,625
2605,475
2606,673
2607,675
2608,675
2609,-175
2610,-125
2611,-179
2612,425
2613,-125
2614,575
2615,675
2616,523
2617,-25
2618,575
2619,621
2620,550
2621,-127
2622,625
2623,675
2624,346
2625,-125
2626,-125
2627,400
2628,623
2629,319
2630,675
2631,675
2632,-77
2633,375
2634,673
2635,675
2636,675
2637,-125
2638,575
2639,-75
2640,675
2641,525
2642,-75
2643,548
2644,673
2645,623
2646,675
2647,623
2648,-77
2649,675
2650,673
2651,675
2652,423
2653,-77
2654,-202
2655,-125
2656,525
2657,575
2658,348
2659,625
2660,169
2661,623
2662,625
2663,-25
2664,575
2665,623
2666,425
2667,275
2668,623
2669,-175
2670,-4
2671,375
2672,275
2673,575
2674,425
2675,425
2676,673
2677,575
2678,-75
2679,625
2680,625
2681,525
2682,571
2683,-75
2684,573
2685,625
2686,675
2687,623
2688,550
2689,625
2690,525
2691,521
2692,-75
2693,425
2694,-177
2695,675
2696,675
2697,575
2698,675
2699,473
2700,523
2701,500
2702,150
2703,675
2704,673
2705,421
2706,-27
2707,625
2708,675
2709,625
2710,423
2711,675
2712,523
2713,575
2714,519
2715,525
2716,625
2717,-125
2718,623
2719,575
2720,-125
2721,625
2722,-50
2723,625
2724,-125
2725,519
2726,575
2727,571
2728,-75
2729,625
2730,623
2731,348
2732,675
2733,425
2734,250
2735,625
2736,625
2737,525
2738,621
2739,575
2740,675
2741,625
2742,471
2743,675
2744,-175
2745,675
2746,525
2747,-127
2748,421
2749,573
2750,675
2751,575
2752,425
2753,675
2754,625
2755,221
2756,525
2757,675
2758,523
2759,625
2760,625
2761,625
2762,675
2763,675
2764,575
2765,625
2766,348
2767,575
2768,-29
2769,625
2770,625
2771,-175
2772,625
2773,398
2774,473
2775,-75
2776,-75
2777,623
2778,675
2779,296
2780,675
2781,575
2782,625
2783,675
2784,575
2785,-79
2786,675
2787,523
2788,673
2789,573
2790,675
2791,475
2792,673
2793,575
2794,-125
2795,625
2796,625
2797,675
2798,675
2799,-2
2800,623
2801,675
2802,625
2803,675
2804,400
2805,675
2806,625
2807,675
2808,673
2809,525
2810,525
2811,625
2812,525
2813,423
2814,625
2815,550
2816,-125
2817,621
2818,-125
2819,546
2820,675
2821,625
2822,425
2823,675
2824,675
2825,-75
2826,625
2827,-75
2828,673
2829,623
2830,350
2831,621
2832,375
2833,675
2834,675
2835,625
2836,-75
2837,575
2838,573
2839,500
2840,673
2841,675
2842,-75
2843,675
2844,398
2845,-125
2846,525
2847,625
2848,473
2849,625
2850,521
2851,548
2852,-52
2853,-77
2854,675
2855,675
2856,225
2857,573
2858,498
2859,625
2860,621
2861,575
2862,-75
2863,675
2864,671
2865,623
2866,625
2867,-2
2868,-125
2869,575
2870,625
2871,675
2872,625
2873,-125
2874,675
2875,248
2876,423
2877,673
2878,-75
2879,675
2880,-125
2881,675
2882,625
2883,625
2884,-77
2885,346
2886,621
2887,675
2888,673
2889,-125
2890,425
2891,575
2892,-125
2893,623
2894,625
2895,575
2896,-27
2897,625
2898,675
2899,625
2900,625
2901,525
2902,675
2903,-125
2904,625
2905,625
2906,-125
2907,675
2908,675
2909,-125
2910,625
2911,625
2912,-125
2913,75
2914,350
2915,625
2916,675
2917,348
2918,350
2919,-27
2920,625
2921,521
2922,625
2923,273
2924,623
2925,423
2926,675
2927,625
2928,573
2929,-125
2930,350
2931,394
2932,675
2933,-127
2934,575
2935,575
2936,673
2937,550
2938,623
2939,346
2940,675
2941,-202
2942,673
2943,-125
2944,525
2945,575
2946,-27
2947,673
2948,375
2949,575
2950,675
2951,519
2952,675
2953,-127
2954,525
2955,675
2956,425
2957,-127
2958,625
2959,473
2960,675
2961,675
2962,673
2963,675
2964,546
2965,550
2966,675
2967,623
2968,-125
2969,575
2970,-25
2971,623
2972,669
2973,544
2974,425
2975,550
2976,675
2977,675
2978,573
2979,673
2980,625
2981,550
2982,550
2983,675
2984,625
2985,675
2986,575
2987,575
2988,475
2989,-127
2990,675
2991,523
2992,675
2993,675
2994,623
2995,398
2996,675
2997,625
2998,-27
2999,623
3000,375
3001,398
3002,675
3003,675
3004,675
3005,425
3006,625
3007,673
3008,575
3009,-125
3010,673
3011,675
3012,-127
3013,475
3014,575
3015,673
3016,675
3017,-79
3018,675
3019,621
3020,675
3021,675
3022,248
3023,-79
3024,625
3025,621
3026,675
3027,675
3028,-25
3029,675
3030,675
3031,621
3032,175
3033,675
3034,425
3035,575
3036,625
3037,675
3038,675
3039,223
3040,-31
3041,625
3042,575
3043,-125
3044,625
3045,675
3046,675
3047,75
3048,473
3049,523
3050,625
3051,675
3052,575
3053,575
3054,675
3055,-52
3056,-27
3057,623
3058,675
3059,-125
3060,675
3061,675
3062,671
3063,625
3064,-125
3065,48
3066,373
3067,625
3068,673
3069,275
3070,675
3071,675
3072,-127
3073,348
3074,-75
3075,675
3076,673
3077,675
3078,-75
3079,-50
3080,400
3081,300
3082,548
3083,525
3084,625
3085,525
3086,550
3087,675
3088,573
3089,675
3090,348
3091,625
3092,675
3093,625
3094,-175
3095,-129
3096,348
3097,625
3098,625
3099,-125
3100,525
3101,575
3102,673
3103,625
3104,-79
3105,621
3106,523
3107,625
3108,673
3109,671
3110,-75
3111,300
3112,-75
3113,-127
3114,573
3115,575
3116,675
3117,425
3118,-125
3119,-29
3120,673
3121,219
3122,675
3123,625
3124,573
3125,425
3126,623
3127,525
3128,-100
3129,675
3130,-77
3131,548
3132,625
3133,-75
3134,350
3135,-75
3136,675
3137,675
3138,-25
3139,625
3140,675
3141,623
3142,275
3143,675
3144,675
3145,673
3146,-125
3147,623
3148,575
3149,675
3150,-75
3151,671
3152,223
3153,425
3154,523
3155,-75
3156,673
3157,675
3158,423
3159,625
3160,675
3161,575
3162,-75
3163,675
3164,675
3165,575
3166,523
3167,-125
3168,425
3169,675
3170,673
3171,-125
3172,350
3173,-127
3174,400
3175,619
3176,-27
3177,675
3178,673
3179,675
3180,675
3181,575
3182,-75
3183,-125
3184,375
3185,523
3186,-250
3187,625
3188,675
3189,675
3190,673
3191,623
3192,300
3193,-75
3194,525
3195,400
3196,675
3197,623
3198,-125
3199,675
3200,475
3201,300
3202,525
3203,575
3204,625
3205,621
3206,548
3207,625
3208,625
3209,523
3210,598
3211,673
3212,675
3213,450
3214,675
3215,-77
3216,-125
3217,-175
3218,348
3219,-75
3220,-75
3221,673
3222,625
3223,525
3224,0
3225,625
3226,200
3227,675
3228,675
3229,-125
3230,550
3231,625
3232,425
3233,673
3234,-75
3235,673
3236,625
3237,675
3238,500
3239,675
3240,-125
3241,525
3242,-125
3243,-125
3244,675
3245,625
3246,550
3247,425
3248,675
3249,-75
3250,575
3251,573
3252,523
3253,673
3254,525
3255,500
3256,623
3257,375
3258,625
3259,525
3260,673
3261,525
3262,573
3263,673
3264,500
3265,400
3266,625
3267,623
3268,673
3269,623
3270,-127
3271,625
3272,-25
3273,-75
3274,621
3275,573
3276,625
3277,523
3278,525
3279,550
3280,675
3281,673
3282,673
3283,-229
3284,-175
3285,-29
3286,675
3287,-175
3288,623
3289,675
3290,623
3291,675
3292,675
3293,325
3294,425
3295,675
3296,675
3297,300
3298,575
3299,546
3300,-75
3301,75
3302,473
3303,675
3304,342
3305,673
3306,-125
3307,575
3308,625
3309,-125
3310,-125
3311,523
3312,625
3313,525
3314,525
3315,675
3316,675
3317,525
3318,675
3319,623
3320,350
3321,-129
3322,675
3323,-125
3324,671
3325,625
3326,400
3327,625
3328,-125
3329,625
3330,575
3331,675
3332,625
3333,475
3334,400
3335,625
3336,473
3337,525
3338,623
3339,675
3340,625
3341,-125
3342,623
3343,525
3344,573
3345,400
3346,625
3347,473
3348,673
3349,-29
3350,673
3351,400
3352,-125
3353,575
3354,-75
3355,675
3356,575
3357,471
3358,675
3359,425
3360,-25
3361,-75
3362,623
3363,548
3364,625
3365,675
3366,425
3367,571
3368,423
3369,675
3370,625
3371,675
3372,675
3373,675
3374,675
3375,-75
3376,271
3377,625
3378,375
3379,-77
3380,-75
3381,-75
3382,673
3383,325
3384,573
3385,-125
3386,675
3387,625
3388,423
3389,675
3390,625
3391,675
3392,673
3393,423
3394,669
3395,525
3396,498
3397,575
3398,675
3399,675
3400,675
3401,250
3402,675
3403,-75
3404,675
3405,675
3406,400
3407,675
3408,575
3409,475
3410,623
3411,425
3412,675
3413,675
3414,525
3415,671
3416,-75
3417,625
3418,625
3419,375
3420,-79
3421,540
3422,-125
3423,673
3424,623
3425,625
3426,675
3427,-127
3428,400
3429,673
3430,375
3431,675
3432,675
3433,673
3434,625
3435,550
3436,623
3437,675
3438,-25
3439,-127
3440,400
3441,-125
3442,548
3443,475
3444,-75
3445,675
3446,675
3447,400
3448,673
3449,675
3450,625
3451,675
3452,625
3453,623
3454,625
3455,400
3456,-75
3457,573
3458,-125
3459,300
3460,-75
3461,246
3462,-75
3463,-27
3464,373
3465,519
3466,375
3467,421
3468,425
3469,625
3470,350
3471,425
3472,525
3473,575
3474,571
3475,-75
3476,675
3477,521
3478,623
3479,675
3480,673
3481,575
3482,-125
3483,475
3484,525
3485,-75
3486,323
3487,550
3488,675
3489,525
3490,625
3491,667
3492,298
3493,-125
3494,675
3495,-125
3496,525
3497,525
3498,625
3499,-127
3500,500
3501,525
3502,-75
3503,625
3504,675
3505,675
3506,623
3507,675
3508,623
3509,-75
3510,675
3511,473
3512,-129
3513,675
3514,675
3515,675
3516,575
3517,448
3518,425
3519,550
3520,675
3521,675
3522,675
3523,-129
3524,-125
3525,625
3526,625
3527,-25
3528,675
3529,73
3530,625
3531,675
3532,-75
3533,575
3534,675
3535,525
3536,-125
3537,575
3538,675
3539,625
3540,521
3541,473
3542,400
3543,575
3544,-125
3545,675
3546,625
3547,425
3548,-102
3549,625
3550,-125
3551,675
3552,675
3553,550
3554,625
3555,675
3556,675
3557,-25
3558,-127
3559,-200
3560,673
3561,523
3562,400
3563,625
3564,496
3565,575
3566,575
3567,675
3568,350
3569,675
3570,675
3571,673
3572,-75
3573,-75
3574,675
3575,675
3576,-75
3577,400
3578,400
3579,398
3580,625
3581,625
3582,398
3583,625
3584,348
3585,623
3586,-127
3587,675
3588,673
3589,-75
3590,525
3591,348
3592,400
3593,523
3594,675
3595,573
3596,625
3597,425
3598,625
3599,675
3600,-202
3601,625
3602,675
3603,550
3604,375
3605,525
3606,625
3607,625
3608,575
3609,675
3610,471
3611,-125
3612,-125
3613,625
3614,675
3615,-127
3616,575
3617,675
3618,675
3619,675
3620,475
3621,-125
3622,675
3623,673
3624,523
3625,-127
3626,575
3627,-125
3628,675
3629,675
3630,675
3631,-77
3632,-27
3633,-25
3634,675
3635,625
3636,573
3637,675
3638,473
3639,675
3640,525
3641,675
3642,425
3643,673
3644,623
3645,575
3646,621
3647,575
3648,671
3649,675
3650,-200
3651,550
3652,673
3653,423
3654,675
3655,625
3656,423
3657,625
3658,625
3659,-75
3660,550
3661,625
3662,571
3663,675
3664,675
3665,425
3666,494
3667,375
3668,675
3669,575
3670,625
3671,525
3672,675
3673,673
3674,675
3675,-75
3676,-125
3677,400
3678,300
3679,625
3680,675
3681,573
3682,673
3683,625
3684,525
3685,675
3686,-25
3687,573
3688,625
3689,675
3690,573
3691,375
3692,671
3693,550
3694,475
3695,-75
3696,623
3697,675
3698,-252
3699,-75
3700,675
3701,675
3702,625
3703,575
3704,523
3705,0
3706,675
3707,150
3708,525
3709,-200
3710,425
3711,573
3712,675
3713,-125
3714,250
3715,550
3716,-125
3717,625
3718,673
3719,675
3720,673
3721,671
3722,525
3723,575
3724,675
3725,469
3726,573
3727,675
3728,625
3729,675
3730,675
3731,373
3732,425
3733,-27
3734,625
3735,625
3736,675
3737,675
3738,-175
3739,623
3740,425
3741,-25
3742,675
3743,425
3744,625
3745,675
3746,623
3747,-25
3748,623
3749,-27
3750,675
3751,675
3752,548
3753,-125
3754,623
3755,623
3756,575
3757,350
3758,-100
3759,675
3760,673
3761,675
3762,-177
3763,671
3764,-77
3765,-179
3766,-175
3767,575
3768,625
3769,675
3770,523
3771,625
3772,-75
3773,621
3774,498
3775,675
3776,673
3777,675
3778,673
3779,-125
3780,623
3781,625
3782,-77
3783,675
3784,675
3785,675
3786,-75
3787,675
3788,-125
3789,675
3790,348
3791,625
3792,346
3793,-177
3794,-125
3795,-27
3796,625
3797,675
3798,675
3799,525
3800,625
3801,625
3802,500
3803,-29
3804,523
3805,375
3806,675
3807,621
3808,623
3809,625
3810,675
3811,673
3812,625
3813,-81
3814,673
3815,623
3816,625
3817,425
3818,625
3819,575
3820,625
3821,-75
3822,675
3823,400
3824,625
3825,569
3826,521
3827,-175
3828,675
3829,675
3830,673
3831,523
3832,325
3833,-75
3834,675
3835,625
3836,573
3837,673
3838,675
3839,575
3840,625
3841,-125
3842,675
3843,475
3844,623
3845,625
3846,673
3847,675
3848,625
3849,400
3850,550
3851,673
3852,623
3853,267
3854,-125
3855,250
3856,675
3857,575
3858,-127
3859,448
3860,675
3861,625
3862,675
3863,-27
3864,673
3865,-127
3866,-75
3867,575
3868,575
3869,673
3870,675
3871,496
3872,573
3873,298
3874,623
3875,463
3876,623
3877,400
3878,675
3879,675
3880,673
3881,675
3882,-75
3883,525
3884,-29
3885,-29
3886,673
3887,625
3888,275
3889,675
3890,675
3891,675
3892,571
3893,-100
3894,675
3895,325
3896,625
3897,623
3898,521
3899,621
3900,-125
3901,598
3902,-125
3903,-75
3904,-125
3905,623
3906,625
3907,525
3908,-125
3909,625
3910,325
3911,625
3912,675
3913,575
3914,673
3915,675
3916,675
3917,675
3918,675
3919,675
3920,-200
3921,675
3922,673
3923,675
3924,475
3925,623
3926,625
3927,625
3928,675
3929,623
3930,521
3931,623
3932,425
3933,-354
3934,298
3935,625
3936,-127
3937,625
3938,675
3939,350
3940,-75
3941,675
3942,400
3943,-77
3944,619
3945,525
3946,475
3947,625
3948,675
3949,675
3950,500
3951,425
3952,625
3953,-152
3954,673
3955,673
3956,423
3957,-75
3958,-127
3959,625
3960,625
3961,146
3962,675
3963,675
3964,675
3965,-27
3966,673
3967,625
3968,625
3969,675
3970,-75
3971,275
3972,675
3973,-177
3974,575
3975,550
3976,625
3977,-125
3978,675
3979,575
3980,675
3981,-75
3982,675
3983,575
3984,-125
3985,623
3986,-125
3987,675
3988,675
3989,425
3990,575
3991,425
3992,623
3993,425
3994,621
3995,673
3996,273
3997,575
3998,675
3999,-75
4000,-129
4001,575
4002,673
4003,544
4004,519
4005,625
4006,625
4007,675
4008,675
4009,-27
4010,675
4011,-75
4012,625
4013,675
4014,673
4015,523
4016,425
4017,400
4018,375
4019,675
4020,675
4021,148
4022,425
4023,-27
4024,673
4025,-227
4026,675
4027,675
4028,675
4029,625
4030,521
4031,675
4032,673
4033,671
4034,675
4035,675
4036,-127
4037,-77
4038,673
4039,-25
4040,625
4041,675
4042,-125
4043,425
4044,673
4045,500
4046,675
4047,675
4048,-150
4049,250
4050,675
4051,623
4052,675
4053,575
4054,675
4055,623
4056,673
4057,-300
4058,375
4059,675
4060,-125
4061,675
4062,-75
4063,673
4064,625
4065,550
4066,548
4067,625
4068,375
4069,400
4070,625
4071,419
4072,-25
4073,350
4074,398
4075,-75
4076,-27
4077,-52
4078,623
4079,475
4080,675
4081,550
4082,150
4083,673
4084,400
4085,-75
4086,-75
4087,675
4088,575
4089,348
4090,271
4091,673
4092,623
4093,-77
4094,673
4095,425
4096,675
4097,675
4098,298
4099,623
4100,550
4101,575
4102,625
4103,675
4104,675
4105,625
4106,625
4107,300
4108,675
4109,-77
4110,625
4111,400
4112,619
4113,-75
4114,625
4115,675
4116,-175
4117,-125
4118,525
4119,575
4120,675
4121,473
4122,-25
4123,673
4124,-75
4125,525
4126,673
4127,-225
4128,623
4129,571
4130,673
4131,523
4132,375
4133,348
4134,296
4135,400
4136,625
4137,375
4138,-125
4139,400
4140,673
4141,-125
4142,673
4143,471
4144,373
4145,550
4146,671
4147,675
4148,623
4149,-125
4150,375
4151,250
4152,625
4153,550
4154,673
4155,675
4156,625
4157,525
4158,523
4159,550
4160,675
4161,-129
4162,625
4163,621
4164,225
4165,-100
4166,425
4167,671
4168,673
4169,573
4170,475
4171,675
4172,275
4173,675
4174,425
4175,625
4176,550
4177,675
4178,350
4179,623
4180,675
4181,575
4182,625
4183,673
4184,623
4185,-125
4186,-75
4187,625
4188,500
4189,400
4190,625
4191,-75
4192,675
4193,523
4194,623
4195,575
4196,225
4197,571
4198,625
4199,400
4200,675
4201,-79
4202,673
4203,525
4204,525
4205,675
4206,623
4207,573
4208,275
4209,425
4210,671
4211,625
4212,675
4213,625
4214,675
4215,423
4216,-335
4217,525
4218,575
4219,275
4220,675
4221,675
4222,423
4223,625
4224,575
4225,-2
4226,673
4227,675
4228,675
4229,623
4230,675
4231,675
4232,425
4233,-75
4234,675
4235,-200
4236,625
4237,573
4238,675
4239,623
4240,673
4241,400
4242,675
4243,150
4244,625
4245,675
4246,375
4247,675
4248,425
4249,675
4250,675
4251,675
4252,675
4253,-77
4254,-50
4255,573
4256,400
4257,-75
4258,625
4259,621
4260,675
4261,150
4262,-302
4263,673
4264,525
4265,573
4266,-25
4267,675
4268,573
4269,623
4270,350
4271,-75
4272,621
4273,425
4274,675
4275,625
4276,625
4277,-35
4278,675
4279,-27
4280,423
4281,-75
4282,-25
4283,-25
4284,-25
4285,675
4286,673
4287,675
4288,621
4289,400
4290,625
4291,523
4292,-25
4293,-29
4294,575
4295,471
4296,-125
4297,-127
4298,348
4299,-125
4300,673
4301,398
4302,673
4303,623
4304,-75
4305,675
4306,671
4307,573
4308,675
4309,675
4310,398
4311,675
4312,675
4313,350
4314,425
4315,475
4316,575
4317,575
4318,248
4319,625
4320,673
4321,625
4322,400
4323,675
4324,675
4325,675
4326,675
4327,-125
4328,675
4329,625
4330,400
4331,675
4332,675
4333,673
4334,625
4335,625
4336,-127
4337,-25
4338,571
4339,625
4340,450
4341,-127
4342,623
4343,673
4344,675
4345,423
4346,575
4347,675
4348,621
4349,525
4350,673
4351,571
4352,523
4353,675
4354,673
4355,673
4356,673
4357,-27
4358,621
4359,-77
4360,325
4361,675
4362,623
4363,575
4364,675
4365,-29
4366,623
4367,673
4368,625
4369,575
4370,675
4371,671
4372,625
4373,673
4374,575
4375,-77
4376,675
4377,625
4378,623
4379,-79
4380,675
4381,-125
4382,675
4383,-25
4384,623
4385,575
4386,617
4387,525
4388,-75
4389,575
4390,675
4391,625
4392,275
4393,350
4394,675
4395,425
4396,625
4397,525
4398,625
4399,425
4400,575
4401,675
4402,300
4403,675
4404,573
4405,673
4406,623
4407,473
4408,625
4409,550
4410,675
4411,671
4412,375
4413,525
4414,-125
4415,673
4416,675
4417,575
4418,675
4419,523
4420,675
4421,375
4422,623
4423,323
4424,-75
4425,675
4426,-25
4427,575
4428,523
4429,373
4430,675
4431,525
4432,573
4433,-75
4434,675
4435,575
4436,575
4437,671
4438,498
4439,350
4440,-125
4441,-25
4442,-25
4443,575
4444,400
4445,625
4446,498
4447,625
4448,675
4449,575
4450,375
4451,400
4452,550
4453,398
4454,625
4455,400
4456,571
4457,500
4458,625
4459,-25
4460,375
4461,-25
4462,575
4463,623
4464,675
4465,621
4466,625
4467,675
4468,423
4469,673
4470,498
4471,550
4472,575
4473,-77
4474,675
4475,673
4476,675
4477,573
4478,425
4479,525
4480,-100
4481,-125
4482,675
4483,675
4484,625
4485,573
4486,425
4487,625
4488,625
4489,375
4490,625
4491,625
4492,575
4493,675
4494,575
4495,575
4496,673
4497,623
4498,575
4499,523
4500,675
4501,625
4502,425
4503,625
4504,550
4505,-27
4506,-27
4507,425
4508,623
4509,575
4510,550
4511,523
4512,-25
4513,575
4514,-127
4515,675
4516,498
4517,623
4518,675
4519,-75
4520,550
4521,675
4522,675
4523,625
4524,-125
4525,625
4526,-29
4527,623
4528,-129
4529,621
4530,423
4531,673
4532,523
4533,675
4534,-25
4535,525
4536,-125
4537,-27
4538,673
4539,575
4540,575
4541,571
4542,625
4543,575
4544,-75
4545,675
4546,625
4547,-25
4548,675
4549,625
4550,-175
4551,673
4552,425
4553,621
4554,675
4555,-125
4556,425
4557,673
4558,-125
4559,675
4560,521
4561,398
4562,625
4563,623
4564,-100
4565,573
4566,675
4567,-125
4568,573
4569,675
4570,525
4571,-75
4572,621
4573,-77
4574,669
4575,-125
4576,548
4577,373
4578,-127
4579,625
4580,348
4581,675
4582,625
4583,-27
4584,675
4585,475
4586,-177
4587,-75
4588,675
4589,675
4590,-75
4591,625
4592,-79
4593,350
4594,673
4595,-125
4596,621
4597,-29
4598,625
4599,475
4600,673
4601,-125
4602,673
4603,623
4604,-25
4605,675
4606,-75
4607,-31
4608,623
4609,625
4610,-75
4611,523
4612,371
4613,-79
4614,625
4615,425
4616,400
4617,-127
4618,-27
4619,675
4620,325
4621,623
4622,625
4623,673
4624,525
4625,675
4626,675
4627,673
4628,575
4629,475
4630,-127
4631,675
4632,675
4633,325
4634,-125
4635,625
4636,625
4637,573
4638,675
4639,675
4640,475
4641,673
4642,-127
4643,-127
4644,675
4645,548
4646,675
4647,525
4648,100
4649,425
4650,675
4651,675
4652,-125
4653,575
4654,625
4655,-75
4656,625
4657,-75
4658,673
4659,575
4660,400
4661,475
4662,498
4663,675
4664,425
4665,675
4666,575
4667,621
4668,375
4669,625
4670,275
4671,675
4672,673
4673,625
4674,575
4675,-179
4676,575
4677,675
4678,-125
4679,575
4680,625
4681,675
4682,546
4683,-177
4684,571
4685,625
4686,550
4687,348
4688,675
4689,-27
4690,400
4691,673
4692,425
4693,373
4694,675
4695,675
4696,425
4697,-175
4698,525
4699,-175
4700,625
4701,625
4702,575
4703,-125
4704,625
4705,625
4706,625
4707,575
4708,675
4709,625
4710,400
4711,625
4712,675
4713,373
4714,575
4715,625
4716,-100
4717,323
4718,523
4719,675
4720,525
4721,623
4722,300
4723,573
4724,475
4725,675
4726,625
4727,625
4728,523
4729,-175
4730,625
4731,-125
4732,-127
4733,625
4734,675
4735,-125
4736,673
4737,523
4738,625
4739,675
4740,573
4741,625
4742,575
4743,-125
4744,673
4745,675
4746,500
4747,-127
4748,521
4749,675
4750,523
4751,375
4752,-25
4753,-302
4754,421
4755,573
4756,473
4757,671
4758,450
4759,675
4760,675
4761,675
4762,675
4763,673
4764,675
4765,675
4766,625
4767,425
4768,575
4769,621
4770,675
4771,623
4772,623
4773,-100
4774,575
4775,573
4776,-75
4777,625
4778,623
4779,625
4780,625
4781,475
4782,623
4783,623
4784,425
4785,625
4786,625
4787,-2
4788,400
4789,625
4790,-175
4791,550
4792,-81
4793,-77
4794,575
4795,-27
4796,325
4797,-125
4798,669
4799,-125
4800,675
4801,675
4802,575
4803,-125
4804,525
4805,675
4806,398
4807,300
4808,525
4809,575
4810,675
4811,-125
4812,625
4813,625
4814,625
4815,350
4816,400
4817,625
4818,-125
4819,671
4820,-250
4821,625
4822,500
4823,621
4824,-125
4825,621
4826,673
4827,623
4828,550
4829,673
4830,673
4831,673
4832,625
4833,-175
4834,675
4835,-125
4836,-125
4837,675
4838,-25
4839,-125
4840,473
4841,675
4842,675
4843,675
4844,571
4845,675
4846,675
4847,625
4848,623
4849,300
4850,275
4851,348
4852,-75
4853,675
4854,425
4855,625
4856,423
4857,625
4858,450
4859,425
4860,525
4861,625
4862,325
4863,-75
4864,625
4865,675
4866,675
4867,-75
4868,473
4869,425
4870,523
4871,675
4872,675
4873,675
4874,-75
4875,571
4876,-75
4877,623
4878,675
4879,525
4880,673
4881,675
4882,675
4883,625
4884,523
4885,-75
4886,675
4887,473
4888,525
4889,425
4890,571
4891,473
4892,475
4893,-227
4894,625
4895,-75
4896,623
4897,423
4898,425
4899,-29
4900,575
4901,-27
4902,625
4903,675
4904,625
4905,621
4906,675
4907,675
4908,425
4909,675
4910,-75
4911,-29
4912,-75
4913,675
4914,521
4915,675
4916,675
4917,675
4918,-125
4919,675
4920,625
4921,675
4922,675
4923,198
4924,-125
4925,673
4926,625
4927,-177
4928,521
4929,675
4930,-75
4931,-125
4932,573
4933,675
4934,675
4935,625
4936,675
4937,425
4938,675
4939,575
4940,573
4941,675
4942,625
4943,625
4944,675
4945,-75
4946,665
4947,625
4948,-129
4949,571
4950,673
4951,-75
4952,675
4953,423
4954,-25
4955,625
4956,275
4957,675
4958,675
4959,625
4960,675
4961,675
4962,671
4963,525
4964,-77
4965,525
4966,473
4967,623
4968,-75
4969,575
4970,-125
4971,673
4972,-25
4973,500
4974,673
4975,673
4976,425
4977,625
4978,248
4979,675
4980,475
4981,548
4982,400
4983,675
4984,675
4985,575
4986,-125
4987,675
4988,673
4989,525
4990,-77
4991,675
4992,675
4993,625
4994,675
4995,525
4996,675
4997,-27
4998,-125
4999,675
5000,-75
5001,675
5002,575
5003,-77
5004,573
5005,675
5006,521
5007,675
5008,444
5009,675
5010,375
5011,450
5012,523
5013,-75
5014,425
5015,400
5016,548
5017,625
5018,675
5019,673
5020,425
5021,-29
5022,525
5023,675
5024,525
5025,625
5026,623
5027,425
5028,475
5029,525
5030,-77
5031,675
5032,675
5033,-125
5034,573
5035,425
5036,-352
5037,673
5038,473
5039,575
5040,623
5041,525
5042,675
5043,575
5044,-29
5045,-125
5046,675
5047,400
5048,-81
5049,250
5050,671
5051,675
5052,675
5053,675
5054,600
5055,23
5056,675
5057,-25
5058,-27
5059,675
5060,-100
5061,-77
5062,673
5063,671
5064,625
5065,523
5066,673
5067,-125
5068,-125
5069,-77
5070,475
5071,523
5072,675
5073,625
5074,675
5075,623
5076,525
5077,625
5078,425
5079,-127
5080,675
5081,675
5082,350
5083,348
5084,675
5085,425
5086,450
5087,-125
5088,425
5089,500
5090,675
5091,-54
5092,-75
5093,671
5094,675
5095,625
5096,623
5097,-75
5098,623
5099,398
5100,625
5101,-75
5102,573
5103,400
5104,675
5105,-175
5106,625
5107,623
5108,675
5109,623
5110,575
5111,675
5112,525
5113,675
5114,-27
5115,500
5116,521
5117,675
5118,425
5119,350
5120,498
5121,675
5122,673
5123,673
5124,500
5125,675
5126,425
5127,-125
5128,575
5129,625
5130,-75
5131,625
5132,625
5133,425
5134,-125
5135,675
5136,673
5137,673
5138,-27
5139,575
5140,573
5141,675
5142,675
5143,625
5144,575
5145,50
5146,675
5147,675
5148,625
5149,348
5150,-27
5151,673
5152,625
5153,473
5154,425
5155,525
5156,675
5157,675
5158,625
5159,671
5160,625
5161,625
5162,523
5163,-125
5164,-77
5165,675
5166,-202
5167,-77
5168,625
5169,623
5170,623
5171,675
5172,675
5173,625
5174,425
5175,-125
5176,621
5177,523
5178,621
5179,521
5180,625
5181,575
5182,250
5183,298
5184,625
5185,675
5186,675
5187,623
5188,673
5189,675
5190,675
5191,625
5192,625
5193,-77
5194,550
5195,625
5196,673
5197,625
5198,625
5199,150
5200,425
5201,-277
5202,625
5203,-75
5204,0
5205,-127
5206,625
5207,-125
5208,475
5209,-100
5210,625
5211,625
5212,675
5213,623
5214,575
5215,675
5216,500
5217,573
5218,-125
5219,346
5220,-77
5221,-77
5222,-75
5223,625
5224,575
5225,-125
5226,425
5227,625
5228,-125
5229,373
5230,571
5231,675
5232,-83
5233,625
5234,573
5235,675
5236,671
5237,675
5238,400
5239,448
5240,-25
5241,623
5242,325
5243,625
5244,425
5245,675
5246,473
5247,523
5248,300
5249,675
5250,398
5251,-125
5252,625
5253,675
5254,675
5255,621
5256,467
5257,575
5258,575
5259,-125
5260,625
5261,673
5262,675
5263,-75
5264,673
5265,675
5266,425
5267,625
5268,525
5269,625
5270,500
5271,625
5272,675
5273,575
5274,625
5275,675
5276,673
5277,575
5278,400
5279,675
5280,-125
5281,-131
5282,625
5283,400
5284,573
5285,575
5286,-27
5287,-150
5288,375
5289,675
5290,523
5291,-27
5292,523
5293,623
5294,623
5295,625
5296,525
5297,573
5298,275
5299,625
5300,525
5301,675
5302,348
5303,575
5304,575
5305,675
5306,525
5307,-225
5308,623
5309,625
5310,673
5311,675
5312,-75
5313,675
5314,623
5315,425
5316,675
5317,625
5318,-75
5319,625
5320,375
5321,625
5322,675
5323,425
5324,400
5325,-125
5326,-125
5327,525
5328,423
5329,673
5330,-25
5331,673
5332,521
5333,673
5334,625
5335,625
5336,625
5337,673
5338,673
5339,325
5340,-77
5341,-77
5342,300
5343,671
5344,675
5345,675
5346,100
5347,-127
5348,675
5349,675
5350,625
5351,-127
5352,623
5353,673
5354,425
5355,675
5356,623
5357,625
5358,673
5359,625
5360,625
5361,673
5362,675
5363,575
5364,423
5365,375
5366,200
5367,675
5368,575
5369,375
5370,675
5371,425
5372,625
5373,-25
5374,575
5375,675
5376,675
5377,525
5378,-127
5379,423
5380,-29
5381,623
5382,673
5383,625
5384,675
5385,675
5386,623
5387,675
5388,523
5389,625
5390,625
5391,625
5392,-125
5393,673
5394,525
5395,625
5396,525
5397,-29
5398,-75
5399,400
5400,525
5401,673
5402,625
5403,675
5404,675
5405,-125
5406,673
5407,-175
5408,675
5409,-75
5410,350
5411,525
5412,498
5413,525
5414,-277
5415,600
5416,671
5417,675
5418,671
5419,675
5420,625
5421,573
5422,675
5423,673
5424,575
5425,625
5426,425
5427,575
5428,-100
5429,550
5430,-75
5431,625
5432,525
5433,675
5434,675
5435,675
5436,675
5437,375
5438,525
5439,573
5440,675
5441,625
5442,575
5443,625
5444,525
5445,373
5446,523
5447,548
5448,625
5449,675
5450,621
5451,625
5452,675
5453,575
5454,-125
5455,400
5456,573
5457,675
5458,575
5459,623
5460,525
5461,575
5462,625
5463,321
5464,573
5465,673
5466,673
5467,625
5468,-75
5469,550
5470,625
5471,675
5472,621
5473,48
5474,-75
5475,471
5476,-129
5477,-77
5478,675
5479,-125
5480,575
5481,548
5482,296
5483,675
5484,-250
5485,471
5486,675
5487,625
5488,-75
5489,425
5490,573
5491,673
5492,625
5493,423
5494,-125
5495,473
5496,400
5497,675
5498,98
5499,675
5500,625
5501,-125
5502,675
5503,-125
5504,-75
5505,475
5506,675
5507,300
5508,475
5509,625
5510,675
5511,625
5512,625
5513,675
5514,-127
5515,575
5516,571
5517,675
5518,-27
5519,625
5520,-31
5521,625
5522,675
5523,400
5524,625
5525,50
5526,575
5527,675
5528,675
5529,675
5530,625
5531,675
5532,675
5533,-329
5534,-25
5535,675
5536,-125
5537,425
5538,550
5539,675
5540,673
5541,425
5542,-125
5543,675
5544,625
5545,350
5546,425
5547,675
5548,675
5549,673
5550,675
5551,675
5552,550
5553,623
5554,-177
5555,623
5556,673
5557,623
5558,673
5559,625
5560,475
5561,448
5562,625
5563,425
5564,623
5565,673
5566,675
5567,675
5568,575
5569,625
5570,623
5571,400
5572,-127
5573,673
5574,575
5575,669
5576,-81
5577,675
5578,621
5579,623
5580,575
5581,673
5582,-25
5583,-252
5584,-175
5585,625
5586,675
5587,523
5588,-75
5589,-125
5590,523
5591,575
5592,523
5593,573
5594,625
5595,625
5596,575
5597,375
5598,675
5599,623
5600,625
5601,573
5602,625
5603,-25
5604,573
5605,-127
5606,573
5607,575
5608,625
5609,525
5610,298
5611,348
5612,575
5613,-175
5614,575
5615,673
5616,625
5617,675
5618,675
5619,371
5620,625
5621,675
5622,625
5623,573
5624,675
5625,673
5626,675
5627,675
5628,623
5629,-300
5630,625
5631,523
5632,-125
5633,675
5634,-252
5635,-75
5636,675
5637,398
5638,675
5639,525
5640,675
5641,675
5642,523
5643,575
5644,671
5645,523
5646,575
5647,675
5648,625
5649,425
5650,621
5651,625
5652,625
5653,350
5654,625
5655,625
5656,675
5657,573
5658,350
5659,575
5660,525
5661,398
5662,625
5663,575
5664,675
5665,575
5666,-75
5667,494
5668,575
5669,625
5670,-25
5671,-25
5672,675
5673,-79
5674,-125
5675,673
5676,400
5677,575
5678,675
5679,675
5680,625
5681,625
5682,623
5683,625
5684,675
5685,675
5686,573
5687,625
5688,473
5689,-75
5690,575
5691,575
5692,298
5693,625
5694,-75
5695,625
5696,523
5697,423
5698,498
5699,400
5700,623
5701,-75
5702,675
5703,623
5704,673
5705,550
5706,573
5707,-25
5708,198
5709,625
5710,675
5711,-125
5712,525
5713,-125
5714,-25
5715,625
5716,-25
5717,550
5718,623
5719,625
5720,-127
5721,625
5722,625
5723,675
5724,625
5725,-125
5726,575
5727,621
5728,625
5729,675
5730,246
5731,348
5732,-75
5733,400
5734,675
5735,625
5736,400
5737,-75
5738,617
5739,675
5740,625
5741,-127
5742,221
5743,-25
5744,23
5745,571
5746,673
5747,-125
5748,675
5749,621
5750,625
5751,625
5752,675
5753,-125
5754,475
5755,575
5756,573
5757,523
5758,375
5759,675
5760,625
5761,-52
5762,625
5763,675
5764,675
5765,575
5766,-27
5767,475
5768,675
5769,348
5770,623
5771,625
5772,673
5773,673
5774,475
5775,425
5776,625
5777,-25
5778,323
5779,623
5780,0
5781,625
5782,400
5783,-75
5784,400
5785,673
5786,623
5787,-150
5788,673
5789,-129
5790,625
5791,675
5792,250
5793,-127
5794,623
5795,-125
5796,675
5797,-125
5798,-125
5799,675
5800,625
5801,675
5802,673
5803,625
5804,-125
5805,675
5806,575
5807,673
5808,575
5809,675
5810,675
5811,625
5812,-75
5813,400
5814,-127
5815,675
5816,-75
5817,675
5818,523
5819,323
5820,675
5821,675
5822,398
5823,675
5824,-125
5825,673
5826,375
5827,625
5828,675
5829,575
5830,425
5831,200
5832,475
5833,675
5834,675
5835,-25
5836,-77
5837,369
5838,525
5839,525
5840,-127
5841,675
5842,525
5843,-75
5844,525
5845,575
5846,523
5847,475
5848,425
5849,348
5850,-125
5851,-125
5852,-181
5853,673
5854,350
5855,575
5856,-127
5857,550
5858,423
5859,675
5860,675
5861,675
5862,625
5863,625
5864,-75
5865,423
5866,-127
5867,671
5868,475
5869,625
5870,300
5871,550
5872,675
5873,625
5874,675
5875,673
5876,673
5877,250
5878,673
5879,625
5880,-175
5881,625
5882,375
5883,621
5884,675
5885,550
5886,625
5887,-77
5888,-75
5889,623
5890,523
5891,225
5892,675
5893,625
5894,625
5895,675
5896,425
5897,325
5898,625
5899,675
5900,625
5901,625
5902,400
5903,-127
5904,475
5905,623
5906,425
5907,625
5908,-125
5909,575
5910,421
5911,625
5912,625
5913,675
5914,675
5915,675
5916,-25
5917,675
5918,-27
5919,569
5920,398
5921,473
5922,-125
5923,573
5924,492
5925,275
5926,-125
5927,675
5928,625
5929,448
5930,625
5931,400
5932,675
5933,675
5934,675
5935,400
5936,346
5937,273
5938,423
5939,-25
5940,523
5941,625
5942,675
5943,675
5944,-75
5945,-125
5946,-75
5947,-27
5948,500
5949,621
5950,523
5951,673
5952,-75
5953,575
5954,573
5955,521
5956,625
5957,-29
5958,675
5959,625
5960,625
5961,625
5962,625
5963,-75
5964,575
5965,325
5966,523
5967,-75
5968,673
5969,675
5970,675
5971,675
5972,473
5973,473
5974,525
5975,625
5976,673
5977,675
5978,625
5979,675
5980,-125
5981,-77
5982,425
5983,621
5984,-77
5985,400
5986,673
5987,675
5988,0
5989,675
5990,625
5991,625
5992,673
5993,398
5994,125
5995,625
5996,623
5997,625
5998,675
5999,-125
6000,625
6001,523
6002,623
6003,-29
6004,625
6005,425
6006,673
6007,525
6008,623
6009,675
6010,225
6011,625
6012,375
6013,-250
6014,550
6015,675
6016,625
6017,619
6018,675
6019,573
6020,675
6021,573
6022,421
6023,575
6024,575
6025,-125
6026,675
6027,475
6028,673
6029,673
6030,623
6031,525
6032,-129
6033,-75
6034,673
6035,675
6036,500
6037,-75
6038,-125
6039,675
6040,673
6041,675
6042,523
6043,675
6044,-25
6045,-79
6046,573
6047,625
6048,425
6049,-75
6050,-127
6051,-79
6052,521
6053,298
6054,296
6055,-125
6056,425
6057,675
6058,673
6059,673
6060,623
6061,425
6062,-25
6063,573
6064,675
6065,425
6066,523
6067,675
6068,625
6069,525
6070,25
6071,550
6072,625
6073,525
6074,400
6075,623
6076,-29
6077,625
6078,-204
6079,400
6080,623
6081,398
6082,575
6083,-125
6084,-77
6085,525
6086,-25
6087,623
6088,675
6089,625
6090,0
6091,625
6092,-75
6093,-127
6094,625
6095,550
6096,-125
6097,625
6098,573
6099,625
6100,621
6101,573
6102,-125
6103,525
6104,625
6105,673
6106,575
6107,471
6108,625
6109,398
6110,600
6111,675
6112,400
6113,325
6114,475
6115,-75
6116,-77
6117,675
6118,475
6119,425
6120,525
6121,473
6122,575
6123,675
6124,571
6125,625
6126,675
6127,473
6128,-75
6129,575
6130,675
6131,-125
6132,675
6133,-127
6134,-75
6135,573
6136,675
6137,675
6138,271
6139,675
6140,625
6141,-77
6142,575
6143,625
6144,-125
6145,425
6146,675
6147,675
6148,623
6149,548
6150,675
6151,623
6152,523
6153,575
6154,575
6155,625
6156,625
6157,-125
6158,625
6159,571
6160,673
6161,673
6162,573
6163,675
6164,-125
6165,675
6166,575
6167,573
6168,523
6169,675
6170,625
6171,675
6172,400
6173,675
6174,323
6175,675
6176,675
6177,-200
6178,500
6179,500
6180,675
6181,675
6182,350
6183,475
6184,675
6185,496
6186,500
6187,675
6188,-77
6189,523
6190,525
6191,-127
6192,475
6193,669
6194,-125
6195,625
6196,-75
6197,625
6198,675
6199,625
6200,625
6201,575
6202,675
6203,423
6204,519
6205,-127
6206,573
6207,375
6208,423
6209,623
6210,571
6211,-125
6212,575
6213,675
6214,673
6215,521
6216,200
6217,675
6218,400
6219,575
6220,675
6221,625
6222,-25
6223,675
6224,-75
6225,675
6226,425
6227,-275
6228,425
6229,671
6230,673
6231,-125
6232,-177
6233,675
6234,625
6235,-125
6236,398
6237,348
6238,625
6239,625
6240,575
6241,500
6242,-27
6243,673
6244,623
6245,-127
6246,575
6247,675
6248,675
6249,575
6250,575
6251,-75
6252,-175
6253,-125
6254,425
6255,675
6256,475
6257,675
6258,-125
6259,425
6260,-125
6261,400
6262,521
6263,575
6264,623
6265,-75
6266,198
6267,625
6268,675
6269,573
6270,500
6271,425
6272,623
6273,-75
6274,498
6275,421
6276,575
6277,573
6278,625
6279,-125
6280,575
6281,573
6282,675
6283,625
6284,573
6285,-177
6286,523
6287,-75
6288,-75
6289,625
6290,100
6291,575
6292,325
6293,575
6294,575
6295,675
6296,575
6297,346
6298,675
6299,625
6300,371
6301,675
6302,-75
6303,625
6304,625
6305,525
6306,400
6307,675
6308,223
6309,475
6310,573
6311,-200
6312,550
6313,625
6314,625
6315,375
6316,675
6317,-79
6318,675
6319,623
6320,675
6321,673
6322,675
6323,675
6324,523
6325,623
6326,523
6327,198
6328,675
6329,675
6330,-225
6331,675
6332,575
6333,625
6334,400
6335,675
6336,525
6337,675
6338,400
6339,-200
6340,-125
6341,673
6342,575
6343,525
6344,675
6345,425
6346,625
6347,675
6348,25
6349,573
6350,275
6351,-25
6352,673
6353,473
6354,675
6355,571
6356,623
6357,-125
6358,575
6359,-75
6360,673
6361,625
6362,425
6363,575
6364,625
6365,575
6366,-27
6367,575
6368,425
6369,675
6370,575
6371,619
6372,675
6373,675
6374,673
6375,675
6376,675
6377,623
6378,625
6379,675
6380,675
6381,400
6382,550
6383,675
6384,175
6385,625
6386,625
6387,675
6388,625
6389,671
6390,625
6391,675
6392,675
6393,621
6394,621
6395,675
6396,625
6397,625
6398,675
6399,-125
6400,675
6401,523
6402,675
6403,675
6404,573
6405,-75
6406,-27
6407,-75
6408,298
6409,473
6410,675
6411,-2
6412,623
6413,-25
6414,-25
6415,575
6416,675
6417,198
6418,673
6419,-125
6420,500
6421,675
6422,625
6423,675
6424,575
6425,675
6426,625
6427,675
6428,-25
6429,625
6430,400
6431,675
6432,-75
6433,575
6434,-75
6435,-77
6436,521
6437,675
6438,671
6439,671
6440,423
6441,425
6442,675
6443,625
6444,675
6445,575
6446,-125
6447,675
6448,-77
6449,525
6450,623
6451,625
6452,675
6453,319
6454,675
6455,-129
6456,625
6457,-77
6458,671
6459,571
6460,546
6461,675
6462,625
6463,-100
6464,675
6465,675
6466,675
6467,350
6468,-77
6469,-77
6470,525
6471,673
6472,673
6473,-25
6474,675
6475,398
6476,675
6477,-125
6478,675
6479,673
6480,625
6481,675
6482,-127
6483,-79
6484,400
6485,423
6486,625
6487,675
6488,450
6489,350
6490,573
6491,523
6492,-75
6493,675
6494,675
6495,675
6496,675
6497,625
6498,625
6499,575
6500,-127
6501,400
6502,623
6503,573
6504,425
6505,296
6506,675
6507,675
6508,-125
6509,425
6510,600
6511,673
6512,625
6513,623
6514,525
6515,625
6516,-79
6517,250
6518,575
6519,673
6520,671
6521,448
6522,-75
6523,625
6524,625
6525,675
6526,573
6527,575
6528,425
6529,25
6530,625
6531,673
6532,-77
6533,-125
6534,623
6535,-125
6536,-125
6537,-125
6538,675
6539,-75
6540,673
6541,673
6542,350
6543,675
6544,675
6545,-27
6546,425
6547,571
6548,475
6549,673
6550,-75
6551,675
6552,575
6553,575
6554,400
6555,673
6556,375
6557,-25
6558,625
6559,-125
6560,550
6561,675
6562,673
6563,675
6564,150
6565,375
6566,500
6567,675
6568,673
6569,423
6570,675
6571,625
6572,550
6573,675
6574,575
6575,575
6576,675
6577,673
6578,675
6579,-75
6580,675
6581,675
6582,475
6583,575
6584,446
6585,625
6586,375
6587,323
6588,675
6589,425
6590,675
6591,673
6592,419
6593,675
6594,575
6595,675
6596,-29
6597,-127
6598,625
6599,675
6600,-125
6601,625
6602,675
6603,550
6604,623
6605,-25
6606,573
6607,671
6608,625
6609,675
6610,675
6611,575
6612,625
6613,575
6614,500
6615,-75
6616,673
6617,325
6618,675
6619,625
6620,675
6621,-129
6622,625
6623,625
6624,625
6625,625
6626,625
6627,623
6628,671
6629,625
6630,573
6631,50
6632,573
6633,673
6634,425
6635,525
6636,675
6637,425
6638,623
6639,473
6640,623
6641,675
6642,-27
6643,575
6644,623
6645,625
6646,-77
6647,300
6648,475
6649,673
6650,623
6651,573
6652,623
6653,625
6654,348
6655,473
6656,623
6657,625
6658,675
6659,675
6660,623
6661,675
6662,675
6663,619
6664,625
6665,625
6666,675
6667,523
6668,573
6669,575
6670,-125
6671,500
6672,625
6673,625
6674,625
6675,525
6676,673
6677,-27
6678,675
6679,-127
6680,425
6681,675
6682,623
6683,348
6684,425
6685,671
6686,675
6687,625
6688,-100
6689,-75
6690,-125
6691,625
6692,550
6693,298
6694,673
6695,625
6696,569
6697,625
6698,150
6699,625
6700,525
6701,675
6702,675
6703,523
6704,450
6705,675
6706,675
6707,625
6708,625
6709,473
6710,-125
6711,-125
6712,673
6713,625
6714,675
6715,475
6716,625
6717,575
6718,-177
6719,675
6720,625
6721,675
6722,675
6723,675
6724,623
6725,-29
6726,-125
6727,550
6728,-125
6729,-27
6730,-25
6731,-25
6732,-75
6733,673
6734,675
6735,625
6736,575
6737,350
6738,675
6739,450
6740,673
6741,673
6742,675
6743,575
6744,625
6745,-125
6746,-131
6747,625
6748,348
6749,675
6750,625
6751,675
6752,-77
6753,671
6754,523
6755,675
6756,675
6757,525
6758,675
6759,525
6760,675
6761,675
6762,600
6763,569
6764,625
6765,575
6766,-125
6767,500
6768,675
6769,675
6770,623
6771,0
6772,675
6773,573
6774,400
6775,525
6776,-77
6777,525
6778,600
6779,625
6780,625
6781,350
6782,675
6783,375
6784,675
6785,625
6786,673
6787,675
6788,-127
6789,625
6790,675
6791,475
6792,-125
6793,-125
6794,625
6795,525
6796,673
6797,-125
6798,525
6799,675
6800,-75
6801,525
6802,475
6803,-125
6804,548
6805,350
6806,475
6807,675
6808,625
6809,675
6810,573
6811,625
6812,-125
6813,-77
6814,525
6815,48
6816,621
6817,-52
6818,-27
6819,467
6820,425
6821,623
6822,94
6823,400
6824,523
6825,523
6826,-31
6827,500
6828,375
6829,400
6830,625
6831,573
6832,-125
6833,-125
6834,273
6835,573
6836,675
6837,675
6838,475
6839,550
6840,375
6841,575
6842,525
6843,575
6844,573
6845,625
6846,525
6847,-177
6848,-125
6849,571
6850,675
6851,623
6852,-27
6853,475
6854,373
6855,-129
6856,-75
6857,625
6858,625
6859,500
6860,675
6861,675
6862,673
6863,348
6864,-477
6865,675
6866,675
6867,346
6868,575
6869,571
6870,673
6871,573
6872,-125
6873,625
6874,-179
6875,-125
6876,673
6877,625
6878,673
6879,-125
6880,675
6881,473
6882,525
6883,675
6884,548
6885,675
6886,473
6887,-77
6888,621
6889,550
6890,575
6891,625
6892,673
6893,-177
6894,523
6895,623
6896,625
6897,-29
6898,-175
6899,425
6900,525
6901,675
6902,550
6903,525
6904,575
6905,575
6906,625
6907,273
6908,675
6909,-175
6910,675
6911,673
6912,675
6913,625
6914,250
6915,625
6916,-129
6917,625
6918,675
6919,625
6920,573
6921,-75
6922,523
6923,673
6924,623
6925,621
6926,575
6927,625
6928,598
6929,675
6930,625
6931,425
6932,469
6933,498
6934,250
6935,-125
6936,575
6937,625
6938,673
6939,675
6940,675
6941,523
6942,346
6943,675
6944,673
6945,-25
6946,525
6947,675
6948,-250
6949,671
6950,625
6951,623
6952,371
6953,300
6954,623
6955,-125
6956,669
6957,625
6958,525
6959,-125
6960,350
6961,621
6962,675
6963,623
6964,375
6965,500
6966,625
6967,625
6968,-75
6969,125
6970,623
6971,-125
6972,675
6973,-100
6974,-125
6975,550
6976,625
6977,675
6978,-125
6979,675
6980,525
6981,671
6982,675
6983,223
6984,73
6985,475
6986,425
6987,400
6988,525
6989,673
6990,-75
6991,675
6992,673
6993,400
6994,621
6995,525
6996,-125
6997,621
6998,673
6999,675
7000,-27
7001,675
7002,673
7003,400
7004,675
7005,-125
7006,675
7007,575
7008,375
7009,673
7010,571
7011,548
7012,525
7013,673
7014,425
7015,623
7016,673
7017,575
7018,623
7019,-27
7020,625
7021,625
7022,625
7023,675
7024,-125
7025,625
7026,550
7027,675
7028,671
7029,573
7030,675
7031,675
7032,448
7033,623
7034,623
7035,475
7036,675
7037,675
7038,675
7039,625
7040,-125
7041,625
7042,675
7043,675
7044,675
7045,425
7046,-127
7047,575
7048,-127
7049,625
7050,425
7051,575
7052,675
7053,673
7054,-125
7055,448
7056,-125
7057,0
7058,675
7059,621
7060,525
7061,673
7062,675
7063,323
7064,625
7065,550
7066,675
7067,-125
7068,-75
7069,348
7070,448
7071,675
7072,248
7073,573
7074,-125
7075,100
7076,675
7077,675
7078,575
7079,623
7080,675
7081,575
7082,673
7083,675
7084,673
7085,-125
7086,275
7087,-25
7088,-29
7089,675
7090,-25
7091,523
7092,-77
7093,198
7094,-77
7095,525
7096,625
7097,621
7098,248
7099,525
7100,675
7101,675
7102,625
7103,673
7104,675
7105,675
7106,673
7107,675
7108,494
7109,573
7110,-175
7111,525
7112,673
7113,671
7114,521
7115,675
7116,675
7117,400
7118,-75
7119,673
7120,425
7121,625
7122,-75
7123,675
7124,473
7125,623
7126,575
7127,575
7128,625
7129,675
7130,675
7131,575
7132,498
7133,-25
7134,-125
7135,675
7136,625
7137,-125
7138,623
7139,-25
7140,425
7141,625
7142,623
7143,625
7144,-125
7145,575
7146,-75
7147,675
7148,-77
7149,575
7150,675
7151,246
7152,-75
7153,675
7154,-27
7155,150
7156,675
7157,673
7158,625
7159,-127
7160,-33
7161,675
7162,-125
7163,575
7164,625
7165,675
7166,425
7167,575
7168,-125
7169,423
7170,623
7171,0
7172,571
7173,675
7174,675
7175,-125
7176,675
7177,675
7178,425
7179,625
7180,675
7181,575
7182,-125
7183,-125
7184,623
7185,675
7186,446
7187,675
7188,575
7189,475
7190,-200
7191,625
7192,-75
7193,673
7194,375
7195,675
7196,375
7197,-125
7198,500
7199,675
7200,-75
7201,275
7202,623
7203,675
7204,375
7205,325
7206,75
7207,-125
7208,-177
7209,500
7210,675
7211,675
7212,675
7213,625
7214,-129
7215,300
7216,625
7217,675
7218,-127
7219,675
7220,-175
7221,575
7222,471
7223,625
7224,623
7225,-125
7226,-29
7227,275
7228,425
7229,-125
7230,625
7231,675
7232,575
7233,400
7234,675
7235,625
7236,573
7237,673
7238,571
7239,673
7240,675
7241,-75
7242,248
7243,473
7244,673
7245,-125
7246,525
7247,673
7248,-75
7249,525
7250,675
7251,475
7252,575
7253,-75
7254,675
7255,675
7256,675
7257,-125
7258,675
7259,-125
7260,571
7261,675
7262,625
7263,525
7264,673
7265,673
7266,575
7267,475
7268,575
7269,573
7270,575
7271,390
7272,621
7273,675
7274,675
7275,625
7276,675
7277,625
7278,523
7279,675
7280,675
7281,325
7282,675
7283,675
7284,575
7285,75
7286,625
7287,-177
7288,625
7289,475
7290,575
7291,623
7292,-200
7293,625
7294,525
7295,625
7296,675
7297,673
7298,675
7299,525
7300,675
7301,575
7302,517
7303,675
7304,0
7305,575
7306,675
7307,523
7308,325
7309,-25
7310,675
7311,673
7312,675
7313,675
7314,675
7315,525
7316,675
7317,573
7318,-75
7319,-75
7320,-75
7321,625
7322,-125
7323,625
7324,671
7325,625
7326,425
7327,675
7328,675
7329,675
7330,623
7331,323
7332,-125
7333,675
7334,625
7335,625
7336,525
7337,-179
7338,675
7339,550
7340,625
7341,523
7342,625
7343,625
7344,675
7345,625
7346,675
7347,298
7348,550
7349,567
7350,675
7351,400
7352,675
7353,-200
7354,675
7355,673
7356,471
7357,573
7358,575
7359,450
7360,625
7361,623
7362,625
7363,623
7364,475
7365,425
7366,675
7367,500
7368,-125
7369,525
7370,675
7371,275
7372,671
7373,625
7374,671
7375,398
7376,575
7377,675
7378,625
7379,625
7380,623
7381,200
7382,575
7383,-75
7384,621
7385,675
7386,575
7387,-75
7388,-29
7389,-125
7390,675
7391,675
7392,225
7393,671
7394,300
7395,675
7396,625
7397,573
7398,623
7399,623
7400,300
7401,521
7402,675
7403,525
7404,625
7405,473
7406,298
7407,425
7408,-75
7409,625
7410,-27
7411,425
7412,675
7413,525
7414,-127
7415,673
7416,398
7417,675
7418,525
7419,325
7420,675
7421,575
7422,323
7423,621
7424,550
7425,575
7426,375
7427,425
7428,-25
7429,575
7430,625
7431,350
7432,673
7433,575
7434,673
7435,521
7436,573
7437,596
7438,675
7439,675
7440,625
7441,675
7442,675
7443,-125
7444,425
7445,571
7446,625
7447,675
7448,-125
7449,246
7450,675
7451,675
7452,675
7453,398
7454,-175
7455,675
7456,-125
7457,675
7458,675
7459,571
7460,673
7461,675
7462,675
7463,525
7464,-125
7465,-125
7466,350
7467,675
7468,675
7469,523
7470,675
7471,673
7472,625
7473,521
7474,525
7475,675
7476,-125
7477,625
7478,-125
7479,250
7480,375
7481,669
7482,675
7483,673
7484,475
7485,500
7486,575
7487,625
7488,625
7489,675
7490,575
7491,617
7492,-29
7493,346
7494,625
7495,350
7496,400
7497,475
7498,623
7499,675
7500,625
7501,275
7502,673
7503,575
7504,625
7505,625
7506,525
7507,525
7508,625
7509,575
7510,625
7511,-77
7512,-25
7513,675
7514,625
7515,498
7516,475
7517,573
7518,673
7519,550
7520,623
7521,621
7522,575
7523,625
7524,-152
7525,525
7526,675
7527,625
7528,673
7529,625
7530,675
7531,-75
7532,475
7533,675
7534,675
7535,675
7536,623
7537,425
7538,625
7539,-27
7540,-125
7541,350
7542,-75
7543,-77
7544,523
7545,225
7546,275
7547,675
7548,625
7549,-25
7550,675
7551,675
7552,675
7553,673
7554,675
7555,-125
7556,673
7557,473
7558,425
7559,673
7560,675
7561,623
7562,673
7563,-125
7564,625
7565,625
7566,423
7567,423
7568,-200
7569,673
7570,475
7571,573
7572,675
7573,571
7574,625
7575,671
7576,550
7577,523
7578,350
7579,600
7580,623
7581,671
7582,623
7583,625
7584,-125
7585,575
7586,575
7587,525
7588,573
7589,675
7590,675
7591,675
7592,675
7593,523
7594,575
7595,-125
7596,250
7597,623
7598,525
7599,-125
7600,623
7601,200
7602,675
7603,-75
7604,-125
7605,575
7606,-125
7607,675
7608,675
7609,498
7610,623
7611,623
7612,-75
7613,571
7614,575
7615,675
7616,-75
7617,675
7618,525
7619,675
7620,675
7621,625
7622,-77
7623,625
7624,425
7625,675
7626,-125
7627,575
7628,675
7629,573
7630,625
7631,675
7632,575
7633,625
7634,623
7635,521
7636,623
7637,621
7638,-125
7639,625
7640,673
7641,-25
7642,473
7643,575
7644,623
7645,550
7646,675
7647,-25
7648,-75
7649,675
7650,675
7651,625
7652,673
7653,675
7654,-125
7655,625
7656,575
7657,525
7658,673
7659,-75
7660,-125
7661,-75
7662,625
7663,573
7664,-25
7665,521
7666,621
7667,425
7668,675
7669,425
7670,671
7671,575
7672,-127
7673,675
7674,-125
7675,-75
7676,-27
7677,-175
7678,523
7679,675
7680,350
7681,-75
7682,573
7683,400
7684,396
7685,244
7686,-79
7687,375
7688,-200
7689,475
7690,294
7691,523
7692,575
7693,625
7694,575
7695,673
7696,-125
7697,523
7698,625
7699,-127
7700,673
7701,673
7702,-204
7703,423
7704,623
7705,-75
7706,573
7707,225
7708,373
7709,525
7710,-77
7711,400
7712,675
7713,675
7714,-125
7715,-25
7716,675
7717,-127
7718,673
7719,275
7720,623
7721,675
7722,675
7723,625
7724,-125
7725,623
7726,-79
7727,575
7728,575
7729,-125
7730,423
7731,-75
7732,675
7733,675
7734,675
7735,675
7736,573
7737,-200
7738,625
7739,573
7740,498
7741,625
7742,625
7743,473
7744,571
7745,569
7746,475
7747,325
7748,-125
7749,625
7750,-127
7751,400
7752,400
7753,675
7754,675
7755,-29
7756,525
7757,675
7758,-125
7759,671
7760,-77
7761,523
7762,-125
7763,625
7764,675
7765,575
7766,675
7767,-75
7768,675
7769,398
7770,394
7771,396
7772,398
7773,625
7774,625
7775,673
7776,150
7777,673
7778,350
7779,625
7780,625
7781,525
7782,475
7783,-125
7784,675
7785,673
7786,673
7787,-75
7788,625
7789,625
7790,296
7791,-79
7792,-75
7793,548
7794,625
7795,-25
7796,625
7797,575
7798,625
7799,425
7800,423
7801,671
7802,671
7803,671
7804,625
7805,298
7806,498
7807,675
7808,475
7809,625
7810,423
7811,675
7812,623
7813,623
7814,325
7815,375
7816,575
7817,621
7818,-25
7819,675
7820,-83
7821,625
7822,625
7823,575
7824,671
7825,525
7826,-75
7827,525
7828,425
7829,298
7830,-129
7831,669
7832,675
7833,625
7834,625
7835,573
7836,625
7837,623
7838,625
7839,473
7840,625
7841,525
7842,573
7843,521
7844,625
7845,575
7846,675
7847,623
7848,421
7849,623
7850,425
7851,573
7852,675
7853,-25
7854,675
7855,-77
7856,-127
7857,425
7858,250
7859,625
7860,675
7861,673
7862,525
7863,675
7864,625
7865,425
7866,625
7867,475
7868,671
7869,675
7870,625
7871,575
7872,398
7873,473
7874,675
7875,625
7876,375
7877,-75
7878,625
7879,625
7880,675
7881,525
7882,675
7883,575
7884,625
7885,400
7886,-250
7887,675
7888,675
7889,625
7890,621
7891,673
7892,425
7893,-27
7894,-75
7895,675
7896,675
7897,273
7898,625
7899,625
7900,521
7901,523
7902,-229
7903,623
7904,675
7905,-25
7906,575
7907,546
7908,550
7909,673
7910,-25
7911,675
7912,623
7913,523
7914,575
7915,675
7916,675
7917,573
7918,-77
7919,625
7920,475
7921,373
7922,298
7923,425
7924,-75
7925,675
7926,-125
7927,-75
7928,398
7929,675
7930,675
7931,623
7932,675
7933,525
7934,350
7935,575
7936,573
7937,625
7938,673
7939,525
7940,-127
7941,625
7942,400
7943,525
7944,623
7945,550
7946,548
7947,675
7948,675
7949,375
7950,-177
7951,-25
7952,571
7953,625
7954,675
7955,621
7956,-75
7957,425
7958,623
7959,573
7960,675
7961,475
7962,425
7963,525
7964,-27
7965,625
7966,550
7967,623
7968,525
7969,-25
7970,625
7971,-100
7972,-127
7973,525
7974,573
7975,625
7976,673
7977,625
7978,573
7979,473
7980,573
7981,525
7982,625
7983,475
7984,523
7985,-25
7986,-77
7987,625
7988,675
7989,-27
7990,-125
7991,-75
7992,625
7993,496
7994,675
7995,575
7996,625
7997,400
7998,675
7999,675
8000,625
8001,521
8002,673
8003,-79
8004,671
8005,375
8006,675
8007,673
8008,425
8009,625
8010,673
8011,-75
8012,675
8013,675
8014,-204
8015,475
8016,350
8017,569
8018,-75
8019,575
8020,625
8021,673
8022,525
8023,525
8024,625
8025,575
8026,625
8027,421
8028,523
8029,300
8030,675
8031,425
8032,673
8033,671
8034,-52
8035,-125
8036,-125
8037,673
8038,-75
8039,675
8040,423
8041,471
8042,625
8043,75
8044,575
8045,-125
8046,575
8047,525
8048,675
8049,675
8050,425
8051,425
8052,-125
8053,673
8054,621
8055,675
8056,575
8057,573
8058,621
8059,148
8060,-133
8061,500
8062,523
8063,625
8064,575
8065,525
8066,625
8067,675
8068,425
8069,-75
8070,-29
8071,575
8072,675
8073,675
8074,623
8075,523
8076,-125
8077,298
8078,419
8079,-204
8080,623
8081,675
8082,-125
8083,523
8084,400
8085,623
8086,550
8087,675
8088,625
8089,675
8090,300
8091,523
8092,425
8093,398
8094,675
8095,621
8096,425
8097,625
8098,675
8099,675
8100,625
8101,525
8102,675
8103,271
8104,625
8105,675
8106,-125
8107,300
8108,300
8109,675
8110,575
8111,675
8112,675
8113,675
8114,671
8115,-25
8116,675
8117,473
8118,673
8119,-254
8120,675
8121,625
8122,523
8123,-300
8124,550
8125,423
8126,325
8127,525
8128,625
8129,375
8130,573
8131,375
8132,375
8133,573
8134,373
8135,325
8136,498
8137,425
8138,673
8139,675
8140,673
8141,675
8142,625
8143,373
8144,673
8145,575
8146,675
8147,571
8148,-75
8149,675
8150,375
8151,675
8152,675
8153,525
8154,675
8155,625
8156,375
8157,573
8158,575
8159,675
8160,675
8161,-150
8162,623
8163,675
8164,625
8165,675
8166,675
8167,471
8168,-75
8169,625
8170,675
8171,675
8172,575
8173,675
8174,375
8175,-127
8176,523
8177,75
8178,525
8179,623
8180,-75
8181,625
8182,-125
8183,575
8184,675
8185,-75
8186,675
8187,-75
8188,625
8189,623
8190,625
8191,675
8192,350
8193,675
8194,675
8195,675
8196,675
8197,675
8198,625
8199,425
8200,675
8201,523
8202,675
8203,-27
8204,621
8205,625
8206,475
8207,517
8208,550
8209,623
8210,675
8211,675
8212,350
8213,300
8214,625
8215,675
8216,625
8217,373
8218,625
8219,425
8220,-125
8221,675
8222,-202
8223,373
8224,575
8225,575
8226,675
8227,675
8228,-77
8229,525
8230,675
8231,573
8232,675
8233,575
8234,675
8235,673
8236,-177
8237,-29
8238,675
8239,550
8240,625
8241,675
8242,-125
8243,675
8244,598
8245,675
8246,675
8247,673
8248,673
8249,525
8250,250
8251,425
8252,675
8253,675
8254,146
8255,673
8256,625
8257,573
8258,-25
8259,675
8260,523
8261,625
8262,621
8263,625
8264,373
8265,675
8266,521
8267,625
8268,675
8269,673
8270,623
8271,-125
8272,400
8273,675
8274,575
8275,-125
8276,444
8277,-125
8278,350
8279,625
8280,675
8281,-277
8282,550
8283,-125
8284,675
8285,-77
8286,625
8287,625
8288,675
8289,344
8290,675
8291,350
8292,525
8293,675
8294,675
8295,675
8296,675
8297,625
8298,625
8299,473
8300,573
8301,673
8302,675
8303,575
8304,425
8305,625
8306,375
8307,625
8308,625
8309,398
8310,575
8311,-125
8312,675
8313,400
8314,575
8315,523
8316,623
8317,625
8318,671
8319,-127
8320,675
8321,673
8322,623
8323,625
8324,575
8325,571
8326,-125
8327,575
8328,-75
8329,675
8330,521
8331,625
8332,-250
8333,671
8334,100
8335,625
8336,398
8337,675
8338,-27
8339,675
8340,-75
8341,-125
8342,625
8343,571
8344,675
8345,625
8346,575
8347,-125
8348,675
8349,48
8350,425
8351,-125
8352,471
8353,496
8354,625
8355,-200
8356,500
8357,425
8358,425
8359,673
8360,425
8361,625
8362,498
8363,675
8364,673
8365,-77
8366,675
8367,250
8368,-75
8369,-125
8370,625
8371,625
8372,473
8373,573
8374,-127
8375,675
8376,625
8377,675
8378,675
8379,625
8380,625
8381,-75
8382,623
8383,623
8384,150
8385,675
8386,573
8387,273
8388,573
8389,623
8390,-75
8391,-25
8392,275
8393,575
8394,675
8395,573
8396,625
8397,623
8398,-175
8399,-125
8400,675
8401,625
8402,673
8403,275
8404,673
8405,425
8406,669
8407,625
8408,675
8409,-75
8410,-75
8411,675
8412,-75
8413,-127
8414,673
8415,675
8416,625
8417,-125
8418,573
8419,625
8420,623
8421,623
8422,675
8423,450
8424,525
8425,675
8426,-75
8427,-25
8428,675
8429,550
8430,575
8431,675
8432,573
8433,525
8434,573
8435,625
8436,675
8437,623
8438,675
8439,623
8440,623
8441,575
8442,625
8443,675
8444,673
8445,-102
8446,625
8447,673
8448,-75
8449,500
8450,675
8451,-77
8452,675
8453,575
8454,473
8455,673
8456,400
8457,673
8458,673
8459,675
8460,673
8461,671
8462,675
8463,496
8464,-75
8465,625
8466,575
8467,675
8468,675
8469,-125
8470,500
8471,-125
8472,625
8473,448
8474,671
8475,550
8476,371
8477,-25
8478,325
8479,-75
8480,-127
8481,325
8482,675
8483,-50
8484,675
8485,350
8486,675
8487,375
8488,625
8489,675
8490,625
8491,673
8492,425
8493,398
8494,423
8495,625
8496,-25
8497,550
8498,519
8499,573
8500,575
8501,-75
8502,-177
8503,-125
8504,-77
8505,350
8506,675
8507,675
8508,573
8509,275
8510,623
8511,550
8512,675
8513,-125
8514,498
8515,625
8516,525
8517,223
8518,-125
8519,573
8520,575
8521,675
8522,23
8523,625
8524,-125
8525,575
8526,575
8527,550
8528,525
8529,575
8530,675
8531,400
8532,625
8533,673
8534,623
8535,348
8536,-75
8537,625
8538,423
8539,500
8540,623
8541,573
8542,471
8543,573
8544,550
8545,675
8546,675
8547,373
8548,625
8549,473
8550,673
8551,-125
8552,300
8553,348
8554,625
8555,575
8556,-25
8557,523
8558,625
8559,625
8560,575
8561,525
8562,675
8563,575
8564,425
8565,675
8566,423
8567,375
8568,-127
8569,-79
8570,525
8571,525
8572,575
8573,675
8574,500
8575,673
8576,500
8577,621
8578,550
8579,-75
8580,675
8581,375
8582,425
8583,-152
8584,675
8585,-125
8586,575
8587,673
8588,625
8589,550
8590,423
8591,625
8592,623
8593,-125
8594,-37
8595,675
8596,675
8597,-125
8598,471
8599,525
8600,625
8601,550
8602,475
8603,-25
8604,673
8605,625
8606,425
8607,625
8608,675
8609,575
8610,-129
8611,-125
8612,571
8613,623
8614,448
8615,673
8616,625
8617,-75
8618,625
8619,398
8620,-125
8621,523
8622,625
8623,675
8624,425
8625,-27
8626,673
8627,-129
8628,675
8629,625
8630,400
8631,623
8632,-77
8633,675
8634,625
8635,400
8636,575
8637,300
8638,519
8639,675
8640,525
8641,575
8642,-75
8643,623
8644,-252
8645,621
8646,625
8647,375
8648,348
8649,625
8650,675
8651,523
8652,-75
8653,675
8654,673
8655,675
8656,675
8657,675
8658,675
8659,273
8660,-37
8661,671
8662,675
8663,500
8664,-127
8665,-125
8666,625
8667,573
8668,673
8669,-79
8670,675
8671,575
8672,525
8673,675
8674,348
8675,675
8676,675
8677,675
8678,673
8679,-75
8680,-125
8681,623
8682,575
8683,675
8684,573
8685,625
8686,300
8687,425
8688,523
8689,625
8690,573
8691,675
8692,625
8693,625
8694,625
8695,375
8696,675
8697,-77
8698,575
8699,675
8700,675
8701,625
8702,523
8703,675
8704,625
8705,-200
8706,-127
8707,425
8708,-75
8709,425
8710,348
8711,675
8712,-175
8713,-125
8714,375
8715,623
8716,-25
8717,675
8718,675
8719,-125
8720,575
8721,675
8722,675
8723,573
8724,400
8725,-125
8726,625
8727,525
8728,623
8729,673
8730,673
8731,-125
8732,675
8733,75
8734,523
8735,675
8736,675
8737,625
8738,625
8739,-125
8740,575
8741,673
8742,-175
8743,-125
8744,-129
8745,671
8746,669
8747,-25
8748,375
8749,525
8750,248
8751,300
8752,423
8753,475
8754,523
8755,425
8756,575
8757,273
8758,675
8759,673
8760,246
8761,671
8762,575
8763,673
8764,575
8765,623
8766,350
8767,-127
8768,346
8769,625
8770,671
8771,673
8772,573
8773,-200
8774,671
8775,575
8776,675
8777,621
8778,673
8779,675
8780,-25
8781,-100
8782,550
8783,623
8784,625
8785,323
8786,-125
8787,-200
8788,525
8789,375
8790,-127
8791,675
8792,623
8793,600
8794,-77
8795,625
8796,675
8797,675
8798,375
8799,575
8800,675
8801,673
8802,625
8803,675
8804,675
8805,573
8806,625
8807,675
8808,625
8809,-100
8810,-125
8811,671
8812,673
8813,325
8814,-125
8815,350
8816,625
8817,625
8818,375
8819,625
8820,571
8821,-75
8822,625
8823,673
8824,-277
8825,-27
8826,619
8827,575
8828,425
8829,675
8830,475
8831,675
8832,673
8833,625
8834,623
8835,625
8836,675
8837,475
8838,-2
8839,-125
8840,400
8841,-27
8842,375
8843,671
8844,675
8845,471
8846,450
8847,575
8848,-175
8849,-127
8850,675
8851,448
8852,625
8853,521
8854,400
8855,675
8856,675
8857,375
8858,175
8859,673
8860,675
8861,623
8862,675
8863,675
8864,623
8865,625
8866,375
8867,625
8868,-75
8869,-125
8870,575
8871,-127
8872,475
8873,-75
8874,500
8875,621
8876,-175
8877,625
8878,675
8879,300
8880,671
8881,625
8882,625
8883,-25
8884,-200
8885,525
8886,675
8887,548
8888,473
8889,675
8890,673
8891,498
8892,421
8893,675
8894,675
8895,575
8896,550
8897,-75
8898,623
8899,375
8900,675
8901,296
8902,-150
8903,325
8904,625
8905,623
8906,275
8907,350
8908,675
8909,-75
8910,425
8911,673
8912,-125
8913,673
8914,625
8915,625
8916,-75
8917,675
8918,675
8919,-79
8920,-125
8921,575
8922,675
8923,575
8924,675
8925,675
8926,425
8927,675
8928,675
8929,625
8930,675
8931,675
8932,-75
8933,675
8934,675
8935,423
8936,625
8937,625
8938,573
8939,625
8940,-177
8941,-79
8942,671
8943,423
8944,575
8945,525
8946,675
8947,525
8948,625
8949,625
8950,373
8951,323
8952,371
8953,575
8954,625
8955,-175
8956,398
8957,473
8958,623
8959,675
8960,350
8961,673
8962,675
8963,575
8964,625
8965,-27
8966,523
8967,623
8968,223
8969,623
8970,546
8971,673
8972,325
8973,675
8974,500
8975,623
8976,-175
8977,673
8978,673
8979,675
8980,525
8981,671
8982,500
8983,575
8984,-25
8985,625
8986,-83
8987,-175
8988,673
8989,675
8990,573
8991,675
8992,50
8993,675
8994,375
8995,625
8996,673
8997,675
8998,398
8999,623
9000,675
9001,-125
9002,-227
9003,475
9004,525
9005,623
9006,-25
9007,673
9008,-227
9009,625
9010,625
9011,-200
9012,-75
9013,675
9014,550
9015,421
9016,625
9017,-125
9018,-125
9019,673
9020,-75
9021,625
9022,-77
9023,-125
9024,-177
9025,523
9026,675
9027,625
9028,675
9029,573
9030,675
9031,675
9032,673
9033,400
9034,-31
9035,625
9036,675
9037,496
9038,573
9039,675
9040,525
9041,-27
9042,623
9043,625
9044,-27
9045,673
9046,575
9047,673
9048,623
9049,625
9050,675
9051,-25
9052,675
9053,-75
9054,623
9055,675
9056,623
9057,625
9058,673
9059,-75
9060,671
9061,625
9062,-127
9063,675
9064,675
9065,-125
9066,573
9067,550
9068,571
9069,671
9070,469
9071,623
9072,398
9073,550
9074,425
9075,548
9076,575
9077,625
9078,375
9079,675
9080,525
9081,575
9082,625
9083,675
9084,494
9085,-125
9086,-129
9087,475
9088,-127
9089,-75
9090,575
9091,-75
9092,675
9093,473
9094,673
9095,625
9096,673
9097,525
9098,625
9099,625
9100,625
9101,675
9102,425
9103,398
9104,625
9105,525
9106,575
9107,623
9108,-75
9109,671
9110,675
9111,-25
9112,625
9113,-177
9114,623
9115,673
9116,675
9117,-75
9118,625
9119,675
9120,475
9121,675
9122,525
9123,623
9124,575
9125,621
9126,-125
9127,544
9128,548
9129,525
9130,523
9131,675
9132,621
9133,671
9134,425
9135,675
9136,675
9137,675
9138,619
9139,575
9140,569
9141,-125
9142,598
9143,675
9144,673
9145,671
9146,573
9147,675
9148,625
9149,-75
9150,575
9151,625
9152,-79
9153,573
9154,675
9155,625
9156,575
9157,623
9158,675
9159,675
9160,675
9161,575
9162,625
9163,625
9164,675
9165,550
9166,400
9167,625
9168,419
9169,-127
9170,-81
9171,350
9172,675
9173,550
9174,575
9175,-77
9176,675
9177,623
9178,675
9179,675
9180,400
9181,475
9182,275
9183,625
9184,625
9185,425
9186,621
9187,548
9188,600
9189,425
9190,675
9191,623
9192,621
9193,-27
9194,-127
9195,571
9196,575
9197,675
9198,675
9199,625
9200,625
9201,675
9202,623
9203,673
9204,519
9205,669
9206,525
9207,-200
9208,625
9209,623
9210,400
9211,675
9212,425
9213,675
9214,675
9215,-75
9216,-125
9217,-75
9218,673
9219,623
9220,625
9221,675
9222,246
9223,396
9224,425
9225,523
9226,625
9227,-125
9228,573
9229,-75
9230,400
9231,575
9232,675
9233,575
9234,675
9235,500
9236,625
9237,623
9238,623
9239,673
9240,675
9241,625
9242,425
9243,573
9244,625
9245,-25
9246,475
9247,621
9248,-127
9249,625
9250,400
9251,-25
9252,675
9253,675
9254,400
9255,-50
9256,573
9257,575
9258,575
9259,-125
9260,575
9261,575
9262,625
9263,675
9264,625
9265,525
9266,473
9267,350
9268,375
9269,400
9270,675
9271,-75
9272,675
9273,525
9274,675
9275,400
9276,625
9277,550
9278,-129
9279,396
9280,473
9281,-125
9282,621
9283,573
9284,-127
9285,-79
9286,675
9287,550
9288,-77
9289,673
9290,-125
9291,623
9292,-127
9293,623
9294,525
9295,-25
9296,425
9297,673
9298,225
9299,675
9300,625
9301,675
9302,625
9303,423
9304,-75
9305,675
9306,-125
9307,548
9308,200
9309,525
9310,675
9311,675
9312,575
9313,675
9314,673
9315,575
9316,400
9317,625
9318,550
9319,623
9320,575
9321,625
9322,675
9323,575
9324,673
9325,473
9326,675
9327,673
9328,625
9329,200
9330,675
9331,375
9332,625
9333,-204
9334,550
9335,475
9336,575
9337,350
9338,625
9339,-125
9340,625
9341,623
9342,675
9343,573
9344,-75
9345,675
9346,-27
9347,-75
9348,-75
9349,-125
9350,573
9351,675
9352,675
9353,621
9354,573
9355,-125
9356,-25
9357,673
9358,575
9359,417
9360,625
9361,-27
9362,675
9363,625
9364,675
9365,400
9366,473
9367,675
9368,400
9369,473
9370,425
9371,675
9372,550
9373,223
9374,423
9375,621
9376,625
9377,575
9378,675
9379,573
9380,525
9381,625
9382,350
9383,575
9384,675
9385,675
9386,675
9387,675
9388,-50
9389,623
9390,625
9391,-75
9392,523
9393,675
9394,398
9395,-25
9396,525
9397,675
9398,675
9399,625
9400,425
9401,-325
9402,675
9403,375
9404,425
9405,675
9406,-77
9407,575
9408,673
9409,-25
9410,500
9411,525
9412,625
9413,675
9414,475
9415,373
9416,619
9417,-100
9418,425
9419,-29
9420,-75
9421,350
9422,673
9423,469
9424,525
9425,525
9426,675
9427,523
9428,625
9429,673
9430,548
9431,575
9432,675
9433,625
9434,446
9435,673
9436,-27
9437,425
9438,623
9439,623
9440,623
9441,675
9442,275
9443,673
9444,625
9445,625
9446,675
9447,625
9448,673
9449,400
9450,-102
9451,675
9452,619
9453,350
9454,621
9455,-127
9456,675
9457,625
9458,575
9459,625
9460,675
9461,550
9462,298
9463,625
9464,675
9465,625
9466,675
9467,673
9468,373
9469,-77
9470,675
9471,675
9472,675
9473,625
9474,621
9475,625
9476,675
9477,346
9478,675
9479,625
9480,625
9481,0
9482,675
9483,675
9484,425
9485,625
9486,-25
9487,573
9488,373
9489,-129
9490,98
9491,675
9492,575
9493,-127
9494,625
9495,675
9496,675
9497,675
9498,623
9499,517
9500,350
9501,571
9502,400
9503,623
9504,675
9505,500
9506,625
9507,-75
9508,675
9509,673
9510,400
9511,675
9512,-27
9513,421
9514,673
9515,621
9516,575
9517,625
9518,623
9519,346
9520,575
9521,400
9522,525
9523,625
9524,675
9525,575
9526,523
9527,619
9528,621
9529,425
9530,623
9531,675
9532,675
9533,671
9534,675
9535,500
9536,623
9537,671
9538,575
9539,675
9540,-227
9541,-25
9542,525
9543,548
9544,623
9545,425
9546,573
9547,350
9548,-75
9549,675
9550,400
9551,675
9552,675
9553,675
9554,675
9555,-27
9556,669
9557,350
9558,671
9559,525
9560,-77
9561,525
9562,-77
9563,675
9564,675
9565,675
9566,625
9567,-75
9568,675
9569,475
9570,675
9571,675
9572,625
9573,623
9574,571
9575,-75
9576,-125
9577,500
9578,623
9579,673
9580,625
9581,-125
9582,675
9583,675
9584,448
9585,625
9586,673
9587,600
9588,-125
9589,-177
9590,625
9591,450
9592,-75
9593,625
9594,675
9595,675
9596,-102
9597,475
9598,523
9599,-125
9600,475
9601,348
9602,625
9603,623
9604,525
9605,450
9606,525
9607,375
9608,625
9609,575
9610,675
9611,550
9612,375
9613,625
9614,575
9615,625
9616,675
9617,675
9618,523
9619,625
9620,675
9621,-75
9622,-75
9623,525
9624,-125
9625,623
9626,625
9627,675
9628,-25
9629,475
9630,-79
9631,673
9632,673
9633,-100
9634,575
9635,375
9636,-175
9637,-125
9638,625
9639,675
9640,623
9641,-127
9642,573
9643,-125
9644,-25
9645,-125
9646,-125
9647,675
9648,623
9649,348
9650,-75
9651,675
9652,575
9653,425
9654,-127
9655,675
9656,248
9657,-31
9658,525
9659,48
9660,575
9661,575
9662,-125
9663,575
9664,625
9665,625
9666,425
9667,675
9668,375
9669,525
9670,525
9671,675
9672,425
9673,475
9674,625
9675,275
9676,525
9677,625
9678,421
9679,675
9680,-75
9681,625
9682,675
9683,675
9684,675
9685,400
9686,373
9687,525
9688,-25
9689,525
9690,-125
9691,-77
9692,473
9693,-125
9694,348
9695,348
9696,675
9697,623
9698,275
9699,625
9700,675
9701,625
9702,569
9703,675
9704,525
9705,675
9706,298
9707,425
9708,-25
9709,623
9710,675
9711,625
9712,375
9713,-125
9714,475
9715,673
9716,625
9717,675
9718,571
9719,675
9720,369
9721,675
9722,625
9723,-175
9724,675
9725,-75
9726,400
9727,-125
9728,675
9729,675
9730,-125
9731,-27
9732,525
9733,-125
9734,-129
9735,525
9736,675
9737,675
9738,671
9739,621
9740,498
9741,625
9742,50
9743,-75
9744,675
9745,-125
9746,-125
9747,623
9748,423
9749,-52
9750,525
9751,673
9752,625
9753,575
9754,571
9755,675
9756,623
9757,475
9758,575
9759,-77
9760,273
9761,675
9762,-125
9763,471
9764,625
9765,673
9766,248
9767,525
9768,625
9769,625
9770,-125
9771,623
9772,-177
9773,625
9774,423
9775,350
9776,550
9777,675
9778,-79
9779,625
9780,-125
9781,550
9782,625
9783,675
9784,-79
9785,400
9786,-125
9787,-25
9788,575
9789,-177
9790,-77
9791,623
9792,525
9793,325
9794,-150
9795,525
9796,600
9797,675
9798,575
9799,-177
9800,373
9801,675
9802,325
9803,548
9804,348
9805,675
9806,525
9807,350
9808,575
9809,675
9810,300
9811,675
9812,625
9813,675
9814,473
9815,-227
9816,625
9817,475
9818,-129
9819,675
9820,575
9821,-25
9822,446
9823,-125
9824,575
9825,673
9826,675
9827,-75
9828,423
9829,-129
9830,300
9831,625
9832,673
9833,617
9834,675
9835,-75
9836,-25
9837,348
9838,673
9839,-29
9840,150
9841,248
9842,675
9843,625
9844,675
9845,575
9846,550
9847,675
9848,-27
9849,525
9850,523
9851,625
9852,475
9853,675
9854,675
9855,675
9856,473
9857,425
9858,625
9859,-25
9860,525
9861,-125
9862,298
9863,-75
9864,625
9865,625
9866,-77
9867,675
9868,625
9869,623
9870,523
9871,675
9872,675
9873,575
9874,623
9875,675
9876,675
9877,400
9878,621
9879,673
9880,423
9881,675
9882,-127
9883,675
9884,673
9885,675
9886,671
9887,675
9888,675
9889,675
9890,675
9891,275
9892,-27
9893,571
9894,521
9895,675
9896,550
9897,425
9898,350
9899,473
9900,675
9901,-77
9902,-79
9903,625
9904,525
9905,675
9906,625
9907,623
9908,-125
9909,625
9910,625
9911,575
9912,673
9913,523
9914,523
9915,673
9916,525
9917,575
9918,375
9919,348
9920,675
9921,675
9922,550
9923,425
9924,623
9925,423
9926,675
9927,-125
9928,623
9929,675
9930,-125
9931,425
9932,523
9933,625
9934,423
9935,-100
9936,675
9937,675
9938,675
9939,571
9940,625
9941,675
9942,573
9943,575
9944,625
9945,525
9946,675
9947,625
9948,575
9949,575
9950,675
9951,623
9952,-125
9953,675
9954,269
9955,671
9956,-75
9957,425
9958,571
9959,675
9960,323
9961,625
9962,475
9963,-77
9964,673
9965,625
9966,-125
9967,350
9968,675
9969,-204
9970,323
9971,625
9972,-27
9973,625
9974,425
9975,550
9976,675
9977,523
9978,673
9979,623
9980,525
9981,575
9982,525
9983,621
9984,575
9985,-75
9986,675
9987,621
9988,623
9989,675
9990,496
9991,575
9992,675
9993,471
9994,375
9995,575
9996,675
9997,425
9998,675
9999,-125
10000,-77
[[(4, 4), 0, -25], [(3, 4), 2, 50], [(3, 3), 2, 50], [(3, 2), 2, 250], [(3, 1), 0, 250], [(2, 1), 2, -25], [(2, 0), 0, -25], [(1, 0), 0, 150]]