1,-959
2,-202
3,-907
4,-746
5,-410
6,23
7,-179
8,-572
9,-154
10,-300
11,-270
12,-310
13,13
14,-204
15,-844
16,-239
17,-312
18,-129
19,-1136
20,-177
21,-137
22,-435
23,-104
24,-129
25,-214
26,-254
27,-260
28,-202
29,-127
30,-87
31,-133
32,-279
33,-141
34,-266
35,-472
36,-1213
37,-310
38,-303
39,-237
40,265
41,-233
42,336
43,-127
44,361
45,148
46,-125
47,-777
48,-399
49,-231
50,253
51,-595
52,-402
53,-491
54,34
55,-150
56,-127
57,-252
58,-177
59,-204
60,70
61,617
62,-129
63,-177
64,246
65,-435
66,-595
67,13
68,-247
69,-504
70,-260
71,38
72,213
73,215
74,82
75,-264
76,-135
77,-125
78,-287
79,-54
80,-293
81,-187
82,215
83,167
84,-214
85,-181
86,-65
87,-306
88,-125
89,-335
90,-45
91,-131
92,-156
93,57
94,-275
95,-154
96,-125
97,-37
98,38
99,-613
100,219
101,-227
102,-354
103,-154
104,-152
105,469
106,-210
107,-185
108,-204
109,215
110,-1155
111,-266
112,-179
113,315
114,-250
115,-150
116,-47
117,-125
118,-416
119,165
120,-231
121,-204
122,-222
123,47
124,-77
125,-25
126,-252
127,-304
128,-310
129,-181
130,413
131,-37
132,-493
133,98
134,-464
135,-177
136,-100
137,117
138,-227
139,48
140,40
141,-77
142,319
143,-202
144,-225
145,-716
146,-510
147,223
148,-181
149,84
150,-125
151,178
152,259
153,63
154,-287
155,-129
156,-197
157,-331
158,173
159,-77
160,-177
161,65
162,-22
163,-479
164,-177
165,392
166,-116
167,-127
168,-125
169,-302
170,-175
171,-204
172,-77
173,-262
174,-4
175,-125
176,-200
177,-254
178,265
179,567
180,-129
181,-79
182,-177
183,-77
184,-125
185,-206
186,-125
187,-208
188,-81
189,-179
190,-179
191,-256
192,-401
193,-210
194,34
195,-202
196,-200
197,357
198,-233
199,-181
200,157
201,-139
202,-385
203,-127
204,-129
205,523
206,569
207,-191
208,494
209,-125
210,-347
211,-181
212,423
213,-202
214,-75
215,130
216,371
217,-439
218,-179
219,-127
220,625
221,-237
222,521
223,-431
224,-208
225,319
226,-408
227,-277
228,-335
229,225
230,217
231,-227
232,-177
233,-89
234,-283
235,-129
236,-437
237,-202
238,-125
239,-183
240,309
241,-152
242,-125
243,-302
244,196
245,-175
246,-127
247,-135
248,-104
249,-206
250,623
251,46
252,121
253,-225
254,-308
255,-254
256,467
257,398
258,-200
259,492
260,-33
261,444
262,173
263,196
264,-175
265,246
266,-56
267,-310
268,-195
269,-125
270,-329
271,-225
272,423
273,296
274,471
275,517
276,-277
277,-331
278,-562
279,238
280,5
281,675
282,675
283,-564
284,525
285,313
286,225
287,-75
288,471
289,-127
290,469
291,-254
292,473
293,-206
294,348
295,369
296,421
297,273
298,-131
299,296
300,319
301,-210
302,265
303,-129
304,-125
305,242
306,-125
307,475
308,-81
309,371
310,-175
311,-127
312,-183
313,673
314,271
315,-306
316,675
317,273
318,-235
319,98
320,369
321,198
322,571
323,619
324,375
325,-183
326,-131
327,469
328,286
329,423
330,217
331,-175
332,-175
333,25
334,-364
335,175
336,269
337,-154
338,473
339,469
340,-77
341,419
342,169
343,-202
344,-175
345,325
346,94
347,-127
348,-412
349,-179
350,-127
351,-262
352,521
353,-125
354,521
355,625
356,425
357,475
358,198
359,-252
360,225
361,446
362,-202
363,375
364,446
365,213
366,-206
367,121
368,373
369,-235
370,-204
371,475
372,-233
373,175
374,248
375,621
376,-125
377,-183
378,569
379,-129
380,201
381,519
382,325
383,-647
384,-281
385,250
386,-127
387,423
388,-175
389,369
390,271
391,425
392,346
393,423
394,-227
395,-129
396,223
397,465
398,200
399,-85
400,-79
401,-283
402,-200
403,321
404,-125
405,323
406,90
407,67
408,371
409,-52
410,-331
411,500
412,-125
413,21
414,421
415,-229
416,323
417,573
418,196
419,-200
420,250
421,-125
422,-231
423,423
424,469
425,573
426,521
427,673
428,400
429,-410
430,269
431,498
432,292
433,313
434,-175
435,573
436,525
437,669
438,525
439,221
440,409
441,425
442,446
443,675
444,-125
445,-2
446,350
447,-125
448,-175
449,496
450,473
451,675
452,223
453,446
454,371
455,-302
456,-125
457,-125
458,146
459,125
460,625
461,400
462,373
463,675
464,517
465,-27
466,-202
467,-4
468,575
469,371
470,523
471,444
472,623
473,225
474,323
475,623
476,-204
477,571
478,623
479,317
480,196
481,-125
482,600
483,-127
484,371
485,623
486,621
487,275
488,-254
489,-156
490,398
491,-75
492,140
493,-204
494,-79
495,473
496,148
497,-125
498,142
499,571
500,-177
501,148
502,-77
503,-175
504,244
505,100
506,-25
507,346
508,-125
509,521
510,-75
511,-127
512,-31
513,521
514,-125
515,-125
516,325
517,-27
518,-77
519,-4
520,348
521,-125
522,194
523,300
524,346
525,673
526,-125
527,521
528,275
529,546
530,521
531,425
532,523
533,148
534,-75
535,573
536,521
537,375
538,569
539,621
540,-254
541,-202
542,-125
543,-127
544,-231
545,-31
546,473
547,500
548,346
549,325
550,450
551,-227
552,-129
553,473
554,163
555,-202
556,425
557,-283
558,-29
559,288
560,-127
561,-81
562,-77
563,-202
564,248
565,300
566,625
567,225
568,-129
569,525
570,623
571,425
572,73
573,550
574,675
575,-75
576,471
577,298
578,473
579,-204
580,673
581,175
582,625
583,625
584,-179
585,-227
586,475
587,-225
588,425
589,323
590,400
591,23
592,-225
593,473
594,123
595,673
596,625
597,275
598,-129
599,-177
600,-300
601,-75
602,575
603,521
604,623
605,-125
606,-56
607,-77
608,-75
609,425
610,-25
611,675
612,-125
613,475
614,-79
615,348
616,571
617,321
618,675
619,621
620,65
621,-100
622,571
623,-125
624,-225
625,621
626,-125
627,373
628,198
629,423
630,619
631,-381
632,-125
633,50
634,521
635,-277
636,-77
637,573
638,525
639,-231
640,250
641,673
642,21
643,-125
644,-79
645,-27
646,-52
647,-175
648,-279
649,296
650,-254
651,125
652,423
653,575
654,-202
655,625
656,-175
657,450
658,325
659,-275
660,521
661,100
662,625
663,-6
664,673
665,673
666,-277
667,675
668,496
669,496
670,273
671,623
672,150
673,625
674,523
675,19
676,575
677,498
678,-200
679,675
680,621
681,625
682,-52
683,-125
684,-127
685,-331
686,-125
687,521
688,-177
689,500
690,673
691,623
692,-6
693,-125
694,-54
695,-125
696,94
697,-75
698,600
699,-200
700,-75
701,-283
702,573
703,-200
704,350
705,548
706,425
707,-277
708,-125
709,-75
710,346
711,250
712,500
713,100
714,471
715,523
716,475
717,275
718,-133
719,448
720,-75
721,425
722,471
723,619
724,-75
725,-325
726,625
727,-125
728,-75
729,-79
730,-29
731,473
732,675
733,423
734,596
735,569
736,425
737,-125
738,-79
739,473
740,421
741,569
742,-75
743,396
744,575
745,-125
746,475
747,446
748,348
749,-106
750,523
751,-102
752,-25
753,521
754,346
755,519
756,625
757,625
758,575
759,675
760,223
761,375
762,444
763,675
764,623
765,196
766,675
767,621
768,273
769,669
770,525
771,675
772,623
773,571
774,623
775,298
776,625
777,525
778,471
779,-75
780,373
781,150
782,625
783,675
784,-125
785,675
786,675
787,375
788,625
789,425
790,525
791,675
792,-75
793,623
794,523
795,623
796,571
797,675
798,-125
799,-200
800,525
801,-50
802,673
803,-83
804,425
805,450
806,675
807,673
808,623
809,398
810,675
811,550
812,-125
813,519
814,-125
815,398
816,675
817,625
818,573
819,400
820,675
821,675
822,-125
823,-25
824,-179
825,-85
826,523
827,621
828,-129
829,246
830,625
831,-125
832,675
833,475
834,675
835,-129
836,571
837,675
838,423
839,250
840,-125
841,550
842,625
843,-125
844,400
845,-75
846,623
847,-125
848,573
849,423
850,-75
851,-125
852,19
853,675
854,621
855,675
856,473
857,473
858,621
859,-77
860,423
861,673
862,575
863,300
864,623
865,475
866,675
867,423
868,398
869,675
870,475
871,523
872,-52
873,348
874,540
875,475
876,425
877,-75
878,671
879,673
880,625
881,675
882,573
883,625
884,575
885,673
886,-81
887,621
888,150
889,571
890,150
891,123
892,575
893,675
894,675
895,-125
896,375
897,571
898,625
899,673
900,625
901,675
902,675
903,448
904,-125
905,-27
906,-27
907,673
908,673
909,-75
910,425
911,546
912,400
913,625
914,521
915,673
916,623
917,673
918,675
919,-77
920,675
921,-125
922,473
923,-129
924,623
925,675
926,425
927,573
928,569
929,625
930,625
931,-304
932,-29
933,625
934,675
935,625
936,625
937,675
938,475
939,523
940,675
941,425
942,675
943,371
944,623
945,-77
946,-125
947,-27
948,425
949,675
950,350
951,525
952,669
953,498
954,623
955,625
956,625
957,300
958,623
959,525
960,475
961,-127
962,575
963,525
964,-27
965,348
966,521
967,675
968,675
969,400
970,625
971,-125
972,448
973,675
974,673
975,625
976,298
977,673
978,123
979,-75
980,-27
981,-75
982,673
983,675
984,675
985,573
986,625
987,323
988,623
989,625
990,675
991,625
992,575
993,275
994,625
995,-127
996,-75
997,75
998,675
999,-75
1000,675
1001,-25
1002,475
1003,525
1004,675
1005,523
1006,350
1007,525
1008,625
1009,-125
1010,515
1011,673
1012,-29
1013,423
1014,625
1015,675
1016,675
1017,619
1018,-25
1019,573
1020,-125
1021,323
1022,500
1023,671
1024,673
1025,675
1026,525
1027,-127
1028,350
1029,525
1030,550
1031,-25
1032,525
1033,625
1034,525
1035,-127
1036,-127
1037,675
1038,-227
1039,675
1040,-125
1041,625
1042,625
1043,625
1044,-200
1045,625
1046,621
1047,675
1048,523
1049,450
1050,275
1051,425
1052,525
1053,675
1054,623
1055,675
1056,498
1057,525
1058,623
1059,675
1060,675
1061,550
1062,675
1063,471
1064,573
1065,673
1066,-79
1067,625
1068,625
1069,575
1070,300
1071,675
1072,625
1073,473
1074,421
1075,623
1076,675
1077,525
1078,-100
1079,673
1080,675
1081,571
1082,675
1083,-77
1084,448
1085,675
1086,675
1087,675
1088,423
1089,675
1090,625
1091,-175
1092,623
1093,-125
1094,550
1095,325
1096,298
1097,675
1098,-102
1099,675
1100,-175
1101,675
1102,625
1103,673
1104,673
1105,673
1106,575
1107,400
1108,496
1109,625
1110,-125
1111,675
1112,625
1113,-25
1114,425
1115,575
1116,675
1117,-77
1118,523
1119,-75
1120,425
1121,-125
1122,525
1123,625
1124,423
1125,523
1126,425
1127,400
1128,621
1129,625
1130,675
1131,625
1132,550
1133,675
1134,675
1135,675
1136,625
1137,623
1138,675
1139,619
1140,475
1141,675
1142,-75
1143,475
1144,675
1145,-125
1146,-125
1147,675
1148,625
1149,623
1150,675
1151,-127
1152,673
1153,350
1154,675
1155,625
1156,675
1157,-150
1158,523
1159,-79
1160,675
1161,-2
1162,675
1163,675
1164,421
1165,-75
1166,-125
1167,625
1168,-127
1169,625
1170,675
1171,625
1172,673
1173,625
1174,-25
1175,675
1176,675
1177,-125
1178,350
1179,475
1180,-279
1181,675
1182,-75
1183,575
1184,675
1185,575
1186,675
1187,675
1188,-125
1189,675
1190,575
1191,-200
1192,675
1193,525
1194,-77
1195,-125
1196,-75
1197,425
1198,675
1199,625
1200,675
1201,675
1202,625
1203,623
1204,675
1205,675
1206,625
1207,673
1208,-31
1209,-125
1210,575
1211,621
1212,675
1213,675
1214,498
1215,-75
1216,375
1217,675
1218,625
1219,675
1220,-75
1221,625
1222,675
1223,673
1224,675
1225,675
1226,675
1227,675
1228,523
1229,675
1230,673
1231,523
1232,-125
1233,548
1234,675
1235,425
1236,675
1237,425
1238,421
1239,675
1240,675
1241,673
1242,675
1243,675
1244,625
1245,675
1246,675
1247,550
1248,-75
1249,373
1250,675
1251,625
1252,673
1253,625
1254,675
1255,675
1256,575
1257,-77
1258,675
1259,675
1260,623
1261,625
1262,675
1263,675
1264,623
1265,625
1266,675
1267,675
1268,519
1269,225
1270,621
1271,625
1272,573
1273,-25
1274,-25
1275,675
1276,323
1277,348
1278,673
1279,673
1280,623
1281,625
1282,675
1283,-129
1284,625
1285,675
1286,625
1287,673
1288,675
1289,671
1290,675
1291,250
1292,675
1293,675
1294,675
1295,400
1296,675
1297,675
1298,673
1299,375
1300,-75
1301,425
1302,-75
1303,625
1304,675
1305,523
1306,-75
1307,625
1308,523
1309,675
1310,675
1311,675
1312,625
1313,675
1314,625
1315,675
1316,-75
1317,573
1318,675
1319,-27
1320,-75
1321,-127
1322,-100
1323,-25
1324,573
1325,550
1326,-125
1327,-150
1328,675
1329,623
1330,675
1331,575
1332,-175
1333,350
1334,675
1335,-75
1336,625
1337,521
1338,400
1339,-75
1340,523
1341,625
1342,675
1343,550
1344,625
1345,625
1346,-29
1347,350
1348,550
1349,625
1350,575
1351,-25
1352,625
1353,523
1354,625
1355,619
1356,-125
1357,671
1358,675
1359,-75
1360,325
1361,623
1362,498
1363,523
1364,523
1365,625
1366,-125
1367,675
1368,675
1369,675
1370,-129
1371,675
1372,673
1373,673
1374,573
1375,575
1376,571
1377,623
1378,625
1379,550
1380,300
1381,-81
1382,675
1383,350
1384,-125
1385,625
1386,671
1387,-25
1388,673
1389,623
1390,-125
1391,-125
1392,-25
1393,-125
1394,-125
1395,623
1396,575
1397,673
1398,425
1399,675
1400,473
1401,625
1402,-75
1403,573
1404,373
1405,-125
1406,625
1407,-75
1408,-27
1409,675
1410,-129
1411,548
1412,625
1413,675
1414,569
1415,675
1416,548
1417,398
1418,575
1419,573
1420,523
1421,-75
1422,625
1423,-75
1424,625
1425,675
1426,673
1427,673
1428,50
1429,-125
1430,523
1431,425
1432,-125
1433,575
1434,494
1435,625
1436,675
1437,575
1438,569
1439,675
1440,-125
1441,675
1442,525
1443,625
1444,425
1445,675
1446,675
1447,-125
1448,425
1449,75
1450,675
1451,625
1452,575
1453,500
1454,625
1455,625
1456,675
1457,475
1458,675
1459,573
1460,521
1461,673
1462,675
1463,675
1464,525
1465,-75
1466,-77
1467,573
1468,625
1469,625
1470,675
1471,425
1472,673
1473,575
1474,625
1475,675
1476,-75
1477,575
1478,573
1479,625
1480,-29
1481,625
1482,575
1483,273
1484,675
1485,675
1486,225
1487,673
1488,-125
1489,350
1490,675
1491,-79
1492,-75
1493,625
1494,623
1495,517
1496,623
1497,675
1498,625
1499,675
1500,675
1501,423
1502,425
1503,500
1504,350
1505,575
1506,573
1507,575
1508,-125
1509,675
1510,673
1511,625
1512,675
1513,673
1514,623
1515,675
1516,671
1517,400
1518,575
1519,675
1520,671
1521,625
1522,425
1523,575
1524,675
1525,673
1526,-75
1527,675
1528,348
1529,-75
1530,298
1531,673
1532,525
1533,575
1534,675
1535,625
1536,625
1537,671
1538,625
1539,623
1540,675
1541,-125
1542,575
1543,575
1544,400
1545,625
1546,-75
1547,673
1548,-125
1549,375
1550,-75
1551,675
1552,525
1553,425
1554,423
1555,625
1556,-125
1557,625
1558,575
1559,671
1560,623
1561,571
1562,573
1563,675
1564,575
1565,425
1566,375
1567,625
1568,550
1569,675
1570,673
1571,473
1572,25
1573,198
1574,348
1575,675
1576,675
1577,375
1578,525
1579,675
1580,-79
1581,-75
1582,675
1583,521
1584,575
1585,575
1586,623
1587,500
1588,621
1589,625
1590,-200
1591,-125
1592,625
1593,625
1594,625
1595,625
1596,675
1597,625
1598,573
1599,673
1600,-75
1601,625
1602,575
1603,-125
1604,569
1605,673
1606,623
1607,-52
1608,500
1609,375
1610,573
1611,-75
1612,-75
1613,673
1614,675
1615,-77
1616,575
1617,300
1618,-25
1619,625
1620,675
1621,675
1622,573
1623,675
1624,675
1625,-75
1626,-175
1627,625
1628,675
1629,-75
1630,-75
1631,575
1632,473
1633,675
1634,675
1635,671
1636,-25
1637,621
1638,-125
1639,575
1640,625
1641,548
1642,675
1643,-25
1644,675
1645,625
1646,675
1647,671
1648,675
1649,-125
1650,675
1651,473
1652,523
1653,673
1654,375
1655,425
1656,296
1657,675
1658,-177
1659,-25
1660,673
1661,300
1662,675
1663,675
1664,675
1665,575
1666,623
1667,-75
1668,575
1669,-202
1670,300
1671,-100
1672,675
1673,675
1674,575
1675,675
1676,625
1677,625
1678,575
1679,673
1680,675
1681,625
1682,-127
1683,675
1684,675
1685,548
1686,350
1687,-25
1688,675
1689,625
1690,-29
1691,625
1692,446
1693,675
1694,-75
1695,473
1696,550
1697,475
1698,275
1699,-204
1700,675
1701,675
1702,-125
1703,625
1704,475
1705,-129
1706,675
1707,625
1708,573
1709,425
1710,-27
1711,675
1712,-75
1713,348
1714,-75
1715,421
1716,625
1717,675
1718,675
1719,325
1720,-177
1721,-177
1722,-27
1723,673
1724,625
1725,-75
1726,-125
1727,623
1728,398
1729,575
1730,675
1731,-75
1732,-25
1733,575
1734,548
1735,575
1736,675
1737,425
1738,548
1739,-125
1740,675
1741,625
1742,625
1743,-75
1744,-75
1745,-125
1746,673
1747,-79
1748,573
1749,673
1750,-75
1751,-75
1752,675
1753,625
1754,675
1755,-227
1756,623
1757,625
1758,673
1759,525
1760,625
1761,673
1762,675
1763,675
1764,673
1765,675
1766,675
1767,500
1768,675
1769,623
1770,-75
1771,675
1772,625
1773,675
1774,571
1775,625
1776,-202
1777,-25
1778,675
1779,625
1780,675
1781,575
1782,675
1783,673
1784,425
1785,575
1786,625
1787,473
1788,675
1789,625
1790,675
1791,-177
1792,675
1793,675
1794,-77
1795,675
1796,575
1797,400
1798,673
1799,475
1800,575
1801,500
1802,625
1803,425
1804,-75
1805,671
1806,525
1807,675
1808,625
1809,621
1810,675
1811,373
1812,275
1813,621
1814,671
1815,675
1816,525
1817,625
1818,521
1819,623
1820,-77
1821,675
1822,675
1823,623
1824,573
1825,675
1826,525
1827,625
1828,523
1829,675
1830,521
1831,675
1832,575
1833,350
1834,325
1835,625
1836,675
1837,425
1838,-75
1839,623
1840,575
1841,675
1842,575
1843,625
1844,673
1845,625
1846,573
1847,623
1848,-77
1849,625
1850,625
1851,675
1852,621
1853,575
1854,-127
1855,-127
1856,525
1857,-77
1858,673
1859,675
1860,671
1861,575
1862,150
1863,494
1864,473
1865,548
1866,625
1867,625
1868,625
1869,675
1870,625
1871,675
1872,575
1873,675
1874,525
1875,373
1876,625
1877,673
1878,675
1879,623
1880,575
1881,575
1882,-75
1883,523
1884,621
1885,523
1886,-79
1887,675
1888,448
1889,675
1890,673
1891,525
1892,673
1893,675
1894,671
1895,623
1896,-125
1897,675
1898,623
1899,625
1900,673
1901,-75
1902,200
1903,673
1904,300
1905,625
1906,423
1907,373
1908,-75
1909,675
1910,473
1911,-25
1912,-27
1913,-25
1914,625
1915,-154
1916,673
1917,575
1918,625
1919,675
1920,675
1921,550
1922,523
1923,-75
1924,625
1925,623
1926,-100
1927,-75
1928,675
1929,248
1930,621
1931,675
1932,-100
1933,425
1934,475
1935,675
1936,600
1937,675
1938,-75
1939,675
1940,673
1941,673
1942,673
1943,-27
1944,525
1945,675
1946,673
1947,-77
1948,625
1949,675
1950,425
1951,675
1952,525
1953,675
1954,623
1955,675
1956,675
1957,-75
1958,675
1959,675
1960,623
1961,623
1962,673
1963,625
1964,-75
1965,-77
1966,625
1967,525
1968,675
1969,575
1970,575
1971,-77
1972,675
1973,675
1974,-225
1975,675
1976,673
1977,-25
1978,623
1979,675
1980,675
1981,575
1982,675
1983,675
1984,675
1985,-127
1986,673
1987,625
1988,475
1989,525
1990,575
1991,546
1992,-25
1993,550
1994,-104
1995,-75
1996,275
1997,675
1998,-75
1999,400
2000,-229
2001,623
2002,425
2003,-77
2004,625
2005,675
2006,300
2007,675
2008,-29
2009,523
2010,623
2011,673
2012,675
2013,298
2014,625
2015,675
2016,375
2017,425
2018,575
2019,473
2020,673
2021,375
2022,-29
2023,625
2024,-125
2025,673
2026,467
2027,475
2028,675
2029,673
2030,473
2031,0
2032,673
2033,523
2034,625
2035,573
2036,425
2037,473
2038,675
2039,625
2040,100
2041,621
2042,673
2043,525
2044,225
2045,-33
2046,575
2047,675
2048,400
2049,348
2050,675
2051,675
2052,375
2053,346
2054,675
2055,625
2056,675
2057,575
2058,-75
2059,675
2060,625
2061,-75
2062,671
2063,-75
2064,425
2065,575
2066,575
2067,296
2068,-75
2069,73
2070,625
2071,-75
2072,575
2073,-125
2074,675
2075,500
2076,669
2077,575
2078,675
2079,625
2080,675
2081,675
2082,675
2083,-125
2084,525
2085,619
2086,225
2087,675
2088,675
2089,-125
2090,675
2091,523
2092,675
2093,675
2094,675
2095,673
2096,525
2097,675
2098,575
2099,625
2100,673
2101,300
2102,-75
2103,525
2104,625
2105,623
2106,-75
2107,-125
2108,675
2109,625
2110,-29
2111,623
2112,673
2113,425
2114,569
2115,-29
2116,625
2117,571
2118,17
2119,248
2120,500
2121,671
2122,523
2123,625
2124,571
2125,675
2126,373
2127,625
2128,-81
2129,225
2130,-125
2131,675
2132,673
2133,575
2134,423
2135,675
2136,446
2137,675
2138,471
2139,398
2140,619
2141,675
2142,625
2143,575
2144,-77
2145,573
2146,525
2147,575
2148,398
2149,625
2150,675
2151,350
2152,673
2153,625
2154,673
2155,675
2156,673
2157,575
2158,623
2159,623
2160,623
2161,500
2162,573
2163,671
2164,675
2165,-125
2166,319
2167,623
2168,525
2169,675
2170,625
2171,350
2172,673
2173,375
2174,625
2175,675
2176,621
2177,425
2178,425
2179,621
2180,625
2181,575
2182,573
2183,575
2184,675
2185,400
2186,423
2187,625
2188,673
2189,-125
2190,-127
2191,675
2192,673
2193,671
2194,675
2195,523
2196,396
2197,475
2198,675
2199,425
2200,675
2201,-75
2202,-206
2203,625
2204,425
2205,-25
2206,475
2207,273
2208,-25
2209,671
2210,673
2211,494
2212,625
2213,675
2214,375
2215,625
2216,625
2217,675
2218,-75
2219,-125
2220,675
2221,625
2222,525
2223,300
2224,625
2225,523
2226,673
2227,575
2228,673
2229,673
2230,625
2231,675
2232,523
2233,673
2234,525
2235,571
2236,675
2237,575
2238,625
2239,675
2240,325
2241,625
2242,-75
2243,425
2244,425
2245,-25
2246,675
2247,-133
2248,-25
2249,525
2250,623
2251,148
2252,275
2253,550
2254,-181
2255,-75
2256,-127
2257,625
2258,-127
2259,-127
2260,575
2261,675
2262,-25
2263,675
2264,673
2265,575
2266,675
2267,675
2268,-27
2269,425
2270,625
2271,675
2272,575
2273,625
2274,300
2275,550
2276,521
2277,575
2278,623
2279,625
2280,-25
2281,675
2282,575
2283,675
2284,550
2285,-125
2286,625
2287,623
2288,425
2289,625
2290,675
2291,348
2292,673
2293,523
2294,-25
2295,525
2296,675
2297,675
2298,575
2299,625
2300,675
2301,625
2302,625
2303,675
2304,675
2305,673
2306,21
2307,619
2308,625
2309,-75
2310,396
2311,675
2312,625
2313,675
2314,625
2315,625
2316,525
2317,675
2318,496
2319,625
2320,625
2321,525
2322,675
2323,425
2324,-25
2325,675
2326,350
2327,669
2328,675
2329,196
2330,-79
2331,673
2332,-75
2333,675
2334,675
2335,625
2336,623
2337,-75
2338,675
2339,-125
2340,573
2341,625
2342,373
2343,675
2344,575
2345,400
2346,623
2347,-125
2348,625
2349,623
2350,675
2351,623
2352,450
2353,498
2354,-125
2355,675
2356,423
2357,525
2358,625
2359,625
2360,675
2361,523
2362,523
2363,623
2364,550
2365,625
2366,625
2367,675
2368,425
2369,548
2370,-127
2371,675
2372,623
2373,-75
2374,675
2375,548
2376,625
2377,523
2378,-125
2379,625
2380,500
2381,523
2382,673
2383,621
2384,-75
2385,-75
2386,298
2387,675
2388,525
2389,450
2390,675
2391,521
2392,523
2393,500
2394,-75
2395,673
2396,575
2397,575
2398,671
2399,-25
2400,675
2401,-75
2402,-125
2403,-125
2404,-75
2405,675
2406,573
2407,673
2408,-81
2409,675
2410,673
2411,575
2412,625
2413,623
2414,548
2415,573
2416,-125
2417,-25
2418,675
2419,621
2420,675
2421,675
2422,675
2423,-125
2424,675
2425,-77
2426,250
2427,625
2428,675
2429,-127
2430,425
2431,-250
2432,623
2433,625
2434,-125
2435,675
2436,-175
2437,625
2438,675
2439,-125
2440,-177
2441,425
2442,-75
2443,625
2444,675
2445,625
2446,675
2447,675
2448,25
2449,-125
2450,623
2451,673
2452,675
2453,675
2454,521
2455,625
2456,625
2457,625
2458,-50
2459,625
2460,375
2461,521
2462,625
2463,675
2464,550
2465,625
2466,421
2467,523
2468,575
2469,550
2470,-75
2471,550
2472,-75
2473,625
2474,150
2475,150
2476,-25
2477,625
2478,425
2479,523
2480,575
2481,550
2482,625
2483,323
2484,525
2485,-27
2486,575
2487,675
2488,-125
2489,473
2490,675
2491,-125
2492,350
2493,350
2494,475
2495,98
2496,400
2497,625
2498,525
2499,-75
2500,619
2501,-127
2502,-125
2503,-125
2504,-125
2505,673
2506,673
2507,-127
2508,425
2509,675
2510,625
2511,500
2512,625
2513,571
2514,675
2515,675
2516,150
2517,525
2518,523
2519,-202
2520,623
2521,173
2522,625
2523,525
2524,498
2525,-127
2526,675
2527,-77
2528,575
2529,-125
2530,400
2531,475
2532,673
2533,623
2534,-127
2535,300
2536,-77
2537,625
2538,425
2539,571
2540,675
2541,625
2542,548
2543,625
2544,675
2545,350
2546,625
2547,400
2548,-29
2549,675
2550,-125
2551,523
2552,-127
2553,323
2554,-77
2555,675
2556,625
2557,625
2558,675
2559,575
2560,675
2561,623
2562,675
2563,675
2564,-125
2565,-25
2566,-125
2567,675
2568,575
2569,675
2570,-75
2571,673
2572,675
2573,575
2574,-75
2575,-125
2576,625
2577,673
2578,548
2579,375
2580,571
2581,673
2582,675
2583,375
2584,400
2585,673
2586,-175
2587,625
2588,671
2589,625
2590,575
2591,675
2592,-127
2593,625
2594,673
2595,675
2596,675
2597,421
2598,-77
2599,625
2600,675
2601,625
2602,625
2603,-75
2604,675
2605,675
2606,400
2607,623
2608,250
2609,675
2610,-125
2611,625
2612,675
2613,-125
2614,-125
2615,675
2616,675
2617,675
2618,675
2619,523
2620,-125
2621,675
2622,525
2623,623
2624,248
2625,625
2626,675
2627,623
2628,-25
2629,625
2630,-77
2631,575
2632,-4
2633,400
2634,675
2635,-75
2636,498
2637,300
2638,625
2639,521
2640,-75
2641,375
2642,675
2643,675
2644,623
2645,625
2646,621
2647,375
2648,496
2649,350
2650,675
2651,-75
2652,425
2653,-50
2654,473
2655,525
2656,625
2657,550
2658,671
2659,625
2660,673
2661,675
2662,571
2663,525
2664,375
2665,575
2666,425
2667,673
2668,625
2669,671
2670,675
2671,-125
2672,298
2673,-125
2674,346
2675,394
2676,398
2677,-29
2678,-75
2679,675
2680,475
2681,675
2682,625
2683,675
2684,-77
2685,-227
2686,575
2687,625
2688,-125
2689,-75
2690,575
2691,623
2692,575
2693,521
2694,625
2695,573
2696,-25
2697,-29
2698,573
2699,525
2700,675
2701,625
2702,675
2703,348
2704,675
2705,623
2706,150
2707,625
2708,625
2709,625
2710,525
2711,573
2712,675
2713,675
2714,675
2715,621
2716,350
2717,673
2718,625
2719,675
2720,623
2721,675
2722,625
2723,623
2724,425
2725,673
2726,-77
2727,-125
2728,425
2729,675
2730,-125
2731,625
2732,-127
2733,-27
2734,673
2735,550
2736,625
2737,-25
2738,-277
2739,673
2740,675
2741,575
2742,575
2743,671
2744,673
2745,675
2746,-125
2747,-252
2748,675
2749,673
2750,575
2751,675
2752,675
2753,675
2754,523
2755,625
2756,675
2757,625
2758,625
2759,675
2760,623
2761,-202
2762,400
2763,675
2764,550
2765,-75
2766,-175
2767,675
2768,575
2769,-27
2770,625
2771,475
2772,350
2773,569
2774,675
2775,-177
2776,-77
2777,325
2778,573
2779,623
2780,675
2781,625
2782,673
2783,675
2784,625
2785,571
2786,-77
2787,673
2788,625
2789,675
2790,673
2791,625
2792,373
2793,523
2794,-225
2795,375
2796,323
2797,675
2798,-77
2799,675
2800,675
2801,625
2802,625
2803,375
2804,400
2805,-125
2806,625
2807,625
2808,398
2809,625
2810,-125
2811,373
2812,623
2813,625
2814,-25
2815,675
2816,575
2817,475
2818,675
2819,-200
2820,675
2821,625
2822,671
2823,-125
2824,523
2825,575
2826,623
2827,575
2828,673
2829,425
2830,671
2831,398
2832,-125
2833,475
2834,525
2835,675
2836,675
2837,525
2838,425
2839,573
2840,-77
2841,475
2842,373
2843,625
2844,675
2845,673
2846,475
2847,623
2848,675
2849,375
2850,675
2851,425
2852,-125
2853,625
2854,350
2855,675
2856,-177
2857,675
2858,673
2859,625
2860,673
2861,671
2862,673
2863,625
2864,675
2865,-75
2866,500
2867,-125
2868,496
2869,571
2870,475
2871,675
2872,673
2873,621
2874,675
2875,675
2876,-77
2877,-79
2878,573
2879,671
2880,525
2881,425
2882,525
2883,550
2884,625
2885,675
2886,625
2887,623
2888,-102
2889,569
2890,675
2891,423
2892,675
2893,350
2894,625
2895,-77
2896,673
2897,-75
2898,673
2899,675
2900,573
2901,625
2902,675
2903,675
2904,425
2905,525
2906,550
2907,625
2908,623
2909,625
2910,-25
2911,575
2912,673
2913,-125
2914,625
2915,625
2916,675
2917,675
2918,-25
2919,673
2920,-127
2921,-75
2922,575
2923,-75
2924,625
2925,675
2926,400
2927,-75
2928,550
2929,298
2930,-27
2931,675
2932,573
2933,396
2934,523
2935,625
2936,675
2937,400
2938,523
2939,675
2940,573
2941,675
2942,-125
2943,675
2944,625
2945,675
2946,571
2947,523
2948,275
2949,575
2950,523
2951,400
2952,423
2953,523
2954,625
2955,550
2956,675
2957,198
2958,-27
2959,625
2960,675
2961,625
2962,625
2963,675
2964,673
2965,675
2966,575
2967,673
2968,623
2969,475
2970,523
2971,-127
2972,673
2973,-79
2974,625
2975,675
2976,671
2977,573
2978,623
2979,625
2980,625
2981,425
2982,675
2983,621
2984,-75
2985,-25
2986,675
2987,675
2988,350
2989,675
2990,675
2991,625
2992,-75
2993,350
2994,-75
2995,675
2996,525
2997,675
2998,-27
2999,625
3000,673
3001,-75
3002,675
3003,575
3004,625
3005,-75
3006,673
3007,675
3008,-125
3009,671
3010,-27
3011,673
3012,-77
3013,675
3014,625
3015,673
3016,623
3017,675
3018,-27
3019,523
3020,675
3021,-125
3022,625
3023,623
3024,675
3025,425
3026,675
3027,623
3028,-52
3029,425
3030,675
3031,675
3032,675
3033,523
3034,625
3035,625
3036,573
3037,625
3038,675
3039,675
3040,500
3041,675
3042,573
3043,625
3044,625
3045,673
3046,423
3047,573
3048,-125
3049,375
3050,523
3051,575
3052,673
3053,625
3054,675
3055,625
3056,673
3057,300
3058,475
3059,573
3060,-125
3061,-175
3062,525
3063,625
3064,673
3065,-125
3066,525
3067,625
3068,550
3069,219
3070,-125
3071,475
3072,-27
3073,573
3074,675
3075,625
3076,675
3077,625
3078,-175
3079,675
3080,525
3081,673
3082,-25
3083,-35
3084,675
3085,675
3086,625
3087,625
3088,350
3089,625
3090,625
3091,625
3092,675
3093,675
3094,673
3095,-83
3096,525
3097,673
3098,675
3099,-25
3100,-125
3101,675
3102,-125
3103,671
3104,573
3105,675
3106,625
3107,673
3108,-75
3109,625
3110,-175
3111,675
3112,625
3113,675
3114,550
3115,673
3116,673
3117,573
3118,350
3119,675
3120,-75
3121,625
3122,298
3123,625
3124,-75
3125,-75
3126,571
3127,-77
3128,573
3129,-125
3130,675
3131,-25
3132,375
3133,675
3134,625
3135,675
3136,673
3137,300
3138,673
3139,625
3140,-75
3141,675
3142,-225
3143,398
3144,523
3145,625
3146,-127
3147,621
3148,575
3149,623
3150,675
3151,623
3152,525
3153,521
3154,-127
3155,-29
3156,375
3157,525
3158,675
3159,675
3160,425
3161,425
3162,675
3163,575
3164,675
3165,-125
3166,-75
3167,475
3168,-127
3169,671
3170,423
3171,246
3172,675
3173,-77
3174,623
3175,400
3176,-75
3177,625
3178,473
3179,625
3180,-25
3181,675
3182,300
3183,0
3184,-127
3185,375
3186,673
3187,621
3188,400
3189,273
3190,623
3191,625
3192,523
3193,673
3194,625
3195,673
3196,575
3197,550
3198,175
3199,625
3200,675
3201,-125
3202,550
3203,550
3204,675
3205,673
3206,675
3207,346
3208,-127
3209,525
3210,375
3211,573
3212,621
3213,-25
3214,525
3215,675
3216,675
3217,673
3218,523
3219,525
3220,675
3221,675
3222,548
3223,525
3224,525
3225,675
3226,625
3227,275
3228,573
3229,673
3230,548
3231,-152
3232,525
3233,673
3234,-25
3235,-125
3236,573
3237,621
3238,-25
3239,573
3240,550
3241,673
3242,675
3243,521
3244,675
3245,675
3246,675
3247,675
3248,625
3249,-127
3250,473
3251,375
3252,673
3253,675
3254,375
3255,375
3256,675
3257,625
3258,348
3259,-125
3260,521
3261,675
3262,425
3263,625
3264,-79
3265,625
3266,-75
3267,675
3268,623
3269,667
3270,-125
3271,346
3272,375
3273,673
3274,573
3275,-102
3276,623
3277,-125
3278,573
3279,625
3280,-125
3281,625
3282,500
3283,425
3284,625
3285,-125
3286,-125
3287,623
3288,625
3289,575
3290,625
3291,-75
3292,525
3293,-75
3294,521
3295,671
3296,625
3297,150
3298,248
3299,675
3300,625
3301,675
3302,675
3303,675
3304,671
3305,625
3306,625
3307,471
3308,625
3309,525
3310,625
3311,525
3312,625
3313,225
3314,-125
3315,-25
3316,346
3317,473
3318,525
3319,675
3320,375
3321,475
3322,425
3323,621
3324,625
3325,375
3326,675
3327,675
3328,623
3329,675
3330,473
3331,673
3332,-75
3333,625
3334,575
3335,375
3336,675
3337,671
3338,-127
3339,671
3340,525
3341,575
3342,675
3343,400
3344,573
3345,625
3346,-125
3347,-25
3348,625
3349,500
3350,-125
3351,-125
3352,550
3353,675
3354,-75
3355,675
3356,575
3357,573
3358,675
3359,675
3360,669
3361,625
3362,625
3363,-125
3364,625
3365,625
3366,675
3367,675
3368,625
3369,350
3370,673
3371,525
3372,625
3373,671
3374,625
3375,573
3376,573
3377,675
3378,375
3379,625
3380,675
3381,675
3382,425
3383,575
3384,525
3385,675
3386,-25
3387,673
3388,673
3389,550
3390,675
3391,575
3392,675
3393,575
3394,200
3395,525
3396,500
3397,-75
3398,523
3399,575
3400,425
3401,675
3402,575
3403,-27
3404,621
3405,-125
3406,623
3407,671
3408,375
3409,-75
3410,675
3411,675
3412,298
3413,625
3414,573
3415,623
3416,625
3417,575
3418,-75
3419,625
3420,550
3421,300
3422,521
3423,-75
3424,675
3425,575
3426,-125
3427,623
3428,675
3429,-225
3430,623
3431,625
3432,675
3433,575
3434,573
3435,625
3436,525
3437,625
3438,625
3439,675
3440,625
3441,623
3442,675
3443,675
3444,575
3445,550
3446,625
3447,675
3448,625
3449,575
3450,675
3451,671
3452,625
3453,-75
3454,475
3455,-75
3456,525
3457,-125
3458,675
3459,625
3460,675
3461,575
3462,325
3463,673
3464,-127
3465,-29
3466,425
3467,675
3468,675
3469,675
3470,675
3471,673
3472,521
3473,-125
3474,675
3475,675
3476,471
3477,675
3478,473
3479,675
3480,673
3481,-25
3482,575
3483,475
3484,675
3485,-75
3486,525
3487,-127
3488,475
3489,473
3490,575
3491,550
3492,625
3493,675
3494,496
3495,623
3496,475
3497,525
3498,675
3499,375
3500,675
3501,-77
3502,-125
3503,-125
3504,473
3505,398
3506,248
3507,-175
3508,575
3509,675
3510,625
3511,573
3512,575
3513,523
3514,675
3515,223
3516,675
3517,400
3518,525
3519,296
3520,623
3521,-125
3522,623
3523,623
3524,300
3525,575
3526,625
3527,625
3528,573
3529,473
3530,375
3531,400
3532,-75
3533,-125
3534,673
3535,-125
3536,-27
3537,625
3538,521
3539,625
3540,250
3541,525
3542,525
3543,675
3544,575
3545,625
3546,400
3547,425
3548,675
3549,100
3550,625
3551,673
3552,675
3553,673
3554,348
3555,600
3556,625
3557,-75
3558,575
3559,675
3560,498
3561,623
3562,619
3563,625
3564,675
3565,625
3566,675
3567,625
3568,425
3569,525
3570,-125
3571,625
3572,375
3573,573
3574,371
3575,573
3576,675
3577,625
3578,400
3579,673
3580,575
3581,625
3582,675
3583,350
3584,675
3585,573
3586,-127
3587,523
3588,675
3589,625
3590,675
3591,-77
3592,675
3593,625
3594,475
3595,675
3596,675
3597,-202
3598,675
3599,450
3600,-125
3601,-325
3602,523
3603,675
3604,675
3605,675
3606,425
3607,448
3608,-125
3609,-125
3610,625
3611,-75
3612,673
3613,625
3614,423
3615,-75
3616,398
3617,575
3618,-77
3619,400
3620,423
3621,675
3622,673
3623,423
3624,675
3625,475
3626,675
3627,573
3628,525
3629,623
3630,-175
3631,425
3632,621
3633,573
3634,425
3635,675
3636,675
3637,519
3638,625
3639,623
3640,625
3641,623
3642,473
3643,621
3644,625
3645,623
3646,-125
3647,675
3648,675
3649,523
3650,675
3651,625
3652,548
3653,550
3654,573
3655,-127
3656,575
3657,575
3658,-225
3659,675
3660,550
3661,-100
3662,625
3663,675
3664,-125
3665,673
3666,625
3667,675
3668,-8
3669,575
3670,350
3671,675
3672,-125
3673,675
3674,400
3675,625
3676,-79
3677,675
3678,625
3679,550
3680,-29
3681,498
3682,625
3683,623
3684,-79
3685,-125
3686,675
3687,625
3688,675
3689,573
3690,625
3691,575
3692,623
3693,621
3694,673
3695,625
3696,-327
3697,-175
3698,96
3699,675
3700,400
3701,625
3702,-25
3703,400
3704,-125
3705,675
3706,-75
3707,675
3708,675
3709,421
3710,-25
3711,623
3712,623
3713,673
3714,250
3715,625
3716,625
3717,675
3718,675
3719,575
3720,675
3721,475
3722,448
3723,-75
3724,423
3725,573
3726,-125
3727,575
3728,500
3729,298
3730,675
3731,625
3732,623
3733,569
3734,246
3735,423
3736,-100
3737,625
3738,446
3739,525
3740,675
3741,575
3742,425
3743,-127
3744,625
3745,21
3746,625
3747,675
3748,-75
3749,675
3750,675
3751,575
3752,425
3753,673
3754,625
3755,625
3756,-127
3757,250
3758,675
3759,625
3760,525
3761,625
3762,675
3763,625
3764,-75
3765,573
3766,675
3767,496
3768,525
3769,675
3770,675
3771,423
3772,-125
3773,625
3774,-125
3775,550
3776,675
3777,425
3778,675
3779,-25
3780,675
3781,675
3782,550
3783,625
3784,271
3785,525
3786,675
3787,675
3788,675
3789,-77
3790,675
3791,423
3792,-75
3793,625
3794,675
3795,575
3796,675
3797,675
3798,-25
3799,523
3800,623
3801,675
3802,623
3803,675
3804,671
3805,500
3806,675
3807,423
3808,-27
3809,423
3810,375
3811,571
3812,173
3813,675
3814,621
3815,475
3816,675
3817,-125
3818,-127
3819,575
3820,621
3821,675
3822,673
3823,675
3824,150
3825,625
3826,571
3827,675
3828,625
3829,573
3830,425
3831,625
3832,673
3833,675
3834,-127
3835,675
3836,673
3837,350
3838,525
3839,400
3840,625
3841,675
3842,673
3843,575
3844,673
3845,-75
3846,675
3847,575
3848,673
3849,625
3850,675
3851,548
3852,675
3853,625
3854,673
3855,325
3856,675
3857,569
3858,625
3859,675
3860,-125
3861,373
3862,675
3863,575
3864,498
3865,-125
3866,625
3867,625
3868,625
3869,621
3870,-125
3871,675
3872,575
3873,367
3874,-125
3875,623
3876,675
3877,623
3878,675
3879,675
3880,350
3881,625
3882,625
3883,398
3884,525
3885,298
3886,398
3887,675
3888,673
3889,675
3890,548
3891,371
3892,-83
3893,575
3894,500
3895,625
3896,623
3897,350
3898,0
3899,675
3900,-177
3901,675
3902,675
3903,-75
3904,623
3905,671
3906,500
3907,525
3908,525
3909,548
3910,-75
3911,675
3912,-125
3913,625
3914,675
3915,575
3916,675
3917,625
3918,525
3919,575
3920,623
3921,-75
3922,623
3923,-125
3924,623
3925,525
3926,675
3927,-125
3928,625
3929,400
3930,675
3931,675
3932,675
3933,675
3934,-200
3935,673
3936,675
3937,625
3938,421
3939,375
3940,-300
3941,550
3942,475
3943,-4
3944,575
3945,573
3946,-75
3947,523
3948,675
3949,373
3950,625
3951,675
3952,548
3953,-125
3954,575
3955,-125
3956,525
3957,523
3958,169
3959,325
3960,621
3961,425
3962,400
3963,-54
3964,673
3965,675
3966,625
3967,625
3968,-125
3969,675
3970,623
3971,575
3972,246
3973,398
3974,350
3975,675
3976,475
3977,373
3978,-125
3979,625
3980,525
3981,673
3982,625
3983,625
3984,-75
3985,548
3986,675
3987,675
3988,675
3989,350
3990,575
3991,500
3992,-27
3993,673
3994,523
3995,525
3996,575
3997,625
3998,623
3999,-125
4000,567
4001,-125
4002,-125
4003,625
4004,400
4005,675
4006,625
4007,675
4008,-25
4009,425
4010,525
4011,-125
4012,625
4013,675
4014,675
4015,575
4016,673
4017,473
4018,673
4019,348
4020,346
4021,525
4022,-129
4023,625
4024,675
4025,400
4026,675
4027,375
4028,675
4029,675
4030,375
4031,0
4032,625
4033,625
4034,573
4035,675
4036,-79
4037,-129
4038,675
4039,673
4040,525
4041,-75
4042,673
4043,675
4044,673
4045,625
4046,675
4047,625
4048,625
4049,525
4050,675
4051,-125
4052,500
4053,-200
4054,425
4055,500
4056,575
4057,625
4058,673
4059,675
4060,675
4061,-75
4062,475
4063,-75
4064,0
4065,-125
4066,675
4067,525
4068,621
4069,625
4070,625
4071,525
4072,675
4073,600
4074,-127
4075,621
4076,473
4077,473
4078,675
4079,473
4080,-75
4081,575
4082,675
4083,675
4084,675
4085,-179
4086,675
4087,223
4088,621
4089,675
4090,675
4091,275
4092,-125
4093,573
4094,675
4095,621
4096,673
4097,-75
4098,425
4099,-127
4100,575
4101,473
4102,425
4103,671
4104,625
4105,-125
4106,571
4107,673
4108,573
4109,625
4110,525
4111,575
4112,-54
4113,673
4114,398
4115,623
4116,675
4117,375
4118,675
4119,-125
4120,525
4121,517
4122,-125
4123,-75
4124,-127
4125,-175
4126,425
4127,575
4128,675
4129,675
4130,675
4131,673
4132,-202
4133,675
4134,625
4135,575
4136,425
4137,525
4138,521
4139,23
4140,623
4141,675
4142,-125
4143,625
4144,673
4145,525
4146,325
4147,-125
4148,675
4149,573
4150,675
4151,625
4152,625
4153,375
4154,425
4155,675
4156,525
4157,625
4158,673
4159,-177
4160,673
4161,250
4162,-125
4163,-75
4164,673
4165,675
4166,575
4167,625
4168,675
4169,625
4170,625
4171,573
4172,-125
4173,675
4174,675
4175,-75
4176,544
4177,523
4178,500
4179,-77
4180,675
4181,675
4182,625
4183,525
4184,575
4185,400
4186,625
4187,425
4188,-125
4189,623
4190,673
4191,571
4192,673
4193,673
4194,569
4195,625
4196,575
4197,625
4198,-127
4199,573
4200,-125
4201,375
4202,625
4203,525
4204,625
4205,675
4206,625
4207,498
4208,221
4209,675
4210,573
4211,-100
4212,675
4213,100
4214,519
4215,675
4216,623
4217,673
4218,525
4219,-27
4220,623
4221,675
4222,373
4223,550
4224,575
4225,575
4226,425
4227,623
4228,375
4229,150
4230,573
4231,675
4232,475
4233,625
4234,675
4235,-125
4236,625
4237,-200
4238,621
4239,625
4240,625
4241,-127
4242,375
4243,675
4244,-77
4245,-125
4246,500
4247,548
4248,-127
4249,400
4250,625
4251,675
4252,350
4253,573
4254,625
4255,-75
4256,625
4257,-125
4258,350
4259,450
4260,675
4261,675
4262,521
4263,675
4264,425
4265,675
4266,673
4267,623
4268,675
4269,573
4270,425
4271,625
4272,425
4273,625
4274,575
4275,625
4276,-125
4277,675
4278,625
4279,675
4280,475
4281,-125
4282,675
4283,-75
4284,675
4285,500
4286,375
4287,575
4288,-75
4289,675
4290,675
4291,625
4292,575
4293,-125
4294,675
4295,425
4296,498
4297,-79
4298,625
4299,548
4300,675
4301,625
4302,575
4303,-127
4304,675
4305,369
4306,573
4307,625
4308,-75
4309,675
4310,625
4311,-79
4312,-125
4313,-125
4314,625
4315,625
4316,575
4317,523
4318,675
4319,-77
4320,625
4321,-29
4322,673
4323,225
4324,-277
4325,571
4326,675
4327,625
4328,625
4329,675
4330,-75
4331,623
4332,425
4333,-27
4334,673
4335,423
4336,675
4337,673
4338,575
4339,-75
4340,673
4341,-29
4342,675
4343,675
4344,625
4345,-25
4346,575
4347,-125
4348,573
4349,623
4350,625
4351,571
4352,675
4353,621
4354,675
4355,-75
4356,675
4357,-25
4358,575
4359,573
4360,675
4361,673
4362,625
4363,575
4364,446
4365,-75
4366,675
4367,625
4368,525
4369,623
4370,525
4371,675
4372,575
4373,623
4374,623
4375,550
4376,673
4377,673
4378,-100
4379,675
4380,675
4381,625
4382,625
4383,548
4384,521
4385,625
4386,-125
4387,625
4388,400
4389,-75
4390,625
4391,398
4392,675
4393,-77
4394,675
4395,350
4396,-125
4397,425
4398,671
4399,625
4400,621
4401,550
4402,671
4403,-125
4404,-27
4405,671
4406,675
4407,-125
4408,473
4409,525
4410,-125
4411,523
4412,675
4413,575
4414,575
4415,-25
4416,675
4417,675
4418,575
4419,673
4420,475
4421,-75
4422,575
4423,673
4424,575
4425,-125
4426,675
4427,675
4428,-25
4429,-175
4430,150
4431,675
4432,575
4433,675
4434,573
4435,675
4436,300
4437,-77
4438,675
4439,675
4440,675
4441,625
4442,675
4443,623
4444,450
4445,-25
4446,519
4447,548
4448,-25
4449,675
4450,525
4451,675
4452,-25
4453,675
4454,675
4455,473
4456,675
4457,675
4458,623
4459,350
4460,625
4461,623
4462,350
4463,625
4464,575
4465,675
4466,675
4467,625
4468,675
4469,675
4470,623
4471,-127
4472,573
4473,625
4474,675
4475,625
4476,625
4477,625
4478,675
4479,573
4480,525
4481,675
4482,625
4483,675
4484,625
4485,675
4486,348
4487,421
4488,0
4489,675
4490,525
4491,523
4492,673
4493,621
4494,675
4495,525
4496,623
4497,348
4498,-79
4499,573
4500,675
4501,573
4502,675
4503,273
4504,675
4505,625
4506,-75
4507,675
4508,-75
4509,625
4510,625
4511,-200
4512,525
4513,-27
4514,-77
4515,675
4516,-102
4517,525
4518,-75
4519,548
4520,-177
4521,619
4522,350
4523,473
4524,623
4525,673
4526,-125
4527,675
4528,475
4529,400
4530,298
4531,675
4532,625
4533,575
4534,675
4535,-75
4536,625
4537,625
4538,-25
4539,475
4540,425
4541,675
4542,575
4543,675
4544,275
4545,498
4546,398
4547,625
4548,550
4549,623
4550,623
4551,675
4552,-200
4553,675
4554,623
4555,625
4556,-27
4557,625
4558,-75
4559,625
4560,-27
4561,298
4562,675
4563,675
4564,675
4565,523
4566,675
4567,625
4568,625
4569,523
4570,675
4571,-75
4572,625
4573,-75
4574,275
4575,-125
4576,675
4577,473
4578,575
4579,623
4580,575
4581,498
4582,675
4583,-75
4584,425
4585,625
4586,525
4587,425
4588,425
4589,675
4590,623
4591,400
4592,-125
4593,275
4594,498
4595,-129
4596,675
4597,575
4598,525
4599,625
4600,675
4601,373
4602,350
4603,150
4604,-125
4605,625
4606,525
4607,575
4608,525
4609,675
4610,675
4611,675
4612,-75
4613,-125
4614,525
4615,525
4616,-127
4617,675
4618,471
4619,675
4620,-125
4621,675
4622,675
4623,675
4624,573
4625,423
4626,575
4627,425
4628,673
4629,325
4630,425
4631,475
4632,-227
4633,-150
4634,625
4635,573
4636,325
4637,-75
4638,523
4639,625
4640,671
4641,525
4642,675
4643,575
4644,525
4645,623
4646,425
4647,473
4648,398
4649,-77
4650,625
4651,675
4652,625
4653,-25
4654,675
4655,-83
4656,675
4657,-125
4658,-125
4659,-127
4660,671
4661,-75
4662,675
4663,675
4664,-77
4665,673
4666,448
4667,675
4668,625
4669,575
4670,623
4671,621
4672,673
4673,675
4674,623
4675,573
4676,-125
4677,673
4678,573
4679,400
4680,-27
4681,-204
4682,-75
4683,500
4684,550
4685,575
4686,-125
4687,675
4688,675
4689,625
4690,521
4691,498
4692,346
4693,571
4694,675
4695,-129
4696,625
4697,525
4698,425
4699,400
4700,-125
4701,675
4702,625
4703,-52
4704,675
4705,525
4706,675
4707,525
4708,-175
4709,675
4710,675
4711,425
4712,673
4713,675
4714,675
4715,625
4716,675
4717,-25
4718,625
4719,625
4720,675
4721,673
4722,675
4723,623
4724,675
4725,550
4726,-127
4727,625
4728,523
4729,675
4730,625
4731,625
4732,625
4733,573
4734,675
4735,575
4736,675
4737,-125
4738,575
4739,675
4740,625
4741,348
4742,675
4743,625
4744,673
4745,673
4746,675
4747,675
4748,-125
4749,-25
4750,623
4751,-75
4752,-77
4753,98
4754,71
4755,673
4756,623
4757,425
4758,575
4759,548
4760,673
4761,675
4762,523
4763,-125
4764,625
4765,675
4766,675
4767,-25
4768,475
4769,675
4770,675
4771,473
4772,673
4773,246
4774,623
4775,250
4776,400
4777,675
4778,625
4779,675
4780,400
4781,-25
4782,-2
4783,475
4784,623
4785,525
4786,525
4787,625
4788,575
4789,323
4790,675
4791,473
4792,-125
4793,-75
4794,675
4795,675
4796,573
4797,575
4798,575
4799,425
4800,675
4801,625
4802,571
4803,675
4804,375
4805,-75
4806,-75
4807,621
4808,400
4809,625
4810,625
4811,675
4812,675
4813,623
4814,675
4815,498
4816,675
4817,625
4818,675
4819,350
4820,475
4821,625
4822,675
4823,673
4824,-75
4825,671
4826,575
4827,675
4828,625
4829,673
4830,675
4831,675
4832,621
4833,550
4834,625
4835,348
4836,523
4837,275
4838,500
4839,500
4840,-125
4841,675
4842,550
4843,675
4844,675
4845,525
4846,525
4847,575
4848,625
4849,-100
4850,-25
4851,-75
4852,375
4853,-125
4854,625
4855,317
4856,673
4857,675
4858,548
4859,675
4860,625
4861,-27
4862,625
4863,-127
4864,675
4865,625
4866,675
4867,623
4868,425
4869,675
4870,-125
4871,675
4872,75
4873,625
4874,625
4875,575
4876,673
4877,-75
4878,675
4879,-77
4880,673
4881,671
4882,298
4883,673
4884,575
4885,625
4886,396
4887,525
4888,475
4889,571
4890,275
4891,675
4892,675
4893,675
4894,500
4895,575
4896,675
4897,200
4898,425
4899,623
4900,625
4901,398
4902,575
4903,250
4904,675
4905,575
4906,625
4907,621
4908,625
4909,-125
4910,523
4911,671
4912,673
4913,373
4914,675
4915,575
4916,673
4917,675
4918,298
4919,623
4920,300
4921,675
4922,675
4923,-125
4924,100
4925,625
4926,275
4927,425
4928,419
4929,521
4930,575
4931,675
4932,-75
4933,673
4934,625
4935,248
4936,-204
4937,498
4938,-125
4939,423
4940,675
4941,-75
4942,675
4943,621
4944,400
4945,625
4946,675
4947,275
4948,675
4949,-25
4950,675
4951,275
4952,425
4953,675
4954,375
4955,675
4956,-25
4957,575
4958,625
4959,346
4960,-125
4961,675
4962,675
4963,400
4964,575
4965,623
4966,-125
4967,523
4968,623
4969,-152
4970,-177
4971,500
4972,675
4973,-125
4974,375
4975,400
4976,673
4977,673
4978,675
4979,-177
4980,625
4981,673
4982,623
4983,-75
4984,423
4985,421
4986,-125
4987,575
4988,350
4989,673
4990,-125
4991,521
4992,348
4993,675
4994,523
4995,625
4996,575
4997,673
4998,525
4999,675
5000,675
5001,675
5002,575
5003,623
5004,625
5005,-27
5006,500
5007,621
5008,675
5009,573
5010,521
5011,400
5012,625
5013,-75
5014,350
5015,671
5016,323
5017,575
5018,600
5019,425
5020,575
5021,675
5022,675
5023,675
5024,550
5025,-125
5026,-129
5027,675
5028,675
5029,525
5030,-125
5031,-25
5032,375
5033,675
5034,625
5035,-75
5036,675
5037,425
5038,621
5039,300
5040,621
5041,296
5042,623
5043,550
5044,675
5045,525
5046,548
5047,625
5048,623
5049,575
5050,425
5051,625
5052,675
5053,250
5054,425
5055,673
5056,673
5057,573
5058,673
5059,675
5060,275
5061,675
5062,675
5063,575
5064,425
5065,671
5066,573
5067,-75
5068,675
5069,575
5070,673
5071,425
5072,-79
5073,525
5074,623
5075,-75
5076,621
5077,673
5078,271
5079,675
5080,400
5081,675
5082,675
5083,625
5084,-25
5085,675
5086,425
5087,675
5088,523
5089,623
5090,250
5091,525
5092,523
5093,675
5094,673
5095,-125
5096,600
5097,-50
5098,525
5099,496
5100,623
5101,-127
5102,550
5103,373
5104,675
5105,625
5106,673
5107,523
5108,523
5109,-79
5110,-75
5111,675
5112,-125
5113,673
5114,623
5115,523
5116,625
5117,573
5118,675
5119,-77
5120,-125
5121,625
5122,525
5123,-125
5124,621
5125,425
5126,625
5127,346
5128,625
5129,-77
5130,675
5131,600
5132,-175
5133,673
5134,521
5135,500
5136,625
5137,400
5138,525
5139,525
5140,625
5141,573
5142,573
5143,575
5144,625
5145,625
5146,425
5147,523
5148,-75
5149,675
5150,675
5151,669
5152,575
5153,573
5154,675
5155,-125
5156,675
5157,-125
5158,325
5159,673
5160,673
5161,675
5162,575
5163,471
5164,-125
5165,473
5166,525
5167,675
5168,575
5169,-125
5170,548
5171,521
5172,475
5173,-127
5174,-131
5175,625
5176,673
5177,525
5178,475
5179,673
5180,550
5181,-25
5182,-77
5183,425
5184,621
5185,623
5186,625
5187,675
5188,296
5189,425
5190,-75
5191,673
5192,425
5193,675
5194,675
5195,625
5196,675
5197,625
5198,475
5199,-131
5200,-127
5201,425
5202,673
5203,-25
5204,621
5205,675
5206,673
5207,675
5208,-125
5209,375
5210,675
5211,396
5212,623
5213,-75
5214,-27
5215,-125
5216,675
5217,525
5218,675
5219,675
5220,575
5221,425
5222,625
5223,598
5224,625
5225,675
5226,-75
5227,675
5228,-25
5229,0
5230,396
5231,575
5232,-225
5233,671
5234,675
5235,625
5236,500
5237,350
5238,-125
5239,673
5240,-125
5241,675
5242,673
5243,625
5244,675
5245,525
5246,-77
5247,-179
5248,-175
5249,675
5250,675
5251,675
5252,675
5253,623
5254,-125
5255,673
5256,396
5257,-2
5258,525
5259,198
5260,625
5261,575
5262,575
5263,675
5264,-125
5265,623
5266,623
5267,625
5268,-125
5269,575
5270,623
5271,-125
5272,575
5273,623
5274,-127
5275,475
5276,-75
5277,550
5278,550
5279,346
5280,675
5281,398
5282,275
5283,-75
5284,525
5285,375
5286,675
5287,573
5288,573
5289,523
5290,675
5291,675
5292,621
5293,525
5294,-25
5295,-29
5296,625
5297,400
5298,525
5299,223
5300,625
5301,675
5302,675
5303,-125
5304,-127
5305,550
5306,625
5307,-125
5308,448
5309,525
5310,575
5311,675
5312,-250
5313,475
5314,-77
5315,675
5316,350
5317,425
5318,-300
5319,469
5320,573
5321,675
5322,-75
5323,675
5324,0
5325,548
5326,675
5327,375
5328,675
5329,675
5330,625
5331,425
5332,625
5333,550
5334,675
5335,523
5336,575
5337,575
5338,575
5339,675
5340,525
5341,625
5342,575
5343,523
5344,425
5345,-175
5346,575
5347,-77
5348,675
5349,500
5350,625
5351,623
5352,-27
5353,675
5354,675
5355,425
5356,400
5357,-125
5358,-404
5359,575
5360,623
5361,673
5362,525
5363,675
5364,523
5365,-27
5366,400
5367,423
5368,550
5369,621
5370,675
5371,675
5372,623
5373,525
5374,550
5375,573
5376,675
5377,571
5378,-225
5379,575
5380,675
5381,625
5382,675
5383,675
5384,373
5385,344
5386,675
5387,625
5388,575
5389,398
5390,623
5391,400
5392,625
5393,425
5394,623
5395,573
5396,548
5397,292
5398,-200
5399,-125
5400,675
5401,-27
5402,625
5403,-125
5404,-200
5405,675
5406,625
5407,498
5408,-177
5409,525
5410,498
5411,675
5412,675
5413,375
5414,425
5415,375
5416,525
5417,521
5418,675
5419,575
5420,625
5421,573
5422,575
5423,-125
5424,675
5425,523
5426,475
5427,621
5428,-125
5429,573
5430,625
5431,623
5432,569
5433,623
5434,75
5435,473
5436,-100
5437,400
5438,-206
5439,675
5440,675
5441,675
5442,675
5443,625
5444,-125
5445,348
5446,-177
5447,673
5448,350
5449,675
5450,548
5451,-75
5452,223
5453,675
5454,321
5455,673
5456,523
5457,-75
5458,519
5459,575
5460,-75
5461,675
5462,675
5463,673
5464,575
5465,-125
5466,669
5467,-100
5468,573
5469,675
5470,350
5471,-125
5472,-131
5473,573
5474,675
5475,675
5476,575
5477,573
5478,-125
5479,625
5480,675
5481,-127
5482,525
5483,675
5484,425
5485,-75
5486,673
5487,348
5488,298
5489,400
5490,425
5491,273
5492,621
5493,350
5494,475
5495,575
5496,625
5497,625
5498,675
5499,125
5500,300
5501,-175
5502,625
5503,-27
5504,-100
5505,425
5506,475
5507,623
5508,-25
5509,-25
5510,-75
5511,250
5512,473
5513,571
5514,573
5515,423
5516,-125
5517,573
5518,375
5519,423
5520,-125
5521,671
5522,373
5523,300
5524,400
5525,-100
5526,525
5527,348
5528,675
5529,675
5530,673
5531,623
5532,-125
5533,625
5534,675
5535,400
5536,625
5537,675
5538,-27
5539,675
5540,475
5541,571
5542,-125
5543,675
5544,675
5545,675
5546,623
5547,573
5548,425
5549,675
5550,623
5551,625
5552,150
5553,525
5554,-75
5555,623
5556,675
5557,625
5558,-125
5559,475
5560,673
5561,625
5562,673
5563,625
5564,-125
5565,525
5566,673
5567,675
5568,675
5569,673
5570,625
5571,675
5572,675
5573,425
5574,625
5575,575
5576,571
5577,675
5578,373
5579,671
5580,625
5581,550
5582,625
5583,675
5584,625
5585,675
5586,675
5587,-25
5588,550
5589,623
5590,-125
5591,625
5592,625
5593,673
5594,373
5595,350
5596,-125
5597,625
5598,525
5599,675
5600,675
5601,625
5602,398
5603,425
5604,525
5605,425
5606,523
5607,-27
5608,575
5609,675
5610,425
5611,523
5612,550
5613,346
5614,575
5615,-177
5616,671
5617,625
5618,675
5619,625
5620,-102
5621,673
5622,625
5623,675
5624,-27
5625,575
5626,500
5627,619
5628,325
5629,425
5630,623
5631,-77
5632,625
5633,-127
5634,375
5635,425
5636,675
5637,673
5638,-25
5639,-25
5640,400
5641,125
5642,-27
5643,-100
5644,625
5645,625
5646,-75
5647,425
5648,675
5649,675
5650,675
5651,621
5652,573
5653,573
5654,350
5655,-27
5656,675
5657,625
5658,492
5659,423
5660,675
5661,575
5662,675
5663,625
5664,625
5665,673
5666,675
5667,673
5668,573
5669,675
5670,675
5671,675
5672,-25
5673,673
5674,625
5675,675
5676,675
5677,271
5678,575
5679,-75
5680,375
5681,75
5682,625
5683,-125
5684,400
5685,675
5686,525
5687,-27
5688,-25
5689,675
5690,448
5691,623
5692,-175
5693,675
5694,673
5695,550
5696,-125
5697,675
5698,-4
5699,298
5700,673
5701,475
5702,673
5703,-75
5704,673
5705,523
5706,-75
5707,573
5708,475
5709,625
5710,675
5711,623
5712,675
5713,623
5714,673
5715,675
5716,525
5717,625
5718,625
5719,-25
5720,-8
5721,675
5722,-75
5723,473
5724,-125
5725,500
5726,673
5727,473
5728,625
5729,521
5730,673
5731,673
5732,73
5733,625
5734,675
5735,625
5736,675
5737,675
5738,573
5739,671
5740,475
5741,573
5742,575
5743,675
5744,675
5745,373
5746,98
5747,671
5748,675
5749,571
5750,475
5751,400
5752,-27
5753,575
5754,675
5755,-77
5756,673
5757,621
5758,525
5759,-125
5760,625
5761,675
5762,523
5763,675
5764,673
5765,625
5766,-177
5767,425
5768,150
5769,475
5770,519
5771,671
5772,575
5773,675
5774,523
5775,-75
5776,-75
5777,-100
5778,575
5779,575
5780,575
5781,625
5782,575
5783,675
5784,-175
5785,525
5786,473
5787,525
5788,673
5789,546
5790,-127
5791,-125
5792,425
5793,375
5794,573
5795,571
5796,675
5797,-25
5798,573
5799,575
5800,523
5801,623
5802,673
5803,675
5804,375
5805,-125
5806,-75
5807,-75
5808,675
5809,675
5810,348
5811,625
5812,-127
5813,625
5814,675
5815,673
5816,625
5817,673
5818,675
5819,569
5820,625
5821,-77
5822,675
5823,673
5824,625
5825,625
5826,573
5827,-75
5828,673
5829,-200
5830,0
5831,673
5832,523
5833,625
5834,575
5835,-127
5836,673
5837,675
5838,575
5839,675
5840,675
5841,675
5842,525
5843,625
5844,673
5845,625
5846,675
5847,625
5848,625
5849,350
5850,625
5851,675
5852,623
5853,573
5854,675
5855,400
5856,-75
5857,675
5858,619
5859,-125
5860,675
5861,-25
5862,673
5863,675
5864,675
5865,475
5866,573
5867,675
5868,675
5869,623
5870,525
5871,575
5872,675
5873,500
5874,675
5875,625
5876,675
5877,575
5878,525
5879,-75
5880,398
5881,625
5882,523
5883,575
5884,275
5885,-125
5886,400
5887,625
5888,550
5889,625
5890,675
5891,575
5892,675
5893,623
5894,675
5895,-125
5896,675
5897,625
5898,573
5899,525
5900,-125
5901,571
5902,621
5903,-125
5904,675
5905,625
5906,523
5907,-127
5908,573
5909,300
5910,675
5911,523
5912,675
5913,625
5914,625
5915,525
5916,625
5917,623
5918,-75
5919,-75
5920,673
5921,523
5922,675
5923,-77
5924,625
5925,-75
5926,-125
5927,625
5928,675
5929,675
5930,550
5931,473
5932,525
5933,623
5934,675
5935,375
5936,575
5937,625
5938,425
5939,221
5940,575
5941,623
5942,673
5943,675
5944,325
5945,400
5946,673
5947,525
5948,448
5949,671
5950,-75
5951,625
5952,-75
5953,398
5954,675
5955,575
5956,673
5957,398
5958,-75
5959,623
5960,623
5961,575
5962,-75
5963,675
5964,625
5965,675
5966,675
5967,623
5968,-25
5969,675
5970,675
5971,673
5972,248
5973,575
5974,625
5975,625
5976,575
5977,346
5978,671
5979,475
5980,525
5981,625
5982,-79
5983,575
5984,575
5985,-125
5986,625
5987,673
5988,275
5989,525
5990,398
5991,625
5992,550
5993,223
5994,625
5995,475
5996,475
5997,675
5998,571
5999,671
6000,675
6001,675
6002,525
6003,246
6004,473
6005,675
6006,-125
6007,-27
6008,575
6009,625
6010,625
6011,675
6012,-125
6013,400
6014,250
6015,-77
6016,-77
6017,675
6018,675
6019,675
6020,625
6021,675
6022,473
6023,-175
6024,575
6025,400
6026,425
6027,573
6028,625
6029,673
6030,623
6031,425
6032,671
6033,525
6034,673
6035,625
6036,523
6037,675
6038,671
6039,673
6040,673
6041,-179
6042,675
6043,-27
6044,575
6045,623
6046,-125
6047,623
6048,-125
6049,625
6050,625
6051,550
6052,675
6053,675
6054,-25
6055,150
6056,-75
6057,-79
6058,575
6059,575
6060,350
6061,546
6062,573
6063,-100
6064,575
6065,625
6066,625
6067,400
6068,675
6069,675
6070,-27
6071,623
6072,-77
6073,673
6074,623
6075,-125
6076,673
6077,625
6078,-56
6079,250
6080,575
6081,673
6082,625
6083,625
6084,-125
6085,323
6086,621
6087,673
6088,-75
6089,-100
6090,675
6091,675
6092,625
6093,-75
6094,525
6095,625
6096,273
6097,525
6098,625
6099,675
6100,-27
6101,673
6102,675
6103,-125
6104,475
6105,-25
6106,525
6107,398
6108,575
6109,521
6110,-127
6111,673
6112,575
6113,671
6114,625
6115,-125
6116,675
6117,675
6118,0
6119,525
6120,623
6121,-125
6122,575
6123,-125
6124,625
6125,675
6126,675
6127,525
6128,673
6129,623
6130,521
6131,623
6132,675
6133,625
6134,500
6135,675
6136,400
6137,425
6138,675
6139,-125
6140,548
6141,673
6142,575
6143,498
6144,675
6145,625
6146,-77
6147,675
6148,625
6149,-202
6150,525
6151,623
6152,675
6153,623
6154,350
6155,573
6156,248
6157,623
6158,675
6159,675
6160,498
6161,-25
6162,573
6163,-102
6164,-125
6165,575
6166,675
6167,675
6168,673
6169,-75
6170,671
6171,398
6172,625
6173,675
6174,675
6175,525
6176,621
6177,675
6178,471
6179,675
6180,-27
6181,-125
6182,475
6183,-175
6184,675
6185,348
6186,275
6187,-77
6188,250
6189,675
6190,-125
6191,-75
6192,673
6193,625
6194,473
6195,-75
6196,623
6197,673
6198,350
6199,675
6200,623
6201,475
6202,571
6203,673
6204,-25
6205,575
6206,573
6207,573
6208,673
6209,-125
6210,-75
6211,248
6212,525
6213,673
6214,298
6215,625
6216,525
6217,425
6218,250
6219,625
6220,-75
6221,625
6222,675
6223,673
6224,573
6225,471
6226,675
6227,673
6228,519
6229,548
6230,675
6231,671
6232,-75
6233,275
6234,450
6235,675
6236,675
6237,675
6238,675
6239,671
6240,623
6241,675
6242,-125
6243,675
6244,625
6245,675
6246,350
6247,675
6248,-75
6249,-79
6250,675
6251,675
6252,675
6253,325
6254,300
6255,675
6256,500
6257,675
6258,525
6259,-127
6260,-27
6261,575
6262,575
6263,573
6264,625
6265,625
6266,-100
6267,625
6268,-75
6269,675
6270,348
6271,675
6272,448
6273,-75
6274,625
6275,-54
6276,571
6277,575
6278,425
6279,675
6280,-79
6281,-75
6282,200
6283,625
6284,625
6285,673
6286,525
6287,675
6288,-77
6289,625
6290,675
6291,523
6292,425
6293,675
6294,475
6295,-127
6296,673
6297,625
6298,675
6299,675
6300,550
6301,675
6302,-77
6303,-25
6304,675
6305,675
6306,-25
6307,675
6308,475
6309,475
6310,673
6311,671
6312,625
6313,625
6314,675
6315,575
6316,673
6317,523
6318,675
6319,425
6320,573
6321,371
6322,425
6323,396
6324,350
6325,675
6326,19
6327,-33
6328,623
6329,675
6330,521
6331,298
6332,525
6333,671
6334,569
6335,675
6336,625
6337,198
6338,-75
6339,575
6340,673
6341,400
6342,625
6343,675
6344,400
6345,619
6346,575
6347,621
6348,425
6349,-27
6350,575
6351,623
6352,398
6353,575
6354,625
6355,-50
6356,673
6357,525
6358,523
6359,198
6360,-125
6361,575
6362,225
6363,-75
6364,625
6365,400
6366,375
6367,523
6368,625
6369,575
6370,-177
6371,671
6372,523
6373,521
6374,500
6375,-75
6376,673
6377,675
6378,675
6379,625
6380,623
6381,625
6382,625
6383,623
6384,500
6385,575
6386,-125
6387,675
6388,675
6389,675
6390,523
6391,500
6392,398
6393,-29
6394,421
6395,675
6396,425
6397,-75
6398,673
6399,500
6400,675
6401,-75
6402,425
6403,-75
6404,623
6405,621
6406,-75
6407,673
6408,675
6409,625
6410,350
6411,523
6412,625
6413,623
6414,675
6415,400
6416,294
6417,623
6418,673
6419,-75
6420,625
6421,573
6422,250
6423,-25
6424,321
6425,425
6426,675
6427,675
6428,673
6429,400
6430,100
6431,-29
6432,623
6433,-27
6434,-25
6435,400
6436,673
6437,-75
6438,675
6439,-77
6440,-125
6441,525
6442,498
6443,625
6444,348
6445,325
6446,625
6447,671
6448,475
6449,448
6450,244
6451,-125
6452,675
6453,675
6454,375
6455,575
6456,623
6457,350
6458,325
6459,575
6460,625
6461,575
6462,498
6463,-27
6464,98
6465,675
6466,375
6467,300
6468,675
6469,675
6470,473
6471,621
6472,675
6473,450
6474,625
6475,-125
6476,575
6477,623
6478,421
6479,-125
6480,675
6481,-125
6482,675
6483,-250
6484,525
6485,-125
6486,675
6487,675
6488,673
6489,-75
6490,575
6491,425
6492,475
6493,425
6494,-77
6495,625
6496,675
6497,-129
6498,573
6499,575
6500,473
6501,675
6502,475
6503,673
6504,623
6505,-125
6506,575
6507,625
6508,625
6509,625
6510,-125
6511,573
6512,625
6513,346
6514,519
6515,475
6516,675
6517,-27
6518,565
6519,625
6520,673
6521,298
6522,-125
6523,675
6524,673
6525,-125
6526,673
6527,250
6528,675
6529,-77
6530,625
6531,-125
6532,-156
6533,498
6534,425
6535,600
6536,473
6537,0
6538,675
6539,623
6540,625
6541,675
6542,625
6543,573
6544,673
6545,375
6546,575
6547,575
6548,675
6549,673
6550,475
6551,625
6552,675
6553,-125
6554,675
6555,675
6556,625
6557,523
6558,573
6559,675
6560,546
6561,623
6562,373
6563,675
6564,675
6565,673
6566,675
6567,523
6568,525
6569,625
6570,575
6571,100
6572,675
6573,575
6574,425
6575,675
6576,-75
6577,223
6578,525
6579,-25
6580,-125
6581,350
6582,625
6583,-25
6584,575
6585,-6
6586,575
6587,675
6588,675
6589,623
6590,621
6591,675
6592,573
6593,673
6594,-75
6595,675
6596,675
6597,673
6598,-29
6599,-58
6600,675
6601,625
6602,625
6603,-25
6604,-77
6605,625
6606,-75
6607,621
6608,675
6609,671
6610,621
6611,675
6612,575
6613,621
6614,-125
6615,-75
6616,-125
6617,675
6618,575
6619,675
6620,675
6621,-127
6622,575
6623,398
6624,-125
6625,350
6626,523
6627,625
6628,625
6629,425
6630,523
6631,625
6632,-75
6633,625
6634,623
6635,621
6636,673
6637,675
6638,625
6639,675
6640,448
6641,675
6642,625
6643,675
6644,523
6645,673
6646,673
6647,425
6648,-125
6649,675
6650,-175
6651,675
6652,525
6653,675
6654,623
6655,625
6656,675
6657,275
6658,625
6659,573
6660,673
6661,675
6662,625
6663,475
6664,575
6665,575
6666,675
6667,623
6668,673
6669,400
6670,675
6671,675
6672,-75
6673,675
6674,675
6675,548
6676,575
6677,273
6678,523
6679,675
6680,675
6681,-127
6682,375
6683,673
6684,675
6685,623
6686,623
6687,-75
6688,-75
6689,-25
6690,-25
6691,298
6692,523
6693,500
6694,-225
6695,575
6696,375
6697,675
6698,675
6699,575
6700,675
6701,500
6702,-125
6703,250
6704,675
6705,573
6706,-127
6707,625
6708,675
6709,-125
6710,673
6711,623
6712,-75
6713,675
6714,623
6715,625
6716,350
6717,525
6718,-2
6719,625
6720,-25
6721,673
6722,625
6723,575
6724,625
6725,-125
6726,625
6727,675
6728,625
6729,-200
6730,250
6731,675
6732,623
6733,425
6734,673
6735,550
6736,498
6737,525
6738,625
6739,625
6740,425
6741,-27
6742,-75
6743,375
6744,625
6745,400
6746,625
6747,475
6748,625
6749,575
6750,673
6751,623
6752,671
6753,425
6754,475
6755,675
6756,673
6757,675
6758,525
6759,625
6760,425
6761,625
6762,325
6763,673
6764,675
6765,-127
6766,621
6767,575
6768,-75
6769,673
6770,525
6771,525
6772,675
6773,475
6774,675
6775,396
6776,-129
6777,675
6778,673
6779,621
6780,575
6781,-75
6782,675
6783,675
6784,625
6785,673
6786,-25
6787,575
6788,623
6789,571
6790,523
6791,675
6792,400
6793,-100
6794,673
6795,625
6796,675
6797,575
6798,198
6799,625
6800,575
6801,575
6802,675
6803,500
6804,673
6805,450
6806,500
6807,575
6808,675
6809,-125
6810,521
6811,523
6812,675
6813,675
6814,421
6815,675
6816,675
6817,675
6818,450
6819,621
6820,425
6821,675
6822,525
6823,375
6824,573
6825,-27
6826,675
6827,575
6828,623
6829,425
6830,623
6831,-75
6832,675
6833,-25
6834,675
6835,-75
6836,625
6837,575
6838,625
6839,625
6840,-127
6841,-29
6842,525
6843,675
6844,-125
6845,675
6846,625
6847,525
6848,625
6849,675
6850,525
6851,625
6852,-75
6853,473
6854,675
6855,625
6856,-29
6857,671
6858,425
6859,675
6860,425
6861,-25
6862,-75
6863,525
6864,550
6865,673
6866,-75
6867,400
6868,675
6869,675
6870,623
6871,673
6872,625
6873,425
6874,571
6875,473
6876,625
6877,-75
6878,675
6879,675
6880,525
6881,-125
6882,-25
6883,-125
6884,625
6885,-127
6886,675
6887,-125
6888,75
6889,625
6890,523
6891,625
6892,-75
6893,675
6894,-25
6895,625
6896,-125
6897,400
6898,675
6899,550
6900,-129
6901,375
6902,-125
6903,425
6904,521
6905,673
6906,623
6907,575
6908,673
6909,-177
6910,675
6911,623
6912,569
6913,-125
6914,521
6915,675
6916,675
6917,498
6918,373
6919,625
6920,675
6921,675
6922,571
6923,575
6924,675
6925,573
6926,675
6927,675
6928,623
6929,523
6930,548
6931,-177
6932,621
6933,625
6934,623
6935,525
6936,-77
6937,525
6938,625
6939,675
6940,-75
6941,-27
6942,575
6943,673
6944,675
6945,625
6946,-125
6947,-133
6948,675
6949,623
6950,-25
6951,-125
6952,675
6953,623
6954,-27
6955,-25
6956,673
6957,675
6958,-125
6959,673
6960,-27
6961,475
6962,525
6963,523
6964,198
6965,675
6966,625
6967,-27
6968,675
6969,225
6970,671
6971,673
6972,-125
6973,400
6974,-75
6975,621
6976,675
6977,-75
6978,571
6979,375
6980,425
6981,675
6982,-75
6983,300
6984,675
6985,675
6986,675
6987,625
6988,350
6989,575
6990,625
6991,500
6992,673
6993,675
6994,573
6995,-29
6996,675
6997,675
6998,625
6999,575
7000,-75
7001,575
7002,575
7003,-125
7004,-125
7005,-175
7006,675
7007,673
7008,575
7009,675
7010,675
7011,625
7012,575
7013,623
7014,675
7015,675
7016,-200
7017,398
7018,-125
7019,475
7020,625
7021,400
7022,250
7023,675
7024,-25
7025,675
7026,625
7027,-79
7028,550
7029,425
7030,-125
7031,575
7032,675
7033,-75
7034,675
7035,623
7036,675
7037,625
7038,625
7039,150
7040,396
7041,625
7042,675
7043,625
7044,-127
7045,-125
7046,573
7047,675
7048,475
7049,623
7050,548
7051,575
7052,423
7053,675
7054,675
7055,-75
7056,575
7057,675
7058,675
7059,673
7060,625
7061,573
7062,498
7063,-25
7064,625
7065,350
7066,671
7067,400
7068,-125
7069,673
7070,623
7071,469
7072,675
7073,675
7074,573
7075,673
7076,675
7077,-250
7078,675
7079,675
7080,575
7081,475
7082,375
7083,575
7084,675
7085,673
7086,675
7087,48
7088,225
7089,-125
7090,675
7091,675
7092,675
7093,300
7094,471
7095,-75
7096,625
7097,625
7098,525
7099,675
7100,475
7101,673
7102,673
7103,575
7104,475
7105,623
7106,-75
7107,375
7108,-75
7109,625
7110,375
7111,623
7112,673
7113,625
7114,400
7115,371
7116,675
7117,300
7118,625
7119,325
7120,673
7121,575
7122,671
7123,625
7124,573
7125,250
7126,-125
7127,-175
7128,-125
7129,-127
7130,625
7131,325
7132,525
7133,-125
7134,-175
7135,546
7136,621
7137,625
7138,625
7139,573
7140,-127
7141,-75
7142,-200
7143,625
7144,675
7145,400
7146,523
7147,525
7148,675
7149,-75
7150,375
7151,-400
7152,623
7153,675
7154,-125
7155,675
7156,675
7157,575
7158,673
7159,-75
7160,625
7161,625
7162,-200
7163,675
7164,625
7165,675
7166,373
7167,675
7168,373
7169,625
7170,-102
7171,621
7172,398
7173,575
7174,625
7175,625
7176,-127
7177,623
7178,425
7179,525
7180,375
7181,675
7182,575
7183,623
7184,625
7185,673
7186,48
7187,675
7188,625
7189,423
7190,621
7191,-125
7192,-125
7193,75
7194,675
7195,425
7196,525
7197,373
7198,498
7199,625
7200,675
7201,-125
7202,673
7203,675
7204,675
7205,675
7206,675
7207,673
7208,525
7209,-25
7210,675
7211,675
7212,673
7213,625
7214,675
7215,475
7216,675
7217,400
7218,500
7219,673
7220,173
7221,675
7222,625
7223,573
7224,-75
7225,-50
7226,625
7227,673
7228,-125
7229,473
7230,600
7231,573
7232,673
7233,621
7234,675
7235,675
7236,675
7237,675
7238,625
7239,350
7240,-125
7241,573
7242,623
7243,-75
7244,375
7245,675
7246,675
7247,525
7248,525
7249,621
7250,-125
7251,675
7252,373
7253,673
7254,575
7255,-75
7256,250
7257,623
7258,623
7259,625
7260,571
7261,-125
7262,-77
7263,623
7264,675
7265,400
7266,625
7267,-125
7268,573
7269,542
7270,623
7271,-125
7272,625
7273,573
7274,625
7275,-125
7276,675
7277,675
7278,625
7279,675
7280,625
7281,475
7282,673
7283,425
7284,675
7285,-100
7286,-25
7287,675
7288,525
7289,625
7290,675
7291,625
7292,675
7293,573
7294,675
7295,596
7296,-77
7297,542
7298,675
7299,675
7300,623
7301,625
7302,621
7303,675
7304,675
7305,-125
7306,675
7307,-127
7308,675
7309,-25
7310,573
7311,473
7312,675
7313,-77
7314,-75
7315,625
7316,675
7317,-75
7318,673
7319,675
7320,675
7321,673
7322,673
7323,625
7324,621
7325,473
7326,675
7327,623
7328,525
7329,675
7330,675
7331,-125
7332,675
7333,425
7334,375
7335,-29
7336,550
7337,675
7338,675
7339,525
7340,394
7341,675
7342,-75
7343,525
7344,525
7345,525
7346,75
7347,-25
7348,475
7349,673
7350,-75
7351,-127
7352,675
7353,525
7354,673
7355,473
7356,346
7357,623
7358,625
7359,625
7360,-79
7361,500
7362,675
7363,-127
7364,675
7365,-177
7366,-75
7367,-81
7368,375
7369,-125
7370,575
7371,675
7372,675
7373,-125
7374,625
7375,675
7376,675
7377,675
7378,375
7379,671
7380,500
7381,623
7382,425
7383,625
7384,350
7385,675
7386,675
7387,523
7388,675
7389,623
7390,625
7391,-75
7392,673
7393,221
7394,425
7395,575
7396,625
7397,675
7398,-75
7399,425
7400,673
7401,573
7402,-25
7403,675
7404,623
7405,-77
7406,625
7407,400
7408,275
7409,473
7410,625
7411,675
7412,625
7413,-125
7414,350
7415,398
7416,625
7417,-125
7418,575
7419,671
7420,673
7421,225
7422,671
7423,-50
7424,675
7425,625
7426,625
7427,423
7428,573
7429,625
7430,525
7431,671
7432,625
7433,675
7434,625
7435,675
7436,625
7437,625
7438,673
7439,625
7440,575
7441,350
7442,671
7443,625
7444,571
7445,673
7446,625
7447,400
7448,623
7449,-79
7450,375
7451,-27
7452,623
7453,675
7454,675
7455,675
7456,625
7457,-125
7458,348
7459,675
7460,675
7461,-125
7462,350
7463,675
7464,575
7465,675
7466,575
7467,250
7468,423
7469,625
7470,675
7471,525
7472,669
7473,-175
7474,-125
7475,423
7476,525
7477,675
7478,675
7479,673
7480,-125
7481,675
7482,548
7483,675
7484,350
7485,-77
7486,225
7487,546
7488,623
7489,525
7490,675
7491,523
7492,-200
7493,-175
7494,-175
7495,675
7496,-75
7497,675
7498,675
7499,298
7500,575
7501,675
7502,-375
7503,675
7504,475
7505,675
7506,525
7507,675
7508,275
7509,675
7510,400
7511,573
7512,625
7513,573
7514,675
7515,400
7516,675
7517,492
7518,-127
7519,525
7520,625
7521,348
7522,625
7523,350
7524,625
7525,-75
7526,-125
7527,-125
7528,575
7529,625
7530,525
7531,325
7532,623
7533,675
7534,248
7535,573
7536,-25
7537,-81
7538,500
7539,396
7540,673
7541,396
7542,573
7543,625
7544,675
7545,425
7546,625
7547,675
7548,-75
7549,523
7550,475
7551,675
7552,-77
7553,-25
7554,575
7555,471
7556,675
7557,625
7558,423
7559,673
7560,625
7561,575
7562,671
7563,623
7564,323
7565,250
7566,675
7567,675
7568,675
7569,398
7570,-127
7571,625
7572,623
7573,425
7574,625
7575,623
7576,623
7577,675
7578,675
7579,-125
7580,-77
7581,-27
7582,-25
7583,675
7584,625
7585,625
7586,-75
7587,625
7588,675
7589,473
7590,623
7591,621
7592,-77
7593,375
7594,575
7595,623
7596,298
7597,525
7598,573
7599,575
7600,673
7601,425
7602,675
7603,675
7604,673
7605,223
7606,675
7607,425
7608,675
7609,675
7610,523
7611,525
7612,244
7613,675
7614,423
7615,-125
7616,-425
7617,675
7618,673
7619,675
7620,673
7621,675
7622,673
7623,675
7624,673
7625,673
7626,400
7627,575
7628,573
7629,350
7630,-125
7631,521
7632,-127
7633,625
7634,623
7635,521
7636,573
7637,623
7638,625
7639,-29
7640,623
7641,-25
7642,675
7643,675
7644,675
7645,525
7646,425
7647,623
7648,623
7649,-52
7650,273
7651,-100
7652,673
7653,625
7654,575
7655,-75
7656,675
7657,623
7658,-25
7659,625
7660,-25
7661,-75
7662,-125
7663,-25
7664,675
7665,625
7666,675
7667,396
7668,-29
7669,675
7670,523
7671,575
7672,573
7673,-79
7674,573
7675,625
7676,571
7677,623
7678,525
7679,675
7680,-125
7681,350
7682,625
7683,625
7684,625
7685,-77
7686,675
7687,350
7688,675
7689,675
7690,675
7691,673
7692,475
7693,675
7694,675
7695,675
7696,-125
7697,325
7698,450
7699,-75
7700,673
7701,625
7702,523
7703,675
7704,523
7705,625
7706,575
7707,623
7708,621
7709,625
7710,523
7711,-77
7712,-25
7713,625
7714,575
7715,671
7716,575
7717,498
7718,675
7719,575
7720,423
7721,525
7722,673
7723,675
7724,-75
7725,625
7726,-125
7727,675
7728,425
7729,675
7730,-125
7731,375
7732,625
7733,525
7734,573
7735,500
7736,421
7737,675
7738,575
7739,673
7740,623
7741,675
7742,625
7743,625
7744,475
7745,625
7746,525
7747,575
7748,673
7749,675
7750,675
7751,673
7752,673
7753,-77
7754,525
7755,525
7756,400
7757,675
7758,498
7759,546
7760,575
7761,575
7762,525
7763,673
7764,575
7765,625
7766,675
7767,575
7768,675
7769,-125
7770,546
7771,675
7772,675
7773,675
7774,673
7775,673
7776,675
7777,625
7778,525
7779,550
7780,-25
7781,675
7782,-25
7783,573
7784,-77
7785,475
7786,425
7787,623
7788,571
7789,525
7790,675
7791,-125
7792,625
7793,350
7794,623
7795,625
7796,673
7797,400
7798,675
7799,-200
7800,-102
7801,-25
7802,623
7803,623
7804,-175
7805,575
7806,523
7807,475
7808,675
7809,-77
7810,523
7811,350
7812,675
7813,523
7814,323
7815,625
7816,625
7817,523
7818,625
7819,673
7820,625
7821,675
7822,675
7823,675
7824,375
7825,675
7826,675
7827,-27
7828,219
7829,521
7830,625
7831,625
7832,625
7833,673
7834,625
7835,-27
7836,423
7837,623
7838,567
7839,425
7840,625
7841,673
7842,573
7843,675
7844,675
7845,500
7846,675
7847,625
7848,673
7849,425
7850,621
7851,571
7852,500
7853,675
7854,550
7855,625
7856,425
7857,-125
7858,625
7859,625
7860,550
7861,675
7862,621
7863,625
7864,675
7865,-75
7866,500
7867,473
7868,675
7869,-75
7870,673
7871,575
7872,348
7873,673
7874,517
7875,623
7876,675
7877,673
7878,625
7879,675
7880,348
7881,675
7882,625
7883,423
7884,-200
7885,523
7886,675
7887,675
7888,-75
7889,350
7890,-27
7891,675
7892,671
7893,-77
7894,-127
7895,623
7896,625
7897,675
7898,-125
7899,673
7900,-77
7901,673
7902,500
7903,675
7904,425
7905,675
7906,-27
7907,-2
7908,675
7909,673
7910,573
7911,623
7912,525
7913,675
7914,675
7915,675
7916,573
7917,625
7918,525
7919,473
7920,-75
7921,673
7922,-127
7923,575
7924,675
7925,675
7926,-125
7927,673
7928,625
7929,523
7930,675
7931,-54
7932,373
7933,575
7934,573
7935,575
7936,675
7937,575
7938,525
7939,-77
7940,673
7941,623
7942,625
7943,-125
7944,273
7945,571
7946,575
7947,400
7948,-27
7949,-125
7950,-75
7951,675
7952,625
7953,675
7954,669
7955,575
7956,673
7957,-125
7958,675
7959,-83
7960,623
7961,675
7962,625
7963,-75
7964,400
7965,475
7966,575
7967,623
7968,675
7969,575
7970,-125
7971,675
7972,673
7973,625
7974,-29
7975,625
7976,323
7977,-75
7978,423
7979,625
7980,475
7981,675
7982,-77
7983,623
7984,675
7985,-77
7986,-125
7987,-25
7988,623
7989,575
7990,550
7991,625
7992,348
7993,623
7994,675
7995,625
7996,675
7997,398
7998,673
7999,-250
8000,-75
8001,625
8002,475
8003,523
8004,675
8005,194
8006,525
8007,523
8008,623
8009,675
8010,675
8011,675
8012,675
8013,575
8014,673
8015,425
8016,675
8017,625
8018,575
8019,571
8020,675
8021,425
8022,625
8023,-125
8024,625
8025,-25
8026,-27
8027,625
8028,323
8029,625
8030,625
8031,675
8032,625
8033,573
8034,671
8035,675
8036,375
8037,673
8038,-127
8039,-75
8040,623
8041,675
8042,621
8043,-175
8044,-125
8045,625
8046,671
8047,475
8048,-77
8049,-125
8050,-75
8051,625
8052,475
8053,-125
8054,673
8055,396
8056,125
8057,675
8058,675
8059,575
8060,675
8061,523
8062,-75
8063,248
8064,673
8065,675
8066,475
8067,625
8068,575
8069,619
8070,-100
8071,575
8072,73
8073,-125
8074,619
8075,-27
8076,-125
8077,675
8078,525
8079,425
8080,675
8081,550
8082,575
8083,-77
8084,675
8085,-125
8086,625
8087,-79
8088,625
8089,625
8090,573
8091,298
8092,625
8093,-25
8094,475
8095,675
8096,550
8097,-27
8098,525
8099,625
8100,625
8101,675
8102,675
8103,325
8104,275
8105,625
8106,425
8107,-125
8108,-75
8109,675
8110,425
8111,625
8112,-75
8113,23
8114,675
8115,575
8116,673
8117,525
8118,-125
8119,575
8120,673
8121,675
8122,196
8123,496
8124,525
8125,525
8126,-129
8127,675
8128,625
8129,-25
8130,625
8131,621
8132,-125
8133,675
8134,496
8135,675
8136,675
8137,675
8138,675
8139,625
8140,-125
8141,675
8142,498
8143,675
8144,475
8145,525
8146,625
8147,675
8148,625
8149,625
8150,675
8151,423
8152,623
8153,548
8154,675
8155,-125
8156,675
8157,675
8158,-75
8159,-25
8160,75
8161,-27
8162,573
8163,525
8164,625
8165,625
8166,-125
8167,671
8168,675
8169,575
8170,623
8171,623
8172,675
8173,373
8174,675
8175,623
8176,-25
8177,-125
8178,625
8179,-75
8180,623
8181,675
8182,-129
8183,675
8184,573
8185,523
8186,-75
8187,475
8188,625
8189,675
8190,500
8191,-25
8192,575
8193,575
8194,-125
8195,-125
8196,150
8197,625
8198,673
8199,673
8200,-27
8201,398
8202,425
8203,400
8204,475
8205,-8
8206,623
8207,675
8208,-27
8209,673
8210,625
8211,-75
8212,673
8213,571
8214,400
8215,673
8216,575
8217,673
8218,-102
8219,-125
8220,673
8221,-150
8222,-25
8223,675
8224,625
8225,0
8226,675
8227,525
8228,400
8229,471
8230,225
8231,673
8232,-29
8233,448
8234,450
8235,525
8236,-31
8237,673
8238,-75
8239,-75
8240,475
8241,625
8242,625
8243,373
8244,523
8245,-54
8246,623
8247,-125
8248,675
8249,575
8250,-125
8251,-100
8252,550
8253,625
8254,400
8255,-27
8256,675
8257,525
8258,-75
8259,673
8260,625
8261,675
8262,-125
8263,675
8264,623
8265,625
8266,675
8267,625
8268,669
8269,575
8270,225
8271,400
8272,575
8273,675
8274,675
8275,-75
8276,675
8277,-31
8278,571
8279,573
8280,625
8281,450
8282,525
8283,-100
8284,673
8285,625
8286,-125
8287,523
8288,-29
8289,600
8290,473
8291,625
8292,675
8293,675
8294,-102
8295,625
8296,373
8297,673
8298,398
8299,675
8300,-125
8301,675
8302,675
8303,675
8304,575
8305,621
8306,675
8307,675
8308,544
8309,525
8310,675
8311,323
8312,573
8313,673
8314,625
8315,675
8316,675
8317,348
8318,425
8319,675
8320,-77
8321,150
8322,673
8323,523
8324,625
8325,425
8326,575
8327,575
8328,-25
8329,675
8330,625
8331,625
8332,573
8333,575
8334,521
8335,675
8336,625
8337,625
8338,675
8339,-27
8340,625
8341,-75
8342,623
8343,673
8344,673
8345,348
8346,575
8347,-125
8348,675
8349,575
8350,625
8351,675
8352,675
8353,623
8354,675
8355,675
8356,675
8357,350
8358,625
8359,675
8360,675
8361,675
8362,675
8363,675
8364,-75
8365,625
8366,675
8367,625
8368,575
8369,675
8370,-125
8371,675
8372,675
8373,350
8374,675
8375,569
8376,675
8377,675
8378,-125
8379,425
8380,-77
8381,675
8382,625
8383,675
8384,673
8385,625
8386,675
8387,-29
8388,625
8389,625
8390,625
8391,-27
8392,350
8393,625
8394,625
8395,575
8396,625
8397,571
8398,425
8399,675
8400,-27
8401,300
8402,-75
8403,625
8404,544
8405,625
8406,675
8407,675
8408,675
8409,575
8410,400
8411,623
8412,573
8413,573
8414,673
8415,-127
8416,-125
8417,675
8418,523
8419,523
8420,625
8421,625
8422,675
8423,425
8424,575
8425,625
8426,671
8427,675
8428,673
8429,575
8430,675
8431,625
8432,575
8433,500
8434,548
8435,573
8436,675
8437,-125
8438,525
8439,298
8440,-75
8441,373
8442,623
8443,200
8444,471
8445,-75
8446,-75
8447,398
8448,-75
8449,675
8450,575
8451,575
8452,523
8453,675
8454,525
8455,675
8456,573
8457,425
8458,625
8459,625
8460,675
8461,396
8462,675
8463,425
8464,673
8465,473
8466,675
8467,673
8468,673
8469,-54
8470,-77
8471,575
8472,625
8473,525
8474,673
8475,675
8476,573
8477,625
8478,-200
8479,675
8480,675
8481,623
8482,-175
8483,625
8484,675
8485,575
8486,-25
8487,625
8488,675
8489,-77
8490,-127
8491,625
8492,625
8493,625
8494,675
8495,675
8496,525
8497,-127
8498,621
8499,625
8500,675
8501,625
8502,496
8503,350
8504,675
8505,-127
8506,-125
8507,275
8508,-127
8509,625
8510,625
8511,625
8512,575
8513,-125
8514,-100
8515,673
8516,475
8517,675
8518,-125
8519,575
8520,575
8521,-77
8522,525
8523,575
8524,-25
8525,625
8526,425
8527,671
8528,498
8529,575
8530,675
8531,350
8532,675
8533,-25
8534,623
8535,-175
8536,623
8537,569
8538,375
8539,675
8540,400
8541,100
8542,575
8543,-125
8544,-129
8545,-25
8546,669
8547,-75
8548,-175
8549,375
8550,675
8551,673
8552,523
8553,673
8554,473
8555,675
8556,-125
8557,-127
8558,525
8559,625
8560,-75
8561,-125
8562,675
8563,625
8564,471
8565,350
8566,625
8567,175
8568,675
8569,-177
8570,619
8571,673
8572,675
8573,-27
8574,575
8575,-75
8576,625
8577,675
8578,673
8579,423
8580,-77
8581,675
8582,398
8583,675
8584,675
8585,625
8586,348
8587,425
8588,673
8589,-102
8590,625
8591,475
8592,675
8593,375
8594,323
8595,625
8596,675
8597,573
8598,671
8599,675
8600,-79
8601,623
8602,675
8603,473
8604,-200
8605,675
8606,-125
8607,294
8608,325
8609,673
8610,-2
8611,573
8612,671
8613,-27
8614,371
8615,-25
8616,625
8617,473
8618,675
8619,625
8620,571
8621,473
8622,675
8623,425
8624,675
8625,675
8626,673
8627,-81
8628,675
8629,675
8630,625
8631,675
8632,625
8633,150
8634,675
8635,675
8636,373
8637,-479
8638,-125
8639,571
8640,673
8641,548
8642,-125
8643,-125
8644,623
8645,-127
8646,675
8647,473
8648,-75
8649,-52
8650,-200
8651,-25
8652,300
8653,675
8654,675
8655,675
8656,625
8657,623
8658,675
8659,521
8660,-27
8661,-125
8662,625
8663,675
8664,346
8665,400
8666,-175
8667,675
8668,471
8669,623
8670,-125
8671,400
8672,673
8673,621
8674,575
8675,625
8676,398
8677,675
8678,548
8679,675
8680,-177
8681,498
8682,-79
8683,-75
8684,675
8685,675
8686,-125
8687,-77
8688,-27
8689,573
8690,-75
8691,675
8692,625
8693,-75
8694,675
8695,675
8696,223
8697,375
8698,625
8699,623
8700,475
8701,625
8702,675
8703,625
8704,425
8705,675
8706,625
8707,400
8708,23
8709,400
8710,575
8711,-75
8712,525
8713,-75
8714,675
8715,673
8716,400
8717,248
8718,425
8719,621
8720,375
8721,621
8722,675
8723,-127
8724,350
8725,375
8726,625
8727,675
8728,546
8729,-125
8730,550
8731,400
8732,673
8733,375
8734,569
8735,675
8736,675
8737,25
8738,625
8739,-175
8740,675
8741,-354
8742,675
8743,675
8744,675
8745,675
8746,675
8747,675
8748,675
8749,625
8750,625
8751,-127
8752,-75
8753,571
8754,-75
8755,-75
8756,525
8757,625
8758,573
8759,673
8760,625
8761,-25
8762,673
8763,525
8764,675
8765,675
8766,623
8767,573
8768,671
8769,-125
8770,450
8771,425
8772,425
8773,521
8774,675
8775,475
8776,673
8777,625
8778,675
8779,675
8780,525
8781,625
8782,-75
8783,-77
8784,675
8785,575
8786,675
8787,575
8788,675
8789,623
8790,673
8791,-25
8792,623
8793,550
8794,675
8795,625
8796,625
8797,625
8798,350
8799,673
8800,-75
8801,525
8802,575
8803,625
8804,625
8805,673
8806,-125
8807,625
8808,623
8809,675
8810,673
8811,-75
8812,625
8813,675
8814,-125
8815,673
8816,673
8817,473
8818,675
8819,671
8820,575
8821,623
8822,673
8823,675
8824,425
8825,400
8826,-127
8827,-27
8828,-75
8829,-75
8830,-77
8831,150
8832,623
8833,625
8834,623
8835,625
8836,675
8837,400
8838,625
8839,-125
8840,625
8841,373
8842,575
8843,567
8844,625
8845,675
8846,625
8847,675
8848,673
8849,-75
8850,521
8851,675
8852,321
8853,625
8854,673
8855,575
8856,-81
8857,575
8858,-75
8859,575
8860,-50
8861,623
8862,671
8863,625
8864,675
8865,675
8866,675
8867,625
8868,623
8869,225
8870,675
8871,-127
8872,350
8873,573
8874,425
8875,375
8876,675
8877,675
8878,673
8879,675
8880,398
8881,573
8882,673
8883,675
8884,571
8885,623
8886,425
8887,673
8888,473
8889,275
8890,75
8891,-75
8892,573
8893,571
8894,-29
8895,523
8896,621
8897,425
8898,675
8899,425
8900,-127
8901,425
8902,625
8903,573
8904,-125
8905,625
8906,-125
8907,625
8908,673
8909,-77
8910,423
8911,548
8912,575
8913,675
8914,423
8915,675
8916,675
8917,550
8918,621
8919,625
8920,425
8921,-175
8922,-77
8923,575
8924,675
8925,675
8926,425
8927,675
8928,675
8929,625
8930,675
8931,671
8932,375
8933,-175
8934,300
8935,625
8936,-200
8937,400
8938,673
8939,625
8940,275
8941,675
8942,625
8943,-125
8944,-175
8945,-25
8946,625
8947,673
8948,425
8949,325
8950,573
8951,675
8952,425
8953,575
8954,625
8955,623
8956,525
8957,675
8958,-75
8959,-127
8960,675
8961,250
8962,398
8963,573
8964,521
8965,625
8966,521
8967,675
8968,675
8969,671
8970,625
8971,425
8972,623
8973,621
8974,625
8975,675
8976,-75
8977,573
8978,525
8979,525
8980,675
8981,400
8982,575
8983,625
8984,625
8985,550
8986,675
8987,525
8988,625
8989,575
8990,375
8991,675
8992,675
8993,525
8994,625
8995,675
8996,675
8997,-127
8998,-100
8999,469
9000,623
9001,623
9002,625
9003,-25
9004,673
9005,-125
9006,200
9007,523
9008,600
9009,625
9010,425
9011,-125
9012,475
9013,623
9014,-75
9015,575
9016,-81
9017,673
9018,-177
9019,-102
9020,675
9021,675
9022,-25
9023,675
9024,673
9025,-125
9026,675
9027,669
9028,-127
9029,623
9030,671
9031,425
9032,675
9033,573
9034,623
9035,623
9036,625
9037,671
9038,300
9039,573
9040,675
9041,625
9042,400
9043,450
9044,575
9045,625
9046,398
9047,-125
9048,625
9049,625
9050,548
9051,675
9052,673
9053,-75
9054,-75
9055,-100
9056,523
9057,675
9058,623
9059,-77
9060,623
9061,-125
9062,673
9063,575
9064,-79
9065,471
9066,675
9067,575
9068,-75
9069,625
9070,400
9071,525
9072,150
9073,623
9074,446
9075,521
9076,675
9077,600
9078,675
9079,675
9080,625
9081,675
9082,-25
9083,675
9084,-100
9085,673
9086,-25
9087,548
9088,673
9089,575
9090,300
9091,675
9092,473
9093,375
9094,350
9095,450
9096,621
9097,-129
9098,-100
9099,675
9100,350
9101,523
9102,-127
9103,548
9104,425
9105,-25
9106,625
9107,675
9108,625
9109,425
9110,573
9111,675
9112,525
9113,-127
9114,625
9115,623
9116,573
9117,-75
9118,-100
9119,-31
9120,498
9121,-25
9122,-231
9123,675
9124,575
9125,-27
9126,400
9127,625
9128,573
9129,675
9130,575
9131,-77
9132,-175
9133,671
9134,675
9135,225
9136,675
9137,675
9138,575
9139,575
9140,425
9141,675
9142,625
9143,523
9144,625
9145,675
9146,-75
9147,-25
9148,500
9149,521
9150,423
9151,-25
9152,523
9153,-125
9154,623
9155,-125
9156,625
9157,675
9158,-75
9159,575
9160,675
9161,425
9162,675
9163,625
9164,673
9165,625
9166,623
9167,346
9168,125
9169,625
9170,675
9171,675
9172,625
9173,625
9174,425
9175,-79
9176,675
9177,573
9178,675
9179,673
9180,673
9181,398
9182,550
9183,423
9184,-75
9185,623
9186,625
9187,-75
9188,525
9189,571
9190,400
9191,625
9192,523
9193,575
9194,625
9195,623
9196,675
9197,525
9198,-75
9199,675
9200,623
9201,675
9202,675
9203,425
9204,625
9205,575
9206,675
9207,298
9208,521
9209,625
9210,675
9211,221
9212,675
9213,398
9214,625
9215,625
9216,-177
9217,575
9218,0
9219,675
9220,675
9221,346
9222,373
9223,373
9224,-127
9225,675
9226,675
9227,-125
9228,675
9229,523
9230,248
9231,573
9232,-75
9233,673
9234,525
9235,623
9236,575
9237,675
9238,300
9239,-250
9240,675
9241,671
9242,675
9243,675
9244,625
9245,546
9246,150
9247,675
9248,675
9249,-25
9250,625
9251,675
9252,623
9253,675
9254,675
9255,275
9256,671
9257,673
9258,573
9259,625
9260,-75
9261,425
9262,475
9263,575
9264,625
9265,673
9266,625
9267,575
9268,619
9269,-125
9270,675
9271,675
9272,675
9273,671
9274,623
9275,-125
9276,-127
9277,675
9278,525
9279,675
9280,675
9281,621
9282,673
9283,575
9284,625
9285,550
9286,675
9287,625
9288,675
9289,-125
9290,25
9291,675
9292,675
9293,625
9294,675
9295,675
9296,475
9297,625
9298,525
9299,425
9300,625
9301,425
9302,619
9303,671
9304,675
9305,671
9306,523
9307,675
9308,625
9309,525
9310,523
9311,673
9312,-25
9313,623
9314,525
9315,575
9316,671
9317,498
9318,623
9319,623
9320,48
9321,523
9322,675
9323,-29
9324,625
9325,-127
9326,300
9327,425
9328,-75
9329,575
9330,675
9331,675
9332,-75
9333,575
9334,675
9335,623
9336,625
9337,675
9338,625
9339,575
9340,375
9341,675
9342,-125
9343,575
9344,619
9345,673
9346,-29
9347,425
9348,523
9349,623
9350,673
9351,-125
9352,625
9353,625
9354,425
9355,675
9356,675
9357,625
9358,623
9359,-27
9360,623
9361,675
9362,675
9363,575
9364,-75
9365,500
9366,675
9367,-175
9368,575
9369,625
9370,671
9371,625
9372,-75
9373,-75
9374,673
9375,200
9376,675
9377,669
9378,-50
9379,575
9380,398
9381,575
9382,523
9383,621
9384,625
9385,550
9386,623
9387,623
9388,-75
9389,396
9390,396
9391,575
9392,623
9393,300
9394,348
9395,675
9396,573
9397,573
9398,-175
9399,625
9400,675
9401,673
9402,425
9403,675
9404,575
9405,473
9406,-25
9407,-75
9408,-125
9409,625
9410,625
9411,675
9412,400
9413,623
9414,348
9415,421
9416,625
9417,400
9418,675
9419,675
9420,621
9421,625
9422,250
9423,-75
9424,573
9425,671
9426,575
9427,498
9428,621
9429,625
9430,525
9431,575
9432,623
9433,673
9434,398
9435,671
9436,625
9437,673
9438,625
9439,-25
9440,675
9441,-75
9442,625
9443,575
9444,625
9445,550
9446,573
9447,673
9448,675
9449,623
9450,625
9451,673
9452,525
9453,250
9454,271
9455,-125
9456,673
9457,-75
9458,373
9459,621
9460,671
9461,675
9462,569
9463,325
9464,523
9465,625
9466,-77
9467,575
9468,548
9469,-125
9470,673
9471,475
9472,569
9473,621
9474,675
9475,625
9476,423
9477,-75
9478,521
9479,425
9480,-127
9481,675
9482,244
9483,673
9484,675
9485,250
9486,523
9487,625
9488,675
9489,300
9490,248
9491,675
9492,573
9493,675
9494,-27
9495,675
9496,396
9497,675
9498,675
9499,425
9500,-75
9501,575
9502,400
9503,625
9504,625
9505,225
9506,675
9507,350
9508,321
9509,423
9510,523
9511,575
9512,675
9513,625
9514,-125
9515,675
9516,675
9517,396
9518,675
9519,625
9520,675
9521,200
9522,625
9523,423
9524,675
9525,673
9526,525
9527,675
9528,398
9529,350
9530,-127
9531,-125
9532,-125
9533,375
9534,575
9535,625
9536,625
9537,675
9538,523
9539,623
9540,675
9541,675
9542,571
9543,573
9544,673
9545,675
9546,-125
9547,521
9548,675
9549,671
9550,525
9551,-125
9552,475
9553,525
9554,498
9555,619
9556,575
9557,625
9558,475
9559,625
9560,625
9561,550
9562,675
9563,675
9564,-77
9565,-75
9566,675
9567,523
9568,475
9569,675
9570,575
9571,673
9572,675
9573,625
9574,675
9575,673
9576,473
9577,675
9578,-127
9579,569
9580,625
9581,-2
9582,425
9583,621
9584,675
9585,675
9586,625
9587,673
9588,-25
9589,625
9590,675
9591,623
9592,625
9593,-77
9594,675
9595,625
9596,-75
9597,525
9598,375
9599,423
9600,675
9601,575
9602,625
9603,525
9604,675
9605,575
9606,323
9607,675
9608,-75
9609,350
9610,623
9611,-54
9612,250
9613,573
9614,625
9615,623
9616,675
9617,275
9618,623
9619,-75
9620,-75
9621,400
9622,-75
9623,625
9624,523
9625,625
9626,675
9627,625
9628,425
9629,675
9630,575
9631,-125
9632,400
9633,623
9634,573
9635,-77
9636,575
9637,673
9638,625
9639,-125
9640,-75
9641,-129
9642,623
9643,673
9644,625
9645,573
9646,625
9647,-127
9648,623
9649,621
9650,400
9651,625
9652,625
9653,-125
9654,675
9655,525
9656,575
9657,623
9658,473
9659,525
9660,673
9661,525
9662,575
9663,673
9664,675
9665,675
9666,575
9667,675
9668,675
9669,-75
9670,-75
9671,373
9672,673
9673,425
9674,296
9675,673
9676,675
9677,473
9678,-125
9679,-125
9680,575
9681,523
9682,625
9683,675
9684,-25
9685,123
9686,575
9687,-2
9688,625
9689,0
9690,673
9691,623
9692,675
9693,-75
9694,675
9695,575
9696,-25
9697,623
9698,473
9699,625
9700,575
9701,-29
9702,623
9703,525
9704,325
9705,-75
9706,-75
9707,475
9708,-127
9709,673
9710,621
9711,423
9712,673
9713,675
9714,375
9715,475
9716,623
9717,550
9718,-75
9719,675
9720,675
9721,675
9722,625
9723,248
9724,625
9725,546
9726,-125
9727,525
9728,675
9729,571
9730,673
9731,525
9732,500
9733,425
9734,673
9735,621
9736,523
9737,-25
9738,350
9739,675
9740,675
9741,625
9742,-127
9743,669
9744,673
9745,425
9746,675
9747,625
9748,625
9749,675
9750,300
9751,621
9752,673
9753,350
9754,525
9755,-200
9756,573
9757,-125
9758,373
9759,-125
9760,525
9761,625
9762,575
9763,-125
9764,623
9765,-125
9766,550
9767,675
9768,675
9769,575
9770,675
9771,675
9772,250
9773,573
9774,625
9775,-75
9776,623
9777,675
9778,-125
9779,-125
9780,-125
9781,625
9782,675
9783,673
9784,625
9785,625
9786,-125
9787,525
9788,575
9789,675
9790,675
9791,-29
9792,575
9793,675
9794,625
9795,519
9796,673
9797,673
9798,350
9799,623
9800,675
9801,675
9802,-25
9803,-202
9804,623
9805,-75
9806,675
9807,575
9808,625
9809,-75
9810,425
9811,369
9812,525
9813,621
9814,350
9815,625
9816,625
9817,575
9818,-27
9819,625
9820,675
9821,400
9822,425
9823,525
9824,-25
9825,675
9826,375
9827,-27
9828,573
9829,675
9830,575
9831,575
9832,675
9833,675
9834,675
9835,675
9836,-25
9837,671
9838,675
9839,675
9840,375
9841,675
9842,400
9843,675
9844,671
9845,575
9846,675
9847,271
9848,573
9849,500
9850,675
9851,-125
9852,-79
9853,623
9854,-125
9855,671
9856,623
9857,675
9858,598
9859,673
9860,-125
9861,421
9862,673
9863,-125
9864,625
9865,523
9866,-75
9867,675
9868,-75
9869,475
9870,673
9871,675
9872,621
9873,575
9874,625
9875,-75
9876,-27
9877,450
9878,523
9879,623
9880,600
9881,621
9882,675
9883,350
9884,-125
9885,673
9886,-25
9887,675
9888,675
9889,-75
9890,675
9891,-125
9892,625
9893,675
9894,-75
9895,-29
9896,675
9897,625
9898,625
9899,625
9900,621
9901,-25
9902,-75
9903,621
9904,625
9905,498
9906,-104
9907,-125
9908,523
9909,-125
9910,623
9911,575
9912,548
9913,-77
9914,525
9915,625
9916,625
9917,-227
9918,625
9919,350
9920,623
9921,675
9922,675
9923,625
9924,625
9925,675
9926,550
9927,-75
9928,575
9929,625
9930,625
9931,-77
9932,523
9933,625
9934,-125
9935,673
9936,675
9937,-125
9938,621
9939,621
9940,675
9941,-81
9942,625
9943,425
9944,625
9945,675
9946,625
9947,625
9948,523
9949,-75
9950,625
9951,-125
9952,675
9953,573
9954,575
9955,250
9956,575
9957,-75
9958,-125
9959,523
9960,-27
9961,-100
9962,625
9963,548
9964,425
9965,400
9966,675
9967,-75
9968,675
9969,525
9970,625
9971,673
9972,573
9973,523
9974,621
9975,675
9976,473
9977,625
9978,625
9979,-100
9980,675
9981,523
9982,623
9983,625
9984,675
9985,-75
9986,675
9987,575
9988,625
9989,-175
9990,-125
9991,675
9992,675
9993,575
9994,673
9995,425
9996,675
9997,675
9998,-27
9999,550
10000,-127
[[(4, 4), 0, -25], [(3, 4), 2, 50], [(3, 3), 2, 50], [(3, 2), 2, 250], [(3, 1), 0, 250], [(2, 1), 2, -25], [(2, 0), 0, -25], [(1, 0), 0, 150]]