1,-518
2,-228
3,-385
4,-177
5,-277
6,-100
7,-466
8,113
9,-127
10,-628
11,-337
12,-547
13,-150
14,-125
15,-60
16,321
17,-127
18,-156
19,34
20,-231
21,-385
22,-225
23,536
24,-125
25,-437
26,119
27,-197
28,-233
29,-341
30,-287
31,-1615
32,-204
33,-202
34,-541
35,144
36,-156
37,-239
38,-175
39,-431
40,-229
41,-443
42,-511
43,-306
44,-577
45,-254
46,-147
47,-181
48,-508
49,-252
50,-599
51,-231
52,411
53,-75
54,207
55,-410
56,-181
57,-487
58,115
59,-79
60,117
61,-125
62,-383
63,-129
64,-493
65,-175
66,297
67,-391
68,-930
69,-208
70,-202
71,-195
72,-131
73,-362
74,-441
75,-102
76,-206
77,-118
78,-362
79,-695
80,-279
81,-613
82,-60
83,-202
84,-260
85,-285
86,-127
87,317
88,-385
89,-202
90,-797
91,-755
92,-125
93,-7
94,-235
95,-210
96,-545
97,-206
98,-277
99,-125
100,-454
101,-212
102,-127
103,-52
104,-175
105,-256
106,-127
107,-476
108,-81
109,192
110,-152
111,-125
112,-586
113,-256
114,132
115,321
116,-202
117,215
118,-279
119,444
120,-572
121,-150
122,-408
123,-406
124,438
125,-102
126,621
127,-454
128,521
129,-410
130,-360
131,-127
132,-233
133,223
134,369
135,-177
136,-175
137,-295
138,69
139,-277
140,-206
141,-150
142,-252
143,-416
144,96
145,244
146,-129
147,-258
148,-258
149,-310
150,-110
151,-127
152,-235
153,-289
154,-116
155,-175
156,146
157,-202
158,-179
159,65
160,-129
161,-202
162,-127
163,-305
164,421
165,-314
166,238
167,-12
168,-283
169,196
170,90
171,-183
172,573
173,-381
174,-129
175,23
176,-100
177,15
178,-127
179,363
180,-227
181,-235
182,194
183,375
184,517
185,-31
186,-100
187,248
188,271
189,-131
190,-235
191,-77
192,-526
193,-483
194,-250
195,-599
196,69
197,271
198,-14
199,-283
200,-75
201,323
202,671
203,-200
204,-127
205,-27
206,-89
207,-75
208,-510
209,-183
210,142
211,-181
212,-945
213,-202
214,-206
215,-439
216,-304
217,623
218,-462
219,9
220,-127
221,348
222,296
223,-377
224,-497
225,196
226,173
227,30
228,171
229,623
230,-283
231,546
232,-79
233,221
234,-281
235,271
236,-31
237,-477
238,-175
239,-225
240,275
241,-77
242,-54
243,-127
244,269
245,575
246,-125
247,192
248,-131
249,500
250,525
251,-233
252,269
253,-127
254,-252
255,0
256,44
257,36
258,-279
259,296
260,173
261,107
262,94
263,-125
264,21
265,-133
266,-283
267,-360
268,-150
269,-227
270,173
271,265
272,-651
273,521
274,-75
275,-295
276,-127
277,-139
278,221
279,-6
280,-125
281,-162
282,-75
283,-252
284,548
285,-125
286,494
287,173
288,-320
289,619
290,-10
291,-137
292,-131
293,-81
294,-254
295,273
296,-179
297,173
298,-310
299,625
300,392
301,475
302,-125
303,194
304,-125
305,-125
306,-127
307,-350
308,473
309,-125
310,673
311,-154
312,-127
313,-131
314,-202
315,392
316,-187
317,569
318,-241
319,-206
320,321
321,46
322,-127
323,-125
324,-56
325,-125
326,-204
327,415
328,98
329,-350
330,323
331,-77
332,300
333,317
334,525
335,271
336,73
337,292
338,-75
339,94
340,-29
341,-202
342,271
343,-33
344,-454
345,373
346,196
347,-125
348,273
349,321
350,219
351,123
352,-27
353,521
354,198
355,525
356,-137
357,519
358,75
359,290
360,398
361,-206
362,40
363,119
364,296
365,469
366,-31
367,-79
368,-156
369,469
370,573
371,273
372,-125
373,-200
374,-252
375,625
376,471
377,-250
378,675
379,100
380,325
381,-389
382,625
383,-281
384,-308
385,625
386,-41
387,219
388,-75
389,-27
390,321
391,-27
392,-75
393,-452
394,-127
395,-175
396,-331
397,225
398,-237
399,-175
400,425
401,-414
402,21
403,-225
404,367
405,250
406,-308
407,373
408,-29
409,225
410,673
411,575
412,567
413,525
414,213
415,325
416,625
417,-175
418,625
419,475
420,-125
421,-177
422,-50
423,-125
424,525
425,-302
426,-125
427,-125
428,-327
429,-154
430,-125
431,-204
432,-33
433,-229
434,673
435,138
436,298
437,296
438,400
439,348
440,321
441,275
442,398
443,-275
444,121
445,123
446,300
447,521
448,323
449,600
450,-179
451,-129
452,-83
453,569
454,521
455,-25
456,267
457,-75
458,-75
459,621
460,371
461,-77
462,598
463,-233
464,-75
465,425
466,573
467,-175
468,573
469,498
470,-229
471,-125
472,467
473,494
474,573
475,671
476,150
477,292
478,623
479,419
480,-2
481,421
482,265
483,675
484,-75
485,671
486,-125
487,-131
488,575
489,71
490,273
491,90
492,-127
493,-200
494,-125
495,275
496,-568
497,-152
498,373
499,-225
500,625
501,75
502,325
503,523
504,44
505,-77
506,-125
507,-250
508,-85
509,625
510,-200
511,371
512,523
513,-287
514,-125
515,-29
516,73
517,448
518,525
519,-233
520,-125
521,475
522,-127
523,575
524,423
525,-385
526,625
527,625
528,-127
529,673
530,-175
531,-200
532,-125
533,-77
534,675
535,-31
536,425
537,671
538,617
539,471
540,-100
541,519
542,673
543,-125
544,348
545,-233
546,419
547,421
548,450
549,-75
550,475
551,-229
552,271
553,373
554,525
555,-175
556,519
557,-102
558,625
559,325
560,-29
561,-200
562,400
563,573
564,-125
565,673
566,173
567,-204
568,298
569,-52
570,-125
571,192
572,248
573,98
574,425
575,119
576,419
577,150
578,225
579,300
580,398
581,-225
582,621
583,671
584,525
585,625
586,-75
587,573
588,300
589,523
590,-77
591,575
592,475
593,521
594,-77
595,621
596,623
597,-202
598,-77
599,398
600,673
601,519
602,575
603,523
604,-250
605,-125
606,-181
607,-235
608,-131
609,-175
610,146
611,317
612,475
613,173
614,425
615,269
616,525
617,675
618,448
619,-77
620,275
621,625
622,-77
623,675
624,498
625,-125
626,623
627,-75
628,-25
629,-131
630,-29
631,473
632,671
633,621
634,519
635,623
636,525
637,625
638,621
639,673
640,298
641,-175
642,246
643,398
644,21
645,-179
646,-152
647,571
648,450
649,673
650,-75
651,-33
652,-239
653,323
654,375
655,223
656,373
657,-79
658,469
659,425
660,369
661,419
662,621
663,569
664,-125
665,567
666,-131
667,-181
668,-125
669,-127
670,521
671,-29
672,623
673,348
674,-77
675,221
676,523
677,625
678,419
679,-75
680,190
681,-125
682,575
683,525
684,571
685,346
686,-75
687,273
688,525
689,623
690,625
691,473
692,-129
693,-377
694,673
695,575
696,573
697,148
698,675
699,-75
700,-125
701,-25
702,675
703,515
704,-285
705,419
706,-125
707,323
708,96
709,625
710,469
711,544
712,-235
713,498
714,-102
715,-125
716,675
717,625
718,225
719,-77
720,671
721,419
722,425
723,546
724,573
725,675
726,-81
727,373
728,575
729,523
730,425
731,673
732,621
733,523
734,675
735,571
736,425
737,325
738,-77
739,625
740,525
741,375
742,575
743,675
744,-177
745,675
746,-275
747,623
748,248
749,-125
750,625
751,625
752,-133
753,473
754,-54
755,675
756,623
757,223
758,-135
759,671
760,-125
761,-250
762,675
763,-125
764,325
765,621
766,-125
767,-125
768,250
769,-250
770,-75
771,-77
772,-50
773,-200
774,475
775,0
776,621
777,675
778,-125
779,-77
780,-127
781,623
782,-125
783,475
784,-125
785,-75
786,-127
787,369
788,400
789,-125
790,294
791,625
792,625
793,523
794,-79
795,-127
796,573
797,144
798,425
799,394
800,625
801,375
802,625
803,-129
804,675
805,625
806,675
807,-27
808,-25
809,548
810,623
811,575
812,400
813,675
814,-127
815,673
816,625
817,-25
818,673
819,425
820,144
821,425
822,625
823,673
824,419
825,675
826,325
827,625
828,294
829,675
830,419
831,398
832,675
833,675
834,623
835,400
836,425
837,-29
838,225
839,673
840,-181
841,-58
842,675
843,525
844,546
845,575
846,525
847,523
848,675
849,73
850,373
851,-75
852,621
853,-125
854,625
855,500
856,400
857,673
858,619
859,621
860,675
861,675
862,-177
863,575
864,375
865,-200
866,625
867,525
868,-177
869,-100
870,675
871,475
872,671
873,-29
874,471
875,621
876,-125
877,-29
878,675
879,-127
880,525
881,675
882,425
883,475
884,675
885,671
886,625
887,675
888,523
889,423
890,675
891,523
892,225
893,675
894,625
895,623
896,-125
897,675
898,623
899,675
900,575
901,625
902,398
903,675
904,575
905,675
906,-125
907,-125
908,675
909,-125
910,675
911,675
912,675
913,675
914,671
915,425
916,625
917,675
918,675
919,398
920,625
921,-75
922,225
923,425
924,450
925,675
926,-125
927,621
928,25
929,623
930,675
931,400
932,-125
933,498
934,625
935,575
936,675
937,-125
938,675
939,425
940,623
941,-52
942,573
943,-125
944,673
945,675
946,-175
947,-125
948,575
949,-127
950,623
951,625
952,473
953,-127
954,375
955,-125
956,675
957,675
958,-77
959,-129
960,621
961,671
962,-127
963,-27
964,675
965,575
966,471
967,348
968,625
969,-29
970,369
971,473
972,-125
973,425
974,675
975,-175
976,675
977,621
978,675
979,325
980,673
981,450
982,675
983,625
984,-127
985,625
986,675
987,323
988,323
989,675
990,523
991,375
992,675
993,-125
994,675
995,675
996,525
997,-75
998,673
999,473
1000,575
1001,475
1002,675
1003,673
1004,625
1005,671
1006,-277
1007,673
1008,675
1009,-75
1010,-125
1011,675
1012,573
1013,321
1014,625
1015,675
1016,675
1017,675
1018,546
1019,675
1020,-75
1021,425
1022,623
1023,300
1024,-27
1025,621
1026,625
1027,625
1028,-83
1029,671
1030,-125
1031,50
1032,675
1033,625
1034,625
1035,325
1036,550
1037,625
1038,525
1039,625
1040,575
1041,675
1042,625
1043,675
1044,625
1045,523
1046,675
1047,-25
1048,675
1049,675
1050,623
1051,475
1052,675
1053,448
1054,573
1055,-127
1056,571
1057,375
1058,675
1059,225
1060,-75
1061,671
1062,571
1063,675
1064,675
1065,675
1066,-25
1067,425
1068,623
1069,625
1070,-54
1071,525
1072,673
1073,-75
1074,673
1075,525
1076,675
1077,525
1078,675
1079,675
1080,675
1081,675
1082,625
1083,544
1084,675
1085,-31
1086,675
1087,575
1088,575
1089,398
1090,625
1091,675
1092,-100
1093,675
1094,575
1095,250
1096,96
1097,673
1098,375
1099,575
1100,573
1101,-75
1102,75
1103,50
1104,675
1105,623
1106,-127
1107,675
1108,-125
1109,675
1110,348
1111,675
1112,425
1113,275
1114,667
1115,675
1116,625
1117,625
1118,573
1119,348
1120,548
1121,575
1122,573
1123,473
1124,675
1125,625
1126,673
1127,-29
1128,425
1129,-125
1130,675
1131,525
1132,625
1133,675
1134,675
1135,-75
1136,425
1137,675
1138,423
1139,475
1140,625
1141,675
1142,675
1143,675
1144,675
1145,623
1146,-125
1147,625
1148,675
1149,675
1150,625
1151,-75
1152,575
1153,575
1154,-102
1155,523
1156,675
1157,675
1158,625
1159,500
1160,625
1161,325
1162,669
1163,425
1164,625
1165,675
1166,-177
1167,675
1168,675
1169,673
1170,675
1171,425
1172,673
1173,-125
1174,550
1175,625
1176,625
1177,675
1178,573
1179,625
1180,675
1181,575
1182,-125
1183,425
1184,625
1185,625
1186,573
1187,673
1188,-25
1189,625
1190,575
1191,523
1192,575
1193,625
1194,625
1195,625
1196,673
1197,250
1198,400
1199,450
1200,625
1201,575
1202,625
1203,675
1204,-54
1205,673
1206,471
1207,248
1208,-75
1209,675
1210,575
1211,673
1212,675
1213,250
1214,675
1215,623
1216,625
1217,675
1218,-2
1219,675
1220,625
1221,673
1222,675
1223,350
1224,350
1225,675
1226,625
1227,675
1228,-125
1229,673
1230,625
1231,-25
1232,-125
1233,575
1234,671
1235,-125
1236,625
1237,500
1238,-75
1239,675
1240,525
1241,625
1242,675
1243,425
1244,525
1245,-25
1246,623
1247,523
1248,396
1249,673
1250,675
1251,-175
1252,675
1253,-27
1254,675
1255,675
1256,625
1257,675
1258,675
1259,673
1260,673
1261,425
1262,623
1263,625
1264,575
1265,675
1266,625
1267,-75
1268,475
1269,623
1270,625
1271,575
1272,-75
1273,623
1274,625
1275,675
1276,575
1277,-127
1278,675
1279,623
1280,350
1281,425
1282,675
1283,625
1284,450
1285,623
1286,-75
1287,673
1288,669
1289,675
1290,-79
1291,425
1292,625
1293,675
1294,675
1295,475
1296,-75
1297,575
1298,675
1299,-75
1300,423
1301,673
1302,-25
1303,625
1304,321
1305,546
1306,-200
1307,625
1308,673
1309,475
1310,675
1311,-125
1312,625
1313,400
1314,625
1315,525
1316,550
1317,625
1318,675
1319,575
1320,350
1321,625
1322,473
1323,425
1324,673
1325,675
1326,525
1327,-25
1328,625
1329,575
1330,573
1331,300
1332,423
1333,-125
1334,525
1335,625
1336,621
1337,475
1338,625
1339,621
1340,675
1341,575
1342,575
1343,675
1344,675
1345,625
1346,325
1347,621
1348,-77
1349,625
1350,-125
1351,525
1352,242
1353,675
1354,675
1355,425
1356,375
1357,550
1358,575
1359,-25
1360,625
1361,625
1362,575
1363,625
1364,625
1365,623
1366,573
1367,623
1368,675
1369,623
1370,-27
1371,673
1372,675
1373,-100
1374,540
1375,621
1376,425
1377,625
1378,575
1379,300
1380,675
1381,675
1382,-75
1383,50
1384,675
1385,425
1386,625
1387,625
1388,575
1389,623
1390,675
1391,-125
1392,348
1393,625
1394,575
1395,473
1396,525
1397,425
1398,621
1399,575
1400,-25
1401,525
1402,300
1403,525
1404,300
1405,300
1406,-200
1407,625
1408,575
1409,73
1410,-75
1411,425
1412,675
1413,521
1414,525
1415,-175
1416,298
1417,-127
1418,575
1419,-35
1420,-125
1421,675
1422,573
1423,625
1424,-75
1425,-77
1426,625
1427,525
1428,-125
1429,-125
1430,100
1431,623
1432,400
1433,623
1434,675
1435,675
1436,-25
1437,675
1438,448
1439,525
1440,575
1441,625
1442,400
1443,-75
1444,521
1445,623
1446,498
1447,469
1448,550
1449,-75
1450,675
1451,675
1452,575
1453,675
1454,675
1455,400
1456,675
1457,625
1458,398
1459,350
1460,675
1461,523
1462,348
1463,-75
1464,398
1465,625
1466,675
1467,625
1468,671
1469,675
1470,575
1471,575
1472,623
1473,525
1474,-75
1475,-125
1476,621
1477,-25
1478,675
1479,625
1480,625
1481,623
1482,-75
1483,675
1484,425
1485,525
1486,675
1487,673
1488,525
1489,-75
1490,-127
1491,675
1492,-27
1493,673
1494,619
1495,525
1496,325
1497,-129
1498,625
1499,425
1500,-125
1501,573
1502,675
1503,-75
1504,675
1505,675
1506,673
1507,673
1508,425
1509,200
1510,348
1511,400
1512,548
1513,621
1514,675
1515,425
1516,573
1517,-127
1518,573
1519,673
1520,573
1521,623
1522,525
1523,623
1524,625
1525,675
1526,350
1527,523
1528,523
1529,675
1530,-54
1531,-125
1532,525
1533,675
1534,675
1535,623
1536,625
1537,400
1538,525
1539,675
1540,675
1541,675
1542,-127
1543,525
1544,675
1545,-125
1546,623
1547,-129
1548,675
1549,625
1550,625
1551,-127
1552,675
1553,450
1554,675
1555,271
1556,623
1557,625
1558,448
1559,-127
1560,623
1561,475
1562,500
1563,-75
1564,350
1565,625
1566,425
1567,673
1568,673
1569,671
1570,675
1571,673
1572,400
1573,-125
1574,675
1575,675
1576,675
1577,621
1578,-125
1579,623
1580,625
1581,625
1582,523
1583,575
1584,675
1585,625
1586,625
1587,625
1588,675
1589,673
1590,675
1591,623
1592,675
1593,625
1594,-125
1595,673
1596,-125
1597,625
1598,675
1599,675
1600,675
1601,-125
1602,473
1603,325
1604,675
1605,523
1606,675
1607,-125
1608,-131
1609,671
1610,473
1611,675
1612,675
1613,625
1614,-125
1615,523
1616,-125
1617,400
1618,575
1619,-125
1620,571
1621,625
1622,400
1623,-75
1624,423
1625,675
1626,675
1627,671
1628,298
1629,548
1630,673
1631,525
1632,625
1633,675
1634,-125
1635,625
1636,521
1637,619
1638,-25
1639,675
1640,675
1641,625
1642,525
1643,525
1644,242
1645,571
1646,375
1647,675
1648,675
1649,325
1650,621
1651,673
1652,300
1653,673
1654,175
1655,525
1656,623
1657,473
1658,673
1659,575
1660,675
1661,623
1662,-75
1663,625
1664,623
1665,675
1666,623
1667,296
1668,475
1669,-75
1670,525
1671,400
1672,625
1673,673
1674,625
1675,425
1676,675
1677,623
1678,548
1679,-77
1680,621
1681,521
1682,450
1683,575
1684,575
1685,673
1686,675
1687,-127
1688,625
1689,625
1690,675
1691,573
1692,-75
1693,675
1694,-127
1695,348
1696,675
1697,625
1698,675
1699,675
1700,150
1701,-127
1702,675
1703,675
1704,400
1705,625
1706,-77
1707,625
1708,550
1709,571
1710,625
1711,675
1712,675
1713,-75
1714,625
1715,-125
1716,525
1717,673
1718,623
1719,421
1720,-125
1721,625
1722,675
1723,673
1724,675
1725,423
1726,625
1727,-75
1728,523
1729,673
1730,550
1731,475
1732,673
1733,625
1734,625
1735,623
1736,-125
1737,675
1738,571
1739,675
1740,675
1741,675
1742,575
1743,675
1744,675
1745,675
1746,675
1747,525
1748,575
1749,375
1750,-125
1751,623
1752,-125
1753,-152
1754,625
1755,675
1756,398
1757,675
1758,-75
1759,673
1760,523
1761,673
1762,-125
1763,375
1764,675
1765,673
1766,675
1767,575
1768,675
1769,348
1770,475
1771,450
1772,675
1773,500
1774,573
1775,-75
1776,-75
1777,675
1778,525
1779,673
1780,525
1781,-75
1782,573
1783,423
1784,-125
1785,675
1786,619
1787,425
1788,625
1789,473
1790,-75
1791,-75
1792,625
1793,525
1794,-75
1795,673
1796,675
1797,623
1798,150
1799,421
1800,675
1801,673
1802,675
1803,-77
1804,675
1805,-125
1806,673
1807,625
1808,675
1809,525
1810,-125
1811,-25
1812,573
1813,-75
1814,-75
1815,675
1816,675
1817,673
1818,675
1819,675
1820,675
1821,623
1822,625
1823,425
1824,675
1825,675
1826,375
1827,675
1828,-75
1829,673
1830,525
1831,-25
1832,525
1833,675
1834,573
1835,625
1836,-325
1837,625
1838,423
1839,498
1840,675
1841,625
1842,-125
1843,323
1844,573
1845,-27
1846,625
1847,373
1848,673
1849,675
1850,400
1851,675
1852,625
1853,675
1854,675
1855,575
1856,625
1857,-27
1858,573
1859,425
1860,673
1861,-125
1862,-50
1863,573
1864,623
1865,-125
1866,-75
1867,-125
1868,550
1869,623
1870,-75
1871,675
1872,548
1873,625
1874,-125
1875,525
1876,675
1877,623
1878,525
1879,625
1880,675
1881,675
1882,675
1883,550
1884,273
1885,425
1886,575
1887,673
1888,625
1889,-25
1890,675
1891,623
1892,375
1893,625
1894,673
1895,673
1896,525
1897,-75
1898,625
1899,671
1900,675
1901,675
1902,523
1903,523
1904,675
1905,425
1906,473
1907,348
1908,675
1909,623
1910,625
1911,623
1912,350
1913,198
1914,-75
1915,-200
1916,-102
1917,425
1918,-75
1919,623
1920,675
1921,675
1922,625
1923,150
1924,675
1925,-27
1926,500
1927,-75
1928,398
1929,675
1930,623
1931,625
1932,523
1933,-125
1934,625
1935,-31
1936,494
1937,550
1938,673
1939,673
1940,625
1941,625
1942,475
1943,575
1944,-125
1945,675
1946,-200
1947,675
1948,621
1949,-75
1950,625
1951,675
1952,625
1953,625
1954,-25
1955,675
1956,675
1957,625
1958,271
1959,575
1960,500
1961,675
1962,675
1963,625
1964,325
1965,625
1966,675
1967,-75
1968,675
1969,625
1970,325
1971,575
1972,673
1973,-25
1974,675
1975,550
1976,575
1977,498
1978,623
1979,623
1980,525
1981,675
1982,575
1983,675
1984,275
1985,473
1986,623
1987,400
1988,375
1989,471
1990,575
1991,675
1992,675
1993,625
1994,-75
1995,621
1996,675
1997,-50
1998,523
1999,-75
2000,623
2001,675
2002,400
2003,-75
2004,625
2005,469
2006,675
2007,525
2008,675
2009,-125
2010,248
2011,625
2012,-125
2013,248
2014,675
2015,525
2016,675
2017,425
2018,573
2019,-175
2020,-127
2021,625
2022,-31
2023,675
2024,473
2025,-250
2026,673
2027,675
2028,625
2029,-75
2030,525
2031,623
2032,548
2033,525
2034,348
2035,573
2036,546
2037,425
2038,575
2039,675
2040,275
2041,675
2042,625
2043,525
2044,-75
2045,675
2046,673
2047,323
2048,148
2049,425
2050,-75
2051,673
2052,571
2053,673
2054,625
2055,423
2056,-75
2057,623
2058,675
2059,673
2060,375
2061,425
2062,621
2063,573
2064,623
2065,575
2066,375
2067,500
2068,525
2069,575
2070,625
2071,673
2072,625
2073,671
2074,623
2075,675
2076,675
2077,300
2078,675
2079,675
2080,-25
2081,525
2082,-200
2083,-125
2084,-27
2085,675
2086,575
2087,623
2088,675
2089,675
2090,425
2091,-125
2092,675
2093,673
2094,-125
2095,498
2096,673
2097,669
2098,398
2099,523
2100,673
2101,250
2102,675
2103,623
2104,523
2105,-125
2106,-75
2107,573
2108,298
2109,623
2110,473
2111,675
2112,673
2113,675
2114,675
2115,523
2116,625
2117,675
2118,675
2119,675
2120,675
2121,675
2122,-25
2123,675
2124,-75
2125,575
2126,623
2127,-77
2128,448
2129,675
2130,-125
2131,250
2132,575
2133,675
2134,675
2135,400
2136,525
2137,673
2138,-175
2139,675
2140,-75
2141,623
2142,-127
2143,625
2144,675
2145,-333
2146,471
2147,623
2148,523
2149,573
2150,-127
2151,-175
2152,623
2153,575
2154,673
2155,625
2156,625
2157,525
2158,625
2159,623
2160,675
2161,425
2162,548
2163,-125
2164,471
2165,675
2166,575
2167,-29
2168,675
2169,675
2170,673
2171,623
2172,175
2173,625
2174,-75
2175,675
2176,575
2177,-127
2178,675
2179,0
2180,625
2181,625
2182,575
2183,675
2184,623
2185,575
2186,550
2187,575
2188,575
2189,675
2190,325
2191,675
2192,398
2193,573
2194,398
2195,375
2196,-125
2197,675
2198,-75
2199,300
2200,-75
2201,-27
2202,675
2203,671
2204,625
2205,548
2206,525
2207,575
2208,575
2209,475
2210,498
2211,573
2212,548
2213,625
2214,-77
2215,675
2216,675
2217,-125
2218,300
2219,573
2220,623
2221,-125
2222,250
2223,467
2224,350
2225,673
2226,298
2227,-27
2228,575
2229,325
2230,-77
2231,575
2232,323
2233,625
2234,625
2235,675
2236,521
2237,346
2238,525
2239,675
2240,675
2241,-75
2242,675
2243,625
2244,-25
2245,621
2246,521
2247,400
2248,675
2249,673
2250,673
2251,675
2252,675
2253,350
2254,350
2255,325
2256,523
2257,475
2258,625
2259,-75
2260,623
2261,623
2262,625
2263,675
2264,673
2265,625
2266,475
2267,625
2268,625
2269,675
2270,625
2271,673
2272,675
2273,296
2274,575
2275,519
2276,625
2277,675
2278,675
2279,548
2280,575
2281,-175
2282,625
2283,200
2284,375
2285,475
2286,525
2287,496
2288,675
2289,675
2290,623
2291,625
2292,675
2293,625
2294,625
2295,675
2296,-152
2297,675
2298,350
2299,675
2300,550
2301,675
2302,-125
2303,-200
2304,-25
2305,675
2306,675
2307,-127
2308,673
2309,-75
2310,296
2311,500
2312,300
2313,675
2314,350
2315,675
2316,675
2317,621
2318,673
2319,-75
2320,400
2321,625
2322,625
2323,625
2324,575
2325,575
2326,675
2327,-25
2328,625
2329,475
2330,519
2331,-75
2332,675
2333,623
2334,625
2335,621
2336,423
2337,619
2338,-75
2339,475
2340,350
2341,300
2342,-79
2343,525
2344,675
2345,425
2346,625
2347,575
2348,573
2349,573
2350,623
2351,400
2352,473
2353,625
2354,-75
2355,675
2356,425
2357,671
2358,675
2359,575
2360,550
2361,625
2362,250
2363,525
2364,375
2365,98
2366,625
2367,625
2368,675
2369,421
2370,623
2371,675
2372,625
2373,-127
2374,473
2375,573
2376,675
2377,-25
2378,675
2379,525
2380,573
2381,675
2382,625
2383,348
2384,623
2385,623
2386,623
2387,548
2388,-125
2389,-77
2390,475
2391,523
2392,623
2393,-75
2394,575
2395,675
2396,-4
2397,675
2398,-25
2399,675
2400,625
2401,-27
2402,623
2403,675
2404,623
2405,673
2406,575
2407,625
2408,-175
2409,-125
2410,625
2411,671
2412,-127
2413,673
2414,525
2415,519
2416,623
2417,673
2418,625
2419,625
2420,375
2421,675
2422,423
2423,625
2424,525
2425,675
2426,669
2427,-129
2428,-133
2429,-125
2430,625
2431,625
2432,573
2433,-27
2434,475
2435,675
2436,425
2437,448
2438,-127
2439,-100
2440,-75
2441,475
2442,675
2443,-75
2444,675
2445,625
2446,675
2447,375
2448,675
2449,-75
2450,625
2451,625
2452,623
2453,625
2454,675
2455,669
2456,675
2457,675
2458,673
2459,675
2460,-125
2461,675
2462,675
2463,673
2464,671
2465,573
2466,623
2467,675
2468,575
2469,521
2470,673
2471,621
2472,675
2473,625
2474,-25
2475,675
2476,673
2477,525
2478,150
2479,523
2480,-127
2481,671
2482,625
2483,525
2484,675
2485,-75
2486,569
2487,525
2488,625
2489,425
2490,675
2491,675
2492,675
2493,450
2494,373
2495,421
2496,-79
2497,675
2498,675
2499,573
2500,525
2501,625
2502,550
2503,675
2504,571
2505,-175
2506,525
2507,-75
2508,300
2509,350
2510,400
2511,-77
2512,625
2513,675
2514,623
2515,575
2516,573
2517,675
2518,150
2519,98
2520,-75
2521,423
2522,400
2523,-127
2524,550
2525,500
2526,675
2527,675
2528,573
2529,625
2530,275
2531,675
2532,623
2533,-125
2534,575
2535,-25
2536,425
2537,-175
2538,575
2539,675
2540,550
2541,521
2542,425
2543,371
2544,525
2545,-225
2546,600
2547,-29
2548,550
2549,275
2550,575
2551,-125
2552,523
2553,300
2554,-75
2555,623
2556,-75
2557,623
2558,673
2559,675
2560,625
2561,-75
2562,625
2563,550
2564,673
2565,675
2566,625
2567,325
2568,675
2569,425
2570,-179
2571,475
2572,675
2573,675
2574,623
2575,-125
2576,-25
2577,625
2578,625
2579,-125
2580,573
2581,625
2582,625
2583,571
2584,675
2585,-127
2586,623
2587,-81
2588,-77
2589,675
2590,625
2591,625
2592,25
2593,625
2594,375
2595,675
2596,675
2597,675
2598,-152
2599,675
2600,-2
2601,673
2602,498
2603,625
2604,-129
2605,573
2606,625
2607,575
2608,675
2609,625
2610,-75
2611,-75
2612,675
2613,-200
2614,675
2615,-202
2616,525
2617,573
2618,523
2619,425
2620,475
2621,675
2622,675
2623,425
2624,673
2625,673
2626,-125
2627,625
2628,525
2629,675
2630,673
2631,400
2632,675
2633,400
2634,575
2635,673
2636,175
2637,475
2638,623
2639,675
2640,675
2641,23
2642,248
2643,-125
2644,73
2645,675
2646,573
2647,400
2648,550
2649,-125
2650,400
2651,575
2652,-125
2653,675
2654,-125
2655,-125
2656,348
2657,673
2658,675
2659,673
2660,525
2661,671
2662,675
2663,-25
2664,-125
2665,475
2666,621
2667,675
2668,375
2669,675
2670,675
2671,-27
2672,-27
2673,-27
2674,273
2675,-75
2676,500
2677,-75
2678,675
2679,621
2680,675
2681,-75
2682,-127
2683,573
2684,275
2685,673
2686,473
2687,675
2688,625
2689,675
2690,573
2691,675
2692,673
2693,525
2694,-252
2695,625
2696,-31
2697,625
2698,675
2699,675
2700,-75
2701,675
2702,175
2703,625
2704,675
2705,625
2706,675
2707,-75
2708,675
2709,625
2710,675
2711,425
2712,375
2713,673
2714,621
2715,623
2716,675
2717,-125
2718,625
2719,675
2720,250
2721,-75
2722,673
2723,100
2724,471
2725,675
2726,675
2727,575
2728,675
2729,575
2730,548
2731,675
2732,675
2733,675
2734,350
2735,675
2736,575
2737,0
2738,400
2739,673
2740,675
2741,675
2742,625
2743,400
2744,675
2745,623
2746,525
2747,625
2748,571
2749,573
2750,571
2751,625
2752,548
2753,675
2754,675
2755,675
2756,625
2757,-75
2758,350
2759,-75
2760,448
2761,675
2762,669
2763,673
2764,300
2765,675
2766,-77
2767,-2
2768,623
2769,675
2770,625
2771,625
2772,575
2773,675
2774,675
2775,625
2776,673
2777,-200
2778,-125
2779,675
2780,425
2781,675
2782,475
2783,671
2784,525
2785,625
2786,-75
2787,521
2788,625
2789,269
2790,425
2791,575
2792,623
2793,675
2794,-125
2795,525
2796,625
2797,625
2798,321
2799,-79
2800,625
2801,425
2802,71
2803,675
2804,350
2805,398
2806,625
2807,325
2808,-127
2809,675
2810,425
2811,673
2812,423
2813,-29
2814,673
2815,675
2816,673
2817,325
2818,450
2819,675
2820,625
2821,573
2822,675
2823,-27
2824,673
2825,-25
2826,625
2827,-27
2828,625
2829,675
2830,575
2831,-77
2832,625
2833,673
2834,573
2835,-75
2836,521
2837,623
2838,675
2839,625
2840,-75
2841,573
2842,575
2843,425
2844,-75
2845,675
2846,675
2847,550
2848,625
2849,675
2850,575
2851,675
2852,-75
2853,-125
2854,675
2855,675
2856,673
2857,675
2858,350
2859,675
2860,425
2861,575
2862,673
2863,300
2864,675
2865,-125
2866,-77
2867,675
2868,623
2869,573
2870,675
2871,-25
2872,623
2873,573
2874,675
2875,675
2876,148
2877,571
2878,625
2879,671
2880,425
2881,500
2882,625
2883,673
2884,623
2885,350
2886,-54
2887,325
2888,525
2889,623
2890,575
2891,625
2892,300
2893,-125
2894,675
2895,673
2896,475
2897,675
2898,675
2899,675
2900,-79
2901,575
2902,300
2903,425
2904,575
2905,625
2906,575
2907,625
2908,573
2909,675
2910,673
2911,400
2912,675
2913,-31
2914,625
2915,625
2916,675
2917,-75
2918,-77
2919,575
2920,675
2921,675
2922,400
2923,675
2924,675
2925,675
2926,350
2927,675
2928,-27
2929,398
2930,400
2931,350
2932,525
2933,675
2934,675
2935,-125
2936,675
2937,-77
2938,673
2939,675
2940,521
2941,675
2942,400
2943,425
2944,-125
2945,521
2946,150
2947,675
2948,575
2949,673
2950,575
2951,675
2952,675
2953,623
2954,569
2955,-75
2956,-75
2957,675
2958,675
2959,-77
2960,325
2961,625
2962,625
2963,-175
2964,675
2965,675
2966,571
2967,625
2968,625
2969,425
2970,675
2971,150
2972,-125
2973,-125
2974,675
2975,446
2976,625
2977,625
2978,675
2979,-31
2980,-77
2981,675
2982,671
2983,623
2984,623
2985,673
2986,675
2987,625
2988,473
2989,625
2990,673
2991,223
2992,575
2993,-75
2994,-75
2995,-125
2996,150
2997,500
2998,-75
2999,500
3000,571
3001,500
3002,498
3003,675
3004,675
3005,-125
3006,675
3007,523
3008,525
3009,50
3010,625
3011,625
3012,675
3013,673
3014,300
3015,525
3016,375
3017,-79
3018,-127
3019,625
3020,673
3021,625
3022,550
3023,675
3024,-75
3025,575
3026,675
3027,-79
3028,675
3029,675
3030,400
3031,398
3032,-127
3033,573
3034,600
3035,525
3036,575
3037,673
3038,521
3039,625
3040,500
3041,675
3042,-75
3043,625
3044,675
3045,625
3046,-125
3047,-129
3048,625
3049,575
3050,-25
3051,573
3052,-175
3053,400
3054,-129
3055,573
3056,675
3057,296
3058,675
3059,-200
3060,625
3061,673
3062,575
3063,673
3064,-125
3065,625
3066,-75
3067,673
3068,-175
3069,619
3070,400
3071,675
3072,425
3073,675
3074,621
3075,623
3076,-127
3077,573
3078,625
3079,-75
3080,625
3081,675
3082,625
3083,575
3084,675
3085,246
3086,623
3087,625
3088,625
3089,623
3090,675
3091,573
3092,425
3093,-75
3094,-127
3095,675
3096,675
3097,-75
3098,673
3099,525
3100,400
3101,298
3102,-75
3103,475
3104,473
3105,625
3106,400
3107,-25
3108,675
3109,619
3110,675
3111,675
3112,425
3113,275
3114,598
3115,625
3116,675
3117,146
3118,373
3119,675
3120,625
3121,298
3122,575
3123,375
3124,398
3125,675
3126,675
3127,625
3128,25
3129,-52
3130,673
3131,550
3132,575
3133,500
3134,675
3135,623
3136,675
3137,575
3138,-25
3139,550
3140,300
3141,623
3142,425
3143,675
3144,546
3145,344
3146,373
3147,-75
3148,-175
3149,673
3150,425
3151,473
3152,0
3153,571
3154,-75
3155,525
3156,500
3157,673
3158,673
3159,675
3160,625
3161,675
3162,573
3163,498
3164,-125
3165,675
3166,-125
3167,623
3168,-77
3169,675
3170,673
3171,623
3172,425
3173,-175
3174,675
3175,575
3176,675
3177,625
3178,623
3179,669
3180,675
3181,675
3182,671
3183,-75
3184,-77
3185,675
3186,675
3187,675
3188,575
3189,-27
3190,675
3191,525
3192,298
3193,675
3194,425
3195,675
3196,675
3197,425
3198,573
3199,623
3200,625
3201,673
3202,571
3203,675
3204,675
3205,625
3206,675
3207,623
3208,-125
3209,-129
3210,223
3211,621
3212,675
3213,423
3214,525
3215,250
3216,575
3217,625
3218,675
3219,-127
3220,675
3221,625
3222,675
3223,675
3224,525
3225,575
3226,575
3227,625
3228,673
3229,-27
3230,500
3231,675
3232,550
3233,400
3234,673
3235,544
3236,-2
3237,623
3238,675
3239,675
3240,573
3241,-75
3242,-125
3243,675
3244,625
3245,523
3246,673
3247,623
3248,494
3249,625
3250,-125
3251,675
3252,625
3253,-75
3254,675
3255,671
3256,-125
3257,525
3258,673
3259,623
3260,521
3261,-25
3262,498
3263,-125
3264,421
3265,-25
3266,400
3267,623
3268,548
3269,198
3270,-127
3271,675
3272,573
3273,675
3274,623
3275,625
3276,675
3277,350
3278,-125
3279,675
3280,675
3281,-75
3282,573
3283,675
3284,675
3285,448
3286,-125
3287,675
3288,-29
3289,675
3290,575
3291,523
3292,-125
3293,-75
3294,675
3295,673
3296,-125
3297,-379
3298,575
3299,-25
3300,-25
3301,625
3302,675
3303,675
3304,625
3305,625
3306,675
3307,675
3308,675
3309,525
3310,673
3311,625
3312,573
3313,-127
3314,675
3315,575
3316,675
3317,-27
3318,675
3319,673
3320,675
3321,-125
3322,625
3323,573
3324,-125
3325,673
3326,-27
3327,623
3328,575
3329,625
3330,523
3331,150
3332,673
3333,673
3334,-175
3335,675
3336,675
3337,423
3338,-125
3339,675
3340,348
3341,-75
3342,675
3343,675
3344,675
3345,-125
3346,-75
3347,625
3348,621
3349,-75
3350,525
3351,625
3352,-77
3353,673
3354,675
3355,-75
3356,525
3357,421
3358,575
3359,625
3360,675
3361,575
3362,675
3363,496
3364,273
3365,575
3366,625
3367,-129
3368,675
3369,-200
3370,673
3371,525
3372,625
3373,275
3374,625
3375,273
3376,675
3377,350
3378,548
3379,-75
3380,623
3381,621
3382,-129
3383,-125
3384,-127
3385,550
3386,425
3387,523
3388,675
3389,675
3390,675
3391,523
3392,-125
3393,-25
3394,350
3395,675
3396,673
3397,673
3398,225
3399,673
3400,625
3401,673
3402,250
3403,675
3404,550
3405,575
3406,400
3407,675
3408,673
3409,-125
3410,300
3411,675
3412,625
3413,625
3414,398
3415,425
3416,675
3417,473
3418,675
3419,625
3420,-75
3421,675
3422,-81
3423,675
3424,575
3425,-125
3426,346
3427,-77
3428,23
3429,525
3430,148
3431,-125
3432,-2
3433,523
3434,-75
3435,573
3436,-127
3437,471
3438,-25
3439,550
3440,625
3441,671
3442,450
3443,523
3444,623
3445,423
3446,-129
3447,475
3448,621
3449,-77
3450,-79
3451,475
3452,-127
3453,425
3454,348
3455,675
3456,673
3457,221
3458,-29
3459,-25
3460,673
3461,625
3462,673
3463,-300
3464,575
3465,625
3466,523
3467,-125
3468,-77
3469,675
3470,671
3471,625
3472,675
3473,150
3474,623
3475,623
3476,400
3477,623
3478,575
3479,425
3480,671
3481,521
3482,-27
3483,675
3484,575
3485,675
3486,623
3487,275
3488,625
3489,100
3490,-127
3491,523
3492,-125
3493,-77
3494,675
3495,675
3496,-75
3497,525
3498,273
3499,625
3500,398
3501,675
3502,525
3503,-125
3504,523
3505,525
3506,625
3507,523
3508,625
3509,575
3510,675
3511,625
3512,673
3513,375
3514,673
3515,525
3516,575
3517,675
3518,675
3519,675
3520,621
3521,425
3522,550
3523,621
3524,625
3525,425
3526,675
3527,671
3528,473
3529,573
3530,673
3531,625
3532,675
3533,625
3534,675
3535,675
3536,675
3537,-125
3538,575
3539,675
3540,400
3541,625
3542,669
3543,675
3544,575
3545,575
3546,675
3547,675
3548,623
3549,623
3550,573
3551,400
3552,625
3553,675
3554,575
3555,-27
3556,623
3557,548
3558,625
3559,575
3560,625
3561,-125
3562,625
3563,623
3564,625
3565,575
3566,375
3567,623
3568,-125
3569,-75
3570,-75
3571,673
3572,492
3573,-2
3574,625
3575,575
3576,525
3577,623
3578,525
3579,298
3580,573
3581,673
3582,675
3583,625
3584,-125
3585,673
3586,625
3587,-102
3588,625
3589,-25
3590,673
3591,673
3592,475
3593,325
3594,398
3595,423
3596,525
3597,-125
3598,300
3599,623
3600,675
3601,575
3602,-279
3603,471
3604,423
3605,375
3606,-75
3607,575
3608,523
3609,675
3610,675
3611,675
3612,571
3613,-125
3614,625
3615,525
3616,675
3617,625
3618,-200
3619,625
3620,675
3621,-125
3622,675
3623,523
3624,675
3625,-27
3626,275
3627,625
3628,400
3629,73
3630,675
3631,575
3632,525
3633,675
3634,-125
3635,-125
3636,621
3637,575
3638,475
3639,675
3640,550
3641,675
3642,-125
3643,400
3644,625
3645,673
3646,675
3647,675
3648,-125
3649,475
3650,525
3651,675
3652,423
3653,-25
3654,-77
3655,75
3656,550
3657,673
3658,400
3659,625
3660,671
3661,575
3662,675
3663,623
3664,471
3665,-25
3666,525
3667,675
3668,673
3669,-31
3670,525
3671,623
3672,475
3673,675
3674,-125
3675,673
3676,625
3677,573
3678,425
3679,675
3680,673
3681,350
3682,425
3683,-54
3684,475
3685,623
3686,-75
3687,675
3688,423
3689,625
3690,523
3691,550
3692,675
3693,400
3694,-75
3695,-75
3696,373
3697,675
3698,625
3699,623
3700,-77
3701,673
3702,573
3703,673
3704,525
3705,544
3706,623
3707,625
3708,-102
3709,571
3710,675
3711,-125
3712,-125
3713,-125
3714,-125
3715,-50
3716,575
3717,-125
3718,375
3719,625
3720,675
3721,-27
3722,321
3723,-75
3724,-75
3725,525
3726,575
3727,623
3728,625
3729,-25
3730,-75
3731,-75
3732,675
3733,-75
3734,350
3735,675
3736,625
3737,673
3738,425
3739,-175
3740,625
3741,623
3742,673
3743,-227
3744,675
3745,675
3746,675
3747,-77
3748,369
3749,375
3750,-75
3751,673
3752,525
3753,675
3754,575
3755,300
3756,675
3757,471
3758,625
3759,625
3760,-75
3761,675
3762,623
3763,-125
3764,673
3765,675
3766,300
3767,-27
3768,400
3769,673
3770,525
3771,575
3772,375
3773,575
3774,-125
3775,-175
3776,-29
3777,-125
3778,673
3779,625
3780,525
3781,-125
3782,575
3783,625
3784,675
3785,575
3786,675
3787,675
3788,519
3789,623
3790,673
3791,623
3792,675
3793,-75
3794,-75
3795,575
3796,671
3797,498
3798,625
3799,673
3800,675
3801,671
3802,225
3803,675
3804,275
3805,623
3806,675
3807,675
3808,673
3809,625
3810,275
3811,625
3812,675
3813,625
3814,625
3815,673
3816,-125
3817,-125
3818,623
3819,-77
3820,623
3821,625
3822,673
3823,-27
3824,425
3825,673
3826,423
3827,625
3828,625
3829,396
3830,575
3831,425
3832,675
3833,548
3834,-125
3835,675
3836,625
3837,625
3838,-75
3839,-125
3840,571
3841,675
3842,675
3843,625
3844,625
3845,300
3846,-75
3847,625
3848,525
3849,421
3850,573
3851,425
3852,-225
3853,675
3854,625
3855,-175
3856,625
3857,675
3858,673
3859,673
3860,475
3861,498
3862,350
3863,671
3864,-75
3865,571
3866,-125
3867,-125
3868,-25
3869,575
3870,669
3871,-75
3872,675
3873,669
3874,273
3875,425
3876,473
3877,-127
3878,625
3879,373
3880,675
3881,523
3882,400
3883,675
3884,323
3885,625
3886,575
3887,675
3888,675
3889,575
3890,675
3891,523
3892,673
3893,323
3894,675
3895,623
3896,498
3897,625
3898,-75
3899,675
3900,575
3901,-125
3902,-75
3903,675
3904,523
3905,-200
3906,-25
3907,525
3908,623
3909,194
3910,625
3911,198
3912,675
3913,-2
3914,475
3915,619
3916,623
3917,425
3918,523
3919,675
3920,623
3921,575
3922,525
3923,-250
3924,675
3925,423
3926,625
3927,675
3928,525
3929,625
3930,-100
3931,525
3932,475
3933,425
3934,575
3935,498
3936,575
3937,673
3938,625
3939,-25
3940,625
3941,675
3942,621
3943,575
3944,-125
3945,675
3946,625
3947,-125
3948,675
3949,575
3950,-125
3951,575
3952,575
3953,625
3954,-175
3955,-27
3956,523
3957,-125
3958,573
3959,-175
3960,-202
3961,-179
3962,675
3963,550
3964,400
3965,425
3966,-125
3967,675
3968,675
3969,-125
3970,673
3971,675
3972,600
3973,575
3974,675
3975,675
3976,-127
3977,-77
3978,675
3979,-75
3980,675
3981,575
3982,75
3983,-25
3984,625
3985,675
3986,625
3987,625
3988,-75
3989,623
3990,675
3991,671
3992,625
3993,550
3994,573
3995,525
3996,425
3997,623
3998,475
3999,575
4000,400
4001,423
4002,673
4003,-125
4004,425
4005,-175
4006,675
4007,621
4008,373
4009,373
4010,-25
4011,675
4012,625
4013,-125
4014,575
4015,525
4016,625
4017,425
4018,425
4019,675
4020,521
4021,675
4022,550
4023,625
4024,523
4025,673
4026,-127
4027,621
4028,-27
4029,675
4030,625
4031,673
4032,675
4033,550
4034,671
4035,573
4036,675
4037,550
4038,673
4039,-75
4040,519
4041,196
4042,625
4043,500
4044,475
4045,675
4046,675
4047,0
4048,675
4049,673
4050,-25
4051,-77
4052,621
4053,675
4054,673
4055,275
4056,517
4057,400
4058,675
4059,675
4060,623
4061,573
4062,625
4063,575
4064,-125
4065,398
4066,675
4067,425
4068,625
4069,673
4070,473
4071,-125
4072,573
4073,675
4074,425
4075,-125
4076,675
4077,150
4078,500
4079,625
4080,569
4081,625
4082,523
4083,675
4084,625
4085,425
4086,625
4087,675
4088,450
4089,575
4090,625
4091,675
4092,471
4093,675
4094,673
4095,-125
4096,519
4097,625
4098,675
4099,675
4100,625
4101,-152
4102,625
4103,625
4104,675
4105,-175
4106,-75
4107,675
4108,421
4109,673
4110,623
4111,-75
4112,525
4113,575
4114,673
4115,623
4116,475
4117,-75
4118,423
4119,675
4120,675
4121,425
4122,-25
4123,675
4124,425
4125,625
4126,675
4127,575
4128,575
4129,623
4130,675
4131,675
4132,550
4133,625
4134,673
4135,623
4136,-50
4137,673
4138,673
4139,423
4140,-25
4141,-129
4142,525
4143,675
4144,675
4145,325
4146,425
4147,-125
4148,-125
4149,-125
4150,625
4151,-131
4152,-25
4153,-75
4154,673
4155,-75
4156,621
4157,675
4158,621
4159,-75
4160,575
4161,400
4162,625
4163,625
4164,-75
4165,675
4166,423
4167,625
4168,625
4169,-200
4170,675
4171,571
4172,-129
4173,623
4174,375
4175,-75
4176,548
4177,321
4178,625
4179,625
4180,-377
4181,-125
4182,-75
4183,575
4184,-129
4185,-25
4186,473
4187,221
4188,625
4189,-125
4190,-27
4191,598
4192,671
4193,475
4194,675
4195,625
4196,-125
4197,571
4198,575
4199,573
4200,623
4201,673
4202,-125
4203,-125
4204,425
4205,623
4206,675
4207,400
4208,675
4209,675
4210,375
4211,675
4212,675
4213,-125
4214,625
4215,550
4216,-75
4217,375
4218,625
4219,523
4220,675
4221,548
4222,525
4223,300
4224,625
4225,575
4226,400
4227,671
4228,675
4229,675
4230,469
4231,250
4232,325
4233,498
4234,550
4235,625
4236,675
4237,675
4238,221
4239,675
4240,-125
4241,-202
4242,525
4243,475
4244,575
4245,621
4246,671
4247,675
4248,621
4249,548
4250,575
4251,625
4252,675
4253,675
4254,-25
4255,623
4256,625
4257,400
4258,-75
4259,523
4260,425
4261,448
4262,675
4263,325
4264,-150
4265,621
4266,675
4267,419
4268,571
4269,671
4270,675
4271,623
4272,621
4273,-75
4274,675
4275,673
4276,675
4277,625
4278,675
4279,-79
4280,-75
4281,675
4282,625
4283,325
4284,671
4285,621
4286,625
4287,675
4288,425
4289,619
4290,475
4291,248
4292,625
4293,-75
4294,623
4295,675
4296,475
4297,675
4298,-75
4299,625
4300,-75
4301,675
4302,625
4303,625
4304,621
4305,675
4306,425
4307,425
4308,575
4309,575
4310,425
4311,-75
4312,675
4313,-127
4314,-77
4315,673
4316,621
4317,625
4318,673
4319,375
4320,400
4321,575
4322,475
4323,625
4324,675
4325,400
4326,425
4327,575
4328,550
4329,-75
4330,-125
4331,523
4332,623
4333,675
4334,625
4335,675
4336,673
4337,625
4338,625
4339,673
4340,350
4341,625
4342,-25
4343,500
4344,-127
4345,625
4346,550
4347,675
4348,348
4349,673
4350,-125
4351,398
4352,323
4353,-125
4354,675
4355,575
4356,-75
4357,675
4358,-77
4359,525
4360,550
4361,625
4362,675
4363,500
4364,673
4365,675
4366,675
4367,-77
4368,-25
4369,625
4370,673
4371,623
4372,600
4373,625
4374,-125
4375,423
4376,625
4377,625
4378,248
4379,525
4380,400
4381,675
4382,625
4383,673
4384,-127
4385,396
4386,-27
4387,675
4388,675
4389,675
4390,625
4391,-175
4392,-125
4393,471
4394,246
4395,625
4396,-25
4397,675
4398,248
4399,675
4400,348
4401,471
4402,673
4403,675
4404,575
4405,675
4406,673
4407,625
4408,675
4409,373
4410,150
4411,673
4412,375
4413,-200
4414,-79
4415,623
4416,-25
4417,625
4418,521
4419,-125
4420,675
4421,548
4422,350
4423,400
4424,525
4425,-75
4426,-75
4427,675
4428,625
4429,619
4430,675
4431,675
4432,-175
4433,573
4434,425
4435,500
4436,625
4437,675
4438,523
4439,671
4440,625
4441,250
4442,525
4443,575
4444,423
4445,625
4446,-75
4447,675
4448,675
4449,625
4450,575
4451,623
4452,623
4453,675
4454,673
4455,625
4456,575
4457,-81
4458,-79
4459,425
4460,625
4461,400
4462,675
4463,-125
4464,523
4465,544
4466,-175
4467,573
4468,-125
4469,-127
4470,625
4471,396
4472,300
4473,675
4474,625
4475,348
4476,575
4477,-25
4478,-225
4479,250
4480,350
4481,-27
4482,675
4483,625
4484,-127
4485,423
4486,675
4487,675
4488,400
4489,550
4490,-125
4491,473
4492,-79
4493,-125
4494,623
4495,673
4496,-200
4497,-125
4498,-125
4499,575
4500,575
4501,575
4502,300
4503,523
4504,-127
4505,625
4506,669
4507,623
4508,-125
4509,-29
4510,675
4511,625
4512,625
4513,675
4514,375
4515,525
4516,550
4517,-175
4518,500
4519,623
4520,673
4521,550
4522,521
4523,573
4524,675
4525,-125
4526,-175
4527,675
4528,625
4529,675
4530,675
4531,-125
4532,625
4533,675
4534,475
4535,675
4536,625
4537,525
4538,625
4539,-75
4540,675
4541,523
4542,-27
4543,525
4544,675
4545,471
4546,625
4547,575
4548,675
4549,623
4550,-75
4551,675
4552,675
4553,625
4554,623
4555,675
4556,673
4557,-75
4558,625
4559,575
4560,675
4561,623
4562,675
4563,625
4564,625
4565,625
4566,398
4567,-102
4568,548
4569,675
4570,521
4571,423
4572,675
4573,673
4574,-75
4575,675
4576,675
4577,-75
4578,675
4579,675
4580,673
4581,675
4582,-27
4583,673
4584,-200
4585,675
4586,-75
4587,573
4588,575
4589,425
4590,350
4591,-75
4592,625
4593,473
4594,523
4595,546
4596,673
4597,-179
4598,625
4599,398
4600,-25
4601,673
4602,673
4603,300
4604,-125
4605,-125
4606,550
4607,625
4608,-127
4609,425
4610,673
4611,573
4612,400
4613,625
4614,-125
4615,523
4616,525
4617,675
4618,675
4619,475
4620,673
4621,-25
4622,475
4623,671
4624,675
4625,400
4626,675
4627,573
4628,673
4629,623
4630,675
4631,625
4632,625
4633,-300
4634,550
4635,-200
4636,419
4637,621
4638,625
4639,548
4640,623
4641,-75
4642,675
4643,673
4644,625
4645,-75
4646,525
4647,675
4648,571
4649,675
4650,-125
4651,625
4652,-27
4653,-100
4654,375
4655,625
4656,525
4657,675
4658,625
4659,525
4660,673
4661,575
4662,425
4663,675
4664,675
4665,673
4666,575
4667,225
4668,-25
4669,621
4670,548
4671,575
4672,-75
4673,675
4674,623
4675,525
4676,625
4677,675
4678,675
4679,673
4680,625
4681,448
4682,675
4683,525
4684,625
4685,350
4686,575
4687,348
4688,675
4689,-27
4690,525
4691,675
4692,675
4693,575
4694,519
4695,673
4696,-75
4697,625
4698,-27
4699,546
4700,675
4701,623
4702,575
4703,-75
4704,671
4705,625
4706,623
4707,525
4708,673
4709,675
4710,-75
4711,625
4712,673
4713,575
4714,575
4715,425
4716,450
4717,-175
4718,-129
4719,573
4720,350
4721,675
4722,575
4723,675
4724,625
4725,-127
4726,-129
4727,521
4728,425
4729,675
4730,350
4731,625
4732,625
4733,625
4734,400
4735,675
4736,623
4737,675
4738,550
4739,-77
4740,671
4741,575
4742,675
4743,-75
4744,400
4745,575
4746,525
4747,-125
4748,623
4749,-75
4750,625
4751,250
4752,525
4753,548
4754,619
4755,673
4756,375
4757,625
4758,-27
4759,675
4760,294
4761,573
4762,625
4763,625
4764,525
4765,350
4766,-279
4767,675
4768,675
4769,425
4770,675
4771,-75
4772,675
4773,675
4774,275
4775,498
4776,-75
4777,625
4778,475
4779,675
4780,-75
4781,573
4782,625
4783,275
4784,448
4785,-75
4786,348
4787,625
4788,396
4789,675
4790,675
4791,523
4792,675
4793,175
4794,400
4795,625
4796,523
4797,573
4798,625
4799,675
4800,571
4801,675
4802,425
4803,675
4804,623
4805,-175
4806,623
4807,673
4808,400
4809,-125
4810,525
4811,-125
4812,675
4813,-27
4814,625
4815,248
4816,575
4817,625
4818,475
4819,625
4820,475
4821,673
4822,500
4823,623
4824,575
4825,675
4826,675
4827,-52
4828,625
4829,-125
4830,475
4831,575
4832,275
4833,521
4834,575
4835,675
4836,350
4837,-129
4838,-27
4839,575
4840,373
4841,675
4842,-75
4843,673
4844,675
4845,525
4846,423
4847,-75
4848,671
4849,671
4850,675
4851,-125
4852,625
4853,-252
4854,525
4855,575
4856,675
4857,625
4858,-100
4859,575
4860,625
4861,625
4862,575
4863,625
4864,-125
4865,625
4866,473
4867,298
4868,675
4869,250
4870,-175
4871,675
4872,-75
4873,473
4874,625
4875,675
4876,573
4877,-125
4878,625
4879,673
4880,675
4881,346
4882,675
4883,571
4884,398
4885,573
4886,625
4887,625
4888,675
4889,675
4890,675
4891,575
4892,623
4893,573
4894,675
4895,-75
4896,675
4897,625
4898,675
4899,-125
4900,675
4901,673
4902,173
4903,371
4904,475
4905,575
4906,675
4907,273
4908,625
4909,623
4910,-125
4911,-75
4912,575
4913,398
4914,369
4915,623
4916,525
4917,-77
4918,675
4919,-75
4920,675
4921,375
4922,373
4923,675
4924,573
4925,550
4926,625
4927,625
4928,625
4929,-75
4930,675
4931,675
4932,675
4933,671
4934,575
4935,675
4936,-125
4937,673
4938,275
4939,-25
4940,675
4941,498
4942,400
4943,623
4944,625
4945,673
4946,675
4947,346
4948,500
4949,519
4950,623
4951,-25
4952,673
4953,525
4954,623
4955,-75
4956,673
4957,673
4958,525
4959,675
4960,675
4961,671
4962,-125
4963,675
4964,675
4965,400
4966,673
4967,625
4968,675
4969,525
4970,623
4971,625
4972,623
4973,625
4974,-125
4975,625
4976,400
4977,675
4978,675
4979,350
4980,575
4981,-75
4982,521
4983,623
4984,673
4985,625
4986,-175
4987,675
4988,675
4989,673
4990,-77
4991,675
4992,675
4993,425
4994,673
4995,673
4996,673
4997,525
4998,-125
4999,-75
5000,425
5001,575
5002,-125
5003,575
5004,-125
5005,573
5006,625
5007,475
5008,673
5009,675
5010,-25
5011,675
5012,-29
5013,675
5014,-125
5015,425
5016,-252
5017,250
5018,675
5019,625
5020,675
5021,-25
5022,625
5023,673
5024,625
5025,675
5026,675
5027,625
5028,375
5029,675
5030,673
5031,-127
5032,-75
5033,-129
5034,-125
5035,425
5036,625
5037,675
5038,573
5039,625
5040,473
5041,467
5042,675
5043,396
5044,375
5045,675
5046,-125
5047,-127
5048,675
5049,675
5050,573
5051,675
5052,625
5053,550
5054,675
5055,-75
5056,-127
5057,-125
5058,575
5059,-77
5060,525
5061,625
5062,-25
5063,-125
5064,625
5065,625
5066,-75
5067,625
5068,675
5069,675
5070,-27
5071,525
5072,-175
5073,-77
5074,673
5075,-150
5076,-125
5077,675
5078,550
5079,675
5080,-100
5081,400
5082,625
5083,675
5084,575
5085,-77
5086,623
5087,675
5088,673
5089,250
5090,-125
5091,675
5092,473
5093,675
5094,-133
5095,548
5096,671
5097,673
5098,675
5099,669
5100,375
5101,673
5102,675
5103,350
5104,375
5105,675
5106,-52
5107,625
5108,525
5109,673
5110,575
5111,625
5112,623
5113,673
5114,-75
5115,-25
5116,675
5117,-125
5118,675
5119,675
5120,-125
5121,446
5122,523
5123,623
5124,673
5125,598
5126,-25
5127,673
5128,-79
5129,625
5130,625
5131,225
5132,525
5133,525
5134,-125
5135,675
5136,-125
5137,675
5138,-25
5139,-250
5140,525
5141,398
5142,325
5143,573
5144,675
5145,521
5146,625
5147,-75
5148,-125
5149,550
5150,-75
5151,675
5152,625
5153,-25
5154,75
5155,625
5156,625
5157,-127
5158,625
5159,-125
5160,500
5161,525
5162,146
5163,-25
5164,675
5165,623
5166,625
5167,625
5168,675
5169,625
5170,675
5171,623
5172,675
5173,673
5174,-175
5175,-75
5176,375
5177,350
5178,675
5179,-125
5180,573
5181,525
5182,-125
5183,675
5184,675
5185,623
5186,575
5187,675
5188,525
5189,573
5190,625
5191,675
5192,348
5193,625
5194,675
5195,625
5196,625
5197,675
5198,675
5199,675
5200,623
5201,548
5202,575
5203,525
5204,675
5205,675
5206,575
5207,675
5208,-75
5209,573
5210,475
5211,575
5212,-175
5213,623
5214,-77
5215,625
5216,625
5217,675
5218,-31
5219,325
5220,675
5221,423
5222,348
5223,673
5224,350
5225,425
5226,525
5227,675
5228,675
5229,550
5230,575
5231,675
5232,-125
5233,675
5234,544
5235,675
5236,550
5237,571
5238,625
5239,-75
5240,675
5241,625
5242,525
5243,525
5244,375
5245,-25
5246,675
5247,625
5248,675
5249,-127
5250,400
5251,575
5252,675
5253,-125
5254,525
5255,475
5256,675
5257,675
5258,675
5259,198
5260,-75
5261,625
5262,675
5263,673
5264,575
5265,625
5266,-125
5267,573
5268,675
5269,625
5270,475
5271,671
5272,675
5273,625
5274,675
5275,623
5276,198
5277,675
5278,421
5279,673
5280,-125
5281,675
5282,350
5283,573
5284,-50
5285,675
5286,625
5287,425
5288,673
5289,573
5290,-175
5291,296
5292,675
5293,675
5294,325
5295,675
5296,675
5297,-102
5298,-77
5299,-175
5300,675
5301,573
5302,625
5303,575
5304,525
5305,625
5306,525
5307,400
5308,-25
5309,623
5310,675
5311,425
5312,425
5313,573
5314,673
5315,673
5316,219
5317,623
5318,675
5319,675
5320,-175
5321,-125
5322,623
5323,400
5324,675
5325,-179
5326,619
5327,675
5328,675
5329,-125
5330,625
5331,675
5332,675
5333,25
5334,525
5335,575
5336,675
5337,-29
5338,675
5339,-27
5340,523
5341,425
5342,-25
5343,623
5344,525
5345,-25
5346,375
5347,523
5348,675
5349,525
5350,675
5351,675
5352,373
5353,625
5354,675
5355,675
5356,-25
5357,-75
5358,625
5359,625
5360,675
5361,475
5362,-100
5363,673
5364,575
5365,625
5366,623
5367,371
5368,623
5369,675
5370,473
5371,625
5372,673
5373,625
5374,675
5375,273
5376,625
5377,625
5378,350
5379,675
5380,-75
5381,675
5382,575
5383,675
5384,425
5385,623
5386,550
5387,-125
5388,625
5389,400
5390,-27
5391,475
5392,425
5393,575
5394,675
5395,675
5396,498
5397,525
5398,-125
5399,523
5400,-25
5401,525
5402,673
5403,573
5404,471
5405,617
5406,575
5407,275
5408,400
5409,675
5410,-75
5411,575
5412,623
5413,623
5414,625
5415,625
5416,-27
5417,673
5418,675
5419,675
5420,-75
5421,425
5422,-125
5423,600
5424,675
5425,675
5426,550
5427,-125
5428,675
5429,-50
5430,675
5431,25
5432,425
5433,675
5434,675
5435,523
5436,675
5437,550
5438,625
5439,673
5440,348
5441,675
5442,573
5443,521
5444,675
5445,625
5446,675
5447,400
5448,675
5449,675
5450,675
5451,675
5452,400
5453,625
5454,573
5455,475
5456,575
5457,348
5458,425
5459,625
5460,675
5461,623
5462,673
5463,675
5464,-31
5465,525
5466,625
5467,673
5468,673
5469,425
5470,98
5471,-100
5472,625
5473,675
5474,625
5475,623
5476,273
5477,-125
5478,-77
5479,623
5480,550
5481,369
5482,675
5483,623
5484,375
5485,675
5486,675
5487,625
5488,525
5489,625
5490,675
5491,625
5492,675
5493,625
5494,673
5495,-75
5496,675
5497,675
5498,675
5499,675
5500,-125
5501,675
5502,675
5503,623
5504,625
5505,423
5506,-200
5507,-200
5508,675
5509,575
5510,625
5511,673
5512,-227
5513,573
5514,675
5515,-102
5516,-125
5517,-75
5518,625
5519,573
5520,-200
5521,669
5522,575
5523,675
5524,675
5525,350
5526,673
5527,-127
5528,-125
5529,575
5530,-125
5531,623
5532,-75
5533,625
5534,675
5535,625
5536,-125
5537,675
5538,223
5539,675
5540,623
5541,623
5542,575
5543,525
5544,625
5545,673
5546,675
5547,-127
5548,475
5549,425
5550,575
5551,475
5552,621
5553,473
5554,525
5555,546
5556,-75
5557,400
5558,325
5559,350
5560,675
5561,473
5562,573
5563,625
5564,421
5565,675
5566,375
5567,496
5568,-25
5569,-125
5570,675
5571,-125
5572,350
5573,673
5574,625
5575,575
5576,523
5577,350
5578,625
5579,425
5580,625
5581,-175
5582,625
5583,521
5584,625
5585,675
5586,400
5587,675
5588,-150
5589,375
5590,673
5591,675
5592,623
5593,675
5594,675
5595,375
5596,-77
5597,350
5598,675
5599,675
5600,400
5601,675
5602,-125
5603,-75
5604,525
5605,375
5606,425
5607,-25
5608,523
5609,675
5610,-125
5611,675
5612,-125
5613,-27
5614,625
5615,675
5616,623
5617,475
5618,623
5619,623
5620,-77
5621,673
5622,225
5623,625
5624,671
5625,675
5626,625
5627,625
5628,-127
5629,625
5630,-125
5631,400
5632,400
5633,525
5634,525
5635,400
5636,-75
5637,675
5638,471
5639,-77
5640,575
5641,675
5642,450
5643,675
5644,623
5645,675
5646,625
5647,673
5648,625
5649,-125
5650,675
5651,465
5652,675
5653,675
5654,575
5655,323
5656,425
5657,671
5658,673
5659,525
5660,-75
5661,-125
5662,675
5663,623
5664,675
5665,675
5666,625
5667,575
5668,425
5669,675
5670,675
5671,-127
5672,675
5673,675
5674,398
5675,350
5676,625
5677,571
5678,623
5679,498
5680,471
5681,50
5682,-202
5683,575
5684,625
5685,573
5686,475
5687,525
5688,625
5689,675
5690,625
5691,625
5692,675
5693,625
5694,550
5695,625
5696,675
5697,-75
5698,673
5699,621
5700,675
5701,573
5702,673
5703,669
5704,500
5705,-75
5706,-75
5707,575
5708,-204
5709,675
5710,525
5711,623
5712,200
5713,621
5714,675
5715,675
5716,625
5717,625
5718,621
5719,675
5720,525
5721,675
5722,671
5723,625
5724,-125
5725,-77
5726,573
5727,-125
5728,673
5729,525
5730,625
5731,373
5732,-125
5733,673
5734,575
5735,625
5736,621
5737,573
5738,523
5739,675
5740,350
5741,-25
5742,623
5743,671
5744,-75
5745,-125
5746,525
5747,625
5748,550
5749,-125
5750,375
5751,550
5752,675
5753,-125
5754,625
5755,525
5756,525
5757,-127
5758,673
5759,675
5760,500
5761,571
5762,573
5763,625
5764,675
5765,675
5766,675
5767,-125
5768,673
5769,623
5770,425
5771,417
5772,248
5773,675
5774,675
5775,625
5776,623
5777,-75
5778,350
5779,621
5780,-75
5781,523
5782,625
5783,-27
5784,675
5785,675
5786,-75
5787,-25
5788,-54
5789,625
5790,475
5791,496
5792,325
5793,100
5794,350
5795,625
5796,523
5797,675
5798,675
5799,475
5800,625
5801,-27
5802,671
5803,-81
5804,421
5805,-75
5806,625
5807,675
5808,621
5809,398
5810,623
5811,-127
5812,623
5813,-27
5814,623
5815,675
5816,675
5817,675
5818,400
5819,498
5820,675
5821,425
5822,575
5823,675
5824,675
5825,-125
5826,-331
5827,675
5828,325
5829,675
5830,550
5831,300
5832,675
5833,400
5834,425
5835,675
5836,469
5837,625
5838,675
5839,675
5840,-29
5841,625
5842,625
5843,675
5844,448
5845,675
5846,-200
5847,571
5848,675
5849,625
5850,621
5851,523
5852,575
5853,675
5854,525
5855,573
5856,675
5857,675
5858,421
5859,575
5860,400
5861,625
5862,575
5863,548
5864,-27
5865,-125
5866,-100
5867,523
5868,-127
5869,673
5870,675
5871,350
5872,673
5873,567
5874,-75
5875,623
5876,525
5877,-125
5878,-75
5879,-125
5880,425
5881,675
5882,523
5883,425
5884,675
5885,675
5886,575
5887,575
5888,500
5889,-75
5890,571
5891,-75
5892,-75
5893,575
5894,75
5895,675
5896,550
5897,546
5898,625
5899,400
5900,675
5901,-75
5902,623
5903,625
5904,250
5905,675
5906,623
5907,575
5908,675
5909,625
5910,625
5911,50
5912,-125
5913,-125
5914,425
5915,-125
5916,-125
5917,573
5918,575
5919,-77
5920,375
5921,-77
5922,450
5923,625
5924,675
5925,446
5926,673
5927,625
5928,675
5929,525
5930,625
5931,425
5932,671
5933,673
5934,-83
5935,575
5936,625
5937,623
5938,-25
5939,673
5940,675
5941,675
5942,200
5943,400
5944,598
5945,625
5946,675
5947,400
5948,675
5949,-75
5950,-125
5951,-75
5952,-25
5953,400
5954,675
5955,625
5956,573
5957,-125
5958,625
5959,625
5960,625
5961,425
5962,500
5963,625
5964,625
5965,623
5966,673
5967,-25
5968,525
5969,625
5970,375
5971,-127
5972,300
5973,625
5974,425
5975,425
5976,575
5977,675
5978,675
5979,625
5980,625
5981,575
5982,675
5983,525
5984,525
5985,625
5986,425
5987,550
5988,625
5989,675
5990,248
5991,-127
5992,248
5993,-75
5994,-75
5995,346
5996,675
5997,675
5998,575
5999,425
6000,221
6001,575
6002,350
6003,350
6004,450
6005,675
6006,675
6007,-77
6008,575
6009,523
6010,175
6011,625
6012,625
6013,673
6014,621
6015,625
6016,575
6017,625
6018,623
6019,673
6020,675
6021,623
6022,-25
6023,575
6024,475
6025,475
6026,673
6027,625
6028,523
6029,675
6030,675
6031,575
6032,625
6033,675
6034,323
6035,-125
6036,625
6037,673
6038,625
6039,573
6040,573
6041,625
6042,675
6043,525
6044,375
6045,625
6046,119
6047,619
6048,625
6049,-125
6050,621
6051,675
6052,423
6053,675
6054,675
6055,475
6056,675
6057,623
6058,675
6059,621
6060,623
6061,575
6062,675
6063,573
6064,675
6065,675
6066,675
6067,475
6068,400
6069,623
6070,673
6071,675
6072,675
6073,-125
6074,575
6075,375
6076,623
6077,675
6078,675
6079,-125
6080,-27
6081,550
6082,675
6083,423
6084,-202
6085,375
6086,-75
6087,375
6088,675
6089,-77
6090,675
6091,625
6092,625
6093,0
6094,-75
6095,-25
6096,275
6097,-229
6098,-75
6099,425
6100,223
6101,-175
6102,-54
6103,675
6104,400
6105,-75
6106,471
6107,675
6108,325
6109,-125
6110,575
6111,-125
6112,571
6113,-27
6114,-77
6115,675
6116,-100
6117,625
6118,675
6119,-25
6120,673
6121,348
6122,450
6123,675
6124,-125
6125,525
6126,400
6127,675
6128,673
6129,675
6130,-27
6131,675
6132,-125
6133,-125
6134,625
6135,675
6136,-125
6137,625
6138,525
6139,600
6140,475
6141,425
6142,-125
6143,548
6144,575
6145,250
6146,675
6147,675
6148,423
6149,675
6150,625
6151,675
6152,450
6153,675
6154,-77
6155,623
6156,348
6157,675
6158,25
6159,625
6160,-75
6161,473
6162,675
6163,473
6164,675
6165,675
6166,675
6167,625
6168,625
6169,625
6170,623
6171,673
6172,425
6173,675
6174,-75
6175,-77
6176,675
6177,625
6178,675
6179,400
6180,398
6181,675
6182,625
6183,-125
6184,675
6185,671
6186,350
6187,625
6188,575
6189,623
6190,525
6191,573
6192,300
6193,621
6194,675
6195,625
6196,673
6197,-75
6198,475
6199,525
6200,673
6201,675
6202,675
6203,625
6204,675
6205,675
6206,573
6207,625
6208,523
6209,625
6210,675
6211,148
6212,675
6213,625
6214,675
6215,625
6216,-75
6217,673
6218,625
6219,498
6220,550
6221,-75
6222,675
6223,675
6224,625
6225,675
6226,675
6227,673
6228,248
6229,675
6230,625
6231,525
6232,675
6233,625
6234,525
6235,325
6236,625
6237,-79
6238,675
6239,675
6240,675
6241,675
6242,675
6243,675
6244,673
6245,625
6246,625
6247,425
6248,673
6249,625
6250,623
6251,425
6252,-75
6253,571
6254,425
6255,625
6256,550
6257,496
6258,-75
6259,421
6260,400
6261,675
6262,675
6263,623
6264,-29
6265,673
6266,675
6267,423
6268,675
6269,673
6270,623
6271,271
6272,621
6273,250
6274,625
6275,523
6276,675
6277,323
6278,371
6279,525
6280,675
6281,-75
6282,675
6283,400
6284,425
6285,673
6286,621
6287,675
6288,275
6289,625
6290,675
6291,425
6292,675
6293,675
6294,625
6295,621
6296,675
6297,525
6298,625
6299,625
6300,673
6301,-25
6302,575
6303,625
6304,525
6305,675
6306,-77
6307,621
6308,-125
6309,675
6310,621
6311,-127
6312,-75
6313,625
6314,300
6315,573
6316,675
6317,675
6318,675
6319,623
6320,575
6321,625
6322,400
6323,398
6324,0
6325,675
6326,675
6327,675
6328,575
6329,475
6330,673
6331,675
6332,375
6333,444
6334,623
6335,673
6336,-25
6337,-75
6338,575
6339,-75
6340,400
6341,675
6342,625
6343,25
6344,673
6345,625
6346,523
6347,-75
6348,675
6349,625
6350,623
6351,625
6352,523
6353,625
6354,-125
6355,523
6356,623
6357,625
6358,675
6359,-127
6360,675
6361,671
6362,675
6363,675
6364,523
6365,475
6366,675
6367,623
6368,625
6369,575
6370,675
6371,575
6372,525
6373,671
6374,625
6375,621
6376,425
6377,350
6378,625
6379,525
6380,575
6381,275
6382,673
6383,425
6384,275
6385,-27
6386,675
6387,675
6388,-75
6389,623
6390,673
6391,-125
6392,623
6393,-127
6394,675
6395,673
6396,475
6397,-125
6398,673
6399,-127
6400,625
6401,575
6402,675
6403,673
6404,-125
6405,625
6406,425
6407,673
6408,675
6409,671
6410,-129
6411,675
6412,675
6413,573
6414,625
6415,400
6416,673
6417,675
6418,623
6419,675
6420,-202
6421,675
6422,623
6423,673
6424,623
6425,675
6426,675
6427,-75
6428,-175
6429,671
6430,675
6431,-125
6432,-175
6433,675
6434,625
6435,350
6436,675
6437,475
6438,675
6439,-75
6440,675
6441,675
6442,521
6443,673
6444,-125
6445,623
6446,675
6447,671
6448,525
6449,625
6450,625
6451,625
6452,673
6453,-227
6454,673
6455,675
6456,346
6457,573
6458,673
6459,400
6460,625
6461,-77
6462,573
6463,625
6464,675
6465,425
6466,600
6467,623
6468,675
6469,675
6470,-50
6471,673
6472,621
6473,573
6474,621
6475,-129
6476,-125
6477,673
6478,625
6479,675
6480,575
6481,425
6482,675
6483,673
6484,675
6485,-125
6486,375
6487,548
6488,675
6489,625
6490,273
6491,575
6492,-77
6493,675
6494,273
6495,-125
6496,675
6497,425
6498,625
6499,-125
6500,498
6501,623
6502,521
6503,673
6504,-77
6505,400
6506,521
6507,675
6508,675
6509,375
6510,673
6511,621
6512,673
6513,625
6514,625
6515,673
6516,550
6517,671
6518,675
6519,625
6520,-25
6521,273
6522,675
6523,575
6524,550
6525,-127
6526,425
6527,400
6528,473
6529,-25
6530,573
6531,523
6532,675
6533,625
6534,675
6535,623
6536,673
6537,675
6538,625
6539,146
6540,496
6541,525
6542,625
6543,575
6544,671
6545,673
6546,400
6547,675
6548,675
6549,623
6550,625
6551,625
6552,675
6553,-79
6554,-125
6555,625
6556,625
6557,-250
6558,525
6559,425
6560,675
6561,625
6562,673
6563,675
6564,623
6565,500
6566,523
6567,-52
6568,425
6569,623
6570,-25
6571,275
6572,671
6573,-75
6574,575
6575,625
6576,675
6577,675
6578,675
6579,673
6580,623
6581,-125
6582,473
6583,525
6584,623
6585,550
6586,671
6587,-77
6588,675
6589,575
6590,-177
6591,625
6592,550
6593,625
6594,625
6595,375
6596,-125
6597,273
6598,400
6599,675
6600,550
6601,-25
6602,525
6603,673
6604,675
6605,675
6606,675
6607,675
6608,675
6609,421
6610,675
6611,675
6612,-125
6613,569
6614,-125
6615,300
6616,571
6617,675
6618,350
6619,625
6620,675
6621,-127
6622,-125
6623,425
6624,625
6625,675
6626,675
6627,523
6628,521
6629,625
6630,375
6631,300
6632,-77
6633,673
6634,494
6635,675
6636,346
6637,500
6638,625
6639,575
6640,525
6641,-175
6642,473
6643,675
6644,250
6645,544
6646,-125
6647,673
6648,625
6649,625
6650,621
6651,596
6652,675
6653,625
6654,625
6655,425
6656,-75
6657,625
6658,675
6659,625
6660,673
6661,625
6662,673
6663,625
6664,625
6665,625
6666,519
6667,671
6668,675
6669,673
6670,523
6671,573
6672,-131
6673,575
6674,-75
6675,-25
6676,675
6677,625
6678,400
6679,673
6680,675
6681,675
6682,675
6683,623
6684,475
6685,625
6686,675
6687,675
6688,575
6689,625
6690,675
6691,675
6692,675
6693,575
6694,675
6695,675
6696,625
6697,621
6698,-75
6699,625
6700,573
6701,-125
6702,675
6703,575
6704,273
6705,-75
6706,675
6707,675
6708,300
6709,275
6710,675
6711,675
6712,625
6713,623
6714,675
6715,673
6716,573
6717,675
6718,673
6719,-29
6720,-127
6721,525
6722,675
6723,625
6724,575
6725,675
6726,675
6727,675
6728,673
6729,-125
6730,573
6731,221
6732,673
6733,-125
6734,525
6735,571
6736,300
6737,675
6738,675
6739,625
6740,500
6741,-77
6742,371
6743,623
6744,575
6745,-25
6746,675
6747,525
6748,571
6749,625
6750,-125
6751,-175
6752,525
6753,675
6754,675
6755,525
6756,-25
6757,675
6758,675
6759,525
6760,675
6761,575
6762,675
6763,625
6764,175
6765,523
6766,625
6767,475
6768,325
6769,673
6770,375
6771,-79
6772,675
6773,625
6774,673
6775,575
6776,446
6777,575
6778,-75
6779,473
6780,675
6781,-125
6782,673
6783,-29
6784,625
6785,675
6786,625
6787,425
6788,675
6789,-127
6790,575
6791,-75
6792,625
6793,675
6794,550
6795,523
6796,-77
6797,548
6798,675
6799,475
6800,675
6801,675
6802,-125
6803,625
6804,575
6805,625
6806,425
6807,575
6808,-175
6809,673
6810,675
6811,675
6812,575
6813,675
6814,575
6815,675
6816,625
6817,-75
6818,475
6819,475
6820,573
6821,675
6822,621
6823,625
6824,675
6825,-75
6826,625
6827,675
6828,-25
6829,400
6830,625
6831,625
6832,0
6833,623
6834,548
6835,550
6836,571
6837,525
6838,675
6839,675
6840,625
6841,675
6842,575
6843,673
6844,675
6845,-75
6846,623
6847,675
6848,548
6849,425
6850,675
6851,-154
6852,473
6853,675
6854,400
6855,575
6856,625
6857,525
6858,675
6859,675
6860,525
6861,675
6862,-125
6863,673
6864,575
6865,273
6866,550
6867,623
6868,675
6869,625
6870,625
6871,425
6872,-77
6873,471
6874,675
6875,675
6876,675
6877,675
6878,675
6879,575
6880,496
6881,625
6882,675
6883,675
6884,-127
6885,546
6886,673
6887,673
6888,625
6889,375
6890,673
6891,675
6892,625
6893,625
6894,625
6895,575
6896,473
6897,675
6898,525
6899,675
6900,350
6901,625
6902,625
6903,-254
6904,675
6905,621
6906,625
6907,675
6908,625
6909,425
6910,573
6911,675
6912,575
6913,521
6914,500
6915,-25
6916,623
6917,675
6918,548
6919,625
6920,-125
6921,675
6922,675
6923,675
6924,623
6925,523
6926,519
6927,625
6928,625
6929,-131
6930,675
6931,675
6932,625
6933,498
6934,675
6935,675
6936,-75
6937,-75
6938,325
6939,275
6940,-75
6941,396
6942,675
6943,-200
6944,673
6945,625
6946,673
6947,625
6948,-27
6949,673
6950,525
6951,621
6952,498
6953,675
6954,675
6955,373
6956,-177
6957,625
6958,675
6959,525
6960,625
6961,625
6962,675
6963,621
6964,523
6965,-77
6966,675
6967,-25
6968,300
6969,675
6970,525
6971,671
6972,475
6973,575
6974,675
6975,671
6976,-25
6977,675
6978,525
6979,671
6980,250
6981,675
6982,675
6983,-125
6984,675
6985,625
6986,623
6987,-77
6988,525
6989,-125
6990,675
6991,675
6992,-75
6993,471
6994,675
6995,625
6996,-79
6997,675
6998,-25
6999,550
7000,473
7001,625
7002,398
7003,400
7004,625
7005,475
7006,625
7007,450
7008,400
7009,550
7010,600
7011,600
7012,500
7013,575
7014,-100
7015,675
7016,675
7017,550
7018,625
7019,271
7020,-181
7021,625
7022,675
7023,521
7024,675
7025,625
7026,-131
7027,675
7028,-125
7029,-125
7030,675
7031,625
7032,-75
7033,425
7034,623
7035,625
7036,471
7037,300
7038,250
7039,675
7040,400
7041,473
7042,623
7043,675
7044,625
7045,575
7046,675
7047,525
7048,373
7049,500
7050,-25
7051,-127
7052,396
7053,-125
7054,573
7055,-127
7056,-25
7057,-127
7058,673
7059,500
7060,675
7061,350
7062,-77
7063,675
7064,423
7065,623
7066,348
7067,675
7068,625
7069,625
7070,-77
7071,675
7072,673
7073,675
7074,475
7075,675
7076,-100
7077,425
7078,625
7079,400
7080,625
7081,-127
7082,675
7083,-77
7084,625
7085,623
7086,625
7087,498
7088,675
7089,-77
7090,-202
7091,373
7092,675
7093,-125
7094,625
7095,675
7096,675
7097,625
7098,396
7099,-125
7100,575
7101,625
7102,623
7103,625
7104,675
7105,300
7106,625
7107,625
7108,398
7109,673
7110,623
7111,675
7112,675
7113,675
7114,675
7115,673
7116,-25
7117,525
7118,-175
7119,348
7120,675
7121,425
7122,550
7123,525
7124,673
7125,625
7126,673
7127,673
7128,675
7129,398
7130,573
7131,675
7132,671
7133,625
7134,523
7135,673
7136,675
7137,-29
7138,575
7139,625
7140,-75
7141,-202
7142,375
7143,425
7144,575
7145,621
7146,400
7147,375
7148,300
7149,675
7150,475
7151,523
7152,625
7153,625
7154,625
7155,500
7156,475
7157,673
7158,675
7159,-125
7160,675
7161,623
7162,675
7163,623
7164,675
7165,300
7166,675
7167,473
7168,625
7169,571
7170,625
7171,-25
7172,675
7173,150
7174,625
7175,325
7176,675
7177,675
7178,675
7179,675
7180,-77
7181,300
7182,-125
7183,571
7184,675
7185,625
7186,-29
7187,625
7188,623
7189,621
7190,623
7191,523
7192,-125
7193,150
7194,-125
7195,400
7196,625
7197,675
7198,425
7199,675
7200,621
7201,675
7202,525
7203,675
7204,348
7205,575
7206,300
7207,475
7208,673
7209,-127
7210,671
7211,675
7212,471
7213,571
7214,675
7215,350
7216,523
7217,573
7218,521
7219,675
7220,625
7221,523
7222,573
7223,675
7224,625
7225,-25
7226,448
7227,675
7228,675
7229,350
7230,625
7231,623
7232,-125
7233,675
7234,521
7235,150
7236,525
7237,623
7238,425
7239,425
7240,575
7241,-227
7242,-25
7243,473
7244,675
7245,675
7246,673
7247,623
7248,475
7249,423
7250,621
7251,675
7252,-125
7253,625
7254,625
7255,675
7256,425
7257,-177
7258,625
7259,567
7260,548
7261,375
7262,-27
7263,623
7264,625
7265,469
7266,550
7267,675
7268,625
7269,-27
7270,625
7271,675
7272,-75
7273,500
7274,625
7275,675
7276,575
7277,675
7278,675
7279,623
7280,300
7281,575
7282,625
7283,-125
7284,-125
7285,575
7286,-79
7287,-31
7288,625
7289,575
7290,-127
7291,575
7292,675
7293,675
7294,623
7295,673
7296,-125
7297,-75
7298,-250
7299,675
7300,-125
7301,369
7302,675
7303,-127
7304,-79
7305,325
7306,625
7307,675
7308,623
7309,-75
7310,673
7311,575
7312,675
7313,425
7314,-50
7315,675
7316,623
7317,675
7318,675
7319,675
7320,673
7321,675
7322,675
7323,673
7324,625
7325,525
7326,623
7327,625
7328,-125
7329,573
7330,575
7331,-125
7332,575
7333,100
7334,673
7335,575
7336,675
7337,-125
7338,575
7339,675
7340,-29
7341,525
7342,573
7343,673
7344,573
7345,500
7346,675
7347,625
7348,675
7349,494
7350,475
7351,675
7352,475
7353,675
7354,-75
7355,625
7356,500
7357,669
7358,375
7359,-75
7360,625
7361,575
7362,400
7363,571
7364,625
7365,625
7366,575
7367,675
7368,423
7369,173
7370,673
7371,625
7372,-25
7373,673
7374,621
7375,-100
7376,496
7377,675
7378,550
7379,673
7380,625
7381,675
7382,625
7383,675
7384,525
7385,625
7386,348
7387,-125
7388,625
7389,675
7390,675
7391,675
7392,475
7393,525
7394,-29
7395,-75
7396,425
7397,675
7398,623
7399,675
7400,448
7401,-125
7402,673
7403,575
7404,675
7405,675
7406,425
7407,623
7408,675
7409,575
7410,675
7411,550
7412,425
7413,625
7414,625
7415,548
7416,396
7417,525
7418,350
7419,673
7420,621
7421,550
7422,625
7423,-75
7424,575
7425,675
7426,623
7427,625
7428,625
7429,500
7430,675
7431,673
7432,-179
7433,525
7434,675
7435,675
7436,573
7437,600
7438,-125
7439,675
7440,575
7441,625
7442,673
7443,525
7444,625
7445,475
7446,675
7447,673
7448,625
7449,673
7450,675
7451,-125
7452,475
7453,475
7454,575
7455,623
7456,575
7457,623
7458,-29
7459,-25
7460,673
7461,623
7462,673
7463,623
7464,675
7465,625
7466,425
7467,573
7468,625
7469,621
7470,-75
7471,625
7472,625
7473,625
7474,625
7475,623
7476,623
7477,575
7478,400
7479,625
7480,623
7481,473
7482,675
7483,-25
7484,-175
7485,625
7486,623
7487,675
7488,675
7489,350
7490,675
7491,421
7492,500
7493,571
7494,398
7495,625
7496,675
7497,675
7498,-250
7499,-75
7500,675
7501,675
7502,625
7503,150
7504,475
7505,625
7506,623
7507,675
7508,575
7509,675
7510,-125
7511,500
7512,500
7513,621
7514,675
7515,625
7516,625
7517,575
7518,425
7519,525
7520,-27
7521,675
7522,623
7523,675
7524,675
7525,-125
7526,375
7527,-79
7528,425
7529,198
7530,675
7531,623
7532,575
7533,498
7534,-125
7535,525
7536,-125
7537,-325
7538,-25
7539,-75
7540,625
7541,573
7542,419
7543,-127
7544,625
7545,571
7546,675
7547,400
7548,675
7549,425
7550,623
7551,-125
7552,625
7553,675
7554,673
7555,675
7556,575
7557,619
7558,621
7559,523
7560,575
7561,473
7562,523
7563,525
7564,348
7565,575
7566,625
7567,673
7568,150
7569,523
7570,671
7571,571
7572,621
7573,-75
7574,-29
7575,-75
7576,423
7577,398
7578,-100
7579,525
7580,673
7581,-75
7582,-77
7583,400
7584,525
7585,675
7586,575
7587,-125
7588,-25
7589,21
7590,675
7591,523
7592,-75
7593,625
7594,523
7595,675
7596,625
7597,673
7598,-75
7599,-75
7600,675
7601,550
7602,675
7603,625
7604,625
7605,425
7606,625
7607,675
7608,675
7609,298
7610,325
7611,-125
7612,625
7613,673
7614,673
7615,-75
7616,675
7617,673
7618,675
7619,625
7620,575
7621,623
7622,-87
7623,675
7624,398
7625,675
7626,675
7627,673
7628,350
7629,675
7630,625
7631,673
7632,625
7633,675
7634,-75
7635,396
7636,-125
7637,675
7638,625
7639,675
7640,675
7641,-125
7642,675
7643,625
7644,625
7645,450
7646,573
7647,625
7648,375
7649,625
7650,675
7651,625
7652,521
7653,625
7654,-25
7655,675
7656,625
7657,625
7658,625
7659,673
7660,623
7661,675
7662,-77
7663,198
7664,500
7665,298
7666,400
7667,625
7668,575
7669,548
7670,675
7671,446
7672,575
7673,623
7674,575
7675,425
7676,573
7677,675
7678,375
7679,396
7680,-75
7681,625
7682,-77
7683,-75
7684,623
7685,-25
7686,675
7687,625
7688,575
7689,625
7690,-79
7691,625
7692,-129
7693,571
7694,575
7695,623
7696,350
7697,423
7698,525
7699,-200
7700,325
7701,675
7702,-27
7703,675
7704,675
7705,673
7706,675
7707,-125
7708,348
7709,675
7710,294
7711,-25
7712,-75
7713,525
7714,521
7715,-79
7716,623
7717,675
7718,-75
7719,675
7720,623
7721,275
7722,-177
7723,375
7724,675
7725,494
7726,675
7727,573
7728,673
7729,675
7730,525
7731,575
7732,675
7733,675
7734,675
7735,325
7736,625
7737,673
7738,675
7739,623
7740,400
7741,675
7742,625
7743,675
7744,675
7745,575
7746,623
7747,675
7748,673
7749,575
7750,-77
7751,675
7752,23
7753,550
7754,675
7755,625
7756,673
7757,-77
7758,675
7759,621
7760,575
7761,675
7762,675
7763,-125
7764,571
7765,625
7766,675
7767,-125
7768,673
7769,625
7770,-127
7771,621
7772,671
7773,675
7774,625
7775,-125
7776,473
7777,623
7778,623
7779,571
7780,623
7781,-25
7782,375
7783,-125
7784,675
7785,675
7786,675
7787,500
7788,350
7789,675
7790,573
7791,425
7792,675
7793,-125
7794,575
7795,321
7796,675
7797,575
7798,675
7799,550
7800,625
7801,-77
7802,350
7803,675
7804,673
7805,473
7806,-77
7807,673
7808,-77
7809,396
7810,-75
7811,625
7812,625
7813,573
7814,525
7815,521
7816,275
7817,-300
7818,675
7819,625
7820,675
7821,575
7822,625
7823,348
7824,-125
7825,675
7826,75
7827,625
7828,248
7829,625
7830,625
7831,675
7832,425
7833,675
7834,675
7835,575
7836,675
7837,625
7838,675
7839,-75
7840,625
7841,550
7842,575
7843,-250
7844,573
7845,-125
7846,619
7847,573
7848,675
7849,-125
7850,675
7851,-125
7852,625
7853,-77
7854,-81
7855,623
7856,-125
7857,173
7858,423
7859,-75
7860,473
7861,675
7862,625
7863,625
7864,575
7865,-75
7866,-125
7867,675
7868,625
7869,675
7870,669
7871,675
7872,625
7873,675
7874,623
7875,573
7876,475
7877,673
7878,625
7879,575
7880,475
7881,175
7882,675
7883,575
7884,675
7885,673
7886,673
7887,-125
7888,575
7889,-125
7890,0
7891,675
7892,-29
7893,-125
7894,600
7895,-125
7896,425
7897,625
7898,625
7899,623
7900,-25
7901,625
7902,575
7903,673
7904,575
7905,-125
7906,625
7907,573
7908,575
7909,-125
7910,548
7911,675
7912,-75
7913,-75
7914,625
7915,623
7916,675
7917,-75
7918,150
7919,523
7920,675
7921,573
7922,675
7923,425
7924,169
7925,421
7926,625
7927,673
7928,423
7929,-202
7930,575
7931,-125
7932,473
7933,298
7934,675
7935,673
7936,675
7937,675
7938,375
7939,625
7940,-31
7941,-202
7942,300
7943,673
7944,521
7945,625
7946,548
7947,673
7948,625
7949,-25
7950,675
7951,625
7952,348
7953,-75
7954,625
7955,-75
7956,621
7957,673
7958,398
7959,675
7960,-125
7961,-125
7962,-25
7963,671
7964,375
7965,550
7966,-27
7967,525
7968,623
7969,500
7970,675
7971,523
7972,298
7973,575
7974,675
7975,675
7976,621
7977,675
7978,-75
7979,273
7980,-175
7981,375
7982,625
7983,673
7984,573
7985,675
7986,575
7987,-125
7988,675
7989,425
7990,623
7991,675
7992,425
7993,623
7994,623
7995,471
7996,525
7997,521
7998,-77
7999,675
8000,623
8001,425
8002,675
8003,-175
8004,425
8005,550
8006,375
8007,671
8008,675
8009,425
8010,425
8011,675
8012,350
8013,625
8014,-25
8015,617
8016,625
8017,-125
8018,-75
8019,250
8020,523
8021,675
8022,675
8023,675
8024,675
8025,675
8026,500
8027,525
8028,425
8029,625
8030,473
8031,675
8032,425
8033,575
8034,675
8035,525
8036,-75
8037,575
8038,525
8039,675
8040,600
8041,425
8042,575
8043,623
8044,271
8045,475
8046,-75
8047,673
8048,-75
8049,-75
8050,625
8051,523
8052,-75
8053,625
8054,425
8055,375
8056,625
8057,-75
8058,673
8059,675
8060,425
8061,-127
8062,-75
8063,575
8064,375
8065,548
8066,673
8067,573
8068,625
8069,500
8070,625
8071,625
8072,-77
8073,675
8074,675
8075,400
8076,-75
8077,400
8078,400
8079,675
8080,675
8081,575
8082,673
8083,-129
8084,573
8085,675
8086,675
8087,675
8088,623
8089,500
8090,523
8091,-125
8092,675
8093,575
8094,573
8095,525
8096,675
8097,325
8098,-27
8099,525
8100,525
8101,625
8102,575
8103,425
8104,621
8105,675
8106,675
8107,-77
8108,423
8109,675
8110,-200
8111,623
8112,625
8113,675
8114,-29
8115,623
8116,-127
8117,-77
8118,625
8119,625
8120,625
8121,673
8122,575
8123,573
8124,675
8125,675
8126,571
8127,675
8128,400
8129,575
8130,423
8131,675
8132,625
8133,525
8134,271
8135,675
8136,-27
8137,675
8138,675
8139,-27
8140,300
8141,-75
8142,675
8143,575
8144,350
8145,575
8146,-75
8147,523
8148,675
8149,571
8150,446
8151,675
8152,625
8153,573
8154,100
8155,625
8156,625
8157,575
8158,675
8159,525
8160,625
8161,675
8162,425
8163,625
8164,575
8165,673
8166,673
8167,673
8168,550
8169,573
8170,523
8171,525
8172,625
8173,625
8174,-125
8175,-125
8176,575
8177,-25
8178,448
8179,675
8180,-25
8181,325
8182,625
8183,400
8184,625
8185,673
8186,575
8187,625
8188,675
8189,-25
8190,675
8191,573
8192,-75
8193,675
8194,625
8195,625
8196,675
8197,623
8198,575
8199,525
8200,673
8201,625
8202,621
8203,675
8204,625
8205,250
8206,400
8207,675
8208,673
8209,673
8210,675
8211,525
8212,675
8213,675
8214,675
8215,-125
8216,396
8217,-29
8218,575
8219,-125
8220,400
8221,675
8222,425
8223,625
8224,675
8225,348
8226,675
8227,675
8228,625
8229,573
8230,-27
8231,575
8232,625
8233,473
8234,500
8235,-125
8236,496
8237,675
8238,623
8239,325
8240,673
8241,300
8242,-75
8243,-75
8244,-125
8245,396
8246,623
8247,675
8248,625
8249,475
8250,-125
8251,675
8252,625
8253,300
8254,-127
8255,675
8256,673
8257,675
8258,521
8259,498
8260,425
8261,575
8262,-25
8263,-227
8264,-225
8265,425
8266,625
8267,673
8268,675
8269,675
8270,400
8271,-127
8272,348
8273,625
8274,-75
8275,675
8276,-75
8277,500
8278,523
8279,573
8280,544
8281,675
8282,573
8283,617
8284,-25
8285,325
8286,-127
8287,673
8288,-125
8289,675
8290,673
8291,675
8292,625
8293,621
8294,623
8295,675
8296,-127
8297,300
8298,675
8299,675
8300,-125
8301,675
8302,675
8303,675
8304,673
8305,675
8306,-127
8307,-77
8308,523
8309,573
8310,623
8311,575
8312,625
8313,-175
8314,621
8315,575
8316,398
8317,-200
8318,675
8319,425
8320,350
8321,575
8322,525
8323,623
8324,223
8325,625
8326,92
8327,-177
8328,-75
8329,523
8330,-127
8331,675
8332,673
8333,-125
8334,623
8335,575
8336,675
8337,-79
8338,621
8339,523
8340,-27
8341,675
8342,625
8343,523
8344,475
8345,673
8346,625
8347,675
8348,675
8349,571
8350,675
8351,519
8352,398
8353,425
8354,569
8355,-202
8356,623
8357,575
8358,-75
8359,575
8360,671
8361,673
8362,675
8363,498
8364,673
8365,625
8366,625
8367,-227
8368,398
8369,625
8370,675
8371,425
8372,-25
8373,625
8374,575
8375,525
8376,521
8377,498
8378,675
8379,569
8380,298
8381,575
8382,675
8383,-125
8384,300
8385,675
8386,625
8387,625
8388,575
8389,625
8390,625
8391,575
8392,498
8393,675
8394,575
8395,625
8396,-27
8397,673
8398,625
8399,425
8400,-52
8401,625
8402,575
8403,400
8404,575
8405,623
8406,675
8407,675
8408,575
8409,-25
8410,675
8411,623
8412,-227
8413,573
8414,-127
8415,623
8416,-25
8417,625
8418,425
8419,675
8420,675
8421,675
8422,675
8423,675
8424,625
8425,675
8426,-125
8427,298
8428,621
8429,-175
8430,-75
8431,675
8432,625
8433,525
8434,675
8435,-33
8436,673
8437,400
8438,-100
8439,473
8440,675
8441,675
8442,548
8443,471
8444,400
8445,-100
8446,575
8447,348
8448,625
8449,-25
8450,-77
8451,623
8452,675
8453,-127
8454,675
8455,675
8456,571
8457,675
8458,473
8459,625
8460,-125
8461,-75
8462,675
8463,348
8464,-131
8465,550
8466,675
8467,550
8468,475
8469,623
8470,300
8471,675
8472,675
8473,419
8474,675
8475,523
8476,625
8477,523
8478,673
8479,475
8480,-75
8481,348
8482,-177
8483,625
8484,675
8485,675
8486,575
8487,-29
8488,675
8489,575
8490,-27
8491,675
8492,-77
8493,321
8494,500
8495,625
8496,575
8497,371
8498,571
8499,673
8500,525
8501,475
8502,450
8503,675
8504,675
8505,575
8506,-200
8507,675
8508,625
8509,675
8510,623
8511,675
8512,-152
8513,425
8514,675
8515,-75
8516,675
8517,571
8518,398
8519,625
8520,423
8521,675
8522,573
8523,623
8524,75
8525,675
8526,475
8527,575
8528,625
8529,425
8530,625
8531,675
8532,369
8533,625
8534,675
8535,475
8536,675
8537,623
8538,671
8539,673
8540,623
8541,625
8542,-125
8543,621
8544,573
8545,-252
8546,-200
8547,625
8548,675
8549,675
8550,625
8551,675
8552,550
8553,325
8554,-75
8555,573
8556,-75
8557,575
8558,623
8559,-77
8560,-77
8561,425
8562,475
8563,-77
8564,375
8565,675
8566,625
8567,675
8568,300
8569,673
8570,573
8571,-25
8572,675
8573,425
8574,500
8575,675
8576,625
8577,-125
8578,573
8579,400
8580,0
8581,-75
8582,675
8583,625
8584,673
8585,675
8586,525
8587,673
8588,-75
8589,425
8590,475
8591,675
8592,673
8593,-75
8594,675
8595,675
8596,-125
8597,-75
8598,-127
8599,675
8600,-25
8601,673
8602,-79
8603,-75
8604,575
8605,673
8606,573
8607,673
8608,675
8609,-25
8610,-75
8611,-75
8612,675
8613,-125
8614,75
8615,575
8616,623
8617,575
8618,673
8619,675
8620,625
8621,675
8622,621
8623,525
8624,575
8625,575
8626,673
8627,-75
8628,-25
8629,625
8630,623
8631,-75
8632,-75
8633,675
8634,425
8635,475
8636,625
8637,573
8638,575
8639,675
8640,300
8641,-75
8642,-127
8643,575
8644,673
8645,625
8646,-75
8647,575
8648,548
8649,625
8650,-125
8651,346
8652,573
8653,675
8654,548
8655,500
8656,-125
8657,250
8658,-127
8659,571
8660,-177
8661,373
8662,625
8663,-150
8664,673
8665,475
8666,625
8667,623
8668,400
8669,500
8670,675
8671,-125
8672,423
8673,673
8674,-125
8675,675
8676,525
8677,625
8678,523
8679,625
8680,350
8681,475
8682,675
8683,-125
8684,671
8685,375
8686,-75
8687,525
8688,475
8689,550
8690,-129
8691,625
8692,675
8693,575
8694,675
8695,675
8696,523
8697,675
8698,-127
8699,675
8700,525
8701,-125
8702,-127
8703,425
8704,525
8705,675
8706,600
8707,625
8708,525
8709,673
8710,675
8711,673
8712,625
8713,575
8714,673
8715,400
8716,-29
8717,625
8718,625
8719,400
8720,525
8721,575
8722,-77
8723,675
8724,673
8725,550
8726,300
8727,523
8728,-175
8729,675
8730,571
8731,623
8732,-75
8733,623
8734,675
8735,573
8736,625
8737,675
8738,475
8739,473
8740,-81
8741,-25
8742,575
8743,623
8744,425
8745,675
8746,248
8747,-75
8748,571
8749,450
8750,675
8751,571
8752,675
8753,575
8754,-79
8755,-77
8756,575
8757,675
8758,575
8759,675
8760,671
8761,621
8762,400
8763,375
8764,-75
8765,375
8766,575
8767,673
8768,625
8769,675
8770,400
8771,623
8772,625
8773,625
8774,523
8775,675
8776,625
8777,675
8778,625
8779,550
8780,673
8781,246
8782,-125
8783,425
8784,675
8785,575
8786,425
8787,-50
8788,425
8789,625
8790,675
8791,550
8792,-306
8793,-27
8794,675
8795,675
8796,-75
8797,-152
8798,-227
8799,375
8800,573
8801,348
8802,623
8803,675
8804,625
8805,675
8806,575
8807,625
8808,625
8809,350
8810,-125
8811,575
8812,-125
8813,621
8814,673
8815,-127
8816,675
8817,350
8818,-77
8819,625
8820,675
8821,673
8822,675
8823,625
8824,525
8825,625
8826,525
8827,675
8828,250
8829,569
8830,475
8831,-125
8832,571
8833,625
8834,548
8835,675
8836,-125
8837,-125
8838,673
8839,-125
8840,625
8841,573
8842,-79
8843,625
8844,98
8845,675
8846,398
8847,475
8848,625
8849,675
8850,625
8851,-127
8852,-27
8853,523
8854,373
8855,675
8856,548
8857,625
8858,423
8859,625
8860,-125
8861,625
8862,675
8863,-177
8864,573
8865,671
8866,675
8867,675
8868,675
8869,-125
8870,575
8871,675
8872,-175
8873,523
8874,625
8875,-125
8876,-131
8877,621
8878,425
8879,675
8880,671
8881,575
8882,673
8883,675
8884,-125
8885,625
8886,325
8887,625
8888,-75
8889,-75
8890,-100
8891,550
8892,675
8893,344
8894,-75
8895,675
8896,625
8897,-75
8898,400
8899,-77
8900,573
8901,675
8902,575
8903,675
8904,473
8905,348
8906,675
8907,675
8908,675
8909,575
8910,-125
8911,673
8912,669
8913,-75
8914,623
8915,225
8916,625
8917,23
8918,675
8919,-125
8920,525
8921,675
8922,525
8923,625
8924,550
8925,521
8926,575
8927,519
8928,525
8929,675
8930,-75
8931,673
8932,625
8933,675
8934,623
8935,673
8936,625
8937,575
8938,675
8939,425
8940,675
8941,-177
8942,675
8943,423
8944,498
8945,-77
8946,523
8947,625
8948,625
8949,575
8950,-125
8951,425
8952,425
8953,573
8954,675
8955,673
8956,525
8957,625
8958,-125
8959,675
8960,525
8961,625
8962,0
8963,675
8964,550
8965,-181
8966,573
8967,625
8968,675
8969,621
8970,675
8971,621
8972,675
8973,575
8974,675
8975,-81
8976,575
8977,675
8978,350
8979,225
8980,575
8981,150
8982,573
8983,571
8984,625
8985,525
8986,73
8987,-125
8988,575
8989,-177
8990,675
8991,623
8992,623
8993,623
8994,675
8995,350
8996,623
8997,475
8998,-27
8999,673
9000,675
9001,525
9002,-25
9003,673
9004,625
9005,625
9006,425
9007,675
9008,623
9009,373
9010,148
9011,625
9012,675
9013,500
9014,575
9015,675
9016,673
9017,675
9018,-127
9019,223
9020,675
9021,675
9022,473
9023,-125
9024,675
9025,-127
9026,425
9027,675
9028,675
9029,323
9030,-77
9031,675
9032,-75
9033,625
9034,350
9035,673
9036,625
9037,525
9038,675
9039,675
9040,625
9041,569
9042,-77
9043,675
9044,675
9045,673
9046,198
9047,623
9048,625
9049,525
9050,-77
9051,675
9052,675
9053,673
9054,-125
9055,150
9056,-125
9057,571
9058,675
9059,-125
9060,250
9061,625
9062,573
9063,-125
9064,625
9065,673
9066,621
9067,675
9068,398
9069,625
9070,675
9071,400
9072,573
9073,621
9074,425
9075,623
9076,575
9077,250
9078,621
9079,-75
9080,625
9081,-127
9082,623
9083,675
9084,625
9085,675
9086,498
9087,423
9088,675
9089,-127
9090,-125
9091,623
9092,625
9093,523
9094,675
9095,675
9096,675
9097,625
9098,675
9099,-125
9100,623
9101,400
9102,625
9103,625
9104,575
9105,675
9106,623
9107,-125
9108,-75
9109,400
9110,575
9111,675
9112,675
9113,475
9114,671
9115,625
9116,325
9117,425
9118,673
9119,625
9120,523
9121,671
9122,-125
9123,548
9124,675
9125,-29
9126,546
9127,348
9128,475
9129,400
9130,671
9131,623
9132,625
9133,675
9134,675
9135,571
9136,-125
9137,373
9138,525
9139,623
9140,400
9141,-202
9142,673
9143,625
9144,623
9145,-27
9146,-79
9147,675
9148,350
9149,-125
9150,-75
9151,675
9152,-50
9153,619
9154,-31
9155,575
9156,523
9157,-125
9158,625
9159,223
9160,-225
9161,-25
9162,575
9163,371
9164,673
9165,673
9166,473
9167,-29
9168,675
9169,675
9170,523
9171,673
9172,350
9173,419
9174,623
9175,-131
9176,675
9177,671
9178,-4
9179,275
9180,550
9181,-27
9182,675
9183,-25
9184,575
9185,-75
9186,675
9187,625
9188,573
9189,575
9190,-25
9191,623
9192,575
9193,575
9194,675
9195,675
9196,625
9197,475
9198,573
9199,625
9200,623
9201,675
9202,-127
9203,475
9204,573
9205,-125
9206,571
9207,-125
9208,673
9209,625
9210,498
9211,625
9212,-127
9213,-175
9214,673
9215,-175
9216,675
9217,625
9218,525
9219,675
9220,675
9221,-75
9222,325
9223,-125
9224,675
9225,675
9226,-125
9227,675
9228,-75
9229,675
9230,675
9231,450
9232,-79
9233,675
9234,675
9235,623
9236,-127
9237,675
9238,623
9239,623
9240,675
9241,398
9242,671
9243,675
9244,-125
9245,-29
9246,673
9247,423
9248,625
9249,575
9250,675
9251,675
9252,325
9253,496
9254,-25
9255,-125
9256,675
9257,675
9258,575
9259,375
9260,523
9261,-75
9262,425
9263,-125
9264,575
9265,-127
9266,-77
9267,396
9268,621
9269,675
9270,575
9271,625
9272,350
9273,-75
9274,623
9275,675
9276,675
9277,400
9278,673
9279,673
9280,-27
9281,423
9282,625
9283,-100
9284,323
9285,623
9286,675
9287,675
9288,675
9289,425
9290,625
9291,575
9292,675
9293,-125
9294,675
9295,575
9296,673
9297,425
9298,425
9299,675
9300,525
9301,675
9302,673
9303,675
9304,625
9305,675
9306,675
9307,398
9308,475
9309,673
9310,473
9311,350
9312,623
9313,-125
9314,425
9315,550
9316,673
9317,675
9318,675
9319,-75
9320,-125
9321,473
9322,675
9323,625
9324,425
9325,573
9326,-25
9327,525
9328,675
9329,573
9330,675
9331,375
9332,-75
9333,-125
9334,-4
9335,625
9336,623
9337,248
9338,623
9339,623
9340,625
9341,571
9342,625
9343,675
9344,675
9345,675
9346,675
9347,623
9348,675
9349,675
9350,-125
9351,673
9352,673
9353,-75
9354,675
9355,325
9356,625
9357,675
9358,575
9359,425
9360,248
9361,523
9362,675
9363,-75
9364,525
9365,625
9366,675
9367,-125
9368,475
9369,625
9370,-127
9371,525
9372,-125
9373,-125
9374,348
9375,673
9376,675
9377,571
9378,575
9379,675
9380,675
9381,625
9382,500
9383,446
9384,623
9385,623
9386,525
9387,575
9388,675
9389,575
9390,375
9391,-179
9392,-27
9393,675
9394,425
9395,625
9396,398
9397,675
9398,423
9399,675
9400,675
9401,425
9402,625
9403,-75
9404,623
9405,421
9406,625
9407,-27
9408,675
9409,525
9410,625
9411,-125
9412,625
9413,146
9414,675
9415,475
9416,675
9417,575
9418,675
9419,625
9420,675
9421,575
9422,675
9423,625
9424,675
9425,673
9426,675
9427,550
9428,673
9429,398
9430,673
9431,625
9432,-100
9433,573
9434,675
9435,525
9436,675
9437,475
9438,448
9439,573
9440,-75
9441,525
9442,625
9443,673
9444,375
9445,-125
9446,425
9447,673
9448,400
9449,675
9450,625
9451,473
9452,625
9453,173
9454,675
9455,371
9456,-125
9457,619
9458,-25
9459,575
9460,475
9461,673
9462,-125
9463,675
9464,-125
9465,675
9466,-125
9467,-75
9468,675
9469,371
9470,298
9471,673
9472,-75
9473,471
9474,346
9475,625
9476,625
9477,675
9478,675
9479,425
9480,673
9481,0
9482,673
9483,673
9484,396
9485,625
9486,673
9487,673
9488,-75
9489,675
9490,625
9491,675
9492,-27
9493,571
9494,625
9495,671
9496,625
9497,-77
9498,673
9499,675
9500,125
9501,625
9502,573
9503,623
9504,25
9505,675
9506,675
9507,-75
9508,-77
9509,675
9510,-125
9511,625
9512,625
9513,521
9514,575
9515,546
9516,425
9517,625
9518,625
9519,425
9520,675
9521,223
9522,475
9523,675
9524,150
9525,-125
9526,675
9527,675
9528,623
9529,-29
9530,-75
9531,-75
9532,675
9533,673
9534,496
9535,-27
9536,575
9537,675
9538,425
9539,673
9540,625
9541,675
9542,-75
9543,575
9544,-125
9545,525
9546,523
9547,675
9548,525
9549,675
9550,-125
9551,550
9552,575
9553,475
9554,675
9555,400
9556,671
9557,425
9558,675
9559,675
9560,-125
9561,575
9562,575
9563,675
9564,675
9565,300
9566,-177
9567,571
9568,244
9569,575
9570,623
9571,625
9572,546
9573,625
9574,475
9575,-77
9576,675
9577,625
9578,-127
9579,575
9580,675
9581,225
9582,625
9583,625
9584,523
9585,400
9586,625
9587,625
9588,623
9589,575
9590,673
9591,523
9592,-77
9593,-125
9594,525
9595,675
9596,625
9597,-125
9598,525
9599,-27
9600,300
9601,675
9602,625
9603,675
9604,-127
9605,669
9606,-100
9607,675
9608,675
9609,425
9610,423
9611,400
9612,625
9613,675
9614,675
9615,523
9616,625
9617,673
9618,-125
9619,623
9620,-150
9621,-77
9622,623
9623,-75
9624,471
9625,575
9626,-175
9627,-125
9628,-25
9629,675
9630,398
9631,675
9632,348
9633,675
9634,625
9635,575
9636,573
9637,675
9638,675
9639,525
9640,675
9641,-125
9642,673
9643,425
9644,675
9645,675
9646,675
9647,675
9648,-127
9649,571
9650,-79
9651,525
9652,671
9653,621
9654,675
9655,525
9656,675
9657,625
9658,575
9659,575
9660,-27
9661,673
9662,423
9663,525
9664,575
9665,-125
9666,-77
9667,675
9668,675
9669,300
9670,625
9671,575
9672,475
9673,623
9674,573
9675,675
9676,625
9677,-75
9678,521
9679,675
9680,675
9681,373
9682,525
9683,525
9684,673
9685,675
9686,-75
9687,225
9688,625
9689,575
9690,675
9691,673
9692,-75
9693,-125
9694,344
9695,-27
9696,675
9697,675
9698,621
9699,-75
9700,300
9701,625
9702,-200
9703,475
9704,675
9705,675
9706,675
9707,675
9708,425
9709,623
9710,575
9711,625
9712,550
9713,-127
9714,423
9715,375
9716,-125
9717,625
9718,550
9719,623
9720,475
9721,625
9722,675
9723,675
9724,675
9725,673
9726,673
9727,625
9728,573
9729,671
9730,675
9731,400
9732,350
9733,575
9734,625
9735,675
9736,475
9737,-75
9738,550
9739,475
9740,475
9741,300
9742,525
9743,-75
9744,675
9745,671
9746,625
9747,-77
9748,550
9749,675
9750,573
9751,-127
9752,571
9753,675
9754,425
9755,473
9756,675
9757,625
9758,673
9759,675
9760,421
9761,300
9762,473
9763,-125
9764,623
9765,625
9766,-27
9767,525
9768,-75
9769,673
9770,-75
9771,548
9772,625
9773,673
9774,673
9775,675
9776,623
9777,-75
9778,375
9779,675
9780,675
9781,675
9782,625
9783,0
9784,625
9785,623
9786,623
9787,675
9788,575
9789,575
9790,675
9791,623
9792,625
9793,675
9794,-125
9795,625
9796,673
9797,623
9798,675
9799,625
9800,625
9801,500
9802,675
9803,-125
9804,-125
9805,350
9806,100
9807,675
9808,675
9809,675
9810,673
9811,421
9812,275
9813,619
9814,-125
9815,625
9816,675
9817,625
9818,500
9819,-25
9820,575
9821,475
9822,675
9823,573
9824,625
9825,675
9826,675
9827,675
9828,625
9829,675
9830,523
9831,675
9832,623
9833,675
9834,-129
9835,573
9836,675
9837,675
9838,675
9839,575
9840,623
9841,500
9842,625
9843,625
9844,623
9845,673
9846,673
9847,625
9848,673
9849,550
9850,675
9851,575
9852,-27
9853,-50
9854,675
9855,-75
9856,675
9857,625
9858,625
9859,675
9860,675
9861,673
9862,275
9863,675
9864,550
9865,675
9866,623
9867,625
9868,550
9869,475
9870,675
9871,625
9872,573
9873,-125
9874,575
9875,-125
9876,248
9877,673
9878,575
9879,675
9880,-75
9881,625
9882,673
9883,525
9884,625
9885,423
9886,675
9887,575
9888,350
9889,675
9890,375
9891,675
9892,525
9893,525
9894,623
9895,675
9896,-129
9897,-125
9898,575
9899,-75
9900,675
9901,200
9902,675
9903,425
9904,498
9905,523
9906,425
9907,675
9908,675
9909,-25
9910,621
9911,0
9912,-27
9913,-79
9914,675
9915,471
9916,425
9917,525
9918,-127
9919,675
9920,675
9921,675
9922,-177
9923,523
9924,-125
9925,425
9926,625
9927,675
9928,675
9929,525
9930,675
9931,523
9932,-77
9933,400
9934,300
9935,675
9936,675
9937,675
9938,675
9939,-75
9940,623
9941,669
9942,675
9943,625
9944,298
9945,398
9946,-77
9947,623
9948,675
9949,675
9950,675
9951,675
9952,500
9953,623
9954,675
9955,-25
9956,444
9957,275
9958,-125
9959,-75
9960,675
9961,625
9962,621
9963,625
9964,573
9965,621
9966,425
9967,675
9968,675
9969,-77
9970,625
9971,675
9972,-125
9973,675
9974,425
9975,425
9976,673
9977,675
9978,-125
9979,-25
9980,675
9981,398
9982,425
9983,425
9984,425
9985,175
9986,575
9987,623
9988,-129
9989,575
9990,150
9991,575
9992,673
9993,525
9994,675
9995,625
9996,-75
9997,-75
9998,75
9999,573
10000,-125
[[(4, 4), 0, -25], [(3, 4), 2, 50], [(3, 3), 2, 50], [(3, 2), 2, 250], [(3, 1), 0, 250], [(2, 1), 2, -25], [(2, 0), 0, -25], [(1, 0), 0, 150]]