1,-204
2,-464
3,-645
4,-705
5,-125
6,23
7,-306
8,-158
9,-461
10,-302
11,-345
12,-466
13,75
14,-75
15,-277
16,-127
17,-274
18,-747
19,-397
20,-258
21,-674
22,-127
23,-393
24,-200
25,-181
26,-277
27,-233
28,-252
29,-356
30,-177
31,65
32,-54
33,-437
34,-200
35,-1052
36,-75
37,75
38,-229
39,-387
40,0
41,-139
42,-154
43,-156
44,-125
45,-281
46,-410
47,219
48,-352
49,-692
50,-35
51,-185
52,-89
53,-175
54,-187
55,9
56,-187
57,-125
58,-229
59,-233
60,-281
61,-429
62,-347
63,490
64,-220
65,-645
66,-125
67,-763
68,-231
69,-125
70,-74
71,-202
72,-250
73,-639
74,205
75,-204
76,-276
77,-152
78,-252
79,-237
80,75
81,-202
82,-524
83,-131
84,-483
85,92
86,38
87,273
88,-179
89,113
90,-179
91,-75
92,-152
93,-308
94,-495
95,73
96,-297
97,417
98,-233
99,-200
100,-179
101,-433
102,195
103,-218
104,-314
105,-175
106,-129
107,186
108,-129
109,-189
110,-314
111,-233
112,-200
113,-133
114,-389
115,-77
116,-347
117,573
118,-77
119,-287
120,-229
121,-156
122,-206
123,-279
124,98
125,-127
126,173
127,-85
128,-435
129,-152
130,-254
131,-183
132,-158
133,-75
134,-379
135,-218
136,-304
137,86
138,-322
139,-85
140,-385
141,-39
142,215
143,-125
144,300
145,-231
146,69
147,-204
148,373
149,467
150,-380
151,-383
152,-14
153,-125
154,71
155,-408
156,240
157,-449
158,69
159,-256
160,-304
161,311
162,248
163,269
164,521
165,-208
166,-150
167,-200
168,-422
169,575
170,371
171,-385
172,-127
173,-310
174,-231
175,-216
176,-620
177,165
178,-256
179,-35
180,421
181,-127
182,248
183,371
184,61
185,-127
186,0
187,-108
188,40
189,-83
190,575
191,-387
192,-127
193,-289
194,219
195,-308
196,-225
197,125
198,-35
199,167
200,-304
201,-204
202,-175
203,-127
204,273
205,-75
206,-152
207,-308
208,-262
209,-25
210,-250
211,-75
212,246
213,-283
214,-225
215,-335
216,-460
217,-75
218,-189
219,496
220,-235
221,-558
222,-485
223,300
224,573
225,-243
226,-876
227,300
228,73
229,-333
230,390
231,323
232,-77
233,-177
234,-179
235,-690
236,-125
237,348
238,521
239,-352
240,467
241,415
242,-175
243,373
244,-277
245,271
246,-125
247,-127
248,-183
249,-81
250,-181
251,-389
252,-177
253,140
254,471
255,-83
256,-189
257,113
258,273
259,113
260,119
261,373
262,-135
263,-127
264,-179
265,150
266,-125
267,192
268,-181
269,625
270,498
271,623
272,317
273,-125
274,423
275,-150
276,519
277,-129
278,296
279,-125
280,-449
281,40
282,442
283,-183
284,49
285,-408
286,475
287,196
288,-787
289,144
290,671
291,-2
292,625
293,267
294,519
295,-25
296,-156
297,671
298,200
299,-102
300,113
301,365
302,369
303,-125
304,73
305,-283
306,198
307,394
308,423
309,550
310,67
311,344
312,-77
313,-177
314,673
315,96
316,-125
317,23
318,-235
319,463
320,317
321,325
322,-75
323,469
324,223
325,-177
326,-175
327,286
328,46
329,219
330,423
331,-177
332,-127
333,625
334,275
335,471
336,573
337,246
338,-366
339,196
340,-2
341,-310
342,-395
343,338
344,94
345,-368
346,-154
347,-329
348,-27
349,-204
350,-77
351,-89
352,-125
353,-14
354,-204
355,-250
356,-4
357,350
358,-135
359,25
360,19
361,-127
362,344
363,221
364,400
365,550
366,-229
367,-481
368,-181
369,625
370,367
371,-102
372,-566
373,-75
374,369
375,-112
376,421
377,-275
378,569
379,-208
380,-127
381,-331
382,575
383,98
384,-83
385,-83
386,-177
387,273
388,-308
389,146
390,-127
391,-77
392,569
393,425
394,323
395,171
396,-131
397,-52
398,173
399,575
400,421
401,525
402,621
403,217
404,344
405,123
406,-202
407,-235
408,371
409,-125
410,-325
411,-114
412,623
413,498
414,-131
415,573
416,-75
417,175
418,-54
419,-127
420,-175
421,350
422,298
423,-135
424,571
425,-185
426,273
427,271
428,-125
429,-125
430,-275
431,-127
432,625
433,521
434,567
435,300
436,-77
437,219
438,598
439,373
440,673
441,325
442,321
443,-75
444,-77
445,-243
446,321
447,471
448,525
449,-179
450,425
451,-75
452,200
453,375
454,313
455,550
456,121
457,117
458,-29
459,325
460,575
461,198
462,375
463,-75
464,-329
465,-200
466,-377
467,396
468,121
469,448
470,521
471,96
472,573
473,415
474,625
475,-200
476,298
477,371
478,-125
479,-2
480,190
481,550
482,44
483,473
484,92
485,169
486,444
487,575
488,275
489,625
490,-127
491,-125
492,-129
493,625
494,-181
495,-277
496,550
497,-129
498,375
499,625
500,625
501,625
502,-231
503,-79
504,675
505,-77
506,223
507,419
508,475
509,-125
510,575
511,425
512,469
513,-200
514,-31
515,192
516,373
517,275
518,471
519,625
520,-125
521,-125
522,394
523,-250
524,523
525,625
526,-277
527,575
528,-10
529,-175
530,-125
531,-79
532,-133
533,200
534,675
535,271
536,-75
537,675
538,-125
539,-127
540,-125
541,475
542,394
543,419
544,-177
545,-127
546,675
547,625
548,-102
549,525
550,-379
551,-181
552,46
553,-125
554,625
555,-250
556,123
557,469
558,-125
559,675
560,223
561,-125
562,523
563,525
564,-229
565,-25
566,425
567,673
568,-125
569,-127
570,-250
571,-127
572,-75
573,-233
574,275
575,-225
576,246
577,525
578,-77
579,400
580,-127
581,371
582,573
583,-81
584,-75
585,-75
586,-75
587,-181
588,321
589,421
590,50
591,400
592,-75
593,186
594,-77
595,675
596,519
597,523
598,525
599,675
600,675
601,500
602,469
603,621
604,321
605,-229
606,373
607,-175
608,300
609,223
610,623
611,-2
612,523
613,-75
614,575
615,-527
616,625
617,169
618,-75
619,623
620,-281
621,-125
622,623
623,-75
624,-125
625,-75
626,-129
627,-100
628,-175
629,450
630,-177
631,271
632,675
633,121
634,525
635,373
636,-177
637,625
638,569
639,673
640,-175
641,625
642,-77
643,625
644,623
645,675
646,-227
647,-177
648,519
649,525
650,623
651,-131
652,623
653,675
654,250
655,98
656,-125
657,425
658,-127
659,225
660,621
661,-229
662,525
663,523
664,-127
665,423
666,71
667,400
668,471
669,575
670,621
671,575
672,575
673,425
674,-177
675,-75
676,625
677,-125
678,196
679,400
680,421
681,523
682,671
683,-225
684,-125
685,523
686,473
687,525
688,425
689,-177
690,675
691,325
692,523
693,423
694,525
695,-150
696,675
697,-75
698,473
699,625
700,623
701,521
702,98
703,125
704,598
705,167
706,471
707,-125
708,-31
709,423
710,250
711,-25
712,621
713,421
714,525
715,625
716,-25
717,-25
718,325
719,-125
720,-25
721,450
722,425
723,525
724,621
725,623
726,-125
727,-125
728,-25
729,425
730,525
731,-133
732,-129
733,675
734,-125
735,-75
736,250
737,625
738,496
739,400
740,225
741,623
742,673
743,575
744,673
745,525
746,525
747,-189
748,675
749,-75
750,498
751,625
752,525
753,673
754,675
755,625
756,675
757,350
758,673
759,525
760,673
761,623
762,619
763,-27
764,369
765,-77
766,673
767,-225
768,573
769,675
770,673
771,571
772,146
773,575
774,571
775,673
776,150
777,-125
778,571
779,671
780,-177
781,-27
782,-75
783,373
784,-27
785,425
786,621
787,425
788,523
789,421
790,-75
791,-77
792,221
793,198
794,525
795,350
796,548
797,675
798,-175
799,-175
800,523
801,525
802,-127
803,573
804,548
805,525
806,625
807,625
808,371
809,225
810,675
811,525
812,575
813,-125
814,-52
815,-79
816,675
817,525
818,450
819,525
820,-27
821,348
822,623
823,-77
824,-125
825,498
826,125
827,575
828,346
829,523
830,-125
831,300
832,573
833,625
834,373
835,98
836,98
837,175
838,523
839,171
840,625
841,-75
842,425
843,425
844,675
845,69
846,346
847,675
848,-127
849,575
850,-125
851,573
852,-125
853,575
854,623
855,523
856,525
857,675
858,494
859,671
860,625
861,-77
862,300
863,675
864,-75
865,525
866,573
867,548
868,573
869,-79
870,498
871,625
872,625
873,-75
874,423
875,325
876,675
877,623
878,-25
879,500
880,573
881,173
882,500
883,675
884,675
885,-179
886,475
887,675
888,-29
889,-175
890,625
891,125
892,571
893,325
894,425
895,-75
896,625
897,400
898,525
899,425
900,525
901,523
902,625
903,475
904,519
905,425
906,675
907,-227
908,250
909,675
910,548
911,575
912,671
913,675
914,323
915,625
916,673
917,21
918,-127
919,625
920,-125
921,550
922,123
923,273
924,0
925,150
926,673
927,-175
928,675
929,471
930,625
931,575
932,398
933,673
934,575
935,-125
936,675
937,673
938,575
939,675
940,550
941,473
942,375
943,523
944,673
945,-175
946,446
947,-25
948,625
949,-354
950,-75
951,423
952,673
953,625
954,625
955,550
956,471
957,423
958,-75
959,-75
960,600
961,673
962,421
963,675
964,-125
965,675
966,625
967,673
968,675
969,-175
970,673
971,325
972,523
973,673
974,400
975,-125
976,675
977,673
978,-125
979,573
980,675
981,675
982,675
983,675
984,-25
985,348
986,625
987,-125
988,575
989,675
990,675
991,673
992,673
993,369
994,675
995,675
996,400
997,498
998,523
999,675
1000,575
1001,623
1002,675
1003,298
1004,673
1005,-75
1006,400
1007,625
1008,675
1009,623
1010,675
1011,625
1012,625
1013,575
1014,675
1015,348
1016,573
1017,675
1018,573
1019,473
1020,671
1021,471
1022,398
1023,625
1024,675
1025,673
1026,500
1027,675
1028,398
1029,625
1030,575
1031,625
1032,673
1033,425
1034,-75
1035,-27
1036,575
1037,575
1038,575
1039,673
1040,-175
1041,573
1042,398
1043,625
1044,400
1045,675
1046,350
1047,675
1048,675
1049,325
1050,-125
1051,625
1052,675
1053,348
1054,-75
1055,450
1056,571
1057,-129
1058,675
1059,621
1060,-75
1061,675
1062,675
1063,525
1064,671
1065,675
1066,-75
1067,625
1068,475
1069,675
1070,-25
1071,625
1072,625
1073,475
1074,150
1075,675
1076,575
1077,575
1078,-125
1079,625
1080,675
1081,425
1082,-302
1083,600
1084,73
1085,546
1086,-25
1087,625
1088,675
1089,675
1090,-125
1091,625
1092,350
1093,675
1094,673
1095,350
1096,675
1097,525
1098,500
1099,623
1100,446
1101,675
1102,-75
1103,673
1104,675
1105,675
1106,550
1107,-27
1108,621
1109,625
1110,625
1111,675
1112,675
1113,-75
1114,675
1115,575
1116,623
1117,675
1118,-125
1119,-29
1120,625
1121,623
1122,-77
1123,-75
1124,350
1125,675
1126,-75
1127,675
1128,675
1129,675
1130,675
1131,625
1132,-104
1133,673
1134,573
1135,675
1136,675
1137,675
1138,-79
1139,-125
1140,675
1141,573
1142,548
1143,673
1144,-75
1145,423
1146,675
1147,621
1148,623
1149,475
1150,323
1151,423
1152,675
1153,375
1154,675
1155,673
1156,-75
1157,623
1158,625
1159,675
1160,625
1161,625
1162,625
1163,625
1164,375
1165,671
1166,675
1167,675
1168,675
1169,-25
1170,675
1171,625
1172,625
1173,675
1174,675
1175,425
1176,500
1177,194
1178,675
1179,525
1180,350
1181,625
1182,575
1183,523
1184,625
1185,571
1186,623
1187,675
1188,571
1189,573
1190,423
1191,425
1192,675
1193,675
1194,569
1195,400
1196,625
1197,623
1198,675
1199,675
1200,621
1201,498
1202,675
1203,523
1204,275
1205,450
1206,625
1207,673
1208,673
1209,675
1210,673
1211,673
1212,473
1213,675
1214,625
1215,573
1216,621
1217,275
1218,621
1219,550
1220,673
1221,450
1222,425
1223,525
1224,500
1225,673
1226,546
1227,500
1228,575
1229,625
1230,475
1231,-204
1232,-125
1233,425
1234,675
1235,675
1236,675
1237,675
1238,-75
1239,375
1240,623
1241,450
1242,-127
1243,473
1244,575
1245,498
1246,-25
1247,625
1248,675
1249,675
1250,675
1251,348
1252,275
1253,675
1254,573
1255,673
1256,625
1257,398
1258,673
1259,425
1260,673
1261,400
1262,425
1263,425
1264,625
1265,675
1266,-25
1267,675
1268,673
1269,-125
1270,-100
1271,625
1272,671
1273,673
1274,675
1275,625
1276,473
1277,675
1278,675
1279,-125
1280,625
1281,625
1282,625
1283,625
1284,-127
1285,100
1286,675
1287,300
1288,-127
1289,675
1290,621
1291,673
1292,-125
1293,548
1294,675
1295,573
1296,525
1297,675
1298,-25
1299,675
1300,548
1301,575
1302,-125
1303,675
1304,-79
1305,675
1306,0
1307,400
1308,-125
1309,-131
1310,625
1311,625
1312,625
1313,-125
1314,675
1315,621
1316,675
1317,148
1318,675
1319,475
1320,-27
1321,625
1322,673
1323,-125
1324,575
1325,625
1326,675
1327,469
1328,-75
1329,-125
1330,-127
1331,675
1332,-127
1333,675
1334,625
1335,675
1336,675
1337,675
1338,375
1339,200
1340,375
1341,321
1342,623
1343,-125
1344,523
1345,475
1346,575
1347,-227
1348,-150
1349,675
1350,675
1351,625
1352,-175
1353,-75
1354,625
1355,625
1356,675
1357,375
1358,673
1359,625
1360,671
1361,575
1362,-27
1363,673
1364,575
1365,621
1366,675
1367,-75
1368,573
1369,-127
1370,-125
1371,-125
1372,625
1373,100
1374,-75
1375,675
1376,198
1377,675
1378,-79
1379,625
1380,475
1381,400
1382,625
1383,-75
1384,625
1385,525
1386,523
1387,-125
1388,673
1389,-75
1390,275
1391,625
1392,425
1393,675
1394,325
1395,525
1396,675
1397,673
1398,350
1399,623
1400,-125
1401,423
1402,675
1403,625
1404,623
1405,525
1406,675
1407,-27
1408,675
1409,675
1410,521
1411,423
1412,675
1413,498
1414,675
1415,550
1416,575
1417,473
1418,-125
1419,675
1420,675
1421,671
1422,575
1423,675
1424,400
1425,675
1426,-125
1427,517
1428,575
1429,525
1430,375
1431,673
1432,575
1433,573
1434,-25
1435,-75
1436,-125
1437,623
1438,-125
1439,625
1440,625
1441,625
1442,-25
1443,400
1444,675
1445,575
1446,673
1447,675
1448,675
1449,675
1450,625
1451,350
1452,-27
1453,-75
1454,675
1455,675
1456,325
1457,673
1458,-125
1459,-25
1460,623
1461,521
1462,523
1463,400
1464,673
1465,575
1466,675
1467,-77
1468,325
1469,573
1470,-79
1471,425
1472,675
1473,625
1474,-75
1475,623
1476,625
1477,623
1478,623
1479,525
1480,675
1481,523
1482,-179
1483,625
1484,-125
1485,400
1486,-250
1487,275
1488,675
1489,673
1490,475
1491,423
1492,248
1493,400
1494,625
1495,423
1496,625
1497,675
1498,-75
1499,496
1500,625
1501,-75
1502,525
1503,-75
1504,396
1505,625
1506,625
1507,623
1508,673
1509,-125
1510,623
1511,-125
1512,675
1513,623
1514,300
1515,400
1516,675
1517,-125
1518,667
1519,523
1520,425
1521,675
1522,-25
1523,-77
1524,625
1525,625
1526,525
1527,523
1528,625
1529,-29
1530,575
1531,675
1532,517
1533,-75
1534,675
1535,675
1536,525
1537,525
1538,673
1539,625
1540,625
1541,373
1542,625
1543,350
1544,375
1545,600
1546,675
1547,423
1548,-75
1549,473
1550,675
1551,573
1552,625
1553,623
1554,575
1555,675
1556,673
1557,600
1558,675
1559,-27
1560,425
1561,-25
1562,-25
1563,525
1564,623
1565,-77
1566,671
1567,525
1568,675
1569,623
1570,567
1571,500
1572,525
1573,675
1574,525
1575,-125
1576,675
1577,625
1578,625
1579,675
1580,-75
1581,425
1582,-177
1583,-175
1584,621
1585,575
1586,500
1587,625
1588,625
1589,248
1590,573
1591,-200
1592,571
1593,621
1594,-25
1595,675
1596,675
1597,525
1598,623
1599,575
1600,673
1601,400
1602,625
1603,625
1604,575
1605,675
1606,500
1607,400
1608,675
1609,573
1610,673
1611,675
1612,675
1613,575
1614,575
1615,625
1616,669
1617,575
1618,150
1619,673
1620,-125
1621,575
1622,573
1623,519
1624,-200
1625,-125
1626,471
1627,625
1628,625
1629,675
1630,623
1631,675
1632,675
1633,573
1634,575
1635,675
1636,625
1637,675
1638,625
1639,675
1640,673
1641,567
1642,425
1643,673
1644,-125
1645,575
1646,625
1647,625
1648,473
1649,425
1650,675
1651,-79
1652,625
1653,573
1654,575
1655,625
1656,-75
1657,-52
1658,473
1659,625
1660,675
1661,298
1662,-79
1663,546
1664,675
1665,575
1666,425
1667,675
1668,673
1669,675
1670,225
1671,500
1672,-25
1673,625
1674,548
1675,325
1676,675
1677,623
1678,-27
1679,-131
1680,675
1681,675
1682,625
1683,625
1684,575
1685,223
1686,675
1687,-102
1688,625
1689,150
1690,675
1691,675
1692,625
1693,425
1694,623
1695,673
1696,675
1697,675
1698,625
1699,571
1700,-27
1701,423
1702,373
1703,423
1704,675
1705,-27
1706,675
1707,350
1708,198
1709,375
1710,-202
1711,548
1712,675
1713,625
1714,675
1715,423
1716,675
1717,400
1718,625
1719,546
1720,675
1721,475
1722,675
1723,373
1724,625
1725,-125
1726,525
1727,673
1728,400
1729,150
1730,575
1731,675
1732,375
1733,-79
1734,625
1735,673
1736,625
1737,400
1738,625
1739,573
1740,675
1741,-77
1742,523
1743,-25
1744,450
1745,675
1746,673
1747,625
1748,375
1749,575
1750,673
1751,-81
1752,623
1753,675
1754,475
1755,575
1756,675
1757,575
1758,625
1759,-125
1760,-75
1761,673
1762,673
1763,675
1764,-304
1765,375
1766,300
1767,573
1768,675
1769,-27
1770,675
1771,625
1772,673
1773,373
1774,623
1775,573
1776,425
1777,-175
1778,-25
1779,625
1780,675
1781,675
1782,298
1783,625
1784,675
1785,573
1786,625
1787,75
1788,675
1789,675
1790,521
1791,450
1792,675
1793,675
1794,-75
1795,673
1796,673
1797,673
1798,525
1799,675
1800,675
1801,-177
1802,525
1803,675
1804,625
1805,250
1806,573
1807,671
1808,625
1809,625
1810,675
1811,350
1812,575
1813,625
1814,623
1815,675
1816,500
1817,675
1818,348
1819,675
1820,-75
1821,423
1822,673
1823,675
1824,675
1825,675
1826,398
1827,-125
1828,673
1829,625
1830,625
1831,425
1832,675
1833,673
1834,675
1835,400
1836,525
1837,623
1838,625
1839,-125
1840,575
1841,523
1842,623
1843,525
1844,548
1845,673
1846,-125
1847,-25
1848,521
1849,421
1850,671
1851,525
1852,573
1853,673
1854,525
1855,73
1856,625
1857,423
1858,675
1859,675
1860,673
1861,250
1862,675
1863,673
1864,673
1865,-125
1866,375
1867,675
1868,375
1869,625
1870,673
1871,625
1872,-83
1873,675
1874,-75
1875,625
1876,-177
1877,675
1878,675
1879,675
1880,625
1881,625
1882,273
1883,500
1884,-75
1885,675
1886,673
1887,675
1888,-77
1889,-125
1890,675
1891,550
1892,-77
1893,525
1894,675
1895,-25
1896,-25
1897,575
1898,573
1899,675
1900,375
1901,-125
1902,625
1903,623
1904,550
1905,-77
1906,-177
1907,675
1908,625
1909,625
1910,625
1911,-25
1912,-200
1913,625
1914,675
1915,-125
1916,625
1917,623
1918,-79
1919,-127
1920,675
1921,575
1922,473
1923,575
1924,675
1925,675
1926,550
1927,625
1928,675
1929,523
1930,675
1931,346
1932,625
1933,675
1934,675
1935,400
1936,396
1937,573
1938,575
1939,625
1940,625
1941,675
1942,575
1943,575
1944,423
1945,625
1946,625
1947,675
1948,-127
1949,575
1950,675
1951,625
1952,-77
1953,625
1954,675
1955,548
1956,625
1957,348
1958,625
1959,517
1960,625
1961,450
1962,523
1963,673
1964,-75
1965,625
1966,675
1967,-252
1968,623
1969,525
1970,575
1971,496
1972,675
1973,-27
1974,673
1975,548
1976,500
1977,575
1978,673
1979,623
1980,425
1981,671
1982,675
1983,675
1984,400
1985,525
1986,550
1987,675
1988,-227
1989,0
1990,673
1991,675
1992,675
1993,573
1994,573
1995,623
1996,475
1997,675
1998,425
1999,573
2000,-125
2001,675
2002,525
2003,673
2004,348
2005,675
2006,-25
2007,375
2008,-25
2009,675
2010,673
2011,675
2012,675
2013,400
2014,425
2015,571
2016,673
2017,-131
2018,-25
2019,423
2020,625
2021,625
2022,673
2023,673
2024,625
2025,-125
2026,675
2027,673
2028,675
2029,675
2030,625
2031,500
2032,400
2033,675
2034,398
2035,-75
2036,348
2037,675
2038,673
2039,673
2040,675
2041,571
2042,673
2043,675
2044,675
2045,675
2046,623
2047,575
2048,673
2049,675
2050,500
2051,525
2052,375
2053,625
2054,675
2055,-75
2056,675
2057,625
2058,675
2059,625
2060,525
2061,675
2062,-125
2063,500
2064,625
2065,475
2066,673
2067,675
2068,-77
2069,-27
2070,675
2071,625
2072,-75
2073,675
2074,521
2075,675
2076,673
2077,-75
2078,673
2079,573
2080,-300
2081,-127
2082,625
2083,625
2084,-75
2085,298
2086,575
2087,675
2088,673
2089,671
2090,550
2091,625
2092,525
2093,523
2094,-125
2095,673
2096,-54
2097,625
2098,575
2099,248
2100,475
2101,-75
2102,-75
2103,473
2104,575
2105,575
2106,473
2107,625
2108,673
2109,623
2110,500
2111,625
2112,623
2113,673
2114,-75
2115,525
2116,675
2117,-25
2118,625
2119,400
2120,675
2121,350
2122,675
2123,675
2124,398
2125,625
2126,575
2127,675
2128,375
2129,671
2130,625
2131,625
2132,-125
2133,571
2134,675
2135,623
2136,625
2137,675
2138,675
2139,325
2140,673
2141,375
2142,625
2143,623
2144,-125
2145,625
2146,-104
2147,575
2148,569
2149,-125
2150,521
2151,625
2152,448
2153,-225
2154,400
2155,-175
2156,671
2157,675
2158,625
2159,-75
2160,625
2161,625
2162,-77
2163,625
2164,246
2165,-27
2166,675
2167,625
2168,675
2169,675
2170,625
2171,425
2172,675
2173,473
2174,675
2175,671
2176,675
2177,621
2178,-127
2179,573
2180,423
2181,673
2182,623
2183,475
2184,675
2185,548
2186,-27
2187,323
2188,73
2189,673
2190,623
2191,623
2192,200
2193,525
2194,673
2195,673
2196,675
2197,625
2198,623
2199,300
2200,623
2201,575
2202,500
2203,575
2204,-125
2205,675
2206,675
2207,473
2208,-202
2209,625
2210,-75
2211,675
2212,675
2213,675
2214,675
2215,623
2216,623
2217,425
2218,-75
2219,675
2220,625
2221,621
2222,675
2223,675
2224,625
2225,-125
2226,675
2227,675
2228,673
2229,671
2230,623
2231,671
2232,675
2233,571
2234,525
2235,675
2236,675
2237,673
2238,575
2239,675
2240,673
2241,-127
2242,675
2243,394
2244,675
2245,-75
2246,675
2247,-125
2248,-125
2249,625
2250,-79
2251,-125
2252,673
2253,425
2254,675
2255,575
2256,625
2257,-29
2258,623
2259,675
2260,-75
2261,675
2262,-129
2263,619
2264,-75
2265,673
2266,673
2267,675
2268,575
2269,-25
2270,675
2271,573
2272,348
2273,575
2274,673
2275,673
2276,550
2277,625
2278,673
2279,573
2280,523
2281,523
2282,523
2283,625
2284,675
2285,-127
2286,475
2287,675
2288,675
2289,-27
2290,375
2291,125
2292,-25
2293,675
2294,375
2295,673
2296,675
2297,-175
2298,425
2299,675
2300,98
2301,569
2302,625
2303,-125
2304,675
2305,-77
2306,673
2307,575
2308,546
2309,-77
2310,625
2311,625
2312,675
2313,-129
2314,-75
2315,623
2316,623
2317,673
2318,675
2319,-77
2320,573
2321,623
2322,675
2323,523
2324,-75
2325,425
2326,550
2327,625
2328,523
2329,525
2330,475
2331,350
2332,675
2333,-127
2334,473
2335,523
2336,273
2337,575
2338,623
2339,675
2340,-77
2341,675
2342,-75
2343,575
2344,550
2345,450
2346,-177
2347,-75
2348,525
2349,425
2350,675
2351,575
2352,-125
2353,675
2354,425
2355,675
2356,673
2357,425
2358,625
2359,375
2360,675
2361,-75
2362,675
2363,623
2364,675
2365,575
2366,573
2367,675
2368,500
2369,673
2370,673
2371,675
2372,573
2373,675
2374,675
2375,325
2376,550
2377,675
2378,623
2379,-25
2380,275
2381,550
2382,575
2383,500
2384,-200
2385,325
2386,275
2387,-75
2388,575
2389,525
2390,400
2391,-125
2392,50
2393,-200
2394,375
2395,573
2396,-75
2397,675
2398,675
2399,421
2400,423
2401,398
2402,675
2403,675
2404,625
2405,521
2406,-125
2407,675
2408,625
2409,-125
2410,450
2411,575
2412,675
2413,-75
2414,-125
2415,525
2416,575
2417,623
2418,625
2419,275
2420,525
2421,-125
2422,675
2423,-125
2424,-125
2425,625
2426,325
2427,675
2428,525
2429,623
2430,-27
2431,625
2432,269
2433,675
2434,675
2435,675
2436,73
2437,675
2438,671
2439,675
2440,-52
2441,623
2442,425
2443,-127
2444,675
2445,675
2446,444
2447,325
2448,675
2449,675
2450,675
2451,348
2452,198
2453,550
2454,400
2455,-25
2456,671
2457,548
2458,625
2459,-177
2460,675
2461,575
2462,675
2463,575
2464,675
2465,675
2466,673
2467,625
2468,623
2469,625
2470,675
2471,625
2472,675
2473,675
2474,548
2475,675
2476,675
2477,673
2478,525
2479,150
2480,625
2481,521
2482,673
2483,675
2484,625
2485,575
2486,625
2487,675
2488,625
2489,675
2490,673
2491,225
2492,575
2493,619
2494,469
2495,-125
2496,-125
2497,625
2498,625
2499,525
2500,-27
2501,623
2502,398
2503,623
2504,575
2505,375
2506,673
2507,675
2508,375
2509,625
2510,675
2511,-125
2512,425
2513,625
2514,-75
2515,325
2516,675
2517,675
2518,571
2519,673
2520,-75
2521,525
2522,675
2523,275
2524,575
2525,-250
2526,-125
2527,425
2528,423
2529,-125
2530,675
2531,-75
2532,575
2533,675
2534,525
2535,475
2536,675
2537,625
2538,675
2539,-25
2540,425
2541,625
2542,675
2543,625
2544,675
2545,573
2546,575
2547,525
2548,525
2549,675
2550,348
2551,298
2552,623
2553,623
2554,325
2555,671
2556,-125
2557,-175
2558,675
2559,425
2560,-125
2561,625
2562,-27
2563,625
2564,675
2565,623
2566,625
2567,625
2568,625
2569,-27
2570,396
2571,-127
2572,673
2573,-129
2574,-100
2575,675
2576,571
2577,-125
2578,675
2579,-75
2580,519
2581,625
2582,675
2583,-77
2584,675
2585,575
2586,-125
2587,575
2588,-25
2589,675
2590,625
2591,675
2592,675
2593,675
2594,625
2595,675
2596,575
2597,675
2598,-125
2599,623
2600,575
2601,623
2602,675
2603,671
2604,675
2605,-125
2606,575
2607,625
2608,575
2609,673
2610,-125
2611,625
2612,373
2613,625
2614,625
2615,525
2616,550
2617,673
2618,675
2619,400
2620,525
2621,623
2622,673
2623,575
2624,625
2625,675
2626,-56
2627,675
2628,-75
2629,625
2630,346
2631,548
2632,-125
2633,525
2634,473
2635,571
2636,625
2637,573
2638,675
2639,425
2640,523
2641,473
2642,623
2643,523
2644,400
2645,675
2646,-25
2647,673
2648,675
2649,675
2650,421
2651,-125
2652,675
2653,425
2654,575
2655,675
2656,575
2657,625
2658,675
2659,675
2660,625
2661,575
2662,425
2663,625
2664,500
2665,673
2666,573
2667,675
2668,675
2669,623
2670,550
2671,675
2672,675
2673,398
2674,475
2675,375
2676,-100
2677,625
2678,673
2679,675
2680,675
2681,375
2682,671
2683,325
2684,575
2685,675
2686,675
2687,625
2688,523
2689,573
2690,525
2691,425
2692,673
2693,625
2694,-27
2695,423
2696,425
2697,675
2698,396
2699,625
2700,675
2701,525
2702,350
2703,-77
2704,523
2705,671
2706,625
2707,675
2708,573
2709,673
2710,675
2711,671
2712,248
2713,675
2714,373
2715,675
2716,-75
2717,475
2718,575
2719,425
2720,300
2721,525
2722,575
2723,625
2724,350
2725,350
2726,675
2727,348
2728,-75
2729,619
2730,675
2731,575
2732,575
2733,675
2734,548
2735,623
2736,-27
2737,675
2738,675
2739,625
2740,575
2741,625
2742,348
2743,348
2744,-75
2745,-25
2746,-100
2747,523
2748,623
2749,673
2750,675
2751,625
2752,675
2753,-75
2754,675
2755,675
2756,625
2757,673
2758,625
2759,675
2760,-200
2761,525
2762,675
2763,425
2764,675
2765,625
2766,550
2767,675
2768,-127
2769,675
2770,623
2771,575
2772,-25
2773,625
2774,425
2775,675
2776,675
2777,375
2778,400
2779,625
2780,575
2781,350
2782,425
2783,498
2784,-125
2785,325
2786,425
2787,-75
2788,675
2789,-125
2790,-81
2791,-125
2792,575
2793,675
2794,573
2795,675
2796,575
2797,573
2798,675
2799,675
2800,675
2801,675
2802,623
2803,673
2804,675
2805,525
2806,569
2807,625
2808,673
2809,-100
2810,525
2811,425
2812,425
2813,625
2814,525
2815,575
2816,675
2817,673
2818,623
2819,675
2820,571
2821,673
2822,521
2823,575
2824,621
2825,375
2826,675
2827,475
2828,675
2829,-200
2830,625
2831,625
2832,571
2833,-31
2834,525
2835,673
2836,550
2837,623
2838,-25
2839,675
2840,625
2841,625
2842,475
2843,-75
2844,575
2845,625
2846,673
2847,625
2848,-25
2849,675
2850,625
2851,625
2852,-127
2853,625
2854,625
2855,673
2856,675
2857,400
2858,-125
2859,673
2860,675
2861,500
2862,675
2863,-104
2864,375
2865,575
2866,548
2867,-129
2868,675
2869,425
2870,325
2871,525
2872,675
2873,373
2874,675
2875,623
2876,525
2877,450
2878,475
2879,548
2880,150
2881,623
2882,425
2883,675
2884,675
2885,-125
2886,473
2887,625
2888,625
2889,675
2890,-127
2891,-125
2892,-127
2893,675
2894,575
2895,-229
2896,-25
2897,625
2898,675
2899,-125
2900,623
2901,625
2902,523
2903,521
2904,675
2905,350
2906,675
2907,573
2908,500
2909,-25
2910,450
2911,423
2912,625
2913,-125
2914,375
2915,200
2916,-31
2917,621
2918,673
2919,96
2920,498
2921,671
2922,625
2923,625
2924,625
2925,575
2926,550
2927,-75
2928,571
2929,675
2930,625
2931,675
2932,-75
2933,498
2934,675
2935,-129
2936,675
2937,673
2938,-27
2939,625
2940,675
2941,475
2942,675
2943,625
2944,275
2945,-75
2946,425
2947,425
2948,675
2949,475
2950,675
2951,675
2952,675
2953,525
2954,675
2955,550
2956,623
2957,-25
2958,275
2959,675
2960,-125
2961,150
2962,425
2963,675
2964,623
2965,673
2966,425
2967,625
2968,-127
2969,550
2970,544
2971,675
2972,675
2973,475
2974,100
2975,623
2976,675
2977,623
2978,600
2979,-125
2980,625
2981,625
2982,673
2983,625
2984,673
2985,400
2986,673
2987,575
2988,623
2989,675
2990,675
2991,-25
2992,-125
2993,348
2994,675
2995,575
2996,671
2997,675
2998,675
2999,675
3000,625
3001,348
3002,625
3003,675
3004,675
3005,623
3006,475
3007,550
3008,623
3009,625
3010,500
3011,-125
3012,675
3013,675
3014,625
3015,525
3016,-75
3017,623
3018,675
3019,475
3020,625
3021,675
3022,625
3023,475
3024,-77
3025,350
3026,675
3027,525
3028,-127
3029,-125
3030,300
3031,250
3032,675
3033,623
3034,-125
3035,675
3036,623
3037,-52
3038,675
3039,625
3040,673
3041,-75
3042,425
3043,625
3044,275
3045,525
3046,675
3047,675
3048,425
3049,675
3050,550
3051,575
3052,-127
3053,598
3054,-150
3055,473
3056,-77
3057,571
3058,-77
3059,675
3060,396
3061,675
3062,675
3063,398
3064,523
3065,-77
3066,525
3067,625
3068,-125
3069,525
3070,473
3071,623
3072,150
3073,621
3074,-27
3075,400
3076,-127
3077,-75
3078,675
3079,525
3080,675
3081,-125
3082,625
3083,-127
3084,-25
3085,675
3086,575
3087,-50
3088,-125
3089,-29
3090,350
3091,675
3092,475
3093,421
3094,375
3095,-77
3096,573
3097,425
3098,673
3099,494
3100,350
3101,623
3102,100
3103,-127
3104,675
3105,675
3106,675
3107,625
3108,671
3109,675
3110,575
3111,575
3112,625
3113,-75
3114,523
3115,625
3116,575
3117,625
3118,671
3119,675
3120,400
3121,400
3122,625
3123,625
3124,-75
3125,346
3126,575
3127,623
3128,675
3129,-75
3130,348
3131,625
3132,673
3133,575
3134,621
3135,573
3136,300
3137,675
3138,-75
3139,-175
3140,675
3141,525
3142,625
3143,625
3144,-125
3145,673
3146,675
3147,675
3148,675
3149,350
3150,-100
3151,673
3152,71
3153,-125
3154,575
3155,73
3156,675
3157,500
3158,575
3159,621
3160,244
3161,-25
3162,675
3163,498
3164,675
3165,623
3166,-125
3167,525
3168,675
3169,-29
3170,575
3171,-125
3172,675
3173,498
3174,275
3175,625
3176,-77
3177,575
3178,675
3179,350
3180,-75
3181,575
3182,675
3183,523
3184,675
3185,573
3186,675
3187,-75
3188,325
3189,-77
3190,523
3191,-25
3192,675
3193,350
3194,675
3195,675
3196,673
3197,-75
3198,675
3199,500
3200,575
3201,621
3202,575
3203,675
3204,523
3205,673
3206,675
3207,621
3208,521
3209,675
3210,-125
3211,625
3212,471
3213,175
3214,575
3215,623
3216,675
3217,673
3218,575
3219,675
3220,523
3221,500
3222,-75
3223,625
3224,625
3225,675
3226,-125
3227,623
3228,523
3229,523
3230,-29
3231,425
3232,-125
3233,300
3234,296
3235,-125
3236,675
3237,625
3238,300
3239,400
3240,675
3241,675
3242,669
3243,573
3244,-125
3245,675
3246,675
3247,673
3248,-125
3249,-252
3250,575
3251,675
3252,671
3253,394
3254,675
3255,-75
3256,675
3257,425
3258,625
3259,625
3260,573
3261,350
3262,525
3263,675
3264,573
3265,623
3266,465
3267,675
3268,675
3269,625
3270,250
3271,673
3272,625
3273,675
3274,625
3275,625
3276,625
3277,673
3278,-306
3279,-200
3280,675
3281,573
3282,398
3283,573
3284,673
3285,425
3286,425
3287,575
3288,675
3289,675
3290,625
3291,675
3292,625
3293,625
3294,575
3295,423
3296,625
3297,321
3298,625
3299,373
3300,571
3301,675
3302,673
3303,625
3304,425
3305,-150
3306,598
3307,675
3308,675
3309,571
3310,623
3311,675
3312,225
3313,496
3314,625
3315,496
3316,625
3317,673
3318,625
3319,471
3320,275
3321,575
3322,673
3323,-125
3324,248
3325,625
3326,675
3327,621
3328,573
3329,-75
3330,675
3331,-125
3332,675
3333,-102
3334,-75
3335,625
3336,675
3337,-125
3338,675
3339,-75
3340,675
3341,-25
3342,673
3343,625
3344,-77
3345,525
3346,675
3347,675
3348,675
3349,575
3350,625
3351,625
3352,573
3353,575
3354,-127
3355,-25
3356,-75
3357,575
3358,425
3359,575
3360,673
3361,675
3362,-125
3363,-75
3364,675
3365,-75
3366,623
3367,-75
3368,573
3369,625
3370,-81
3371,571
3372,-125
3373,275
3374,625
3375,-250
3376,525
3377,671
3378,623
3379,521
3380,-125
3381,571
3382,-75
3383,625
3384,525
3385,425
3386,625
3387,671
3388,673
3389,-75
3390,150
3391,675
3392,625
3393,525
3394,-79
3395,523
3396,675
3397,675
3398,625
3399,-125
3400,-79
3401,675
3402,675
3403,623
3404,550
3405,673
3406,675
3407,675
3408,675
3409,425
3410,521
3411,623
3412,675
3413,-125
3414,675
3415,575
3416,-127
3417,675
3418,625
3419,600
3420,475
3421,625
3422,571
3423,275
3424,425
3425,-75
3426,-6
3427,625
3428,625
3429,-127
3430,100
3431,625
3432,575
3433,573
3434,-29
3435,325
3436,625
3437,675
3438,-225
3439,673
3440,575
3441,675
3442,675
3443,-125
3444,675
3445,575
3446,671
3447,571
3448,623
3449,625
3450,675
3451,-125
3452,625
3453,548
3454,-25
3455,221
3456,-127
3457,575
3458,625
3459,-77
3460,571
3461,625
3462,625
3463,425
3464,521
3465,523
3466,275
3467,625
3468,-125
3469,525
3470,423
3471,625
3472,423
3473,550
3474,625
3475,675
3476,675
3477,423
3478,575
3479,396
3480,575
3481,675
3482,-125
3483,675
3484,625
3485,675
3486,400
3487,-125
3488,298
3489,525
3490,525
3491,675
3492,425
3493,-31
3494,400
3495,575
3496,571
3497,673
3498,575
3499,573
3500,471
3501,675
3502,675
3503,500
3504,575
3505,-27
3506,623
3507,675
3508,-75
3509,625
3510,625
3511,-75
3512,-75
3513,350
3514,150
3515,173
3516,573
3517,-75
3518,669
3519,625
3520,475
3521,671
3522,625
3523,425
3524,625
3525,625
3526,625
3527,625
3528,673
3529,569
3530,-125
3531,675
3532,623
3533,623
3534,-179
3535,625
3536,-27
3537,-125
3538,625
3539,673
3540,546
3541,323
3542,625
3543,575
3544,-129
3545,-125
3546,625
3547,625
3548,521
3549,-125
3550,625
3551,523
3552,-75
3553,673
3554,371
3555,-75
3556,525
3557,675
3558,-127
3559,575
3560,625
3561,-75
3562,675
3563,-125
3564,675
3565,675
3566,375
3567,675
3568,575
3569,623
3570,575
3571,-27
3572,573
3573,673
3574,425
3575,625
3576,675
3577,525
3578,523
3579,675
3580,675
3581,198
3582,623
3583,675
3584,675
3585,625
3586,573
3587,-129
3588,23
3589,-25
3590,398
3591,625
3592,673
3593,673
3594,675
3595,625
3596,350
3597,623
3598,-125
3599,625
3600,-25
3601,675
3602,625
3603,-127
3604,425
3605,673
3606,-29
3607,425
3608,625
3609,448
3610,673
3611,525
3612,-125
3613,673
3614,675
3615,625
3616,-75
3617,671
3618,675
3619,-25
3620,623
3621,-175
3622,573
3623,573
3624,525
3625,675
3626,425
3627,625
3628,623
3629,673
3630,575
3631,-75
3632,673
3633,-125
3634,623
3635,625
3636,675
3637,625
3638,-125
3639,621
3640,675
3641,350
3642,675
3643,525
3644,575
3645,673
3646,-129
3647,673
3648,675
3649,623
3650,621
3651,571
3652,675
3653,273
3654,-75
3655,573
3656,675
3657,621
3658,675
3659,-77
3660,-129
3661,321
3662,-127
3663,621
3664,671
3665,-125
3666,575
3667,675
3668,375
3669,675
3670,625
3671,-25
3672,-75
3673,625
3674,-125
3675,675
3676,625
3677,625
3678,325
3679,673
3680,323
3681,625
3682,671
3683,350
3684,625
3685,425
3686,471
3687,525
3688,675
3689,625
3690,675
3691,550
3692,498
3693,623
3694,675
3695,675
3696,573
3697,348
3698,573
3699,675
3700,-27
3701,525
3702,-27
3703,296
3704,675
3705,523
3706,523
3707,675
3708,223
3709,573
3710,625
3711,675
3712,-27
3713,573
3714,571
3715,-100
3716,621
3717,625
3718,-125
3719,-27
3720,675
3721,425
3722,675
3723,675
3724,575
3725,675
3726,675
3727,675
3728,473
3729,675
3730,425
3731,675
3732,675
3733,498
3734,-75
3735,675
3736,675
3737,675
3738,675
3739,623
3740,573
3741,675
3742,675
3743,625
3744,573
3745,675
3746,525
3747,625
3748,-200
3749,675
3750,623
3751,475
3752,575
3753,571
3754,523
3755,-75
3756,623
3757,375
3758,625
3759,623
3760,-202
3761,546
3762,421
3763,-200
3764,398
3765,550
3766,575
3767,-29
3768,625
3769,675
3770,625
3771,673
3772,673
3773,-125
3774,525
3775,-27
3776,473
3777,525
3778,675
3779,-25
3780,525
3781,550
3782,-129
3783,675
3784,323
3785,625
3786,675
3787,-200
3788,325
3789,225
3790,675
3791,623
3792,525
3793,675
3794,-75
3795,-125
3796,375
3797,-125
3798,25
3799,675
3800,348
3801,398
3802,675
3803,325
3804,675
3805,625
3806,425
3807,673
3808,675
3809,-75
3810,-200
3811,350
3812,-202
3813,575
3814,498
3815,623
3816,673
3817,625
3818,425
3819,-25
3820,623
3821,400
3822,-175
3823,-75
3824,525
3825,550
3826,623
3827,-75
3828,450
3829,-150
3830,350
3831,-75
3832,250
3833,625
3834,-229
3835,-25
3836,471
3837,623
3838,625
3839,675
3840,673
3841,-125
3842,675
3843,673
3844,675
3845,98
3846,0
3847,425
3848,675
3849,550
3850,-75
3851,675
3852,625
3853,298
3854,575
3855,673
3856,275
3857,623
3858,675
3859,475
3860,675
3861,473
3862,548
3863,473
3864,675
3865,-2
3866,-77
3867,625
3868,400
3869,673
3870,673
3871,575
3872,375
3873,523
3874,675
3875,625
3876,-25
3877,-25
3878,525
3879,350
3880,575
3881,-125
3882,575
3883,625
3884,498
3885,675
3886,-75
3887,-77
3888,675
3889,-127
3890,621
3891,675
3892,675
3893,675
3894,625
3895,-125
3896,675
3897,673
3898,375
3899,623
3900,675
3901,675
3902,521
3903,-75
3904,675
3905,675
3906,673
3907,675
3908,675
3909,675
3910,-125
3911,-127
3912,-25
3913,675
3914,625
3915,675
3916,675
3917,-25
3918,523
3919,-75
3920,675
3921,548
3922,350
3923,473
3924,625
3925,623
3926,673
3927,625
3928,673
3929,425
3930,-125
3931,625
3932,-77
3933,671
3934,625
3935,675
3936,675
3937,-75
3938,-31
3939,625
3940,-127
3941,550
3942,675
3943,623
3944,675
3945,400
3946,621
3947,-125
3948,348
3949,575
3950,-125
3951,400
3952,498
3953,571
3954,498
3955,400
3956,673
3957,525
3958,423
3959,673
3960,575
3961,550
3962,623
3963,625
3964,575
3965,675
3966,575
3967,498
3968,625
3969,623
3970,-125
3971,-175
3972,625
3973,623
3974,523
3975,575
3976,375
3977,675
3978,-125
3979,571
3980,671
3981,675
3982,523
3983,575
3984,575
3985,-177
3986,675
3987,623
3988,575
3989,675
3990,625
3991,575
3992,623
3993,500
3994,575
3995,250
3996,400
3997,675
3998,-29
3999,0
4000,673
4001,625
4002,400
4003,625
4004,375
4005,673
4006,625
4007,298
4008,675
4009,573
4010,425
4011,525
4012,523
4013,421
4014,469
4015,523
4016,673
4017,675
4018,675
4019,625
4020,675
4021,675
4022,-75
4023,398
4024,575
4025,425
4026,-75
4027,525
4028,673
4029,671
4030,525
4031,675
4032,575
4033,425
4034,73
4035,550
4036,675
4037,675
4038,623
4039,675
4040,525
4041,523
4042,425
4043,673
4044,673
4045,-75
4046,-127
4047,575
4048,323
4049,-25
4050,675
4051,475
4052,-75
4053,-200
4054,573
4055,225
4056,525
4057,625
4058,675
4059,675
4060,675
4061,423
4062,675
4063,675
4064,673
4065,673
4066,567
4067,-125
4068,-227
4069,623
4070,673
4071,675
4072,473
4073,671
4074,675
4075,673
4076,-77
4077,673
4078,573
4079,473
4080,675
4081,625
4082,673
4083,671
4084,625
4085,550
4086,473
4087,525
4088,575
4089,675
4090,675
4091,571
4092,375
4093,675
4094,-25
4095,673
4096,625
4097,400
4098,625
4099,375
4100,475
4101,675
4102,-175
4103,-125
4104,623
4105,673
4106,625
4107,523
4108,-125
4109,625
4110,575
4111,673
4112,575
4113,425
4114,575
4115,550
4116,673
4117,623
4118,675
4119,623
4120,471
4121,673
4122,625
4123,675
4124,675
4125,625
4126,675
4127,673
4128,671
4129,675
4130,625
4131,400
4132,675
4133,675
4134,623
4135,623
4136,673
4137,425
4138,-125
4139,373
4140,675
4141,675
4142,675
4143,-27
4144,575
4145,675
4146,525
4147,525
4148,150
4149,425
4150,675
4151,625
4152,525
4153,-25
4154,523
4155,571
4156,675
4157,575
4158,573
4159,675
4160,675
4161,625
4162,571
4163,575
4164,673
4165,675
4166,675
4167,400
4168,625
4169,625
4170,675
4171,623
4172,400
4173,-25
4174,675
4175,675
4176,675
4177,-27
4178,625
4179,575
4180,675
4181,296
4182,-2
4183,150
4184,675
4185,473
4186,675
4187,573
4188,625
4189,-125
4190,673
4191,623
4192,623
4193,675
4194,425
4195,573
4196,575
4197,625
4198,673
4199,625
4200,-75
4201,-125
4202,675
4203,625
4204,-202
4205,-75
4206,300
4207,392
4208,575
4209,625
4210,-75
4211,575
4212,675
4213,675
4214,475
4215,548
4216,625
4217,675
4218,575
4219,575
4220,625
4221,375
4222,575
4223,625
4224,-177
4225,675
4226,-125
4227,-125
4228,573
4229,-127
4230,-125
4231,550
4232,275
4233,623
4234,673
4235,-25
4236,675
4237,671
4238,675
4239,675
4240,423
4241,675
4242,-129
4243,548
4244,675
4245,-77
4246,575
4247,675
4248,-75
4249,-125
4250,-100
4251,550
4252,625
4253,673
4254,450
4255,-52
4256,621
4257,675
4258,675
4259,675
4260,-125
4261,573
4262,-181
4263,548
4264,425
4265,-25
4266,421
4267,675
4268,573
4269,625
4270,-25
4271,675
4272,-125
4273,-79
4274,625
4275,425
4276,575
4277,-125
4278,-225
4279,-125
4280,675
4281,375
4282,675
4283,625
4284,623
4285,575
4286,675
4287,625
4288,673
4289,675
4290,-75
4291,673
4292,425
4293,625
4294,398
4295,523
4296,623
4297,625
4298,673
4299,575
4300,-77
4301,675
4302,-129
4303,669
4304,625
4305,673
4306,675
4307,575
4308,675
4309,573
4310,675
4311,675
4312,400
4313,425
4314,621
4315,425
4316,-27
4317,525
4318,675
4319,625
4320,-79
4321,619
4322,350
4323,398
4324,-125
4325,675
4326,325
4327,400
4328,675
4329,675
4330,673
4331,525
4332,625
4333,575
4334,-177
4335,675
4336,575
4337,675
4338,675
4339,-2
4340,400
4341,575
4342,625
4343,571
4344,625
4345,-127
4346,300
4347,525
4348,675
4349,-75
4350,573
4351,-75
4352,-125
4353,375
4354,375
4355,575
4356,625
4357,-75
4358,623
4359,523
4360,675
4361,525
4362,500
4363,-129
4364,625
4365,675
4366,546
4367,-127
4368,400
4369,573
4370,575
4371,-125
4372,675
4373,675
4374,573
4375,-125
4376,675
4377,346
4378,425
4379,675
4380,571
4381,675
4382,625
4383,575
4384,575
4385,673
4386,675
4387,-50
4388,-27
4389,621
4390,523
4391,-75
4392,575
4393,675
4394,675
4395,575
4396,523
4397,625
4398,-125
4399,-125
4400,525
4401,573
4402,675
4403,675
4404,475
4405,-125
4406,525
4407,375
4408,525
4409,573
4410,675
4411,675
4412,625
4413,425
4414,425
4415,-127
4416,-125
4417,373
4418,675
4419,623
4420,625
4421,423
4422,-125
4423,375
4424,425
4425,673
4426,625
4427,671
4428,675
4429,625
4430,525
4431,-75
4432,425
4433,673
4434,671
4435,-27
4436,675
4437,675
4438,550
4439,-125
4440,623
4441,-77
4442,575
4443,675
4444,475
4445,525
4446,-75
4447,-77
4448,625
4449,-75
4450,400
4451,525
4452,150
4453,398
4454,625
4455,-25
4456,675
4457,675
4458,573
4459,-75
4460,375
4461,348
4462,573
4463,-125
4464,623
4465,673
4466,375
4467,675
4468,348
4469,675
4470,-25
4471,573
4472,575
4473,400
4474,-27
4475,673
4476,625
4477,473
4478,500
4479,-125
4480,575
4481,-125
4482,296
4483,-75
4484,525
4485,675
4486,673
4487,675
4488,-75
4489,573
4490,-179
4491,675
4492,-75
4493,-75
4494,573
4495,675
4496,-75
4497,575
4498,675
4499,-77
4500,623
4501,575
4502,675
4503,525
4504,-125
4505,675
4506,673
4507,525
4508,348
4509,573
4510,625
4511,-6
4512,673
4513,623
4514,675
4515,625
4516,346
4517,625
4518,675
4519,625
4520,425
4521,573
4522,675
4523,573
4524,575
4525,523
4526,623
4527,675
4528,471
4529,625
4530,575
4531,423
4532,-308
4533,625
4534,-77
4535,675
4536,675
4537,575
4538,500
4539,675
4540,-129
4541,625
4542,400
4543,-75
4544,675
4545,525
4546,-125
4547,575
4548,-127
4549,675
4550,621
4551,-75
4552,623
4553,673
4554,675
4555,523
4556,675
4557,673
4558,675
4559,623
4560,500
4561,675
4562,425
4563,575
4564,675
4565,-75
4566,625
4567,-125
4568,625
4569,573
4570,-27
4571,225
4572,675
4573,575
4574,400
4575,575
4576,-125
4577,525
4578,675
4579,675
4580,675
4581,575
4582,675
4583,675
4584,625
4585,625
4586,675
4587,625
4588,425
4589,275
4590,-25
4591,471
4592,625
4593,475
4594,623
4595,625
4596,625
4597,573
4598,623
4599,675
4600,-75
4601,423
4602,398
4603,623
4604,575
4605,675
4606,675
4607,575
4608,573
4609,-179
4610,-75
4611,475
4612,675
4613,675
4614,625
4615,0
4616,375
4617,675
4618,625
4619,675
4620,575
4621,675
4622,625
4623,673
4624,673
4625,675
4626,625
4627,623
4628,675
4629,-125
4630,150
4631,675
4632,675
4633,400
4634,673
4635,675
4636,673
4637,625
4638,400
4639,575
4640,425
4641,-77
4642,575
4643,525
4644,-75
4645,625
4646,625
4647,525
4648,375
4649,675
4650,375
4651,371
4652,-77
4653,675
4654,-25
4655,671
4656,575
4657,-175
4658,673
4659,673
4660,675
4661,500
4662,675
4663,625
4664,-75
4665,675
4666,675
4667,0
4668,425
4669,-25
4670,-325
4671,675
4672,675
4673,625
4674,673
4675,-125
4676,625
4677,675
4678,-25
4679,573
4680,-75
4681,-25
4682,573
4683,625
4684,225
4685,625
4686,675
4687,675
4688,517
4689,273
4690,675
4691,675
4692,575
4693,521
4694,425
4695,523
4696,425
4697,248
4698,350
4699,675
4700,673
4701,573
4702,675
4703,348
4704,550
4705,-25
4706,675
4707,425
4708,-127
4709,625
4710,525
4711,675
4712,550
4713,623
4714,675
4715,673
4716,625
4717,623
4718,675
4719,519
4720,473
4721,675
4722,571
4723,575
4724,398
4725,675
4726,473
4727,675
4728,625
4729,548
4730,-25
4731,675
4732,623
4733,675
4734,375
4735,425
4736,625
4737,673
4738,525
4739,-75
4740,-25
4741,575
4742,525
4743,396
4744,-125
4745,675
4746,673
4747,525
4748,275
4749,625
4750,673
4751,625
4752,675
4753,375
4754,673
4755,-125
4756,575
4757,500
4758,525
4759,117
4760,675
4761,673
4762,675
4763,73
4764,625
4765,525
4766,550
4767,25
4768,200
4769,625
4770,675
4771,-125
4772,525
4773,673
4774,573
4775,400
4776,675
4777,675
4778,-127
4779,425
4780,-125
4781,396
4782,675
4783,625
4784,-100
4785,-125
4786,675
4787,421
4788,675
4789,675
4790,625
4791,-77
4792,250
4793,625
4794,398
4795,625
4796,675
4797,423
4798,398
4799,575
4800,525
4801,625
4802,625
4803,675
4804,300
4805,98
4806,398
4807,625
4808,675
4809,575
4810,-125
4811,675
4812,675
4813,623
4814,425
4815,-27
4816,150
4817,675
4818,-25
4819,575
4820,675
4821,675
4822,675
4823,-127
4824,200
4825,523
4826,-77
4827,425
4828,675
4829,575
4830,675
4831,-125
4832,675
4833,625
4834,623
4835,675
4836,625
4837,375
4838,621
4839,425
4840,525
4841,623
4842,517
4843,569
4844,625
4845,575
4846,625
4847,675
4848,-25
4849,396
4850,675
4851,400
4852,673
4853,673
4854,625
4855,623
4856,675
4857,-75
4858,-125
4859,625
4860,625
4861,675
4862,-125
4863,625
4864,425
4865,-125
4866,625
4867,525
4868,-27
4869,-127
4870,-127
4871,-77
4872,-35
4873,625
4874,675
4875,625
4876,-125
4877,675
4878,523
4879,-27
4880,575
4881,444
4882,675
4883,275
4884,425
4885,625
4886,398
4887,625
4888,675
4889,575
4890,675
4891,673
4892,-77
4893,625
4894,675
4895,325
4896,223
4897,421
4898,675
4899,673
4900,550
4901,675
4902,521
4903,-125
4904,325
4905,-75
4906,575
4907,550
4908,-75
4909,621
4910,475
4911,675
4912,675
4913,623
4914,625
4915,548
4916,671
4917,675
4918,-75
4919,623
4920,675
4921,425
4922,-25
4923,-75
4924,-252
4925,625
4926,675
4927,623
4928,-252
4929,675
4930,673
4931,-125
4932,550
4933,673
4934,225
4935,625
4936,273
4937,673
4938,673
4939,675
4940,623
4941,525
4942,423
4943,675
4944,675
4945,675
4946,425
4947,473
4948,573
4949,675
4950,-27
4951,675
4952,-75
4953,625
4954,623
4955,-125
4956,625
4957,675
4958,-125
4959,675
4960,525
4961,573
4962,675
4963,419
4964,625
4965,348
4966,573
4967,500
4968,675
4969,-27
4970,573
4971,400
4972,673
4973,625
4974,573
4975,475
4976,-127
4977,-200
4978,375
4979,625
4980,675
4981,675
4982,575
4983,423
4984,-77
4985,-102
4986,573
4987,575
4988,675
4989,625
4990,300
4991,398
4992,623
4993,625
4994,-127
4995,-75
4996,625
4997,-125
4998,625
4999,675
5000,575
5001,350
5002,-125
5003,625
5004,675
5005,-100
5006,675
5007,625
5008,575
5009,-79
5010,623
5011,623
5012,298
5013,525
5014,425
5015,425
5016,675
5017,675
5018,625
5019,675
5020,675
5021,525
5022,623
5023,625
5024,625
5025,546
5026,675
5027,625
5028,423
5029,550
5030,523
5031,-75
5032,573
5033,523
5034,675
5035,475
5036,625
5037,623
5038,675
5039,-75
5040,575
5041,575
5042,550
5043,523
5044,675
5045,625
5046,-75
5047,-25
5048,525
5049,625
5050,625
5051,-27
5052,-75
5053,325
5054,673
5055,675
5056,623
5057,625
5058,675
5059,-25
5060,621
5061,-75
5062,675
5063,-75
5064,625
5065,548
5066,275
5067,671
5068,675
5069,623
5070,623
5071,-75
5072,625
5073,425
5074,-52
5075,673
5076,398
5077,375
5078,675
5079,675
5080,675
5081,-125
5082,675
5083,625
5084,623
5085,673
5086,675
5087,-25
5088,525
5089,573
5090,350
5091,-127
5092,575
5093,675
5094,575
5095,423
5096,625
5097,471
5098,425
5099,-75
5100,625
5101,575
5102,-77
5103,675
5104,-75
5105,675
5106,675
5107,525
5108,400
5109,675
5110,675
5111,625
5112,-125
5113,623
5114,625
5115,100
5116,675
5117,675
5118,-125
5119,525
5120,-125
5121,625
5122,673
5123,548
5124,525
5125,675
5126,-75
5127,675
5128,675
5129,675
5130,375
5131,-25
5132,-125
5133,398
5134,-125
5135,623
5136,548
5137,523
5138,623
5139,575
5140,-127
5141,375
5142,298
5143,675
5144,625
5145,675
5146,425
5147,675
5148,548
5149,675
5150,523
5151,675
5152,-25
5153,-77
5154,625
5155,575
5156,-125
5157,675
5158,675
5159,575
5160,625
5161,675
5162,623
5163,475
5164,575
5165,673
5166,525
5167,400
5168,625
5169,573
5170,-81
5171,150
5172,475
5173,625
5174,575
5175,-27
5176,-77
5177,-25
5178,525
5179,-202
5180,625
5181,425
5182,-27
5183,625
5184,525
5185,-125
5186,675
5187,675
5188,573
5189,673
5190,-27
5191,673
5192,675
5193,625
5194,625
5195,-125
5196,500
5197,425
5198,673
5199,673
5200,623
5201,625
5202,523
5203,475
5204,675
5205,575
5206,573
5207,-25
5208,669
5209,675
5210,675
5211,675
5212,623
5213,675
5214,421
5215,625
5216,-125
5217,-179
5218,-77
5219,675
5220,675
5221,223
5222,-125
5223,675
5224,625
5225,523
5226,675
5227,525
5228,-227
5229,625
5230,425
5231,619
5232,-125
5233,675
5234,525
5235,-125
5236,675
5237,675
5238,475
5239,100
5240,400
5241,575
5242,675
5243,623
5244,625
5245,625
5246,675
5247,475
5248,-75
5249,523
5250,425
5251,675
5252,400
5253,473
5254,373
5255,148
5256,475
5257,623
5258,598
5259,500
5260,625
5261,-200
5262,675
5263,575
5264,625
5265,296
5266,623
5267,675
5268,575
5269,623
5270,496
5271,623
5272,625
5273,625
5274,475
5275,625
5276,675
5277,575
5278,550
5279,675
5280,-75
5281,623
5282,623
5283,673
5284,675
5285,625
5286,625
5287,675
5288,673
5289,575
5290,673
5291,575
5292,425
5293,573
5294,675
5295,-77
5296,423
5297,-29
5298,500
5299,573
5300,250
5301,-25
5302,623
5303,573
5304,625
5305,573
5306,675
5307,425
5308,-75
5309,525
5310,675
5311,625
5312,550
5313,675
5314,623
5315,-75
5316,573
5317,673
5318,675
5319,673
5320,625
5321,373
5322,673
5323,-125
5324,675
5325,525
5326,-77
5327,-25
5328,625
5329,-27
5330,671
5331,673
5332,675
5333,-25
5334,573
5335,475
5336,625
5337,425
5338,525
5339,-75
5340,-175
5341,373
5342,-25
5343,625
5344,-75
5345,-179
5346,-75
5347,575
5348,675
5349,350
5350,673
5351,575
5352,525
5353,673
5354,675
5355,619
5356,-29
5357,675
5358,-125
5359,521
5360,623
5361,575
5362,675
5363,575
5364,675
5365,571
5366,-125
5367,250
5368,675
5369,-77
5370,575
5371,625
5372,675
5373,675
5374,375
5375,675
5376,500
5377,623
5378,-29
5379,625
5380,675
5381,-125
5382,675
5383,-175
5384,675
5385,675
5386,448
5387,623
5388,300
5389,675
5390,675
5391,675
5392,450
5393,675
5394,621
5395,-77
5396,525
5397,623
5398,348
5399,573
5400,623
5401,525
5402,500
5403,675
5404,671
5405,675
5406,625
5407,575
5408,325
5409,573
5410,675
5411,625
5412,675
5413,625
5414,575
5415,475
5416,623
5417,-27
5418,-75
5419,625
5420,623
5421,550
5422,675
5423,623
5424,621
5425,675
5426,-75
5427,-75
5428,675
5429,675
5430,-200
5431,325
5432,-77
5433,350
5434,300
5435,675
5436,625
5437,-75
5438,298
5439,-125
5440,-175
5441,323
5442,675
5443,625
5444,673
5445,675
5446,675
5447,625
5448,375
5449,425
5450,675
5451,675
5452,673
5453,325
5454,248
5455,525
5456,-77
5457,348
5458,673
5459,675
5460,625
5461,421
5462,675
5463,-75
5464,-125
5465,-125
5466,623
5467,675
5468,425
5469,575
5470,-125
5471,-152
5472,675
5473,625
5474,475
5475,625
5476,675
5477,-77
5478,400
5479,673
5480,525
5481,625
5482,625
5483,675
5484,675
5485,623
5486,-125
5487,625
5488,671
5489,375
5490,675
5491,671
5492,623
5493,625
5494,275
5495,-125
5496,675
5497,525
5498,621
5499,675
5500,575
5501,625
5502,673
5503,-229
5504,675
5505,425
5506,625
5507,675
5508,623
5509,-75
5510,425
5511,-150
5512,575
5513,-25
5514,673
5515,573
5516,-25
5517,523
5518,550
5519,-79
5520,625
5521,425
5522,625
5523,625
5524,575
5525,569
5526,675
5527,675
5528,525
5529,-179
5530,573
5531,675
5532,625
5533,671
5534,423
5535,625
5536,625
5537,675
5538,675
5539,675
5540,-75
5541,625
5542,525
5543,550
5544,548
5545,675
5546,625
5547,621
5548,400
5549,625
5550,675
5551,675
5552,-75
5553,-125
5554,625
5555,575
5556,550
5557,625
5558,673
5559,525
5560,675
5561,625
5562,573
5563,-225
5564,625
5565,675
5566,675
5567,425
5568,673
5569,325
5570,425
5571,675
5572,625
5573,573
5574,625
5575,-25
5576,675
5577,475
5578,625
5579,550
5580,675
5581,675
5582,625
5583,675
5584,375
5585,675
5586,675
5587,400
5588,575
5589,623
5590,673
5591,675
5592,673
5593,675
5594,525
5595,675
5596,575
5597,573
5598,523
5599,673
5600,525
5601,673
5602,625
5603,623
5604,675
5605,471
5606,500
5607,623
5608,-177
5609,-131
5610,625
5611,625
5612,675
5613,675
5614,398
5615,425
5616,298
5617,621
5618,-75
5619,400
5620,525
5621,575
5622,625
5623,675
5624,675
5625,571
5626,623
5627,421
5628,446
5629,-125
5630,525
5631,619
5632,523
5633,675
5634,669
5635,373
5636,675
5637,575
5638,623
5639,675
5640,575
5641,298
5642,675
5643,425
5644,-79
5645,400
5646,575
5647,621
5648,575
5649,623
5650,625
5651,525
5652,675
5653,450
5654,525
5655,673
5656,425
5657,673
5658,625
5659,-75
5660,450
5661,523
5662,675
5663,248
5664,425
5665,625
5666,623
5667,675
5668,425
5669,675
5670,623
5671,-175
5672,573
5673,223
5674,550
5675,-27
5676,575
5677,-75
5678,-125
5679,-75
5680,-27
5681,525
5682,625
5683,300
5684,625
5685,675
5686,675
5687,523
5688,-131
5689,623
5690,575
5691,675
5692,-127
5693,425
5694,473
5695,521
5696,625
5697,675
5698,625
5699,621
5700,-75
5701,-75
5702,675
5703,-77
5704,-175
5705,523
5706,550
5707,621
5708,623
5709,-131
5710,623
5711,673
5712,523
5713,0
5714,-125
5715,673
5716,-75
5717,-77
5718,675
5719,673
5720,675
5721,575
5722,-125
5723,675
5724,675
5725,673
5726,675
5727,675
5728,575
5729,675
5730,375
5731,350
5732,-75
5733,673
5734,623
5735,675
5736,675
5737,425
5738,400
5739,623
5740,573
5741,675
5742,675
5743,625
5744,0
5745,675
5746,-75
5747,523
5748,675
5749,673
5750,-25
5751,571
5752,-125
5753,673
5754,675
5755,525
5756,623
5757,625
5758,671
5759,675
5760,546
5761,621
5762,425
5763,625
5764,523
5765,675
5766,525
5767,-29
5768,400
5769,675
5770,625
5771,575
5772,-75
5773,675
5774,471
5775,675
5776,573
5777,675
5778,325
5779,621
5780,-77
5781,525
5782,675
5783,675
5784,-127
5785,548
5786,573
5787,575
5788,-77
5789,425
5790,623
5791,623
5792,375
5793,675
5794,623
5795,348
5796,-129
5797,575
5798,73
5799,575
5800,675
5801,675
5802,-79
5803,250
5804,673
5805,575
5806,-75
5807,575
5808,675
5809,371
5810,625
5811,-175
5812,675
5813,498
5814,-75
5815,673
5816,-125
5817,425
5818,625
5819,575
5820,575
5821,625
5822,375
5823,571
5824,-27
5825,-75
5826,625
5827,323
5828,425
5829,623
5830,-125
5831,675
5832,675
5833,-125
5834,673
5835,500
5836,675
5837,675
5838,475
5839,625
5840,-125
5841,625
5842,-75
5843,525
5844,523
5845,675
5846,-31
5847,-125
5848,573
5849,673
5850,-75
5851,-127
5852,625
5853,296
5854,-77
5855,675
5856,675
5857,625
5858,673
5859,-125
5860,675
5861,675
5862,-77
5863,625
5864,675
5865,675
5866,475
5867,-77
5868,623
5869,623
5870,673
5871,675
5872,250
5873,-125
5874,675
5875,673
5876,-127
5877,-25
5878,675
5879,275
5880,623
5881,-125
5882,523
5883,675
5884,-75
5885,525
5886,675
5887,675
5888,525
5889,575
5890,-75
5891,675
5892,348
5893,625
5894,525
5895,675
5896,573
5897,675
5898,398
5899,325
5900,573
5901,675
5902,675
5903,-79
5904,675
5905,525
5906,675
5907,675
5908,196
5909,-27
5910,673
5911,675
5912,625
5913,625
5914,-27
5915,250
5916,675
5917,675
5918,-127
5919,546
5920,675
5921,525
5922,675
5923,675
5924,398
5925,673
5926,575
5927,525
5928,448
5929,671
5930,675
5931,125
5932,-27
5933,569
5934,675
5935,675
5936,673
5937,373
5938,673
5939,-75
5940,-25
5941,525
5942,475
5943,400
5944,-79
5945,621
5946,675
5947,-125
5948,525
5949,250
5950,546
5951,-75
5952,-75
5953,-125
5954,675
5955,200
5956,-125
5957,-127
5958,625
5959,623
5960,673
5961,625
5962,473
5963,375
5964,275
5965,-125
5966,675
5967,575
5968,625
5969,523
5970,573
5971,573
5972,546
5973,573
5974,675
5975,625
5976,575
5977,625
5978,525
5979,-75
5980,-25
5981,475
5982,523
5983,548
5984,623
5985,623
5986,675
5987,571
5988,625
5989,673
5990,400
5991,671
5992,623
5993,-75
5994,-125
5995,425
5996,-25
5997,575
5998,625
5999,548
6000,675
6001,448
6002,-75
6003,673
6004,325
6005,423
6006,625
6007,675
6008,521
6009,-125
6010,525
6011,400
6012,473
6013,625
6014,-125
6015,219
6016,675
6017,675
6018,675
6019,623
6020,675
6021,625
6022,-125
6023,675
6024,625
6025,575
6026,-25
6027,623
6028,673
6029,675
6030,675
6031,675
6032,400
6033,625
6034,-125
6035,625
6036,675
6037,623
6038,-25
6039,-125
6040,-125
6041,625
6042,525
6043,450
6044,-75
6045,675
6046,675
6047,298
6048,673
6049,625
6050,625
6051,675
6052,673
6053,-75
6054,475
6055,-227
6056,400
6057,623
6058,550
6059,425
6060,-75
6061,675
6062,350
6063,-131
6064,575
6065,673
6066,575
6067,575
6068,575
6069,619
6070,623
6071,675
6072,-125
6073,-125
6074,675
6075,625
6076,575
6077,675
6078,625
6079,575
6080,-125
6081,25
6082,675
6083,-125
6084,675
6085,71
6086,625
6087,-75
6088,625
6089,625
6090,575
6091,675
6092,625
6093,-125
6094,675
6095,498
6096,675
6097,575
6098,623
6099,675
6100,621
6101,625
6102,-77
6103,575
6104,-75
6105,473
6106,498
6107,675
6108,448
6109,-125
6110,575
6111,-81
6112,623
6113,675
6114,675
6115,673
6116,575
6117,398
6118,523
6119,673
6120,546
6121,625
6122,325
6123,300
6124,673
6125,350
6126,523
6127,575
6128,625
6129,48
6130,675
6131,350
6132,-200
6133,325
6134,473
6135,675
6136,671
6137,625
6138,398
6139,625
6140,-27
6141,675
6142,-125
6143,475
6144,525
6145,625
6146,675
6147,-125
6148,-125
6149,675
6150,425
6151,675
6152,523
6153,623
6154,675
6155,-125
6156,575
6157,675
6158,625
6159,675
6160,673
6161,573
6162,500
6163,-125
6164,671
6165,673
6166,275
6167,675
6168,625
6169,675
6170,548
6171,-75
6172,673
6173,673
6174,-25
6175,675
6176,675
6177,273
6178,623
6179,400
6180,575
6181,-75
6182,425
6183,625
6184,523
6185,675
6186,-100
6187,-25
6188,575
6189,475
6190,573
6191,548
6192,-81
6193,623
6194,673
6195,525
6196,575
6197,525
6198,675
6199,423
6200,673
6201,675
6202,-125
6203,675
6204,673
6205,675
6206,623
6207,525
6208,625
6209,398
6210,675
6211,-125
6212,525
6213,373
6214,625
6215,621
6216,-31
6217,623
6218,-50
6219,-29
6220,625
6221,675
6222,673
6223,-125
6224,523
6225,298
6226,675
6227,623
6228,625
6229,-77
6230,400
6231,621
6232,-125
6233,-129
6234,625
6235,500
6236,575
6237,621
6238,623
6239,523
6240,373
6241,475
6242,623
6243,-127
6244,675
6245,675
6246,625
6247,473
6248,550
6249,-75
6250,575
6251,675
6252,-127
6253,673
6254,675
6255,575
6256,346
6257,675
6258,-125
6259,-125
6260,573
6261,675
6262,623
6263,473
6264,675
6265,525
6266,-75
6267,-229
6268,673
6269,675
6270,573
6271,575
6272,475
6273,521
6274,344
6275,525
6276,-125
6277,-250
6278,525
6279,675
6280,398
6281,623
6282,675
6283,400
6284,673
6285,-75
6286,475
6287,-125
6288,675
6289,523
6290,-75
6291,675
6292,-125
6293,-83
6294,373
6295,300
6296,675
6297,423
6298,623
6299,575
6300,573
6301,-75
6302,675
6303,625
6304,425
6305,625
6306,573
6307,-75
6308,348
6309,675
6310,673
6311,675
6312,625
6313,-75
6314,675
6315,-75
6316,523
6317,675
6318,225
6319,625
6320,673
6321,521
6322,375
6323,346
6324,-25
6325,625
6326,300
6327,-75
6328,-177
6329,-125
6330,675
6331,400
6332,548
6333,-75
6334,625
6335,625
6336,623
6337,625
6338,-125
6339,625
6340,275
6341,575
6342,675
6343,625
6344,425
6345,625
6346,494
6347,-75
6348,623
6349,675
6350,-175
6351,-25
6352,625
6353,425
6354,625
6355,225
6356,675
6357,673
6358,523
6359,625
6360,123
6361,575
6362,546
6363,625
6364,625
6365,-125
6366,-179
6367,675
6368,525
6369,673
6370,573
6371,-75
6372,573
6373,523
6374,675
6375,675
6376,675
6377,623
6378,625
6379,-229
6380,673
6381,575
6382,425
6383,525
6384,225
6385,673
6386,575
6387,573
6388,675
6389,625
6390,675
6391,675
6392,675
6393,625
6394,571
6395,625
6396,575
6397,573
6398,675
6399,-52
6400,-27
6401,-31
6402,575
6403,675
6404,471
6405,675
6406,-127
6407,475
6408,673
6409,-81
6410,625
6411,575
6412,-175
6413,625
6414,625
6415,625
6416,625
6417,348
6418,623
6419,475
6420,-25
6421,675
6422,575
6423,675
6424,-125
6425,-25
6426,675
6427,673
6428,-125
6429,675
6430,348
6431,675
6432,625
6433,275
6434,675
6435,-125
6436,621
6437,573
6438,673
6439,623
6440,675
6441,673
6442,675
6443,473
6444,400
6445,-4
6446,625
6447,-25
6448,625
6449,300
6450,548
6451,275
6452,-125
6453,621
6454,225
6455,575
6456,-27
6457,675
6458,425
6459,-75
6460,-75
6461,625
6462,425
6463,525
6464,473
6465,673
6466,675
6467,-29
6468,675
6469,673
6470,675
6471,548
6472,673
6473,675
6474,475
6475,400
6476,571
6477,519
6478,673
6479,525
6480,425
6481,575
6482,275
6483,625
6484,525
6485,675
6486,-125
6487,425
6488,-275
6489,675
6490,673
6491,523
6492,625
6493,625
6494,525
6495,-125
6496,-77
6497,525
6498,575
6499,571
6500,675
6501,671
6502,673
6503,546
6504,675
6505,573
6506,675
6507,675
6508,675
6509,-25
6510,398
6511,425
6512,273
6513,625
6514,573
6515,621
6516,-125
6517,675
6518,-77
6519,673
6520,675
6521,673
6522,675
6523,625
6524,625
6525,675
6526,675
6527,675
6528,675
6529,-125
6530,348
6531,525
6532,575
6533,475
6534,-125
6535,675
6536,-125
6537,675
6538,369
6539,675
6540,675
6541,675
6542,675
6543,675
6544,675
6545,425
6546,625
6547,573
6548,521
6549,423
6550,675
6551,675
6552,675
6553,-175
6554,473
6555,-125
6556,523
6557,575
6558,623
6559,675
6560,-125
6561,275
6562,575
6563,200
6564,673
6565,621
6566,625
6567,673
6568,475
6569,473
6570,471
6571,623
6572,575
6573,623
6574,675
6575,625
6576,-50
6577,623
6578,425
6579,623
6580,500
6581,573
6582,621
6583,671
6584,675
6585,621
6586,-377
6587,325
6588,673
6589,625
6590,571
6591,625
6592,671
6593,-75
6594,671
6595,-77
6596,625
6597,621
6598,675
6599,350
6600,675
6601,671
6602,-25
6603,669
6604,-75
6605,675
6606,-75
6607,673
6608,525
6609,-75
6610,675
6611,298
6612,623
6613,675
6614,300
6615,625
6616,-175
6617,675
6618,-125
6619,675
6620,425
6621,375
6622,625
6623,675
6624,550
6625,675
6626,0
6627,673
6628,675
6629,350
6630,-27
6631,675
6632,-125
6633,625
6634,421
6635,675
6636,-75
6637,400
6638,675
6639,150
6640,675
6641,575
6642,625
6643,675
6644,675
6645,675
6646,675
6647,-75
6648,625
6649,521
6650,400
6651,623
6652,675
6653,625
6654,600
6655,675
6656,671
6657,675
6658,-125
6659,675
6660,675
6661,675
6662,-129
6663,575
6664,625
6665,675
6666,573
6667,625
6668,425
6669,675
6670,423
6671,673
6672,675
6673,-200
6674,623
6675,623
6676,623
6677,523
6678,673
6679,-125
6680,625
6681,-125
6682,300
6683,-25
6684,675
6685,625
6686,673
6687,-79
6688,471
6689,673
6690,623
6691,625
6692,675
6693,-125
6694,673
6695,-75
6696,-25
6697,-125
6698,625
6699,550
6700,625
6701,298
6702,573
6703,623
6704,675
6705,-77
6706,396
6707,625
6708,575
6709,625
6710,625
6711,500
6712,675
6713,675
6714,675
6715,425
6716,525
6717,450
6718,625
6719,675
6720,625
6721,423
6722,673
6723,675
6724,675
6725,375
6726,675
6727,425
6728,673
6729,350
6730,400
6731,675
6732,-77
6733,475
6734,525
6735,673
6736,473
6737,425
6738,625
6739,425
6740,625
6741,625
6742,498
6743,375
6744,623
6745,575
6746,675
6747,675
6748,623
6749,573
6750,-125
6751,675
6752,623
6753,623
6754,375
6755,673
6756,623
6757,623
6758,525
6759,675
6760,623
6761,621
6762,425
6763,475
6764,-75
6765,523
6766,573
6767,675
6768,625
6769,300
6770,-25
6771,625
6772,675
6773,675
6774,598
6775,525
6776,573
6777,375
6778,675
6779,623
6780,425
6781,673
6782,-175
6783,675
6784,675
6785,-125
6786,673
6787,573
6788,625
6789,325
6790,-125
6791,-327
6792,-27
6793,675
6794,-75
6795,-75
6796,675
6797,-50
6798,-77
6799,625
6800,550
6801,675
6802,425
6803,675
6804,625
6805,-25
6806,675
6807,500
6808,550
6809,125
6810,625
6811,-129
6812,-175
6813,298
6814,475
6815,623
6816,625
6817,371
6818,425
6819,623
6820,521
6821,425
6822,625
6823,625
6824,675
6825,673
6826,675
6827,575
6828,-75
6829,673
6830,625
6831,675
6832,-75
6833,525
6834,523
6835,296
6836,373
6837,373
6838,-125
6839,675
6840,425
6841,675
6842,-50
6843,675
6844,625
6845,475
6846,-31
6847,-27
6848,-100
6849,-125
6850,675
6851,671
6852,673
6853,575
6854,523
6855,-75
6856,625
6857,523
6858,575
6859,675
6860,623
6861,673
6862,675
6863,625
6864,625
6865,673
6866,625
6867,671
6868,475
6869,623
6870,525
6871,523
6872,625
6873,675
6874,675
6875,-127
6876,425
6877,171
6878,675
6879,425
6880,-75
6881,675
6882,675
6883,323
6884,573
6885,550
6886,675
6887,425
6888,675
6889,-29
6890,625
6891,521
6892,623
6893,673
6894,421
6895,398
6896,-75
6897,198
6898,550
6899,573
6900,575
6901,275
6902,-125
6903,-25
6904,675
6905,675
6906,625
6907,425
6908,-175
6909,625
6910,523
6911,675
6912,-125
6913,-75
6914,-75
6915,675
6916,625
6917,375
6918,548
6919,675
6920,575
6921,575
6922,575
6923,-125
6924,575
6925,625
6926,673
6927,621
6928,675
6929,-75
6930,-25
6931,675
6932,563
6933,675
6934,625
6935,-177
6936,673
6937,623
6938,675
6939,-125
6940,675
6941,-125
6942,673
6943,573
6944,575
6945,625
6946,498
6947,673
6948,675
6949,25
6950,575
6951,675
6952,675
6953,-75
6954,-127
6955,400
6956,673
6957,-125
6958,675
6959,575
6960,625
6961,675
6962,-127
6963,425
6964,675
6965,-25
6966,-25
6967,-125
6968,625
6969,300
6970,573
6971,523
6972,575
6973,625
6974,-75
6975,625
6976,673
6977,525
6978,625
6979,675
6980,-125
6981,400
6982,523
6983,625
6984,-75
6985,-75
6986,525
6987,575
6988,550
6989,525
6990,-175
6991,573
6992,675
6993,-79
6994,544
6995,675
6996,575
6997,675
6998,400
6999,625
7000,673
7001,625
7002,575
7003,573
7004,-125
7005,675
7006,-27
7007,425
7008,-125
7009,550
7010,621
7011,625
7012,625
7013,675
7014,571
7015,675
7016,-75
7017,623
7018,-52
7019,525
7020,675
7021,625
7022,125
7023,675
7024,673
7025,475
7026,675
7027,625
7028,671
7029,675
7030,671
7031,-125
7032,571
7033,448
7034,575
7035,550
7036,450
7037,-75
7038,675
7039,675
7040,525
7041,625
7042,675
7043,625
7044,675
7045,675
7046,525
7047,-125
7048,625
7049,423
7050,446
7051,296
7052,-79
7053,625
7054,-125
7055,573
7056,-75
7057,675
7058,675
7059,-127
7060,673
7061,625
7062,675
7063,575
7064,550
7065,625
7066,569
7067,675
7068,550
7069,573
7070,675
7071,400
7072,425
7073,-27
7074,-127
7075,400
7076,550
7077,625
7078,-125
7079,525
7080,-75
7081,675
7082,675
7083,575
7084,450
7085,625
7086,675
7087,375
7088,-177
7089,-125
7090,625
7091,475
7092,-127
7093,523
7094,425
7095,-79
7096,675
7097,525
7098,500
7099,298
7100,573
7101,575
7102,425
7103,675
7104,625
7105,675
7106,-50
7107,673
7108,425
7109,575
7110,675
7111,573
7112,625
7113,-129
7114,625
7115,400
7116,623
7117,675
7118,625
7119,625
7120,625
7121,625
7122,598
7123,675
7124,675
7125,473
7126,675
7127,673
7128,625
7129,571
7130,-127
7131,525
7132,573
7133,-27
7134,-175
7135,675
7136,344
7137,675
7138,-75
7139,575
7140,675
7141,673
7142,675
7143,619
7144,675
7145,-75
7146,523
7147,675
7148,675
7149,675
7150,348
7151,273
7152,675
7153,-125
7154,625
7155,675
7156,-27
7157,675
7158,575
7159,523
7160,-127
7161,673
7162,569
7163,-131
7164,675
7165,573
7166,500
7167,575
7168,675
7169,675
7170,625
7171,-75
7172,575
7173,673
7174,523
7175,625
7176,675
7177,623
7178,625
7179,625
7180,625
7181,-77
7182,623
7183,675
7184,625
7185,675
7186,675
7187,525
7188,623
7189,575
7190,623
7191,673
7192,625
7193,625
7194,675
7195,-75
7196,-77
7197,200
7198,675
7199,625
7200,675
7201,-125
7202,-77
7203,575
7204,675
7205,675
7206,675
7207,450
7208,675
7209,625
7210,675
7211,550
7212,523
7213,675
7214,-175
7215,475
7216,275
7217,571
7218,675
7219,-75
7220,625
7221,-175
7222,675
7223,623
7224,475
7225,675
7226,525
7227,673
7228,621
7229,623
7230,450
7231,575
7232,673
7233,348
7234,675
7235,575
7236,625
7237,-75
7238,-77
7239,248
7240,-75
7241,675
7242,675
7243,500
7244,675
7245,675
7246,675
7247,625
7248,625
7249,675
7250,623
7251,575
7252,673
7253,375
7254,625
7255,-75
7256,425
7257,396
7258,675
7259,675
7260,25
7261,625
7262,-75
7263,673
7264,298
7265,625
7266,575
7267,-125
7268,625
7269,675
7270,-75
7271,675
7272,675
7273,125
7274,-125
7275,-75
7276,671
7277,250
7278,298
7279,473
7280,-75
7281,-125
7282,575
7283,425
7284,675
7285,625
7286,425
7287,-25
7288,625
7289,-75
7290,575
7291,575
7292,675
7293,-125
7294,-125
7295,548
7296,621
7297,375
7298,-125
7299,575
7300,525
7301,525
7302,575
7303,525
7304,575
7305,525
7306,575
7307,525
7308,525
7309,675
7310,625
7311,625
7312,619
7313,400
7314,625
7315,675
7316,275
7317,625
7318,623
7319,675
7320,-25
7321,425
7322,625
7323,-125
7324,673
7325,573
7326,675
7327,625
7328,625
7329,448
7330,625
7331,673
7332,625
7333,300
7334,623
7335,625
7336,675
7337,150
7338,496
7339,625
7340,675
7341,625
7342,625
7343,673
7344,-75
7345,325
7346,-25
7347,675
7348,625
7349,625
7350,673
7351,675
7352,525
7353,673
7354,573
7355,675
7356,625
7357,625
7358,-75
7359,623
7360,675
7361,623
7362,398
7363,575
7364,-125
7365,675
7366,673
7367,625
7368,675
7369,673
7370,-25
7371,-81
7372,200
7373,375
7374,-177
7375,675
7376,-75
7377,350
7378,450
7379,675
7380,675
7381,675
7382,-27
7383,575
7384,-75
7385,275
7386,-175
7387,521
7388,675
7389,-75
7390,675
7391,-75
7392,673
7393,-125
7394,425
7395,623
7396,423
7397,-125
7398,375
7399,-127
7400,675
7401,575
7402,671
7403,675
7404,625
7405,473
7406,425
7407,623
7408,675
7409,350
7410,575
7411,623
7412,473
7413,-75
7414,571
7415,575
7416,673
7417,-125
7418,625
7419,625
7420,675
7421,573
7422,575
7423,675
7424,-125
7425,573
7426,425
7427,675
7428,675
7429,625
7430,623
7431,-75
7432,425
7433,675
7434,621
7435,675
7436,675
7437,575
7438,625
7439,625
7440,675
7441,675
7442,623
7443,425
7444,-75
7445,423
7446,675
7447,523
7448,675
7449,625
7450,675
7451,575
7452,625
7453,523
7454,573
7455,525
7456,623
7457,250
7458,671
7459,675
7460,223
7461,-27
7462,-79
7463,623
7464,575
7465,523
7466,621
7467,675
7468,675
7469,625
7470,450
7471,675
7472,625
7473,475
7474,573
7475,548
7476,398
7477,575
7478,625
7479,525
7480,475
7481,575
7482,71
7483,675
7484,-125
7485,525
7486,671
7487,-75
7488,573
7489,525
7490,400
7491,375
7492,625
7493,525
7494,675
7495,625
7496,621
7497,-54
7498,-125
7499,675
7500,523
7501,675
7502,675
7503,675
7504,-27
7505,473
7506,-125
7507,675
7508,-125
7509,-125
7510,675
7511,500
7512,-125
7513,498
7514,625
7515,473
7516,425
7517,675
7518,-181
7519,625
7520,675
7521,500
7522,-25
7523,423
7524,673
7525,525
7526,675
7527,525
7528,571
7529,623
7530,-75
7531,623
7532,675
7533,475
7534,675
7535,625
7536,575
7537,-75
7538,-125
7539,300
7540,623
7541,625
7542,623
7543,523
7544,675
7545,-75
7546,675
7547,-252
7548,625
7549,671
7550,675
7551,623
7552,-75
7553,575
7554,675
7555,-75
7556,625
7557,400
7558,-100
7559,550
7560,425
7561,-125
7562,675
7563,275
7564,375
7565,573
7566,675
7567,575
7568,-127
7569,423
7570,625
7571,469
7572,675
7573,675
7574,444
7575,-77
7576,550
7577,-125
7578,575
7579,675
7580,675
7581,-177
7582,300
7583,675
7584,521
7585,198
7586,425
7587,623
7588,425
7589,675
7590,675
7591,-125
7592,75
7593,673
7594,375
7595,-129
7596,575
7597,623
7598,575
7599,-75
7600,573
7601,-75
7602,-125
7603,675
7604,-127
7605,675
7606,625
7607,675
7608,525
7609,673
7610,675
7611,673
7612,400
7613,675
7614,475
7615,675
7616,673
7617,348
7618,621
7619,425
7620,400
7621,669
7622,675
7623,575
7624,625
7625,-25
7626,675
7627,-75
7628,623
7629,675
7630,675
7631,675
7632,675
7633,675
7634,575
7635,575
7636,521
7637,675
7638,523
7639,571
7640,398
7641,675
7642,425
7643,673
7644,350
7645,223
7646,673
7647,673
7648,375
7649,675
7650,-125
7651,-125
7652,-250
7653,-27
7654,-4
7655,675
7656,525
7657,575
7658,623
7659,323
7660,192
7661,575
7662,573
7663,400
7664,675
7665,350
7666,623
7667,675
7668,573
7669,623
7670,223
7671,673
7672,621
7673,673
7674,673
7675,-25
7676,675
7677,625
7678,625
7679,423
7680,675
7681,348
7682,-75
7683,623
7684,625
7685,675
7686,575
7687,675
7688,673
7689,675
7690,675
7691,625
7692,675
7693,-79
7694,621
7695,673
7696,321
7697,625
7698,675
7699,525
7700,500
7701,625
7702,425
7703,575
7704,-200
7705,-75
7706,625
7707,400
7708,523
7709,623
7710,675
7711,625
7712,-75
7713,623
7714,525
7715,-75
7716,617
7717,-25
7718,-25
7719,575
7720,-79
7721,375
7722,625
7723,-75
7724,450
7725,523
7726,675
7727,623
7728,575
7729,-25
7730,675
7731,-100
7732,625
7733,475
7734,675
7735,625
7736,-125
7737,623
7738,450
7739,498
7740,675
7741,498
7742,-175
7743,675
7744,525
7745,523
7746,625
7747,-75
7748,675
7749,348
7750,525
7751,550
7752,675
7753,675
7754,550
7755,625
7756,471
7757,625
7758,615
7759,625
7760,623
7761,573
7762,675
7763,-75
7764,-6
7765,525
7766,675
7767,546
7768,575
7769,525
7770,-25
7771,675
7772,400
7773,673
7774,-77
7775,500
7776,623
7777,575
7778,625
7779,675
7780,-125
7781,675
7782,523
7783,550
7784,675
7785,-175
7786,623
7787,623
7788,675
7789,425
7790,625
7791,673
7792,675
7793,625
7794,275
7795,675
7796,350
7797,575
7798,425
7799,-75
7800,-125
7801,575
7802,625
7803,675
7804,150
7805,550
7806,475
7807,423
7808,-175
7809,400
7810,-125
7811,675
7812,623
7813,675
7814,525
7815,621
7816,550
7817,573
7818,621
7819,675
7820,-27
7821,675
7822,498
7823,675
7824,673
7825,625
7826,400
7827,-29
7828,625
7829,625
7830,275
7831,298
7832,625
7833,573
7834,475
7835,573
7836,525
7837,625
7838,675
7839,525
7840,675
7841,-125
7842,571
7843,573
7844,575
7845,373
7846,675
7847,425
7848,-77
7849,625
7850,-77
7851,673
7852,675
7853,-100
7854,675
7855,-125
7856,375
7857,675
7858,675
7859,425
7860,623
7861,625
7862,-125
7863,525
7864,-200
7865,675
7866,625
7867,675
7868,473
7869,-25
7870,-25
7871,623
7872,675
7873,-27
7874,575
7875,375
7876,575
7877,-125
7878,573
7879,400
7880,573
7881,-125
7882,675
7883,625
7884,623
7885,675
7886,675
7887,525
7888,400
7889,675
7890,400
7891,623
7892,669
7893,675
7894,625
7895,-25
7896,673
7897,625
7898,-27
7899,525
7900,525
7901,675
7902,-29
7903,-125
7904,575
7905,675
7906,425
7907,-125
7908,425
7909,625
7910,325
7911,675
7912,621
7913,625
7914,625
7915,673
7916,675
7917,450
7918,675
7919,-25
7920,673
7921,-29
7922,521
7923,573
7924,523
7925,525
7926,475
7927,150
7928,523
7929,523
7930,673
7931,675
7932,675
7933,675
7934,-175
7935,525
7936,625
7937,675
7938,675
7939,425
7940,-75
7941,546
7942,423
7943,623
7944,273
7945,525
7946,675
7947,675
7948,-27
7949,675
7950,575
7951,625
7952,396
7953,575
7954,673
7955,675
7956,625
7957,571
7958,546
7959,673
7960,300
7961,673
7962,625
7963,-75
7964,625
7965,675
7966,675
7967,675
7968,575
7969,473
7970,375
7971,575
7972,671
7973,-25
7974,350
7975,675
7976,675
7977,625
7978,671
7979,-25
7980,475
7981,523
7982,-77
7983,575
7984,675
7985,673
7986,675
7987,625
7988,625
7989,398
7990,-25
7991,673
7992,550
7993,673
7994,548
7995,675
7996,450
7997,625
7998,-175
7999,625
8000,575
8001,625
8002,675
8003,-125
8004,525
8005,625
8006,550
8007,675
8008,425
8009,-27
8010,525
8011,473
8012,675
8013,550
8014,675
8015,575
8016,573
8017,300
8018,675
8019,519
8020,475
8021,625
8022,575
8023,425
8024,-127
8025,425
8026,500
8027,673
8028,525
8029,-25
8030,198
8031,-125
8032,575
8033,-27
8034,575
8035,75
8036,-50
8037,325
8038,675
8039,-77
8040,-75
8041,348
8042,396
8043,625
8044,673
8045,350
8046,675
8047,425
8048,400
8049,675
8050,675
8051,625
8052,425
8053,325
8054,523
8055,-125
8056,-75
8057,-75
8058,400
8059,-177
8060,373
8061,575
8062,575
8063,625
8064,-75
8065,-177
8066,675
8067,625
8068,523
8069,623
8070,473
8071,675
8072,623
8073,425
8074,75
8075,375
8076,675
8077,675
8078,575
8079,475
8080,623
8081,675
8082,350
8083,575
8084,675
8085,571
8086,671
8087,575
8088,525
8089,350
8090,623
8091,573
8092,675
8093,625
8094,675
8095,398
8096,625
8097,625
8098,575
8099,398
8100,523
8101,675
8102,675
8103,675
8104,-200
8105,425
8106,675
8107,425
8108,375
8109,-200
8110,575
8111,-125
8112,400
8113,575
8114,625
8115,673
8116,675
8117,675
8118,675
8119,525
8120,325
8121,675
8122,-77
8123,575
8124,675
8125,575
8126,673
8127,450
8128,400
8129,623
8130,575
8131,673
8132,-125
8133,625
8134,475
8135,675
8136,-254
8137,673
8138,675
8139,400
8140,521
8141,675
8142,523
8143,475
8144,373
8145,675
8146,-25
8147,-75
8148,523
8149,675
8150,675
8151,675
8152,423
8153,675
8154,675
8155,-125
8156,569
8157,-127
8158,-27
8159,675
8160,625
8161,671
8162,473
8163,625
8164,575
8165,573
8166,575
8167,-125
8168,623
8169,-250
8170,-25
8171,-177
8172,298
8173,625
8174,623
8175,675
8176,425
8177,425
8178,-29
8179,-150
8180,225
8181,625
8182,675
8183,625
8184,-102
8185,-125
8186,500
8187,425
8188,675
8189,623
8190,575
8191,675
8192,398
8193,-127
8194,-200
8195,-75
8196,625
8197,-75
8198,-125
8199,625
8200,625
8201,-27
8202,675
8203,-75
8204,-125
8205,-25
8206,375
8207,550
8208,575
8209,575
8210,498
8211,425
8212,625
8213,-75
8214,675
8215,625
8216,675
8217,623
8218,673
8219,673
8220,675
8221,525
8222,625
8223,525
8224,573
8225,625
8226,675
8227,423
8228,548
8229,569
8230,550
8231,623
8232,-75
8233,-75
8234,-75
8235,425
8236,573
8237,625
8238,573
8239,675
8240,625
8241,498
8242,475
8243,625
8244,-127
8245,675
8246,521
8247,675
8248,-75
8249,575
8250,525
8251,625
8252,675
8253,-177
8254,575
8255,273
8256,625
8257,350
8258,500
8259,325
8260,675
8261,496
8262,425
8263,675
8264,575
8265,-75
8266,675
8267,625
8268,623
8269,675
8270,675
8271,500
8272,-27
8273,625
8274,-79
8275,625
8276,625
8277,675
8278,615
8279,625
8280,525
8281,350
8282,575
8283,-125
8284,675
8285,625
8286,625
8287,625
8288,675
8289,675
8290,473
8291,625
8292,325
8293,675
8294,-129
8295,675
8296,625
8297,675
8298,573
8299,625
8300,-125
8301,425
8302,623
8303,-75
8304,675
8305,200
8306,-177
8307,673
8308,625
8309,675
8310,675
8311,-75
8312,575
8313,675
8314,675
8315,675
8316,-125
8317,350
8318,-75
8319,623
8320,625
8321,475
8322,475
8323,500
8324,621
8325,675
8326,475
8327,-25
8328,675
8329,400
8330,296
8331,169
8332,375
8333,300
8334,521
8335,571
8336,-102
8337,150
8338,675
8339,573
8340,-75
8341,-75
8342,525
8343,-125
8344,675
8345,575
8346,625
8347,-75
8348,675
8349,675
8350,-75
8351,575
8352,675
8353,625
8354,625
8355,-75
8356,523
8357,425
8358,673
8359,525
8360,400
8361,523
8362,523
8363,269
8364,675
8365,-125
8366,575
8367,421
8368,-75
8369,673
8370,623
8371,450
8372,675
8373,-127
8374,675
8375,-2
8376,625
8377,-75
8378,500
8379,625
8380,-125
8381,-75
8382,573
8383,521
8384,623
8385,575
8386,200
8387,625
8388,675
8389,625
8390,625
8391,425
8392,-125
8393,625
8394,675
8395,575
8396,298
8397,675
8398,550
8399,675
8400,425
8401,623
8402,-27
8403,675
8404,675
8405,-125
8406,523
8407,625
8408,675
8409,625
8410,-27
8411,525
8412,475
8413,523
8414,-27
8415,673
8416,675
8417,573
8418,625
8419,675
8420,-127
8421,425
8422,0
8423,675
8424,623
8425,675
8426,675
8427,575
8428,625
8429,575
8430,675
8431,350
8432,625
8433,500
8434,675
8435,473
8436,625
8437,675
8438,498
8439,350
8440,673
8441,525
8442,-125
8443,625
8444,575
8445,673
8446,375
8447,673
8448,675
8449,625
8450,421
8451,475
8452,275
8453,623
8454,498
8455,675
8456,-125
8457,675
8458,625
8459,625
8460,625
8461,275
8462,525
8463,625
8464,673
8465,675
8466,-125
8467,550
8468,-125
8469,673
8470,-27
8471,675
8472,673
8473,273
8474,-125
8475,675
8476,575
8477,573
8478,625
8479,675
8480,669
8481,675
8482,375
8483,625
8484,675
8485,348
8486,625
8487,475
8488,675
8489,-75
8490,350
8491,375
8492,623
8493,675
8494,675
8495,550
8496,675
8497,673
8498,421
8499,148
8500,623
8501,671
8502,675
8503,-75
8504,625
8505,675
8506,-127
8507,575
8508,675
8509,571
8510,675
8511,625
8512,573
8513,198
8514,673
8515,675
8516,400
8517,-125
8518,-125
8519,-125
8520,575
8521,-125
8522,475
8523,-75
8524,398
8525,-125
8526,675
8527,675
8528,623
8529,-25
8530,625
8531,625
8532,-125
8533,573
8534,-25
8535,575
8536,675
8537,675
8538,575
8539,350
8540,348
8541,675
8542,-27
8543,665
8544,523
8545,523
8546,200
8547,623
8548,625
8549,673
8550,625
8551,-125
8552,673
8553,523
8554,673
8555,425
8556,621
8557,425
8558,625
8559,625
8560,-79
8561,525
8562,425
8563,623
8564,-125
8565,575
8566,623
8567,675
8568,675
8569,-200
8570,625
8571,-75
8572,675
8573,623
8574,675
8575,-75
8576,473
8577,673
8578,-127
8579,-125
8580,625
8581,-75
8582,-175
8583,-125
8584,525
8585,671
8586,575
8587,665
8588,425
8589,-225
8590,-200
8591,-29
8592,675
8593,525
8594,-125
8595,675
8596,575
8597,550
8598,375
8599,673
8600,0
8601,-125
8602,-200
8603,625
8604,150
8605,475
8606,625
8607,675
8608,-75
8609,421
8610,525
8611,398
8612,673
8613,625
8614,525
8615,675
8616,-75
8617,673
8618,573
8619,-27
8620,350
8621,675
8622,475
8623,625
8624,-100
8625,675
8626,673
8627,675
8628,-125
8629,625
8630,573
8631,250
8632,573
8633,-77
8634,625
8635,675
8636,-129
8637,675
8638,-75
8639,625
8640,250
8641,525
8642,675
8643,625
8644,675
8645,400
8646,-125
8647,-125
8648,-75
8649,-125
8650,675
8651,573
8652,500
8653,675
8654,675
8655,673
8656,673
8657,675
8658,675
8659,-77
8660,198
8661,-175
8662,675
8663,350
8664,575
8665,625
8666,675
8667,-75
8668,675
8669,-75
8670,625
8671,-125
8672,-79
8673,569
8674,675
8675,675
8676,-75
8677,675
8678,675
8679,-25
8680,575
8681,425
8682,-27
8683,-31
8684,673
8685,-125
8686,675
8687,525
8688,473
8689,425
8690,625
8691,675
8692,675
8693,-75
8694,571
8695,625
8696,525
8697,623
8698,-75
8699,623
8700,675
8701,-100
8702,625
8703,623
8704,675
8705,-25
8706,625
8707,569
8708,673
8709,525
8710,525
8711,675
8712,575
8713,-279
8714,575
8715,400
8716,73
8717,675
8718,500
8719,398
8720,300
8721,673
8722,400
8723,675
8724,675
8725,298
8726,625
8727,675
8728,525
8729,575
8730,625
8731,425
8732,200
8733,573
8734,675
8735,-75
8736,-125
8737,675
8738,675
8739,425
8740,623
8741,675
8742,625
8743,-27
8744,673
8745,-125
8746,625
8747,623
8748,673
8749,675
8750,325
8751,675
8752,623
8753,525
8754,623
8755,-100
8756,-75
8757,525
8758,625
8759,675
8760,398
8761,675
8762,523
8763,-127
8764,675
8765,675
8766,473
8767,423
8768,675
8769,625
8770,625
8771,673
8772,523
8773,625
8774,675
8775,348
8776,675
8777,675
8778,425
8779,573
8780,475
8781,475
8782,625
8783,573
8784,525
8785,675
8786,625
8787,675
8788,675
8789,675
8790,625
8791,625
8792,675
8793,575
8794,625
8795,675
8796,300
8797,675
8798,675
8799,-75
8800,-75
8801,673
8802,196
8803,673
8804,673
8805,623
8806,523
8807,625
8808,323
8809,625
8810,-75
8811,675
8812,673
8813,-127
8814,673
8815,548
8816,673
8817,525
8818,475
8819,523
8820,625
8821,675
8822,523
8823,300
8824,675
8825,448
8826,-177
8827,-75
8828,525
8829,573
8830,675
8831,675
8832,675
8833,400
8834,675
8835,675
8836,675
8837,675
8838,519
8839,625
8840,675
8841,625
8842,-52
8843,575
8844,621
8845,-177
8846,675
8847,675
8848,625
8849,675
8850,223
8851,675
8852,523
8853,625
8854,623
8855,275
8856,625
8857,675
8858,675
8859,300
8860,671
8861,675
8862,673
8863,473
8864,675
8865,625
8866,675
8867,675
8868,675
8869,400
8870,571
8871,423
8872,671
8873,348
8874,575
8875,425
8876,575
8877,-75
8878,675
8879,-75
8880,-125
8881,-75
8882,621
8883,571
8884,475
8885,621
8886,675
8887,400
8888,575
8889,575
8890,248
8891,675
8892,623
8893,525
8894,525
8895,675
8896,400
8897,473
8898,225
8899,-75
8900,473
8901,675
8902,-75
8903,675
8904,623
8905,675
8906,621
8907,-75
8908,-227
8909,625
8910,575
8911,671
8912,225
8913,675
8914,500
8915,-27
8916,398
8917,623
8918,-75
8919,625
8920,-75
8921,275
8922,675
8923,548
8924,673
8925,675
8926,350
8927,675
8928,573
8929,675
8930,425
8931,625
8932,675
8933,675
8934,675
8935,423
8936,675
8937,575
8938,575
8939,575
8940,625
8941,523
8942,625
8943,525
8944,548
8945,-75
8946,625
8947,675
8948,625
8949,623
8950,-202
8951,625
8952,298
8953,450
8954,473
8955,673
8956,150
8957,673
8958,625
8959,675
8960,-75
8961,625
8962,325
8963,550
8964,673
8965,575
8966,-29
8967,575
8968,521
8969,523
8970,-177
8971,-75
8972,625
8973,575
8974,675
8975,425
8976,625
8977,675
8978,625
8979,625
8980,-77
8981,623
8982,425
8983,375
8984,525
8985,525
8986,425
8987,675
8988,623
8989,675
8990,625
8991,621
8992,-75
8993,573
8994,623
8995,623
8996,425
8997,675
8998,500
8999,-177
9000,573
9001,675
9002,-100
9003,550
9004,675
9005,246
9006,571
9007,475
9008,623
9009,675
9010,-125
9011,675
9012,498
9013,400
9014,-75
9015,-175
9016,675
9017,-125
9018,525
9019,675
9020,250
9021,625
9022,675
9023,675
9024,-75
9025,-125
9026,675
9027,250
9028,525
9029,621
9030,-75
9031,675
9032,550
9033,325
9034,625
9035,300
9036,673
9037,525
9038,-125
9039,573
9040,500
9041,398
9042,398
9043,100
9044,675
9045,625
9046,573
9047,623
9048,473
9049,-125
9050,625
9051,623
9052,623
9053,548
9054,-175
9055,575
9056,623
9057,575
9058,571
9059,675
9060,575
9061,-25
9062,625
9063,673
9064,625
9065,575
9066,-250
9067,350
9068,298
9069,675
9070,298
9071,-177
9072,-75
9073,525
9074,-125
9075,-125
9076,575
9077,623
9078,675
9079,-204
9080,675
9081,675
9082,350
9083,471
9084,573
9085,-75
9086,423
9087,671
9088,675
9089,675
9090,623
9091,573
9092,675
9093,625
9094,523
9095,675
9096,623
9097,221
9098,675
9099,421
9100,621
9101,548
9102,475
9103,471
9104,675
9105,375
9106,625
9107,-125
9108,675
9109,398
9110,673
9111,673
9112,625
9113,-75
9114,425
9115,-125
9116,673
9117,-75
9118,623
9119,550
9120,-27
9121,525
9122,475
9123,-25
9124,625
9125,575
9126,675
9127,675
9128,625
9129,525
9130,625
9131,250
9132,475
9133,498
9134,-125
9135,523
9136,550
9137,623
9138,675
9139,675
9140,673
9141,-125
9142,675
9143,475
9144,523
9145,-77
9146,675
9147,675
9148,625
9149,-175
9150,475
9151,375
9152,625
9153,625
9154,525
9155,573
9156,373
9157,675
9158,625
9159,475
9160,625
9161,675
9162,-125
9163,573
9164,423
9165,-125
9166,625
9167,673
9168,-25
9169,625
9170,346
9171,525
9172,525
9173,573
9174,675
9175,-125
9176,400
9177,625
9178,-125
9179,525
9180,375
9181,-75
9182,675
9183,625
9184,625
9185,348
9186,675
9187,625
9188,575
9189,675
9190,625
9191,575
9192,498
9193,475
9194,575
9195,675
9196,415
9197,625
9198,675
9199,625
9200,675
9201,400
9202,425
9203,575
9204,673
9205,575
9206,673
9207,475
9208,475
9209,-77
9210,675
9211,675
9212,621
9213,575
9214,623
9215,569
9216,675
9217,-177
9218,-27
9219,673
9220,625
9221,525
9222,475
9223,-177
9224,525
9225,675
9226,625
9227,575
9228,675
9229,400
9230,675
9231,575
9232,623
9233,523
9234,673
9235,-27
9236,-29
9237,-27
9238,625
9239,423
9240,498
9241,-127
9242,525
9243,673
9244,675
9245,625
9246,425
9247,625
9248,675
9249,573
9250,673
9251,625
9252,525
9253,250
9254,525
9255,625
9256,575
9257,621
9258,675
9259,-75
9260,423
9261,625
9262,-125
9263,623
9264,625
9265,619
9266,575
9267,373
9268,350
9269,-175
9270,675
9271,671
9272,675
9273,623
9274,400
9275,425
9276,675
9277,623
9278,675
9279,525
9280,600
9281,675
9282,523
9283,625
9284,523
9285,675
9286,550
9287,621
9288,625
9289,675
9290,625
9291,-77
9292,473
9293,550
9294,625
9295,575
9296,623
9297,625
9298,675
9299,625
9300,-77
9301,425
9302,548
9303,675
9304,625
9305,246
9306,400
9307,-25
9308,-125
9309,625
9310,675
9311,675
9312,625
9313,325
9314,625
9315,-179
9316,548
9317,-125
9318,621
9319,375
9320,-125
9321,625
9322,625
9323,625
9324,-127
9325,-125
9326,-27
9327,675
9328,675
9329,575
9330,525
9331,623
9332,296
9333,148
9334,400
9335,575
9336,325
9337,-125
9338,675
9339,-200
9340,-125
9341,523
9342,573
9343,673
9344,473
9345,-27
9346,675
9347,675
9348,623
9349,625
9350,675
9351,673
9352,625
9353,450
9354,75
9355,575
9356,473
9357,300
9358,625
9359,625
9360,625
9361,425
9362,623
9363,625
9364,375
9365,675
9366,673
9367,575
9368,671
9369,625
9370,-125
9371,675
9372,473
9373,675
9374,675
9375,675
9376,675
9377,675
9378,521
9379,150
9380,200
9381,671
9382,675
9383,373
9384,-125
9385,625
9386,398
9387,-127
9388,623
9389,469
9390,498
9391,500
9392,625
9393,675
9394,675
9395,675
9396,675
9397,571
9398,475
9399,575
9400,-25
9401,675
9402,-83
9403,675
9404,673
9405,625
9406,675
9407,575
9408,675
9409,673
9410,-125
9411,675
9412,575
9413,673
9414,675
9415,675
9416,575
9417,673
9418,675
9419,619
9420,198
9421,675
9422,675
9423,-25
9424,548
9425,23
9426,675
9427,675
9428,-125
9429,548
9430,675
9431,-125
9432,575
9433,625
9434,25
9435,675
9436,675
9437,348
9438,375
9439,625
9440,575
9441,675
9442,673
9443,523
9444,675
9445,575
9446,625
9447,-127
9448,623
9449,150
9450,567
9451,575
9452,673
9453,625
9454,548
9455,500
9456,269
9457,471
9458,273
9459,625
9460,675
9461,675
9462,675
9463,675
9464,525
9465,-29
9466,-75
9467,-75
9468,425
9469,623
9470,298
9471,675
9472,525
9473,-75
9474,675
9475,575
9476,625
9477,475
9478,675
9479,675
9480,675
9481,375
9482,675
9483,473
9484,625
9485,548
9486,675
9487,625
9488,-175
9489,475
9490,625
9491,496
9492,-125
9493,521
9494,300
9495,673
9496,675
9497,623
9498,673
9499,-125
9500,423
9501,-75
9502,675
9503,675
9504,298
9505,675
9506,675
9507,625
9508,498
9509,621
9510,625
9511,248
9512,675
9513,421
9514,-125
9515,623
9516,350
9517,575
9518,423
9519,625
9520,400
9521,625
9522,425
9523,625
9524,625
9525,525
9526,623
9527,-125
9528,-75
9529,675
9530,575
9531,673
9532,400
9533,421
9534,625
9535,675
9536,550
9537,675
9538,675
9539,375
9540,525
9541,625
9542,573
9543,575
9544,-29
9545,675
9546,-125
9547,473
9548,675
9549,673
9550,623
9551,625
9552,675
9553,373
9554,625
9555,625
9556,675
9557,673
9558,675
9559,623
9560,673
9561,573
9562,525
9563,-125
9564,675
9565,675
9566,675
9567,625
9568,298
9569,625
9570,-25
9571,673
9572,-81
9573,625
9574,525
9575,675
9576,675
9577,575
9578,675
9579,619
9580,625
9581,275
9582,675
9583,671
9584,348
9585,675
9586,-125
9587,575
9588,675
9589,671
9590,625
9591,675
9592,675
9593,521
9594,673
9595,675
9596,550
9597,621
9598,525
9599,675
9600,625
9601,-27
9602,625
9603,625
9604,675
9605,373
9606,675
9607,675
9608,575
9609,-125
9610,675
9611,675
9612,625
9613,525
9614,675
9615,675
9616,625
9617,675
9618,-75
9619,625
9620,525
9621,625
9622,-75
9623,621
9624,573
9625,573
9626,373
9627,-125
9628,675
9629,675
9630,525
9631,675
9632,625
9633,675
9634,-25
9635,625
9636,673
9637,625
9638,600
9639,675
9640,675
9641,673
9642,350
9643,673
9644,625
9645,625
9646,675
9647,-25
9648,-127
9649,675
9650,-125
9651,-27
9652,673
9653,625
9654,450
9655,623
9656,625
9657,625
9658,350
9659,423
9660,-29
9661,500
9662,-125
9663,625
9664,675
9665,625
9666,625
9667,475
9668,625
9669,675
9670,475
9671,675
9672,671
9673,625
9674,675
9675,675
9676,-25
9677,-25
9678,625
9679,-75
9680,575
9681,675
9682,625
9683,-25
9684,523
9685,-77
9686,575
9687,575
9688,675
9689,-75
9690,-75
9691,-125
9692,625
9693,475
9694,450
9695,625
9696,350
9697,625
9698,675
9699,623
9700,-125
9701,675
9702,-27
9703,371
9704,675
9705,525
9706,675
9707,673
9708,625
9709,675
9710,-27
9711,525
9712,398
9713,623
9714,225
9715,675
9716,425
9717,-200
9718,675
9719,625
9720,471
9721,675
9722,623
9723,671
9724,675
9725,625
9726,673
9727,623
9728,673
9729,-79
9730,675
9731,400
9732,623
9733,575
9734,675
9735,-175
9736,673
9737,-125
9738,673
9739,675
9740,-125
9741,573
9742,425
9743,625
9744,625
9745,621
9746,625
9747,623
9748,671
9749,675
9750,-100
9751,675
9752,675
9753,673
9754,673
9755,675
9756,673
9757,673
9758,573
9759,423
9760,571
9761,348
9762,575
9763,625
9764,525
9765,623
9766,621
9767,675
9768,625
9769,675
9770,675
9771,-77
9772,675
9773,350
9774,675
9775,675
9776,675
9777,-125
9778,625
9779,675
9780,625
9781,400
9782,675
9783,675
9784,623
9785,675
9786,675
9787,623
9788,525
9789,625
9790,-175
9791,625
9792,573
9793,525
9794,-29
9795,625
9796,-175
9797,625
9798,523
9799,675
9800,675
9801,625
9802,548
9803,673
9804,575
9805,425
9806,-125
9807,525
9808,625
9809,-75
9810,400
9811,225
9812,425
9813,675
9814,496
9815,525
9816,675
9817,625
9818,-77
9819,450
9820,-8
9821,375
9822,523
9823,550
9824,400
9825,-29
9826,675
9827,250
9828,623
9829,-129
9830,550
9831,625
9832,-125
9833,400
9834,473
9835,621
9836,625
9837,621
9838,625
9839,673
9840,575
9841,523
9842,675
9843,575
9844,675
9845,675
9846,671
9847,-175
9848,625
9849,625
9850,675
9851,375
9852,675
9853,573
9854,-177
9855,575
9856,575
9857,475
9858,673
9859,625
9860,673
9861,675
9862,421
9863,625
9864,-75
9865,675
9866,625
9867,675
9868,675
9869,575
9870,675
9871,625
9872,573
9873,-75
9874,675
9875,625
9876,573
9877,273
9878,-79
9879,673
9880,-4
9881,625
9882,575
9883,298
9884,200
9885,575
9886,673
9887,-75
9888,625
9889,575
9890,-127
9891,425
9892,625
9893,575
9894,575
9895,525
9896,-75
9897,400
9898,-125
9899,475
9900,675
9901,675
9902,600
9903,625
9904,623
9905,498
9906,325
9907,-75
9908,675
9909,525
9910,625
9911,625
9912,673
9913,675
9914,-27
9915,675
9916,575
9917,-125
9918,623
9919,675
9920,625
9921,398
9922,400
9923,-127
9924,-75
9925,675
9926,625
9927,673
9928,675
9929,575
9930,673
9931,625
9932,623
9933,575
9934,346
9935,348
9936,-77
9937,423
9938,-2
9939,550
9940,-131
9941,-50
9942,625
9943,675
9944,625
9945,-200
9946,575
9947,548
9948,425
9949,675
9950,675
9951,623
9952,675
9953,625
9954,350
9955,673
9956,675
9957,675
9958,675
9959,573
9960,500
9961,675
9962,225
9963,625
9964,548
9965,625
9966,575
9967,675
9968,575
9969,350
9970,-125
9971,675
9972,625
9973,525
9974,623
9975,-77
9976,398
9977,525
9978,675
9979,450
9980,-125
9981,423
9982,-75
9983,675
9984,275
9985,-2
9986,625
9987,675
9988,675
9989,-127
9990,675
9991,675
9992,675
9993,675
9994,625
9995,625
9996,548
9997,675
9998,519
9999,573
10000,-125
[[(4, 4), 0, -25], [(3, 4), 2, 50], [(3, 3), 2, 50], [(3, 2), 2, 250], [(3, 1), 0, 250], [(2, 1), 2, -25], [(2, 0), 0, -25], [(1, 0), 0, 150]]