1,-254
2,-187
3,-589
4,-695
5,-231
6,-385
7,-177
8,-183
9,-85
10,-227
11,119
12,471
13,-260
14,-861
15,-349
16,-177
17,-239
18,373
19,-362
20,-185
21,-534
22,-133
23,-145
24,-308
25,44
26,-233
27,-285
28,-127
29,-200
30,-262
31,394
32,-300
33,-250
34,-179
35,-514
36,-714
37,-383
38,-133
39,-470
40,-175
41,-377
42,-399
43,-210
44,-79
45,-181
46,-416
47,-125
48,-378
49,-649
50,-316
51,-191
52,-133
53,-125
54,-179
55,165
56,-99
57,-202
58,-204
59,-79
60,-154
61,271
62,-304
63,-356
64,-127
65,269
66,-433
67,-202
68,-177
69,-364
70,-179
71,11
72,-166
73,-387
74,-218
75,-256
76,96
77,34
78,9
79,213
80,-440
81,-877
82,-204
83,-152
84,-202
85,267
86,-239
87,-137
88,-166
89,-47
90,36
91,357
92,-127
93,246
94,250
95,213
96,-366
97,-150
98,123
99,-428
100,-255
101,-75
102,-2
103,-179
104,-127
105,-33
106,-308
107,-447
108,-583
109,-14
110,-131
111,-680
112,-1002
113,13
114,-538
115,-204
116,-200
117,-314
118,-125
119,46
120,21
121,-72
122,-283
123,-283
124,-85
125,-129
126,-297
127,369
128,-279
129,-431
130,-225
131,448
132,-156
133,-341
134,-335
135,-252
136,-576
137,-152
138,-299
139,163
140,-200
141,-310
142,-79
143,-154
144,521
145,-304
146,-39
147,-129
148,-204
149,-256
150,623
151,173
152,-114
153,-179
154,-331
155,-127
156,-127
157,-385
158,-397
159,-325
160,119
161,-156
162,-391
163,-129
164,153
165,-179
166,-383
167,267
168,-152
169,-585
170,298
171,-414
172,-441
173,-102
174,-120
175,519
176,-462
177,417
178,-129
179,148
180,192
181,-335
182,-10
183,25
184,-189
185,-58
186,-204
187,-291
188,0
189,-8
190,-233
191,-285
192,-127
193,-127
194,-202
195,-125
196,413
197,144
198,-175
199,-252
200,671
201,63
202,-177
203,-1016
204,-853
205,-308
206,205
207,-258
208,419
209,-187
210,-281
211,-85
212,-225
213,-202
214,-225
215,573
216,-1197
217,-125
218,-256
219,-125
220,176
221,319
222,-31
223,-125
224,207
225,-252
226,390
227,198
228,-77
229,-77
230,419
231,-175
232,-250
233,-125
234,240
235,371
236,325
237,425
238,-152
239,-200
240,-106
241,471
242,448
243,-281
244,150
245,-25
246,-385
247,-127
248,-233
249,71
250,-100
251,448
252,42
253,-297
254,-29
255,13
256,-125
257,-175
258,46
259,-387
260,-125
261,273
262,421
263,-177
264,-127
265,-131
266,217
267,113
268,-125
269,140
270,-214
271,175
272,-100
273,-277
274,48
275,-377
276,-175
277,392
278,223
279,211
280,-279
281,-539
282,-125
283,517
284,-39
285,-110
286,-250
287,46
288,-108
289,190
290,448
291,-252
292,-227
293,248
294,273
295,623
296,375
297,190
298,375
299,-102
300,-150
301,-208
302,-175
303,-281
304,171
305,273
306,-177
307,-227
308,-252
309,-156
310,-204
311,-379
312,323
313,-306
314,346
315,123
316,-283
317,-156
318,-204
319,621
320,-252
321,-77
322,-102
323,475
324,142
325,425
326,523
327,421
328,-358
329,-125
330,-37
331,-277
332,575
333,269
334,525
335,-129
336,-250
337,-129
338,-60
339,-127
340,625
341,-125
342,163
343,-181
344,-127
345,-75
346,196
347,238
348,473
349,65
350,219
351,-125
352,517
353,263
354,167
355,371
356,525
357,298
358,623
359,-31
360,-175
361,-235
362,350
363,621
364,423
365,-410
366,400
367,-125
368,450
369,-200
370,-364
371,400
372,525
373,-125
374,213
375,125
376,-177
377,-200
378,400
379,-125
380,313
381,-125
382,623
383,423
384,-83
385,448
386,-29
387,473
388,-75
389,-127
390,-125
391,369
392,292
393,425
394,623
395,67
396,50
397,-210
398,-456
399,575
400,-202
401,573
402,673
403,396
404,-131
405,269
406,473
407,-231
408,471
409,115
410,-77
411,-125
412,-177
413,494
414,273
415,-189
416,-285
417,198
418,-131
419,473
420,269
421,-75
422,221
423,-131
424,325
425,321
426,550
427,73
428,113
429,598
430,246
431,325
432,223
433,-25
434,-125
435,-175
436,419
437,523
438,-79
439,625
440,373
441,521
442,346
443,-77
444,-27
445,-75
446,173
447,386
448,623
449,-250
450,-200
451,-79
452,396
453,625
454,-200
455,-125
456,675
457,-85
458,-179
459,675
460,-231
461,273
462,-127
463,-127
464,525
465,250
466,-81
467,623
468,425
469,-229
470,423
471,525
472,-100
473,-125
474,571
475,671
476,275
477,-83
478,-227
479,-75
480,569
481,494
482,198
483,369
484,50
485,-75
486,-127
487,121
488,575
489,400
490,-327
491,375
492,323
493,521
494,500
495,625
496,525
497,123
498,623
499,413
500,-129
501,-127
502,419
503,173
504,423
505,-125
506,-125
507,-127
508,423
509,-75
510,323
511,-25
512,-83
513,350
514,617
515,671
516,-75
517,523
518,425
519,673
520,-250
521,525
522,473
523,-129
524,-154
525,325
526,673
527,244
528,623
529,623
530,-204
531,373
532,-237
533,525
534,623
535,675
536,675
537,-127
538,521
539,323
540,-75
541,-83
542,-125
543,575
544,375
545,675
546,50
547,-125
548,475
549,673
550,-77
551,-31
552,525
553,675
554,323
555,621
556,525
557,-25
558,400
559,-127
560,400
561,419
562,-275
563,221
564,-125
565,50
566,625
567,373
568,-231
569,621
570,573
571,-127
572,-27
573,623
574,421
575,600
576,425
577,248
578,625
579,275
580,-177
581,523
582,673
583,317
584,-79
585,-175
586,471
587,625
588,571
589,-75
590,-75
591,625
592,144
593,573
594,-75
595,-29
596,675
597,346
598,-75
599,425
600,373
601,275
602,421
603,-125
604,-131
605,475
606,-75
607,625
608,-27
609,500
610,625
611,573
612,471
613,419
614,-129
615,371
616,400
617,473
618,-29
619,-208
620,-125
621,250
622,675
623,569
624,423
625,675
626,-129
627,271
628,375
629,450
630,325
631,-339
632,425
633,-225
634,-131
635,-200
636,573
637,-302
638,-6
639,523
640,150
641,400
642,-125
643,-125
644,-125
645,623
646,423
647,-379
648,-127
649,573
650,619
651,-31
652,448
653,350
654,-181
655,271
656,-104
657,573
658,-52
659,-100
660,525
661,-79
662,200
663,-183
664,525
665,-229
666,-125
667,275
668,-27
669,625
670,-125
671,623
672,621
673,575
674,-79
675,-429
676,575
677,-29
678,-127
679,46
680,-100
681,-152
682,325
683,573
684,446
685,625
686,575
687,625
688,-127
689,-79
690,-125
691,521
692,348
693,-125
694,375
695,396
696,-200
697,223
698,-77
699,623
700,625
701,575
702,388
703,-77
704,425
705,323
706,-125
707,625
708,248
709,-300
710,-125
711,-27
712,325
713,-79
714,-56
715,48
716,500
717,425
718,-206
719,-385
720,525
721,673
722,550
723,673
724,475
725,673
726,423
727,-327
728,400
729,623
730,673
731,625
732,223
733,623
734,421
735,-75
736,-75
737,-125
738,-25
739,-75
740,573
741,523
742,475
743,425
744,573
745,348
746,473
747,444
748,525
749,-312
750,625
751,-125
752,-125
753,671
754,300
755,-29
756,500
757,623
758,398
759,625
760,350
761,475
762,523
763,675
764,625
765,625
766,625
767,473
768,21
769,621
770,-125
771,-25
772,-177
773,575
774,323
775,-27
776,575
777,-125
778,-125
779,575
780,500
781,-125
782,673
783,521
784,575
785,619
786,569
787,-125
788,525
789,425
790,671
791,371
792,-25
793,-77
794,471
795,519
796,671
797,573
798,525
799,625
800,-77
801,525
802,673
803,300
804,625
805,550
806,575
807,498
808,548
809,525
810,325
811,400
812,471
813,425
814,623
815,675
816,173
817,621
818,625
819,623
820,575
821,246
822,571
823,625
824,675
825,550
826,625
827,-100
828,294
829,-77
830,496
831,619
832,575
833,400
834,625
835,673
836,-125
837,671
838,-79
839,525
840,475
841,523
842,573
843,625
844,146
845,675
846,423
847,425
848,625
849,523
850,-175
851,675
852,523
853,623
854,675
855,625
856,-125
857,-127
858,623
859,521
860,523
861,575
862,475
863,-125
864,675
865,-127
866,673
867,-75
868,675
869,575
870,675
871,525
872,623
873,625
874,625
875,298
876,675
877,123
878,398
879,-200
880,-75
881,525
882,671
883,421
884,623
885,548
886,375
887,346
888,425
889,625
890,475
891,675
892,623
893,300
894,675
895,625
896,523
897,625
898,623
899,-27
900,621
901,273
902,425
903,400
904,173
905,623
906,675
907,675
908,371
909,575
910,-75
911,423
912,573
913,300
914,625
915,675
916,625
917,673
918,625
919,673
920,150
921,673
922,371
923,675
924,625
925,400
926,525
927,500
928,-77
929,-127
930,675
931,125
932,-125
933,-125
934,400
935,150
936,621
937,623
938,525
939,625
940,625
941,275
942,675
943,-79
944,325
945,675
946,523
947,350
948,475
949,625
950,623
951,673
952,625
953,-100
954,671
955,-125
956,673
957,398
958,500
959,344
960,569
961,275
962,673
963,625
964,-50
965,421
966,298
967,-27
968,400
969,673
970,550
971,-125
972,425
973,-100
974,675
975,575
976,675
977,-75
978,675
979,575
980,348
981,-27
982,625
983,-75
984,675
985,675
986,-27
987,-127
988,-25
989,448
990,-127
991,469
992,400
993,275
994,675
995,623
996,-75
997,575
998,675
999,625
1000,673
1001,369
1002,675
1003,675
1004,675
1005,-25
1006,-104
1007,575
1008,675
1009,473
1010,673
1011,523
1012,675
1013,-75
1014,-125
1015,573
1016,669
1017,623
1018,-127
1019,625
1020,673
1021,675
1022,550
1023,-125
1024,673
1025,-25
1026,621
1027,573
1028,675
1029,675
1030,625
1031,625
1032,-129
1033,-125
1034,-77
1035,400
1036,671
1037,-125
1038,573
1039,271
1040,-127
1041,671
1042,625
1043,625
1044,673
1045,521
1046,-29
1047,550
1048,525
1049,-125
1050,496
1051,-125
1052,675
1053,675
1054,675
1055,525
1056,625
1057,375
1058,225
1059,625
1060,573
1061,425
1062,400
1063,575
1064,575
1065,675
1066,500
1067,-77
1068,625
1069,673
1070,675
1071,675
1072,-175
1073,675
1074,325
1075,425
1076,675
1077,525
1078,-127
1079,375
1080,623
1081,425
1082,675
1083,675
1084,571
1085,575
1086,675
1087,625
1088,625
1089,550
1090,400
1091,675
1092,325
1093,675
1094,625
1095,-27
1096,675
1097,-200
1098,673
1099,671
1100,-127
1101,525
1102,348
1103,23
1104,625
1105,675
1106,-125
1107,675
1108,-100
1109,473
1110,373
1111,623
1112,375
1113,500
1114,623
1115,446
1116,675
1117,625
1118,-75
1119,625
1120,623
1121,675
1122,-25
1123,675
1124,625
1125,-200
1126,-25
1127,675
1128,673
1129,473
1130,423
1131,-125
1132,675
1133,425
1134,573
1135,669
1136,623
1137,573
1138,525
1139,675
1140,675
1141,675
1142,546
1143,625
1144,675
1145,673
1146,375
1147,525
1148,675
1149,675
1150,623
1151,625
1152,675
1153,675
1154,400
1155,-125
1156,675
1157,-125
1158,675
1159,675
1160,625
1161,525
1162,575
1163,623
1164,525
1165,575
1166,673
1167,673
1168,575
1169,325
1170,625
1171,673
1172,-125
1173,673
1174,675
1175,623
1176,-125
1177,675
1178,675
1179,250
1180,475
1181,625
1182,-125
1183,625
1184,-25
1185,675
1186,675
1187,575
1188,573
1189,346
1190,-77
1191,-125
1192,671
1193,623
1194,675
1195,525
1196,100
1197,425
1198,575
1199,575
1200,550
1201,-75
1202,675
1203,525
1204,669
1205,625
1206,625
1207,671
1208,671
1209,573
1210,575
1211,625
1212,-75
1213,625
1214,675
1215,-50
1216,225
1217,-77
1218,675
1219,519
1220,675
1221,-125
1222,673
1223,625
1224,673
1225,-77
1226,675
1227,625
1228,625
1229,621
1230,525
1231,623
1232,500
1233,575
1234,575
1235,675
1236,675
1237,675
1238,675
1239,675
1240,625
1241,675
1242,448
1243,575
1244,-27
1245,575
1246,-75
1247,-125
1248,675
1249,400
1250,675
1251,625
1252,425
1253,521
1254,625
1255,675
1256,625
1257,-75
1258,671
1259,550
1260,575
1261,673
1262,625
1263,671
1264,625
1265,175
1266,623
1267,-250
1268,623
1269,575
1270,675
1271,675
1272,675
1273,675
1274,625
1275,675
1276,625
1277,625
1278,675
1279,675
1280,400
1281,523
1282,625
1283,573
1284,300
1285,571
1286,625
1287,225
1288,575
1289,625
1290,673
1291,673
1292,675
1293,-125
1294,625
1295,625
1296,-75
1297,675
1298,-75
1299,-125
1300,-125
1301,-81
1302,425
1303,423
1304,625
1305,300
1306,675
1307,375
1308,675
1309,623
1310,-25
1311,623
1312,675
1313,673
1314,621
1315,623
1316,623
1317,400
1318,675
1319,623
1320,-75
1321,-75
1322,625
1323,623
1324,-200
1325,525
1326,500
1327,323
1328,625
1329,-125
1330,675
1331,675
1332,623
1333,575
1334,390
1335,475
1336,675
1337,421
1338,-79
1339,350
1340,675
1341,675
1342,675
1343,625
1344,575
1345,623
1346,573
1347,675
1348,623
1349,398
1350,-75
1351,675
1352,425
1353,625
1354,498
1355,675
1356,675
1357,421
1358,675
1359,-75
1360,-75
1361,675
1362,-75
1363,623
1364,-175
1365,-25
1366,575
1367,-125
1368,675
1369,400
1370,525
1371,675
1372,425
1373,275
1374,675
1375,617
1376,623
1377,375
1378,525
1379,675
1380,496
1381,625
1382,173
1383,673
1384,471
1385,675
1386,473
1387,623
1388,625
1389,400
1390,675
1391,625
1392,475
1393,675
1394,675
1395,623
1396,525
1397,-127
1398,-75
1399,675
1400,673
1401,625
1402,523
1403,575
1404,675
1405,675
1406,100
1407,617
1408,625
1409,-75
1410,673
1411,623
1412,675
1413,-225
1414,675
1415,625
1416,548
1417,523
1418,575
1419,617
1420,673
1421,-75
1422,-125
1423,-127
1424,-125
1425,-125
1426,575
1427,-127
1428,573
1429,573
1430,573
1431,675
1432,623
1433,623
1434,575
1435,625
1436,623
1437,675
1438,623
1439,625
1440,673
1441,675
1442,625
1443,621
1444,625
1445,-127
1446,675
1447,-75
1448,-25
1449,-179
1450,548
1451,675
1452,623
1453,621
1454,373
1455,675
1456,-127
1457,575
1458,675
1459,348
1460,400
1461,400
1462,675
1463,348
1464,548
1465,-125
1466,396
1467,525
1468,-125
1469,400
1470,100
1471,673
1472,575
1473,523
1474,673
1475,425
1476,-127
1477,675
1478,425
1479,323
1480,673
1481,673
1482,675
1483,625
1484,569
1485,673
1486,675
1487,675
1488,673
1489,625
1490,675
1491,-129
1492,-125
1493,625
1494,548
1495,619
1496,675
1497,625
1498,400
1499,-177
1500,-77
1501,675
1502,575
1503,-125
1504,675
1505,573
1506,675
1507,-125
1508,625
1509,625
1510,673
1511,325
1512,621
1513,-75
1514,623
1515,548
1516,625
1517,-100
1518,-125
1519,-75
1520,423
1521,575
1522,400
1523,675
1524,-27
1525,675
1526,675
1527,500
1528,575
1529,667
1530,523
1531,675
1532,625
1533,-25
1534,675
1535,-125
1536,-125
1537,200
1538,675
1539,623
1540,675
1541,623
1542,525
1543,625
1544,673
1545,625
1546,423
1547,673
1548,675
1549,625
1550,675
1551,425
1552,625
1553,398
1554,575
1555,-25
1556,575
1557,673
1558,625
1559,675
1560,623
1561,423
1562,-31
1563,600
1564,621
1565,523
1566,673
1567,623
1568,625
1569,675
1570,225
1571,-200
1572,575
1573,-75
1574,-125
1575,673
1576,-200
1577,623
1578,625
1579,-75
1580,623
1581,621
1582,525
1583,625
1584,-125
1585,673
1586,300
1587,573
1588,675
1589,-25
1590,675
1591,575
1592,-125
1593,525
1594,-200
1595,523
1596,-127
1597,-125
1598,675
1599,350
1600,675
1601,-127
1602,675
1603,575
1604,675
1605,675
1606,675
1607,525
1608,623
1609,625
1610,575
1611,575
1612,471
1613,-125
1614,675
1615,375
1616,673
1617,675
1618,-125
1619,573
1620,625
1621,248
1622,623
1623,475
1624,623
1625,-81
1626,625
1627,675
1628,625
1629,375
1630,550
1631,625
1632,525
1633,671
1634,575
1635,550
1636,525
1637,675
1638,673
1639,675
1640,-77
1641,575
1642,475
1643,675
1644,621
1645,498
1646,-75
1647,625
1648,-75
1649,523
1650,575
1651,-25
1652,575
1653,-77
1654,398
1655,623
1656,471
1657,675
1658,675
1659,-129
1660,625
1661,575
1662,-75
1663,-200
1664,344
1665,523
1666,623
1667,375
1668,673
1669,675
1670,675
1671,-79
1672,423
1673,400
1674,-177
1675,675
1676,-27
1677,675
1678,673
1679,-25
1680,625
1681,623
1682,625
1683,525
1684,-27
1685,623
1686,675
1687,675
1688,573
1689,675
1690,-27
1691,623
1692,575
1693,473
1694,625
1695,675
1696,675
1697,675
1698,-183
1699,-25
1700,675
1701,575
1702,-75
1703,675
1704,-125
1705,623
1706,625
1707,573
1708,-127
1709,525
1710,525
1711,525
1712,-25
1713,625
1714,-125
1715,623
1716,675
1717,575
1718,675
1719,673
1720,673
1721,573
1722,475
1723,675
1724,675
1725,675
1726,625
1727,625
1728,-75
1729,625
1730,523
1731,673
1732,675
1733,-77
1734,575
1735,396
1736,373
1737,675
1738,675
1739,-175
1740,575
1741,671
1742,671
1743,625
1744,621
1745,625
1746,625
1747,-125
1748,400
1749,625
1750,400
1751,469
1752,673
1753,675
1754,575
1755,-75
1756,575
1757,-175
1758,675
1759,675
1760,675
1761,675
1762,-125
1763,-75
1764,575
1765,675
1766,500
1767,623
1768,675
1769,675
1770,-25
1771,575
1772,-75
1773,-75
1774,-127
1775,425
1776,673
1777,675
1778,525
1779,625
1780,350
1781,-25
1782,-75
1783,494
1784,625
1785,575
1786,625
1787,550
1788,444
1789,673
1790,398
1791,623
1792,575
1793,673
1794,575
1795,525
1796,-75
1797,-125
1798,671
1799,-125
1800,375
1801,-125
1802,625
1803,525
1804,475
1805,675
1806,623
1807,625
1808,675
1809,675
1810,-125
1811,-125
1812,300
1813,-125
1814,675
1815,-381
1816,675
1817,575
1818,675
1819,525
1820,419
1821,673
1822,-125
1823,525
1824,-175
1825,675
1826,-129
1827,625
1828,425
1829,175
1830,673
1831,550
1832,675
1833,673
1834,523
1835,575
1836,469
1837,625
1838,675
1839,625
1840,398
1841,498
1842,575
1843,675
1844,-75
1845,423
1846,671
1847,575
1848,675
1849,571
1850,625
1851,475
1852,425
1853,-102
1854,623
1855,550
1856,423
1857,673
1858,673
1859,250
1860,575
1861,448
1862,398
1863,425
1864,675
1865,325
1866,671
1867,546
1868,625
1869,675
1870,675
1871,675
1872,496
1873,573
1874,-200
1875,625
1876,673
1877,671
1878,575
1879,400
1880,-125
1881,675
1882,675
1883,625
1884,425
1885,400
1886,673
1887,625
1888,217
1889,400
1890,425
1891,571
1892,623
1893,373
1894,625
1895,673
1896,-52
1897,623
1898,625
1899,625
1900,-125
1901,500
1902,675
1903,-129
1904,675
1905,-27
1906,625
1907,675
1908,673
1909,475
1910,525
1911,625
1912,575
1913,673
1914,-25
1915,675
1916,325
1917,671
1918,675
1919,675
1920,-175
1921,425
1922,673
1923,-75
1924,625
1925,575
1926,675
1927,625
1928,625
1929,550
1930,675
1931,-127
1932,125
1933,625
1934,675
1935,621
1936,675
1937,623
1938,325
1939,675
1940,575
1941,-2
1942,575
1943,-27
1944,675
1945,675
1946,673
1947,525
1948,673
1949,475
1950,-125
1951,675
1952,425
1953,625
1954,500
1955,675
1956,-125
1957,400
1958,675
1959,675
1960,575
1961,550
1962,675
1963,673
1964,-33
1965,450
1966,525
1967,-27
1968,575
1969,521
1970,-125
1971,571
1972,675
1973,575
1974,625
1975,625
1976,675
1977,500
1978,-75
1979,625
1980,500
1981,-6
1982,625
1983,400
1984,-125
1985,-177
1986,523
1987,675
1988,669
1989,675
1990,625
1991,623
1992,-125
1993,350
1994,625
1995,575
1996,673
1997,-75
1998,675
1999,675
2000,-75
2001,425
2002,675
2003,-75
2004,623
2005,523
2006,375
2007,675
2008,625
2009,675
2010,523
2011,400
2012,675
2013,-75
2014,675
2015,625
2016,625
2017,625
2018,-75
2019,625
2020,675
2021,625
2022,548
2023,21
2024,500
2025,673
2026,675
2027,450
2028,423
2029,675
2030,669
2031,673
2032,273
2033,-75
2034,-75
2035,450
2036,675
2037,673
2038,400
2039,525
2040,625
2041,373
2042,575
2043,373
2044,625
2045,625
2046,571
2047,-27
2048,625
2049,525
2050,-175
2051,675
2052,625
2053,425
2054,675
2055,375
2056,-200
2057,675
2058,675
2059,621
2060,-75
2061,-75
2062,625
2063,325
2064,523
2065,675
2066,-131
2067,-77
2068,675
2069,675
2070,525
2071,675
2072,548
2073,675
2074,369
2075,625
2076,675
2077,673
2078,625
2079,623
2080,498
2081,525
2082,675
2083,525
2084,673
2085,675
2086,475
2087,675
2088,675
2089,-75
2090,621
2091,475
2092,425
2093,425
2094,575
2095,-4
2096,575
2097,675
2098,625
2099,673
2100,625
2101,575
2102,548
2103,625
2104,575
2105,-125
2106,300
2107,675
2108,75
2109,675
2110,575
2111,398
2112,573
2113,-75
2114,623
2115,-75
2116,575
2117,550
2118,675
2119,396
2120,523
2121,673
2122,425
2123,-29
2124,625
2125,521
2126,546
2127,-75
2128,675
2129,-75
2130,-175
2131,675
2132,625
2133,675
2134,-27
2135,425
2136,673
2137,675
2138,675
2139,623
2140,523
2141,571
2142,423
2143,375
2144,625
2145,675
2146,423
2147,-25
2148,675
2149,575
2150,-129
2151,673
2152,625
2153,625
2154,523
2155,675
2156,575
2157,300
2158,600
2159,675
2160,673
2161,525
2162,-25
2163,-50
2164,300
2165,550
2166,550
2167,325
2168,671
2169,525
2170,575
2171,625
2172,325
2173,-227
2174,325
2175,675
2176,625
2177,525
2178,675
2179,-131
2180,625
2181,673
2182,675
2183,-125
2184,-27
2185,675
2186,373
2187,-125
2188,673
2189,625
2190,400
2191,400
2192,571
2193,625
2194,525
2195,675
2196,500
2197,300
2198,575
2199,675
2200,575
2201,625
2202,425
2203,475
2204,675
2205,625
2206,675
2207,623
2208,425
2209,-179
2210,-75
2211,550
2212,-77
2213,475
2214,625
2215,623
2216,423
2217,296
2218,298
2219,400
2220,373
2221,-250
2222,-25
2223,550
2224,675
2225,675
2226,575
2227,573
2228,425
2229,575
2230,675
2231,623
2232,498
2233,525
2234,-75
2235,675
2236,675
2237,673
2238,525
2239,521
2240,673
2241,571
2242,675
2243,500
2244,673
2245,425
2246,675
2247,-75
2248,621
2249,475
2250,625
2251,575
2252,425
2253,546
2254,294
2255,-77
2256,621
2257,675
2258,375
2259,400
2260,625
2261,673
2262,573
2263,669
2264,-127
2265,675
2266,623
2267,675
2268,675
2269,675
2270,625
2271,623
2272,475
2273,-25
2274,523
2275,425
2276,573
2277,350
2278,673
2279,-125
2280,575
2281,625
2282,675
2283,621
2284,-125
2285,675
2286,625
2287,-75
2288,400
2289,625
2290,-2
2291,-77
2292,623
2293,575
2294,550
2295,623
2296,673
2297,525
2298,550
2299,675
2300,475
2301,525
2302,-75
2303,523
2304,675
2305,575
2306,675
2307,546
2308,625
2309,550
2310,573
2311,225
2312,623
2313,-125
2314,673
2315,-25
2316,-79
2317,525
2318,525
2319,625
2320,675
2321,423
2322,625
2323,-75
2324,-25
2325,675
2326,425
2327,675
2328,450
2329,519
2330,675
2331,675
2332,675
2333,473
2334,-129
2335,675
2336,625
2337,625
2338,675
2339,475
2340,575
2341,625
2342,523
2343,675
2344,575
2345,669
2346,-125
2347,625
2348,325
2349,625
2350,675
2351,673
2352,300
2353,-127
2354,673
2355,-79
2356,525
2357,-75
2358,-75
2359,425
2360,675
2361,625
2362,475
2363,673
2364,623
2365,675
2366,675
2367,548
2368,375
2369,675
2370,671
2371,200
2372,675
2373,-75
2374,475
2375,500
2376,625
2377,575
2378,675
2379,350
2380,523
2381,675
2382,-25
2383,673
2384,675
2385,625
2386,75
2387,625
2388,375
2389,-75
2390,-125
2391,-77
2392,623
2393,-175
2394,521
2395,473
2396,625
2397,575
2398,523
2399,325
2400,621
2401,-125
2402,625
2403,623
2404,675
2405,575
2406,675
2407,575
2408,-75
2409,671
2410,675
2411,675
2412,575
2413,675
2414,675
2415,521
2416,619
2417,673
2418,625
2419,-75
2420,575
2421,673
2422,573
2423,275
2424,425
2425,675
2426,675
2427,-125
2428,294
2429,573
2430,473
2431,-125
2432,625
2433,573
2434,575
2435,625
2436,625
2437,-29
2438,-125
2439,-75
2440,625
2441,25
2442,621
2443,521
2444,475
2445,425
2446,400
2447,625
2448,675
2449,625
2450,623
2451,575
2452,625
2453,625
2454,675
2455,673
2456,-75
2457,575
2458,675
2459,-125
2460,-250
2461,550
2462,-125
2463,525
2464,575
2465,521
2466,625
2467,623
2468,673
2469,625
2470,621
2471,623
2472,575
2473,-75
2474,525
2475,625
2476,675
2477,573
2478,675
2479,523
2480,475
2481,623
2482,-125
2483,621
2484,675
2485,75
2486,675
2487,525
2488,675
2489,475
2490,-31
2491,-125
2492,571
2493,623
2494,575
2495,675
2496,-129
2497,-77
2498,425
2499,423
2500,-29
2501,623
2502,-25
2503,573
2504,673
2505,500
2506,-125
2507,675
2508,671
2509,375
2510,625
2511,-29
2512,621
2513,625
2514,575
2515,-125
2516,625
2517,-29
2518,-175
2519,675
2520,675
2521,525
2522,675
2523,673
2524,675
2525,473
2526,525
2527,625
2528,675
2529,625
2530,573
2531,675
2532,575
2533,367
2534,346
2535,98
2536,500
2537,621
2538,623
2539,625
2540,525
2541,625
2542,575
2543,-75
2544,575
2545,375
2546,425
2547,675
2548,625
2549,548
2550,-79
2551,669
2552,673
2553,-25
2554,675
2555,-29
2556,625
2557,675
2558,-125
2559,675
2560,425
2561,675
2562,550
2563,625
2564,-75
2565,625
2566,575
2567,273
2568,675
2569,573
2570,625
2571,425
2572,625
2573,575
2574,-129
2575,673
2576,-25
2577,523
2578,673
2579,50
2580,-127
2581,575
2582,673
2583,675
2584,675
2585,423
2586,-177
2587,417
2588,675
2589,-125
2590,675
2591,-125
2592,625
2593,575
2594,400
2595,525
2596,-125
2597,373
2598,350
2599,-27
2600,625
2601,669
2602,475
2603,500
2604,525
2605,-125
2606,675
2607,675
2608,673
2609,675
2610,675
2611,673
2612,625
2613,-31
2614,625
2615,498
2616,625
2617,523
2618,675
2619,623
2620,625
2621,671
2622,-127
2623,671
2624,625
2625,598
2626,475
2627,425
2628,675
2629,675
2630,348
2631,-25
2632,675
2633,623
2634,573
2635,673
2636,675
2637,-304
2638,675
2639,473
2640,675
2641,669
2642,425
2643,550
2644,-77
2645,-250
2646,625
2647,-77
2648,675
2649,675
2650,398
2651,-75
2652,625
2653,400
2654,400
2655,625
2656,523
2657,575
2658,248
2659,-127
2660,-27
2661,625
2662,625
2663,-125
2664,525
2665,398
2666,521
2667,325
2668,625
2669,675
2670,575
2671,575
2672,675
2673,300
2674,573
2675,625
2676,-175
2677,625
2678,675
2679,523
2680,625
2681,625
2682,675
2683,675
2684,-175
2685,625
2686,523
2687,-127
2688,-125
2689,673
2690,675
2691,575
2692,675
2693,575
2694,675
2695,573
2696,-125
2697,673
2698,671
2699,350
2700,621
2701,525
2702,673
2703,-200
2704,473
2705,675
2706,625
2707,-125
2708,569
2709,-35
2710,425
2711,675
2712,-27
2713,550
2714,675
2715,250
2716,675
2717,575
2718,675
2719,550
2720,-77
2721,-75
2722,673
2723,675
2724,669
2725,625
2726,-125
2727,675
2728,375
2729,623
2730,575
2731,675
2732,671
2733,575
2734,-79
2735,675
2736,375
2737,675
2738,675
2739,623
2740,625
2741,-75
2742,675
2743,-125
2744,675
2745,625
2746,623
2747,-200
2748,298
2749,675
2750,675
2751,575
2752,-150
2753,675
2754,625
2755,675
2756,625
2757,398
2758,675
2759,675
2760,675
2761,425
2762,675
2763,300
2764,575
2765,550
2766,675
2767,-125
2768,575
2769,573
2770,625
2771,675
2772,675
2773,525
2774,625
2775,673
2776,623
2777,625
2778,675
2779,623
2780,248
2781,323
2782,625
2783,398
2784,-27
2785,375
2786,573
2787,575
2788,625
2789,675
2790,475
2791,675
2792,625
2793,625
2794,-127
2795,525
2796,623
2797,525
2798,-125
2799,575
2800,425
2801,625
2802,673
2803,-77
2804,525
2805,673
2806,544
2807,675
2808,575
2809,-125
2810,-27
2811,625
2812,-175
2813,-200
2814,-127
2815,675
2816,475
2817,675
2818,600
2819,625
2820,300
2821,523
2822,675
2823,675
2824,625
2825,623
2826,675
2827,675
2828,625
2829,675
2830,523
2831,-75
2832,573
2833,675
2834,575
2835,675
2836,625
2837,567
2838,675
2839,-75
2840,675
2841,575
2842,300
2843,625
2844,-2
2845,375
2846,550
2847,623
2848,673
2849,-27
2850,-75
2851,-125
2852,675
2853,575
2854,425
2855,-75
2856,625
2857,575
2858,-77
2859,625
2860,-131
2861,-177
2862,675
2863,423
2864,400
2865,498
2866,498
2867,550
2868,575
2869,671
2870,673
2871,400
2872,523
2873,621
2874,-125
2875,675
2876,625
2877,-125
2878,525
2879,675
2880,625
2881,475
2882,625
2883,675
2884,525
2885,-25
2886,675
2887,148
2888,623
2889,523
2890,623
2891,-181
2892,625
2893,675
2894,-125
2895,-79
2896,-175
2897,-177
2898,675
2899,-75
2900,573
2901,673
2902,623
2903,675
2904,323
2905,323
2906,625
2907,450
2908,625
2909,621
2910,400
2911,675
2912,667
2913,625
2914,525
2915,523
2916,571
2917,375
2918,675
2919,673
2920,-127
2921,673
2922,-125
2923,371
2924,398
2925,-125
2926,623
2927,673
2928,625
2929,625
2930,425
2931,623
2932,548
2933,-77
2934,675
2935,-125
2936,223
2937,275
2938,575
2939,675
2940,623
2941,671
2942,623
2943,-125
2944,675
2945,-25
2946,625
2947,675
2948,675
2949,575
2950,525
2951,625
2952,-75
2953,625
2954,675
2955,625
2956,-125
2957,675
2958,423
2959,375
2960,523
2961,625
2962,269
2963,625
2964,623
2965,350
2966,-79
2967,675
2968,675
2969,525
2970,675
2971,473
2972,573
2973,398
2974,625
2975,573
2976,625
2977,623
2978,625
2979,675
2980,473
2981,675
2982,350
2983,675
2984,625
2985,573
2986,473
2987,525
2988,623
2989,675
2990,-75
2991,525
2992,425
2993,575
2994,625
2995,471
2996,525
2997,525
2998,625
2999,-75
3000,675
3001,525
3002,400
3003,625
3004,673
3005,675
3006,375
3007,575
3008,-125
3009,523
3010,350
3011,675
3012,675
3013,625
3014,675
3015,675
3016,475
3017,675
3018,671
3019,625
3020,673
3021,675
3022,373
3023,-125
3024,475
3025,675
3026,546
3027,-77
3028,425
3029,446
3030,525
3031,-125
3032,525
3033,623
3034,-25
3035,525
3036,575
3037,675
3038,625
3039,573
3040,-75
3041,475
3042,525
3043,621
3044,-225
3045,425
3046,575
3047,-25
3048,-125
3049,675
3050,575
3051,625
3052,575
3053,475
3054,675
3055,675
3056,623
3057,625
3058,-25
3059,-25
3060,623
3061,575
3062,675
3063,525
3064,675
3065,675
3066,-175
3067,625
3068,625
3069,625
3070,625
3071,675
3072,625
3073,625
3074,675
3075,475
3076,-25
3077,675
3078,675
3079,673
3080,623
3081,675
3082,625
3083,625
3084,675
3085,-25
3086,425
3087,600
3088,675
3089,675
3090,-125
3091,-75
3092,400
3093,425
3094,550
3095,675
3096,673
3097,675
3098,625
3099,571
3100,-25
3101,675
3102,675
3103,675
3104,675
3105,575
3106,673
3107,675
3108,625
3109,673
3110,675
3111,398
3112,675
3113,675
3114,-202
3115,-129
3116,675
3117,-329
3118,673
3119,675
3120,-125
3121,675
3122,525
3123,575
3124,625
3125,625
3126,673
3127,0
3128,675
3129,625
3130,675
3131,571
3132,673
3133,-77
3134,519
3135,-175
3136,517
3137,625
3138,575
3139,-125
3140,623
3141,625
3142,398
3143,-77
3144,-204
3145,625
3146,-125
3147,625
3148,325
3149,625
3150,569
3151,298
3152,298
3153,425
3154,575
3155,675
3156,625
3157,373
3158,423
3159,673
3160,675
3161,625
3162,-29
3163,546
3164,625
3165,675
3166,673
3167,675
3168,175
3169,575
3170,273
3171,675
3172,675
3173,575
3174,-125
3175,675
3176,475
3177,623
3178,673
3179,123
3180,-129
3181,625
3182,-125
3183,573
3184,673
3185,-125
3186,-75
3187,-127
3188,625
3189,675
3190,-125
3191,-81
3192,623
3193,248
3194,275
3195,423
3196,525
3197,423
3198,675
3199,675
3200,623
3201,-29
3202,423
3203,675
3204,298
3205,675
3206,-125
3207,550
3208,671
3209,675
3210,400
3211,496
3212,-127
3213,525
3214,-25
3215,625
3216,169
3217,621
3218,575
3219,425
3220,675
3221,623
3222,675
3223,475
3224,625
3225,523
3226,-77
3227,621
3228,675
3229,675
3230,400
3231,673
3232,-125
3233,-125
3234,150
3235,-75
3236,675
3237,275
3238,675
3239,-75
3240,675
3241,675
3242,-125
3243,475
3244,375
3245,675
3246,475
3247,623
3248,675
3249,675
3250,625
3251,-125
3252,573
3253,675
3254,-25
3255,625
3256,675
3257,675
3258,675
3259,575
3260,425
3261,675
3262,575
3263,475
3264,375
3265,150
3266,625
3267,498
3268,425
3269,575
3270,625
3271,-75
3272,623
3273,-125
3274,675
3275,-25
3276,625
3277,625
3278,573
3279,621
3280,-125
3281,675
3282,673
3283,548
3284,673
3285,675
3286,-125
3287,-75
3288,-79
3289,-77
3290,150
3291,571
3292,675
3293,475
3294,425
3295,675
3296,-127
3297,673
3298,-25
3299,675
3300,675
3301,-25
3302,423
3303,625
3304,625
3305,-125
3306,425
3307,375
3308,675
3309,625
3310,350
3311,0
3312,-200
3313,-31
3314,625
3315,-29
3316,525
3317,625
3318,423
3319,673
3320,525
3321,398
3322,550
3323,575
3324,625
3325,575
3326,525
3327,575
3328,400
3329,-175
3330,525
3331,675
3332,625
3333,-177
3334,575
3335,525
3336,250
3337,675
3338,625
3339,625
3340,-25
3341,673
3342,-75
3343,621
3344,575
3345,625
3346,623
3347,623
3348,525
3349,675
3350,-77
3351,-75
3352,619
3353,675
3354,675
3355,575
3356,675
3357,548
3358,-125
3359,675
3360,198
3361,575
3362,550
3363,525
3364,675
3365,675
3366,-75
3367,673
3368,525
3369,675
3370,623
3371,550
3372,673
3373,425
3374,300
3375,625
3376,623
3377,450
3378,621
3379,500
3380,623
3381,-75
3382,-27
3383,625
3384,-125
3385,575
3386,-125
3387,398
3388,675
3389,675
3390,573
3391,500
3392,-125
3393,675
3394,575
3395,675
3396,625
3397,625
3398,-125
3399,-25
3400,350
3401,675
3402,675
3403,625
3404,671
3405,-125
3406,675
3407,675
3408,-75
3409,571
3410,525
3411,625
3412,550
3413,525
3414,625
3415,675
3416,675
3417,-125
3418,675
3419,-75
3420,673
3421,-125
3422,-125
3423,575
3424,675
3425,398
3426,675
3427,675
3428,500
3429,73
3430,-125
3431,-75
3432,425
3433,-127
3434,500
3435,-29
3436,400
3437,575
3438,673
3439,669
3440,623
3441,425
3442,675
3443,-27
3444,300
3445,625
3446,473
3447,675
3448,669
3449,523
3450,623
3451,625
3452,675
3453,621
3454,625
3455,625
3456,475
3457,675
3458,-79
3459,675
3460,525
3461,675
3462,575
3463,671
3464,625
3465,573
3466,675
3467,-256
3468,675
3469,675
3470,675
3471,673
3472,-75
3473,575
3474,623
3475,-75
3476,675
3477,-75
3478,575
3479,-125
3480,675
3481,519
3482,623
3483,625
3484,675
3485,-75
3486,675
3487,621
3488,625
3489,550
3490,675
3491,425
3492,-125
3493,-129
3494,673
3495,675
3496,350
3497,675
3498,525
3499,573
3500,-75
3501,625
3502,350
3503,673
3504,623
3505,575
3506,675
3507,525
3508,575
3509,475
3510,625
3511,-127
3512,275
3513,673
3514,573
3515,625
3516,-177
3517,625
3518,675
3519,673
3520,375
3521,623
3522,623
3523,575
3524,675
3525,673
3526,675
3527,625
3528,619
3529,-181
3530,625
3531,625
3532,673
3533,-77
3534,-75
3535,-277
3536,296
3537,575
3538,300
3539,625
3540,-125
3541,-200
3542,375
3543,-102
3544,525
3545,673
3546,675
3547,473
3548,523
3549,675
3550,671
3551,675
3552,-27
3553,673
3554,523
3555,675
3556,575
3557,675
3558,675
3559,-77
3560,575
3561,675
3562,400
3563,673
3564,73
3565,575
3566,625
3567,625
3568,575
3569,-27
3570,598
3571,671
3572,-125
3573,400
3574,-125
3575,625
3576,425
3577,675
3578,625
3579,525
3580,675
3581,623
3582,475
3583,575
3584,673
3585,575
3586,675
3587,-27
3588,625
3589,-125
3590,425
3591,675
3592,525
3593,-200
3594,675
3595,675
3596,473
3597,675
3598,-25
3599,525
3600,-125
3601,375
3602,-129
3603,-75
3604,625
3605,-75
3606,573
3607,-125
3608,-77
3609,673
3610,675
3611,675
3612,675
3613,675
3614,396
3615,-125
3616,575
3617,400
3618,623
3619,473
3620,-77
3621,500
3622,623
3623,573
3624,675
3625,-25
3626,675
3627,675
3628,673
3629,575
3630,450
3631,675
3632,623
3633,625
3634,525
3635,-75
3636,325
3637,675
3638,671
3639,525
3640,675
3641,675
3642,375
3643,571
3644,425
3645,625
3646,673
3647,419
3648,673
3649,-29
3650,675
3651,625
3652,675
3653,575
3654,575
3655,375
3656,425
3657,525
3658,623
3659,-75
3660,675
3661,675
3662,625
3663,550
3664,625
3665,550
3666,-125
3667,573
3668,675
3669,675
3670,675
3671,625
3672,675
3673,475
3674,-25
3675,625
3676,625
3677,625
3678,675
3679,673
3680,375
3681,675
3682,-125
3683,625
3684,525
3685,625
3686,575
3687,-125
3688,625
3689,-127
3690,623
3691,625
3692,475
3693,675
3694,675
3695,-25
3696,-125
3697,475
3698,350
3699,325
3700,675
3701,625
3702,573
3703,573
3704,675
3705,575
3706,423
3707,150
3708,575
3709,675
3710,525
3711,425
3712,423
3713,600
3714,673
3715,675
3716,675
3717,-29
3718,-125
3719,525
3720,673
3721,675
3722,375
3723,625
3724,623
3725,-77
3726,25
3727,-27
3728,-75
3729,475
3730,675
3731,675
3732,675
3733,673
3734,575
3735,-25
3736,-27
3737,675
3738,-200
3739,675
3740,500
3741,675
3742,675
3743,675
3744,625
3745,525
3746,675
3747,625
3748,621
3749,-75
3750,575
3751,675
3752,675
3753,425
3754,475
3755,675
3756,675
3757,375
3758,-52
3759,625
3760,-75
3761,675
3762,575
3763,673
3764,625
3765,675
3766,675
3767,425
3768,550
3769,675
3770,-75
3771,350
3772,675
3773,573
3774,-175
3775,675
3776,625
3777,-127
3778,675
3779,625
3780,675
3781,519
3782,675
3783,525
3784,625
3785,-25
3786,675
3787,525
3788,623
3789,673
3790,625
3791,623
3792,575
3793,-29
3794,473
3795,675
3796,-125
3797,525
3798,625
3799,300
3800,400
3801,671
3802,575
3803,675
3804,400
3805,525
3806,625
3807,675
3808,525
3809,625
3810,544
3811,571
3812,673
3813,675
3814,475
3815,623
3816,425
3817,425
3818,-127
3819,673
3820,575
3821,400
3822,673
3823,675
3824,675
3825,675
3826,625
3827,-25
3828,675
3829,400
3830,348
3831,-125
3832,625
3833,625
3834,550
3835,-125
3836,475
3837,623
3838,673
3839,525
3840,248
3841,525
3842,673
3843,675
3844,475
3845,625
3846,623
3847,675
3848,371
3849,675
3850,525
3851,525
3852,-75
3853,675
3854,675
3855,-75
3856,394
3857,150
3858,625
3859,675
3860,-50
3861,675
3862,675
3863,575
3864,675
3865,373
3866,675
3867,525
3868,625
3869,496
3870,425
3871,575
3872,348
3873,573
3874,673
3875,675
3876,-125
3877,675
3878,673
3879,575
3880,675
3881,675
3882,75
3883,350
3884,625
3885,623
3886,675
3887,675
3888,475
3889,675
3890,625
3891,423
3892,-79
3893,675
3894,673
3895,575
3896,-125
3897,575
3898,400
3899,375
3900,575
3901,675
3902,673
3903,-77
3904,625
3905,-125
3906,375
3907,671
3908,-25
3909,675
3910,625
3911,425
3912,675
3913,-75
3914,-75
3915,675
3916,-75
3917,544
3918,375
3919,575
3920,-75
3921,300
3922,625
3923,675
3924,675
3925,425
3926,673
3927,673
3928,-125
3929,348
3930,675
3931,625
3932,523
3933,425
3934,575
3935,625
3936,623
3937,-75
3938,-75
3939,471
3940,-75
3941,-77
3942,625
3943,525
3944,573
3945,675
3946,575
3947,148
3948,-125
3949,521
3950,400
3951,575
3952,-25
3953,400
3954,673
3955,375
3956,523
3957,675
3958,475
3959,425
3960,623
3961,675
3962,-29
3963,675
3964,673
3965,675
3966,623
3967,600
3968,623
3969,623
3970,275
3971,525
3972,625
3973,575
3974,523
3975,625
3976,250
3977,625
3978,623
3979,675
3980,675
3981,675
3982,573
3983,-29
3984,675
3985,675
3986,425
3987,-125
3988,621
3989,575
3990,623
3991,-75
3992,625
3993,-27
3994,-125
3995,675
3996,673
3997,675
3998,675
3999,625
4000,621
4001,675
4002,625
4003,498
4004,675
4005,575
4006,675
4007,519
4008,625
4009,-125
4010,573
4011,350
4012,625
4013,375
4014,671
4015,575
4016,573
4017,625
4018,675
4019,675
4020,348
4021,625
4022,548
4023,0
4024,673
4025,550
4026,675
4027,625
4028,675
4029,675
4030,621
4031,525
4032,625
4033,675
4034,550
4035,673
4036,623
4037,671
4038,675
4039,471
4040,573
4041,675
4042,675
4043,625
4044,425
4045,675
4046,673
4047,675
4048,675
4049,-77
4050,575
4051,623
4052,675
4053,673
4054,-125
4055,673
4056,675
4057,625
4058,675
4059,575
4060,-181
4061,623
4062,-100
4063,398
4064,623
4065,675
4066,473
4067,521
4068,575
4069,625
4070,523
4071,-175
4072,675
4073,575
4074,-75
4075,625
4076,625
4077,675
4078,675
4079,575
4080,348
4081,675
4082,625
4083,-125
4084,675
4085,425
4086,675
4087,675
4088,275
4089,-75
4090,375
4091,673
4092,621
4093,523
4094,473
4095,675
4096,675
4097,575
4098,675
4099,0
4100,625
4101,523
4102,275
4103,523
4104,525
4105,-250
4106,673
4107,625
4108,-75
4109,423
4110,475
4111,-25
4112,-129
4113,-25
4114,292
4115,623
4116,625
4117,671
4118,-75
4119,625
4120,-227
4121,625
4122,625
4123,525
4124,275
4125,575
4126,575
4127,625
4128,525
4129,673
4130,-77
4131,625
4132,575
4133,625
4134,623
4135,675
4136,675
4137,475
4138,571
4139,675
4140,-125
4141,673
4142,675
4143,-75
4144,423
4145,625
4146,425
4147,-77
4148,550
4149,373
4150,-204
4151,-125
4152,675
4153,-125
4154,525
4155,498
4156,675
4157,621
4158,625
4159,625
4160,675
4161,573
4162,623
4163,-200
4164,671
4165,575
4166,425
4167,400
4168,623
4169,-75
4170,675
4171,675
4172,-29
4173,500
4174,-127
4175,325
4176,675
4177,-125
4178,675
4179,675
4180,625
4181,575
4182,-25
4183,-127
4184,-2
4185,425
4186,675
4187,475
4188,575
4189,675
4190,675
4191,673
4192,525
4193,575
4194,-252
4195,223
4196,675
4197,-127
4198,675
4199,675
4200,623
4201,625
4202,675
4203,471
4204,675
4205,675
4206,625
4207,623
4208,75
4209,-8
4210,400
4211,675
4212,75
4213,625
4214,673
4215,673
4216,673
4217,425
4218,325
4219,625
4220,675
4221,523
4222,375
4223,350
4224,675
4225,625
4226,523
4227,-27
4228,675
4229,625
4230,548
4231,675
4232,-125
4233,675
4234,675
4235,-125
4236,-125
4237,525
4238,525
4239,-125
4240,625
4241,475
4242,400
4243,425
4244,675
4245,-27
4246,375
4247,-200
4248,625
4249,675
4250,675
4251,-202
4252,-125
4253,675
4254,675
4255,475
4256,625
4257,675
4258,575
4259,-25
4260,-75
4261,550
4262,400
4263,623
4264,-75
4265,525
4266,675
4267,425
4268,425
4269,623
4270,-125
4271,675
4272,675
4273,675
4274,575
4275,625
4276,675
4277,525
4278,-75
4279,575
4280,675
4281,-175
4282,475
4283,-127
4284,625
4285,673
4286,548
4287,623
4288,625
4289,575
4290,625
4291,473
4292,-75
4293,675
4294,-25
4295,673
4296,-75
4297,675
4298,-27
4299,475
4300,625
4301,-27
4302,675
4303,625
4304,-27
4305,675
4306,175
4307,625
4308,-175
4309,523
4310,669
4311,675
4312,-75
4313,275
4314,623
4315,373
4316,673
4317,623
4318,675
4319,623
4320,346
4321,575
4322,625
4323,675
4324,-252
4325,623
4326,675
4327,550
4328,575
4329,675
4330,675
4331,250
4332,675
4333,675
4334,575
4335,675
4336,675
4337,425
4338,500
4339,621
4340,621
4341,675
4342,-27
4343,675
4344,625
4345,623
4346,-100
4347,573
4348,673
4349,675
4350,423
4351,-25
4352,-204
4353,573
4354,-79
4355,621
4356,425
4357,625
4358,-75
4359,675
4360,575
4361,-75
4362,473
4363,525
4364,675
4365,473
4366,-77
4367,75
4368,525
4369,-229
4370,275
4371,623
4372,400
4373,675
4374,125
4375,-129
4376,-125
4377,323
4378,300
4379,625
4380,525
4381,625
4382,625
4383,623
4384,523
4385,-75
4386,421
4387,625
4388,675
4389,671
4390,-129
4391,-29
4392,673
4393,671
4394,-125
4395,625
4396,675
4397,621
4398,675
4399,673
4400,350
4401,500
4402,525
4403,625
4404,-227
4405,-81
4406,475
4407,675
4408,623
4409,675
4410,548
4411,625
4412,673
4413,623
4414,675
4415,625
4416,550
4417,673
4418,669
4419,-125
4420,673
4421,623
4422,-129
4423,-27
4424,350
4425,673
4426,550
4427,448
4428,373
4429,521
4430,675
4431,623
4432,400
4433,673
4434,675
4435,675
4436,523
4437,400
4438,525
4439,675
4440,575
4441,325
4442,625
4443,373
4444,-125
4445,625
4446,575
4447,673
4448,-177
4449,623
4450,675
4451,675
4452,400
4453,675
4454,675
4455,469
4456,625
4457,625
4458,425
4459,675
4460,425
4461,675
4462,400
4463,523
4464,75
4465,625
4466,550
4467,575
4468,375
4469,573
4470,523
4471,-177
4472,425
4473,-75
4474,425
4475,-125
4476,625
4477,-125
4478,473
4479,673
4480,298
4481,625
4482,675
4483,-125
4484,475
4485,525
4486,675
4487,550
4488,675
4489,521
4490,575
4491,625
4492,575
4493,673
4494,675
4495,598
4496,548
4497,-179
4498,673
4499,675
4500,675
4501,-125
4502,675
4503,625
4504,-29
4505,625
4506,625
4507,625
4508,575
4509,675
4510,-25
4511,623
4512,-27
4513,625
4514,623
4515,523
4516,675
4517,-125
4518,675
4519,525
4520,-77
4521,625
4522,396
4523,0
4524,675
4525,521
4526,675
4527,575
4528,475
4529,375
4530,-125
4531,373
4532,-75
4533,675
4534,125
4535,675
4536,-25
4537,-125
4538,523
4539,675
4540,675
4541,673
4542,625
4543,625
4544,625
4545,623
4546,625
4547,575
4548,-75
4549,-125
4550,625
4551,500
4552,625
4553,673
4554,573
4555,675
4556,675
4557,673
4558,321
4559,425
4560,373
4561,675
4562,523
4563,625
4564,525
4565,-125
4566,625
4567,625
4568,400
4569,525
4570,525
4571,250
4572,675
4573,-125
4574,623
4575,400
4576,575
4577,675
4578,-125
4579,-75
4580,500
4581,675
4582,400
4583,675
4584,673
4585,-75
4586,525
4587,625
4588,673
4589,625
4590,625
4591,575
4592,-27
4593,673
4594,675
4595,621
4596,348
4597,275
4598,-125
4599,-125
4600,675
4601,675
4602,-202
4603,350
4604,-75
4605,625
4606,673
4607,323
4608,-75
4609,575
4610,623
4611,671
4612,325
4613,675
4614,575
4615,-27
4616,671
4617,675
4618,625
4619,675
4620,675
4621,675
4622,523
4623,-27
4624,675
4625,675
4626,-125
4627,675
4628,350
4629,396
4630,673
4631,575
4632,-75
4633,675
4634,675
4635,675
4636,-131
4637,675
4638,625
4639,425
4640,675
4641,246
4642,625
4643,675
4644,525
4645,575
4646,521
4647,398
4648,625
4649,-25
4650,675
4651,625
4652,625
4653,675
4654,675
4655,575
4656,623
4657,-75
4658,-125
4659,523
4660,425
4661,673
4662,523
4663,625
4664,373
4665,-29
4666,373
4667,475
4668,675
4669,-125
4670,569
4671,-75
4672,475
4673,675
4674,-127
4675,-75
4676,673
4677,623
4678,675
4679,-127
4680,425
4681,575
4682,625
4683,673
4684,23
4685,575
4686,-75
4687,575
4688,548
4689,550
4690,675
4691,350
4692,625
4693,675
4694,425
4695,375
4696,575
4697,325
4698,-125
4699,500
4700,575
4701,575
4702,550
4703,625
4704,-25
4705,-77
4706,569
4707,475
4708,575
4709,575
4710,575
4711,623
4712,-75
4713,675
4714,-302
4715,-125
4716,675
4717,675
4718,675
4719,348
4720,546
4721,-52
4722,-4
4723,-125
4724,675
4725,-125
4726,575
4727,673
4728,675
4729,675
4730,525
4731,675
4732,675
4733,525
4734,-125
4735,675
4736,350
4737,675
4738,296
4739,675
4740,575
4741,671
4742,675
4743,-125
4744,519
4745,625
4746,550
4747,625
4748,-125
4749,675
4750,523
4751,675
4752,675
4753,523
4754,575
4755,375
4756,0
4757,675
4758,-129
4759,250
4760,675
4761,675
4762,675
4763,675
4764,675
4765,-127
4766,675
4767,625
4768,623
4769,523
4770,673
4771,675
4772,375
4773,671
4774,571
4775,0
4776,525
4777,625
4778,625
4779,673
4780,-125
4781,600
4782,625
4783,573
4784,346
4785,675
4786,500
4787,675
4788,475
4789,-75
4790,150
4791,475
4792,623
4793,675
4794,575
4795,625
4796,525
4797,-75
4798,-125
4799,-200
4800,625
4801,500
4802,548
4803,675
4804,400
4805,525
4806,398
4807,450
4808,525
4809,625
4810,675
4811,675
4812,523
4813,623
4814,525
4815,625
4816,100
4817,675
4818,671
4819,-75
4820,-200
4821,625
4822,350
4823,625
4824,675
4825,673
4826,625
4827,675
4828,623
4829,675
4830,-75
4831,673
4832,671
4833,573
4834,275
4835,621
4836,-125
4837,623
4838,675
4839,-75
4840,525
4841,625
4842,150
4843,625
4844,-75
4845,575
4846,350
4847,675
4848,625
4849,623
4850,350
4851,673
4852,675
4853,-225
4854,675
4855,625
4856,623
4857,573
4858,-125
4859,421
4860,625
4861,625
4862,675
4863,-25
4864,525
4865,625
4866,-75
4867,623
4868,575
4869,-131
4870,548
4871,675
4872,525
4873,675
4874,625
4875,346
4876,625
4877,625
4878,675
4879,525
4880,673
4881,675
4882,346
4883,325
4884,-200
4885,675
4886,675
4887,325
4888,350
4889,675
4890,675
4891,625
4892,621
4893,525
4894,625
4895,625
4896,625
4897,75
4898,675
4899,675
4900,675
4901,675
4902,625
4903,675
4904,150
4905,421
4906,675
4907,675
4908,-79
4909,625
4910,675
4911,675
4912,475
4913,-27
4914,525
4915,571
4916,-135
4917,548
4918,475
4919,-225
4920,425
4921,-125
4922,-77
4923,-77
4924,625
4925,-125
4926,323
4927,423
4928,673
4929,623
4930,675
4931,675
4932,675
4933,-25
4934,525
4935,675
4936,675
4937,-2
4938,675
4939,375
4940,275
4941,-200
4942,673
4943,675
4944,-125
4945,-2
4946,675
4947,425
4948,571
4949,523
4950,625
4951,525
4952,675
4953,-125
4954,675
4955,-102
4956,-77
4957,425
4958,575
4959,425
4960,348
4961,675
4962,-129
4963,675
4964,571
4965,-75
4966,-75
4967,675
4968,300
4969,625
4970,625
4971,675
4972,675
4973,675
4974,675
4975,675
4976,525
4977,675
4978,525
4979,575
4980,475
4981,-100
4982,-75
4983,300
4984,425
4985,573
4986,-27
4987,400
4988,-179
4989,675
4990,623
4991,623
4992,625
4993,625
4994,673
4995,675
4996,625
4997,475
4998,425
4999,623
5000,575
5001,675
5002,675
5003,671
5004,425
5005,673
5006,575
5007,-125
5008,623
5009,525
5010,-75
5011,469
5012,525
5013,675
5014,425
5015,675
5016,625
5017,-25
5018,-125
5019,673
5020,675
5021,675
5022,675
5023,371
5024,623
5025,675
5026,150
5027,675
5028,675
5029,675
5030,675
5031,275
5032,-25
5033,573
5034,-25
5035,675
5036,673
5037,625
5038,675
5039,-200
5040,673
5041,625
5042,673
5043,-127
5044,623
5045,675
5046,675
5047,625
5048,396
5049,675
5050,675
5051,-75
5052,675
5053,-227
5054,-25
5055,675
5056,625
5057,675
5058,-125
5059,-125
5060,675
5061,546
5062,525
5063,396
5064,675
5065,625
5066,675
5067,675
5068,675
5069,498
5070,573
5071,-100
5072,623
5073,-77
5074,573
5075,675
5076,673
5077,673
5078,398
5079,523
5080,525
5081,525
5082,575
5083,675
5084,675
5085,600
5086,625
5087,675
5088,150
5089,425
5090,625
5091,675
5092,675
5093,675
5094,-125
5095,573
5096,621
5097,675
5098,575
5099,423
5100,575
5101,-125
5102,500
5103,625
5104,350
5105,625
5106,625
5107,675
5108,623
5109,350
5110,675
5111,575
5112,423
5113,350
5114,625
5115,625
5116,525
5117,275
5118,625
5119,673
5120,-79
5121,621
5122,-125
5123,-27
5124,673
5125,623
5126,673
5127,625
5128,400
5129,675
5130,-175
5131,675
5132,573
5133,673
5134,525
5135,625
5136,675
5137,625
5138,298
5139,675
5140,-75
5141,625
5142,425
5143,-125
5144,625
5145,675
5146,625
5147,498
5148,269
5149,625
5150,675
5151,675
5152,375
5153,675
5154,625
5155,523
5156,523
5157,673
5158,675
5159,625
5160,673
5161,-77
5162,673
5163,400
5164,623
5165,675
5166,348
5167,519
5168,675
5169,200
5170,673
5171,-125
5172,575
5173,625
5174,673
5175,675
5176,675
5177,623
5178,573
5179,348
5180,673
5181,673
5182,400
5183,673
5184,-125
5185,675
5186,625
5187,-125
5188,523
5189,673
5190,625
5191,625
5192,625
5193,625
5194,625
5195,675
5196,-75
5197,623
5198,675
5199,671
5200,575
5201,250
5202,625
5203,675
5204,625
5205,-77
5206,475
5207,671
5208,-125
5209,-25
5210,-127
5211,625
5212,575
5213,675
5214,425
5215,-75
5216,498
5217,550
5218,550
5219,575
5220,673
5221,675
5222,625
5223,-25
5224,523
5225,298
5226,625
5227,71
5228,123
5229,675
5230,675
5231,675
5232,-127
5233,250
5234,-75
5235,675
5236,675
5237,673
5238,673
5239,623
5240,625
5241,-25
5242,675
5243,625
5244,675
5245,673
5246,625
5247,575
5248,675
5249,-75
5250,375
5251,-75
5252,425
5253,398
5254,-127
5255,-125
5256,575
5257,471
5258,573
5259,475
5260,325
5261,575
5262,675
5263,625
5264,373
5265,-127
5266,625
5267,673
5268,673
5269,425
5270,-177
5271,675
5272,523
5273,150
5274,575
5275,475
5276,425
5277,400
5278,675
5279,675
5280,625
5281,673
5282,225
5283,-27
5284,675
5285,523
5286,523
5287,625
5288,625
5289,400
5290,675
5291,625
5292,575
5293,671
5294,673
5295,675
5296,675
5297,625
5298,225
5299,575
5300,621
5301,623
5302,675
5303,250
5304,-75
5305,375
5306,475
5307,625
5308,623
5309,575
5310,525
5311,148
5312,625
5313,550
5314,471
5315,675
5316,573
5317,675
5318,-75
5319,675
5320,675
5321,-75
5322,675
5323,473
5324,675
5325,525
5326,675
5327,325
5328,525
5329,671
5330,625
5331,-100
5332,623
5333,625
5334,675
5335,675
5336,425
5337,625
5338,575
5339,146
5340,-25
5341,673
5342,675
5343,398
5344,573
5345,621
5346,398
5347,573
5348,675
5349,623
5350,675
5351,623
5352,425
5353,671
5354,-25
5355,-131
5356,-25
5357,-200
5358,675
5359,623
5360,425
5361,625
5362,400
5363,675
5364,-175
5365,550
5366,23
5367,671
5368,450
5369,-77
5370,-25
5371,621
5372,400
5373,-25
5374,675
5375,673
5376,675
5377,625
5378,375
5379,575
5380,-75
5381,675
5382,675
5383,625
5384,525
5385,575
5386,523
5387,-75
5388,475
5389,675
5390,625
5391,625
5392,675
5393,575
5394,546
5395,525
5396,675
5397,-75
5398,575
5399,675
5400,-29
5401,675
5402,675
5403,675
5404,575
5405,-25
5406,-27
5407,-200
5408,673
5409,623
5410,-127
5411,-75
5412,-127
5413,675
5414,623
5415,673
5416,675
5417,673
5418,575
5419,623
5420,-225
5421,625
5422,675
5423,675
5424,625
5425,625
5426,675
5427,400
5428,671
5429,423
5430,-75
5431,350
5432,673
5433,675
5434,673
5435,675
5436,-75
5437,625
5438,300
5439,625
5440,425
5441,675
5442,625
5443,500
5444,675
5445,675
5446,550
5447,675
5448,296
5449,425
5450,523
5451,575
5452,525
5453,675
5454,-127
5455,573
5456,669
5457,675
5458,675
5459,525
5460,575
5461,625
5462,675
5463,675
5464,-75
5465,625
5466,675
5467,675
5468,275
5469,621
5470,675
5471,625
5472,623
5473,573
5474,575
5475,623
5476,673
5477,575
5478,-127
5479,-127
5480,-225
5481,675
5482,625
5483,623
5484,-75
5485,300
5486,-127
5487,523
5488,425
5489,625
5490,-75
5491,625
5492,575
5493,673
5494,625
5495,-75
5496,-25
5497,525
5498,675
5499,550
5500,675
5501,425
5502,675
5503,423
5504,675
5505,675
5506,-25
5507,546
5508,400
5509,350
5510,-77
5511,-75
5512,625
5513,423
5514,273
5515,475
5516,623
5517,400
5518,675
5519,300
5520,425
5521,575
5522,619
5523,675
5524,675
5525,575
5526,-125
5527,-75
5528,675
5529,675
5530,675
5531,425
5532,675
5533,625
5534,-75
5535,675
5536,523
5537,-27
5538,-200
5539,398
5540,298
5541,523
5542,-25
5543,398
5544,625
5545,425
5546,671
5547,675
5548,398
5549,623
5550,-4
5551,623
5552,675
5553,525
5554,-125
5555,-125
5556,675
5557,-27
5558,-131
5559,573
5560,675
5561,-25
5562,571
5563,675
5564,-77
5565,625
5566,-127
5567,523
5568,400
5569,400
5570,550
5571,425
5572,675
5573,675
5574,671
5575,-75
5576,675
5577,-25
5578,675
5579,625
5580,-125
5581,673
5582,575
5583,675
5584,373
5585,625
5586,673
5587,575
5588,673
5589,-75
5590,300
5591,-100
5592,-75
5593,673
5594,625
5595,625
5596,625
5597,525
5598,575
5599,475
5600,675
5601,625
5602,-83
5603,0
5604,573
5605,625
5606,575
5607,-79
5608,-125
5609,675
5610,673
5611,675
5612,623
5613,673
5614,398
5615,675
5616,675
5617,-129
5618,-75
5619,675
5620,675
5621,300
5622,348
5623,-127
5624,575
5625,623
5626,525
5627,673
5628,75
5629,575
5630,675
5631,425
5632,350
5633,625
5634,-25
5635,350
5636,675
5637,675
5638,300
5639,625
5640,-129
5641,675
5642,675
5643,375
5644,673
5645,525
5646,673
5647,625
5648,675
5649,523
5650,675
5651,675
5652,625
5653,623
5654,673
5655,525
5656,375
5657,425
5658,675
5659,475
5660,625
5661,671
5662,300
5663,-25
5664,475
5665,675
5666,573
5667,623
5668,675
5669,675
5670,673
5671,475
5672,675
5673,523
5674,-125
5675,-127
5676,623
5677,25
5678,625
5679,-125
5680,673
5681,423
5682,-300
5683,625
5684,673
5685,625
5686,573
5687,523
5688,625
5689,675
5690,675
5691,575
5692,500
5693,-75
5694,625
5695,675
5696,-125
5697,575
5698,625
5699,675
5700,675
5701,623
5702,523
5703,675
5704,675
5705,625
5706,625
5707,-77
5708,-125
5709,-125
5710,675
5711,475
5712,673
5713,-100
5714,625
5715,623
5716,575
5717,548
5718,-175
5719,525
5720,675
5721,675
5722,396
5723,621
5724,523
5725,573
5726,523
5727,475
5728,625
5729,675
5730,350
5731,617
5732,625
5733,675
5734,625
5735,575
5736,675
5737,500
5738,673
5739,-125
5740,-27
5741,625
5742,-27
5743,425
5744,298
5745,625
5746,671
5747,548
5748,375
5749,675
5750,675
5751,521
5752,473
5753,675
5754,375
5755,-75
5756,425
5757,673
5758,-125
5759,571
5760,625
5761,523
5762,475
5763,673
5764,-81
5765,-125
5766,675
5767,300
5768,575
5769,573
5770,625
5771,625
5772,625
5773,-125
5774,-25
5775,625
5776,375
5777,-31
5778,625
5779,675
5780,473
5781,525
5782,625
5783,625
5784,625
5785,525
5786,625
5787,273
5788,525
5789,-250
5790,475
5791,625
5792,625
5793,675
5794,623
5795,-25
5796,675
5797,350
5798,675
5799,673
5800,575
5801,673
5802,623
5803,525
5804,-200
5805,675
5806,625
5807,473
5808,-129
5809,625
5810,423
5811,621
5812,-75
5813,673
5814,673
5815,573
5816,673
5817,550
5818,625
5819,675
5820,673
5821,673
5822,550
5823,625
5824,473
5825,625
5826,-129
5827,625
5828,375
5829,523
5830,475
5831,575
5832,573
5833,-175
5834,73
5835,575
5836,-75
5837,675
5838,-75
5839,575
5840,573
5841,525
5842,671
5843,375
5844,621
5845,525
5846,625
5847,625
5848,671
5849,575
5850,673
5851,525
5852,673
5853,623
5854,675
5855,675
5856,625
5857,675
5858,675
5859,171
5860,475
5861,675
5862,673
5863,75
5864,675
5865,675
5866,-27
5867,623
5868,-75
5869,-125
5870,623
5871,-125
5872,573
5873,673
5874,675
5875,673
5876,73
5877,375
5878,400
5879,675
5880,398
5881,625
5882,675
5883,225
5884,625
5885,675
5886,675
5887,-25
5888,623
5889,625
5890,-75
5891,425
5892,500
5893,-25
5894,673
5895,-202
5896,-52
5897,-125
5898,273
5899,475
5900,-181
5901,675
5902,625
5903,573
5904,625
5905,673
5906,496
5907,425
5908,-25
5909,625
5910,525
5911,548
5912,575
5913,-25
5914,625
5915,575
5916,673
5917,575
5918,675
5919,525
5920,475
5921,625
5922,-75
5923,196
5924,473
5925,300
5926,625
5927,675
5928,425
5929,-125
5930,675
5931,623
5932,-75
5933,623
5934,498
5935,73
5936,-27
5937,671
5938,350
5939,673
5940,673
5941,-125
5942,500
5943,675
5944,323
5945,-25
5946,675
5947,-125
5948,675
5949,675
5950,450
5951,-27
5952,673
5953,400
5954,-29
5955,575
5956,425
5957,375
5958,-125
5959,575
5960,400
5961,625
5962,625
5963,675
5964,573
5965,-125
5966,575
5967,421
5968,623
5969,675
5970,669
5971,623
5972,675
5973,473
5974,675
5975,573
5976,398
5977,-225
5978,425
5979,375
5980,575
5981,-125
5982,-125
5983,571
5984,573
5985,675
5986,525
5987,675
5988,675
5989,525
5990,675
5991,548
5992,625
5993,621
5994,625
5995,-125
5996,675
5997,675
5998,523
5999,471
6000,-25
6001,348
6002,675
6003,400
6004,675
6005,400
6006,673
6007,-75
6008,575
6009,525
6010,625
6011,625
6012,425
6013,423
6014,675
6015,673
6016,673
6017,375
6018,425
6019,625
6020,396
6021,625
6022,575
6023,-125
6024,-77
6025,675
6026,525
6027,675
6028,-75
6029,675
6030,-75
6031,-200
6032,-75
6033,-125
6034,398
6035,673
6036,675
6037,623
6038,298
6039,575
6040,623
6041,548
6042,675
6043,675
6044,-125
6045,575
6046,425
6047,675
6048,-177
6049,673
6050,525
6051,621
6052,300
6053,-25
6054,675
6055,671
6056,621
6057,675
6058,573
6059,675
6060,625
6061,623
6062,525
6063,675
6064,-125
6065,-200
6066,625
6067,-100
6068,573
6069,-175
6070,675
6071,575
6072,625
6073,-25
6074,550
6075,375
6076,675
6077,625
6078,575
6079,-125
6080,673
6081,-125
6082,675
6083,625
6084,675
6085,525
6086,125
6087,550
6088,625
6089,400
6090,675
6091,-408
6092,621
6093,425
6094,-125
6095,625
6096,621
6097,525
6098,675
6099,575
6100,423
6101,623
6102,-29
6103,673
6104,625
6105,-75
6106,-125
6107,621
6108,425
6109,625
6110,575
6111,675
6112,550
6113,525
6114,425
6115,673
6116,625
6117,425
6118,-25
6119,575
6120,421
6121,625
6122,-25
6123,675
6124,-204
6125,525
6126,675
6127,625
6128,673
6129,425
6130,325
6131,673
6132,621
6133,-25
6134,-25
6135,523
6136,-125
6137,625
6138,575
6139,675
6140,-129
6141,350
6142,675
6143,675
6144,625
6145,575
6146,675
6147,623
6148,675
6149,623
6150,675
6151,623
6152,575
6153,675
6154,675
6155,423
6156,425
6157,-129
6158,675
6159,675
6160,-125
6161,-175
6162,398
6163,675
6164,673
6165,575
6166,675
6167,-75
6168,625
6169,623
6170,625
6171,-25
6172,525
6173,625
6174,525
6175,550
6176,573
6177,498
6178,-106
6179,273
6180,621
6181,625
6182,623
6183,-75
6184,-29
6185,675
6186,675
6187,625
6188,625
6189,525
6190,275
6191,421
6192,519
6193,525
6194,675
6195,673
6196,675
6197,425
6198,625
6199,-227
6200,675
6201,-75
6202,673
6203,675
6204,625
6205,146
6206,673
6207,673
6208,-77
6209,-27
6210,575
6211,375
6212,623
6213,375
6214,675
6215,675
6216,521
6217,-75
6218,-129
6219,350
6220,575
6221,-125
6222,575
6223,-125
6224,673
6225,575
6226,-127
6227,675
6228,575
6229,525
6230,625
6231,673
6232,246
6233,-75
6234,521
6235,-125
6236,575
6237,623
6238,298
6239,-75
6240,675
6241,346
6242,421
6243,425
6244,-75
6245,571
6246,546
6247,-125
6248,-25
6249,294
6250,675
6251,675
6252,673
6253,25
6254,-200
6255,300
6256,623
6257,323
6258,548
6259,425
6260,-127
6261,623
6262,675
6263,475
6264,350
6265,625
6266,423
6267,500
6268,625
6269,473
6270,550
6271,423
6272,675
6273,225
6274,673
6275,346
6276,625
6277,675
6278,675
6279,621
6280,521
6281,625
6282,675
6283,575
6284,673
6285,673
6286,425
6287,671
6288,675
6289,675
6290,575
6291,-75
6292,673
6293,475
6294,675
6295,-25
6296,675
6297,675
6298,673
6299,675
6300,575
6301,-25
6302,-75
6303,-225
6304,675
6305,675
6306,573
6307,675
6308,-158
6309,-125
6310,-456
6311,675
6312,400
6313,550
6314,675
6315,475
6316,671
6317,625
6318,-125
6319,344
6320,548
6321,623
6322,673
6323,675
6324,675
6325,-175
6326,675
6327,-127
6328,625
6329,675
6330,-125
6331,-75
6332,-25
6333,675
6334,675
6335,675
6336,673
6337,675
6338,571
6339,625
6340,625
6341,675
6342,625
6343,625
6344,-125
6345,525
6346,673
6347,625
6348,671
6349,-75
6350,-125
6351,673
6352,673
6353,-77
6354,-175
6355,571
6356,675
6357,621
6358,675
6359,473
6360,673
6361,625
6362,425
6363,623
6364,675
6365,425
6366,673
6367,675
6368,625
6369,575
6370,625
6371,673
6372,450
6373,675
6374,625
6375,675
6376,675
6377,-125
6378,423
6379,625
6380,223
6381,473
6382,675
6383,-27
6384,275
6385,298
6386,-175
6387,-27
6388,675
6389,675
6390,-75
6391,623
6392,346
6393,625
6394,575
6395,-127
6396,625
6397,573
6398,623
6399,675
6400,550
6401,423
6402,425
6403,675
6404,-25
6405,525
6406,425
6407,673
6408,675
6409,-125
6410,625
6411,623
6412,675
6413,425
6414,-200
6415,525
6416,673
6417,-125
6418,-125
6419,-77
6420,548
6421,675
6422,-75
6423,400
6424,425
6425,469
6426,623
6427,425
6428,298
6429,275
6430,675
6431,625
6432,675
6433,-252
6434,-25
6435,517
6436,623
6437,675
6438,575
6439,548
6440,-200
6441,-200
6442,575
6443,425
6444,550
6445,673
6446,675
6447,525
6448,371
6449,-29
6450,673
6451,673
6452,621
6453,625
6454,525
6455,675
6456,673
6457,-75
6458,625
6459,525
6460,425
6461,-125
6462,675
6463,475
6464,448
6465,673
6466,525
6467,400
6468,398
6469,-127
6470,673
6471,-125
6472,373
6473,675
6474,625
6475,525
6476,192
6477,621
6478,573
6479,223
6480,425
6481,-125
6482,421
6483,296
6484,573
6485,675
6486,575
6487,575
6488,675
6489,550
6490,675
6491,546
6492,523
6493,523
6494,575
6495,675
6496,473
6497,675
6498,575
6499,675
6500,-127
6501,398
6502,525
6503,675
6504,-25
6505,525
6506,-125
6507,675
6508,248
6509,-125
6510,623
6511,575
6512,-25
6513,425
6514,373
6515,675
6516,-75
6517,-125
6518,575
6519,-125
6520,500
6521,269
6522,675
6523,675
6524,675
6525,625
6526,-75
6527,575
6528,625
6529,471
6530,625
6531,575
6532,398
6533,623
6534,673
6535,523
6536,-75
6537,675
6538,248
6539,675
6540,621
6541,625
6542,246
6543,-75
6544,675
6545,673
6546,573
6547,-27
6548,621
6549,550
6550,625
6551,675
6552,675
6553,573
6554,575
6555,-175
6556,275
6557,396
6558,-100
6559,469
6560,623
6561,425
6562,-125
6563,-27
6564,673
6565,675
6566,625
6567,450
6568,400
6569,-125
6570,473
6571,550
6572,-75
6573,675
6574,569
6575,675
6576,675
6577,525
6578,550
6579,-125
6580,475
6581,525
6582,-25
6583,623
6584,573
6585,-77
6586,675
6587,-125
6588,-2
6589,525
6590,675
6591,-125
6592,-25
6593,675
6594,675
6595,348
6596,346
6597,675
6598,425
6599,350
6600,675
6601,575
6602,475
6603,671
6604,350
6605,625
6606,667
6607,625
6608,625
6609,-125
6610,625
6611,-125
6612,675
6613,300
6614,425
6615,625
6616,625
6617,623
6618,-27
6619,-125
6620,575
6621,675
6622,675
6623,675
6624,350
6625,-25
6626,625
6627,625
6628,675
6629,-75
6630,625
6631,675
6632,375
6633,-27
6634,625
6635,575
6636,625
6637,419
6638,623
6639,425
6640,675
6641,625
6642,-75
6643,675
6644,623
6645,471
6646,625
6647,625
6648,625
6649,125
6650,673
6651,373
6652,675
6653,575
6654,-125
6655,675
6656,419
6657,675
6658,673
6659,625
6660,673
6661,675
6662,573
6663,275
6664,675
6665,675
6666,-177
6667,675
6668,675
6669,671
6670,623
6671,675
6672,675
6673,675
6674,675
6675,548
6676,673
6677,675
6678,473
6679,500
6680,525
6681,675
6682,373
6683,675
6684,-75
6685,625
6686,625
6687,673
6688,425
6689,421
6690,625
6691,-77
6692,623
6693,623
6694,675
6695,623
6696,400
6697,523
6698,521
6699,425
6700,425
6701,625
6702,625
6703,625
6704,675
6705,575
6706,573
6707,625
6708,575
6709,-75
6710,625
6711,673
6712,625
6713,-125
6714,-125
6715,375
6716,673
6717,575
6718,-125
6719,525
6720,425
6721,575
6722,675
6723,625
6724,623
6725,473
6726,425
6727,400
6728,675
6729,623
6730,425
6731,675
6732,-75
6733,523
6734,671
6735,573
6736,673
6737,375
6738,-125
6739,575
6740,625
6741,675
6742,573
6743,425
6744,675
6745,575
6746,675
6747,575
6748,575
6749,525
6750,425
6751,-27
6752,-127
6753,400
6754,523
6755,675
6756,675
6757,523
6758,675
6759,525
6760,475
6761,675
6762,675
6763,498
6764,675
6765,-27
6766,-200
6767,325
6768,373
6769,625
6770,673
6771,621
6772,571
6773,373
6774,575
6775,575
6776,675
6777,223
6778,675
6779,675
6780,-75
6781,675
6782,623
6783,525
6784,525
6785,625
6786,673
6787,675
6788,348
6789,625
6790,398
6791,-175
6792,673
6793,675
6794,675
6795,675
6796,675
6797,675
6798,-75
6799,619
6800,575
6801,675
6802,675
6803,296
6804,675
6805,675
6806,575
6807,675
6808,-127
6809,425
6810,675
6811,623
6812,675
6813,625
6814,425
6815,-75
6816,625
6817,573
6818,-125
6819,475
6820,675
6821,-25
6822,623
6823,-75
6824,673
6825,523
6826,675
6827,675
6828,150
6829,675
6830,-75
6831,21
6832,675
6833,-75
6834,625
6835,613
6836,525
6837,496
6838,675
6839,525
6840,548
6841,300
6842,-27
6843,573
6844,675
6845,675
6846,625
6847,625
6848,550
6849,625
6850,525
6851,675
6852,425
6853,675
6854,675
6855,673
6856,571
6857,621
6858,575
6859,625
6860,673
6861,-200
6862,475
6863,-75
6864,673
6865,673
6866,400
6867,-125
6868,623
6869,546
6870,575
6871,521
6872,675
6873,673
6874,-75
6875,625
6876,625
6877,621
6878,375
6879,573
6880,675
6881,525
6882,-127
6883,523
6884,575
6885,625
6886,575
6887,671
6888,-75
6889,-131
6890,525
6891,-25
6892,625
6893,675
6894,673
6895,615
6896,575
6897,-77
6898,625
6899,473
6900,673
6901,675
6902,-175
6903,575
6904,525
6905,-75
6906,-25
6907,675
6908,675
6909,248
6910,675
6911,675
6912,625
6913,675
6914,125
6915,-75
6916,519
6917,675
6918,675
6919,625
6920,75
6921,625
6922,523
6923,625
6924,575
6925,675
6926,475
6927,575
6928,-125
6929,-29
6930,-75
6931,-125
6932,-127
6933,673
6934,625
6935,675
6936,548
6937,625
6938,400
6939,-125
6940,675
6941,573
6942,675
6943,575
6944,623
6945,675
6946,525
6947,575
6948,625
6949,675
6950,348
6951,398
6952,675
6953,-127
6954,575
6955,575
6956,575
6957,573
6958,575
6959,150
6960,675
6961,675
6962,-75
6963,-25
6964,675
6965,623
6966,675
6967,673
6968,673
6969,-125
6970,248
6971,675
6972,525
6973,-125
6974,-25
6975,548
6976,675
6977,675
6978,675
6979,623
6980,675
6981,325
6982,675
6983,675
6984,375
6985,350
6986,675
6987,675
6988,515
6989,525
6990,350
6991,675
6992,275
6993,425
6994,425
6995,-127
6996,-29
6997,675
6998,475
6999,-227
7000,575
7001,675
7002,625
7003,573
7004,-325
7005,575
7006,523
7007,623
7008,396
7009,-202
7010,400
7011,625
7012,675
7013,498
7014,-27
7015,373
7016,573
7017,623
7018,623
7019,625
7020,375
7021,625
7022,675
7023,623
7024,-127
7025,623
7026,675
7027,350
7028,-75
7029,625
7030,625
7031,575
7032,571
7033,500
7034,523
7035,673
7036,623
7037,675
7038,573
7039,-125
7040,575
7041,475
7042,675
7043,500
7044,621
7045,675
7046,-75
7047,-125
7048,675
7049,-75
7050,673
7051,625
7052,573
7053,673
7054,223
7055,623
7056,250
7057,375
7058,675
7059,675
7060,471
7061,625
7062,548
7063,675
7064,575
7065,573
7066,675
7067,671
7068,625
7069,625
7070,-25
7071,-200
7072,423
7073,675
7074,625
7075,675
7076,673
7077,675
7078,575
7079,625
7080,575
7081,675
7082,-175
7083,625
7084,673
7085,-200
7086,625
7087,573
7088,623
7089,675
7090,550
7091,623
7092,623
7093,673
7094,673
7095,625
7096,625
7097,673
7098,546
7099,675
7100,-125
7101,625
7102,248
7103,373
7104,625
7105,623
7106,500
7107,623
7108,623
7109,625
7110,625
7111,625
7112,625
7113,619
7114,673
7115,325
7116,-231
7117,675
7118,471
7119,425
7120,675
7121,-125
7122,675
7123,673
7124,575
7125,-29
7126,675
7127,675
7128,675
7129,675
7130,-177
7131,675
7132,625
7133,-125
7134,-127
7135,-25
7136,625
7137,525
7138,675
7139,675
7140,296
7141,673
7142,625
7143,348
7144,-125
7145,675
7146,-125
7147,675
7148,625
7149,621
7150,525
7151,-75
7152,-231
7153,250
7154,350
7155,673
7156,-25
7157,475
7158,675
7159,575
7160,525
7161,625
7162,425
7163,675
7164,625
7165,675
7166,675
7167,675
7168,-125
7169,625
7170,523
7171,625
7172,625
7173,573
7174,671
7175,675
7176,573
7177,-127
7178,675
7179,675
7180,-25
7181,471
7182,450
7183,675
7184,550
7185,400
7186,-25
7187,-177
7188,673
7189,450
7190,673
7191,496
7192,496
7193,-125
7194,-75
7195,625
7196,623
7197,-27
7198,-125
7199,-125
7200,573
7201,-25
7202,350
7203,373
7204,625
7205,675
7206,-27
7207,-75
7208,675
7209,675
7210,625
7211,623
7212,625
7213,-75
7214,675
7215,-125
7216,-150
7217,500
7218,-75
7219,623
7220,675
7221,675
7222,521
7223,675
7224,575
7225,621
7226,625
7227,625
7228,625
7229,-75
7230,425
7231,675
7232,671
7233,525
7234,673
7235,348
7236,-77
7237,425
7238,623
7239,573
7240,675
7241,-125
7242,673
7243,-125
7244,675
7245,548
7246,-25
7247,675
7248,275
7249,523
7250,625
7251,-125
7252,625
7253,673
7254,675
7255,-127
7256,675
7257,625
7258,523
7259,673
7260,-75
7261,400
7262,473
7263,675
7264,419
7265,200
7266,525
7267,623
7268,675
7269,673
7270,425
7271,675
7272,625
7273,575
7274,625
7275,-129
7276,575
7277,675
7278,675
7279,675
7280,673
7281,425
7282,525
7283,550
7284,625
7285,-402
7286,523
7287,-175
7288,625
7289,400
7290,550
7291,673
7292,675
7293,675
7294,321
7295,-200
7296,-77
7297,675
7298,350
7299,-125
7300,575
7301,675
7302,625
7303,673
7304,425
7305,675
7306,473
7307,625
7308,675
7309,675
7310,575
7311,625
7312,-75
7313,675
7314,398
7315,425
7316,673
7317,500
7318,623
7319,675
7320,625
7321,673
7322,350
7323,-125
7324,675
7325,625
7326,625
7327,350
7328,675
7329,-150
7330,675
7331,571
7332,675
7333,-127
7334,473
7335,500
7336,-29
7337,625
7338,673
7339,400
7340,398
7341,400
7342,575
7343,575
7344,575
7345,675
7346,625
7347,675
7348,623
7349,525
7350,675
7351,-325
7352,575
7353,675
7354,525
7355,523
7356,375
7357,-77
7358,373
7359,346
7360,-127
7361,571
7362,675
7363,675
7364,675
7365,675
7366,671
7367,425
7368,673
7369,675
7370,623
7371,575
7372,575
7373,625
7374,675
7375,625
7376,348
7377,675
7378,-175
7379,675
7380,573
7381,673
7382,423
7383,525
7384,-125
7385,550
7386,671
7387,625
7388,675
7389,473
7390,273
7391,675
7392,575
7393,473
7394,-54
7395,625
7396,548
7397,675
7398,673
7399,475
7400,23
7401,523
7402,-25
7403,525
7404,625
7405,673
7406,621
7407,675
7408,625
7409,450
7410,-75
7411,475
7412,625
7413,425
7414,623
7415,673
7416,675
7417,625
7418,-175
7419,423
7420,623
7421,-75
7422,121
7423,500
7424,-125
7425,675
7426,398
7427,625
7428,625
7429,398
7430,575
7431,398
7432,425
7433,625
7434,-25
7435,675
7436,625
7437,671
7438,675
7439,675
7440,675
7441,623
7442,-127
7443,375
7444,575
7445,425
7446,675
7447,425
7448,675
7449,0
7450,548
7451,348
7452,673
7453,-125
7454,523
7455,675
7456,675
7457,-77
7458,675
7459,625
7460,623
7461,571
7462,-125
7463,675
7464,675
7465,575
7466,675
7467,675
7468,425
7469,673
7470,-75
7471,-125
7472,625
7473,-75
7474,625
7475,398
7476,-75
7477,-77
7478,675
7479,625
7480,621
7481,400
7482,525
7483,623
7484,-125
7485,373
7486,573
7487,-75
7488,425
7489,675
7490,673
7491,-75
7492,473
7493,675
7494,575
7495,575
7496,675
7497,-129
7498,573
7499,548
7500,-75
7501,523
7502,675
7503,573
7504,625
7505,475
7506,625
7507,471
7508,-25
7509,625
7510,675
7511,250
7512,575
7513,523
7514,-79
7515,-75
7516,675
7517,475
7518,625
7519,525
7520,675
7521,675
7522,673
7523,625
7524,269
7525,246
7526,625
7527,625
7528,548
7529,-77
7530,673
7531,323
7532,400
7533,300
7534,573
7535,623
7536,375
7537,675
7538,623
7539,-177
7540,550
7541,-27
7542,575
7543,675
7544,675
7545,400
7546,575
7547,525
7548,573
7549,625
7550,-75
7551,623
7552,625
7553,675
7554,671
7555,525
7556,673
7557,550
7558,675
7559,675
7560,475
7561,-25
7562,675
7563,525
7564,448
7565,-125
7566,525
7567,-77
7568,-75
7569,675
7570,625
7571,575
7572,625
7573,-25
7574,496
7575,675
7576,623
7577,-27
7578,525
7579,-75
7580,-75
7581,-75
7582,-175
7583,675
7584,625
7585,675
7586,575
7587,575
7588,-81
7589,19
7590,569
7591,475
7592,-75
7593,-177
7594,675
7595,675
7596,675
7597,673
7598,623
7599,675
7600,575
7601,675
7602,621
7603,473
7604,275
7605,675
7606,-75
7607,675
7608,525
7609,675
7610,525
7611,-127
7612,525
7613,575
7614,625
7615,-4
7616,523
7617,523
7618,673
7619,671
7620,575
7621,675
7622,675
7623,550
7624,525
7625,675
7626,400
7627,521
7628,-75
7629,675
7630,675
7631,525
7632,500
7633,475
7634,623
7635,525
7636,675
7637,673
7638,525
7639,625
7640,-25
7641,298
7642,475
7643,623
7644,575
7645,-25
7646,623
7647,298
7648,-125
7649,673
7650,621
7651,-75
7652,625
7653,621
7654,-125
7655,-125
7656,-125
7657,625
7658,623
7659,-127
7660,425
7661,575
7662,567
7663,675
7664,675
7665,-75
7666,625
7667,375
7668,675
7669,-125
7670,625
7671,625
7672,500
7673,525
7674,625
7675,621
7676,425
7677,575
7678,675
7679,-75
7680,675
7681,625
7682,675
7683,575
7684,623
7685,621
7686,675
7687,575
7688,325
7689,675
7690,-75
7691,571
7692,675
7693,675
7694,625
7695,673
7696,425
7697,623
7698,623
7699,425
7700,623
7701,675
7702,398
7703,625
7704,400
7705,-75
7706,550
7707,673
7708,-175
7709,673
7710,673
7711,375
7712,675
7713,475
7714,500
7715,673
7716,250
7717,625
7718,323
7719,675
7720,621
7721,675
7722,425
7723,-52
7724,675
7725,675
7726,675
7727,575
7728,319
7729,675
7730,-125
7731,-27
7732,675
7733,625
7734,575
7735,675
7736,675
7737,-125
7738,625
7739,425
7740,675
7741,625
7742,625
7743,673
7744,623
7745,675
7746,623
7747,675
7748,675
7749,575
7750,675
7751,675
7752,623
7753,625
7754,-125
7755,-77
7756,525
7757,350
7758,400
7759,675
7760,-200
7761,400
7762,525
7763,500
7764,-75
7765,523
7766,450
7767,-125
7768,673
7769,523
7770,675
7771,525
7772,673
7773,-125
7774,-75
7775,400
7776,525
7777,675
7778,573
7779,575
7780,-175
7781,-75
7782,600
7783,675
7784,-77
7785,625
7786,523
7787,673
7788,575
7789,675
7790,675
7791,423
7792,623
7793,675
7794,-125
7795,523
7796,550
7797,625
7798,525
7799,575
7800,675
7801,675
7802,625
7803,673
7804,348
7805,-31
7806,548
7807,525
7808,625
7809,675
7810,500
7811,-75
7812,623
7813,673
7814,500
7815,673
7816,-125
7817,573
7818,-200
7819,223
7820,675
7821,-125
7822,619
7823,575
7824,375
7825,675
7826,-75
7827,675
7828,675
7829,221
7830,371
7831,575
7832,675
7833,625
7834,523
7835,-75
7836,100
7837,673
7838,623
7839,623
7840,550
7841,623
7842,625
7843,625
7844,473
7845,475
7846,675
7847,-27
7848,675
7849,675
7850,675
7851,625
7852,675
7853,-175
7854,-227
7855,300
7856,550
7857,-75
7858,475
7859,575
7860,573
7861,675
7862,675
7863,575
7864,575
7865,625
7866,573
7867,625
7868,625
7869,425
7870,325
7871,-125
7872,623
7873,625
7874,500
7875,-125
7876,625
7877,625
7878,573
7879,675
7880,675
7881,575
7882,-29
7883,623
7884,-75
7885,-127
7886,675
7887,575
7888,-125
7889,625
7890,-77
7891,-125
7892,675
7893,-25
7894,623
7895,623
7896,500
7897,421
7898,550
7899,675
7900,673
7901,623
7902,673
7903,625
7904,625
7905,673
7906,525
7907,575
7908,425
7909,625
7910,-125
7911,571
7912,625
7913,-25
7914,675
7915,675
7916,625
7917,-75
7918,-129
7919,675
7920,675
7921,573
7922,675
7923,675
7924,675
7925,675
7926,575
7927,-106
7928,675
7929,348
7930,675
7931,623
7932,525
7933,550
7934,621
7935,625
7936,675
7937,-75
7938,400
7939,73
7940,675
7941,-75
7942,625
7943,625
7944,525
7945,525
7946,-127
7947,-75
7948,400
7949,325
7950,575
7951,575
7952,348
7953,623
7954,-2
7955,-77
7956,675
7957,675
7958,-125
7959,575
7960,675
7961,673
7962,675
7963,675
7964,625
7965,575
7966,425
7967,675
7968,550
7969,-352
7970,-75
7971,675
7972,675
7973,569
7974,625
7975,398
7976,573
7977,675
7978,675
7979,675
7980,-175
7981,675
7982,625
7983,625
7984,400
7985,675
7986,571
7987,-125
7988,523
7989,675
7990,675
7991,525
7992,625
7993,-75
7994,673
7995,-125
7996,-31
7997,623
7998,-75
7999,-125
8000,-25
8001,246
8002,573
8003,525
8004,-27
8005,673
8006,275
8007,675
8008,673
8009,673
8010,673
8011,525
8012,575
8013,675
8014,675
8015,-77
8016,573
8017,548
8018,571
8019,673
8020,-125
8021,675
8022,625
8023,425
8024,525
8025,625
8026,-75
8027,475
8028,496
8029,525
8030,469
8031,625
8032,-125
8033,575
8034,50
8035,675
8036,-127
8037,-75
8038,573
8039,500
8040,473
8041,673
8042,-125
8043,400
8044,525
8045,425
8046,425
8047,573
8048,623
8049,-125
8050,469
8051,425
8052,525
8053,675
8054,273
8055,423
8056,50
8057,523
8058,373
8059,675
8060,625
8061,575
8062,675
8063,625
8064,500
8065,-25
8066,675
8067,625
8068,625
8069,673
8070,569
8071,-52
8072,-125
8073,673
8074,-127
8075,623
8076,621
8077,425
8078,398
8079,575
8080,498
8081,475
8082,525
8083,625
8084,-125
8085,548
8086,571
8087,-177
8088,675
8089,675
8090,625
8091,473
8092,575
8093,675
8094,-175
8095,575
8096,625
8097,673
8098,425
8099,675
8100,573
8101,675
8102,-125
8103,350
8104,525
8105,375
8106,-125
8107,423
8108,473
8109,475
8110,425
8111,425
8112,425
8113,500
8114,625
8115,625
8116,675
8117,575
8118,-127
8119,621
8120,-127
8121,673
8122,675
8123,425
8124,525
8125,575
8126,475
8127,423
8128,675
8129,425
8130,575
8131,675
8132,346
8133,200
8134,523
8135,621
8136,675
8137,475
8138,-125
8139,-29
8140,548
8141,621
8142,573
8143,623
8144,523
8145,623
8146,623
8147,673
8148,675
8149,-77
8150,575
8151,-125
8152,375
8153,573
8154,675
8155,-25
8156,625
8157,675
8158,675
8159,675
8160,323
8161,548
8162,-29
8163,625
8164,675
8165,398
8166,621
8167,550
8168,675
8169,550
8170,673
8171,675
8172,671
8173,625
8174,675
8175,675
8176,375
8177,-25
8178,394
8179,-75
8180,673
8181,-125
8182,571
8183,675
8184,575
8185,625
8186,625
8187,523
8188,675
8189,425
8190,625
8191,-75
8192,500
8193,625
8194,525
8195,675
8196,621
8197,523
8198,625
8199,400
8200,621
8201,0
8202,546
8203,400
8204,675
8205,-100
8206,675
8207,-25
8208,573
8209,625
8210,273
8211,521
8212,573
8213,625
8214,-125
8215,-77
8216,675
8217,-75
8218,675
8219,625
8220,675
8221,625
8222,675
8223,400
8224,-127
8225,-175
8226,675
8227,673
8228,573
8229,398
8230,625
8231,675
8232,675
8233,675
8234,675
8235,675
8236,-125
8237,625
8238,398
8239,673
8240,-179
8241,673
8242,423
8243,675
8244,625
8245,575
8246,473
8247,75
8248,375
8249,675
8250,675
8251,623
8252,573
8253,0
8254,-75
8255,371
8256,-25
8257,73
8258,623
8259,625
8260,400
8261,423
8262,623
8263,273
8264,671
8265,375
8266,400
8267,625
8268,298
8269,625
8270,400
8271,500
8272,425
8273,673
8274,675
8275,-127
8276,-125
8277,675
8278,675
8279,625
8280,625
8281,675
8282,-77
8283,423
8284,625
8285,-175
8286,673
8287,673
8288,621
8289,675
8290,-75
8291,-75
8292,573
8293,400
8294,675
8295,350
8296,575
8297,271
8298,675
8299,398
8300,375
8301,523
8302,675
8303,-77
8304,625
8305,575
8306,400
8307,350
8308,625
8309,673
8310,498
8311,-125
8312,494
8313,350
8314,673
8315,373
8316,-75
8317,-75
8318,-125
8319,675
8320,625
8321,675
8322,675
8323,-125
8324,673
8325,575
8326,675
8327,-125
8328,625
8329,675
8330,525
8331,523
8332,671
8333,21
8334,675
8335,523
8336,350
8337,-127
8338,675
8339,675
8340,675
8341,623
8342,673
8343,569
8344,675
8345,300
8346,625
8347,623
8348,673
8349,550
8350,673
8351,675
8352,-127
8353,623
8354,675
8355,575
8356,623
8357,-175
8358,294
8359,675
8360,625
8361,525
8362,675
8363,623
8364,-75
8365,400
8366,-125
8367,671
8368,575
8369,675
8370,-25
8371,-127
8372,-125
8373,-125
8374,-125
8375,675
8376,675
8377,-175
8378,673
8379,673
8380,675
8381,-125
8382,625
8383,-127
8384,623
8385,473
8386,671
8387,275
8388,675
8389,346
8390,625
8391,525
8392,525
8393,625
8394,575
8395,425
8396,675
8397,621
8398,523
8399,623
8400,-125
8401,575
8402,675
8403,-200
8404,575
8405,-100
8406,-25
8407,673
8408,-125
8409,398
8410,573
8411,-75
8412,523
8413,550
8414,323
8415,350
8416,425
8417,148
8418,625
8419,669
8420,673
8421,-277
8422,-75
8423,675
8424,400
8425,-125
8426,-125
8427,675
8428,400
8429,675
8430,373
8431,573
8432,575
8433,525
8434,625
8435,673
8436,-125
8437,673
8438,-125
8439,-27
8440,-25
8441,675
8442,623
8443,575
8444,525
8445,-125
8446,548
8447,675
8448,425
8449,575
8450,675
8451,671
8452,-27
8453,575
8454,671
8455,525
8456,-25
8457,-2
8458,675
8459,625
8460,675
8461,675
8462,675
8463,400
8464,546
8465,375
8466,675
8467,623
8468,675
8469,573
8470,425
8471,425
8472,425
8473,625
8474,250
8475,673
8476,623
8477,425
8478,-25
8479,571
8480,500
8481,573
8482,675
8483,173
8484,-100
8485,675
8486,675
8487,623
8488,573
8489,-77
8490,675
8491,675
8492,-127
8493,-75
8494,671
8495,625
8496,200
8497,623
8498,619
8499,573
8500,673
8501,-177
8502,625
8503,471
8504,625
8505,550
8506,425
8507,-25
8508,-75
8509,-150
8510,675
8511,573
8512,-125
8513,673
8514,475
8515,525
8516,-125
8517,273
8518,-27
8519,623
8520,475
8521,623
8522,425
8523,675
8524,-125
8525,675
8526,-225
8527,398
8528,21
8529,-125
8530,675
8531,-125
8532,575
8533,671
8534,675
8535,475
8536,625
8537,398
8538,-125
8539,623
8540,550
8541,-127
8542,398
8543,475
8544,-125
8545,423
8546,175
8547,473
8548,623
8549,675
8550,-75
8551,425
8552,425
8553,-25
8554,673
8555,125
8556,-75
8557,673
8558,675
8559,-29
8560,475
8561,675
8562,500
8563,675
8564,673
8565,425
8566,523
8567,675
8568,675
8569,423
8570,375
8571,675
8572,550
8573,473
8574,573
8575,425
8576,400
8577,625
8578,623
8579,675
8580,621
8581,-4
8582,625
8583,575
8584,250
8585,425
8586,-31
8587,521
8588,-125
8589,675
8590,-77
8591,575
8592,150
8593,675
8594,375
8595,546
8596,425
8597,-27
8598,675
8599,675
8600,-129
8601,675
8602,-125
8603,471
8604,-175
8605,-29
8606,523
8607,675
8608,-127
8609,623
8610,675
8611,675
8612,350
8613,298
8614,675
8615,673
8616,675
8617,-25
8618,375
8619,673
8620,675
8621,-77
8622,-125
8623,625
8624,675
8625,-179
8626,-79
8627,471
8628,-125
8629,475
8630,675
8631,625
8632,348
8633,300
8634,400
8635,-125
8636,675
8637,675
8638,425
8639,475
8640,350
8641,675
8642,0
8643,425
8644,675
8645,425
8646,-125
8647,625
8648,575
8649,425
8650,673
8651,575
8652,-75
8653,-125
8654,-27
8655,-125
8656,623
8657,525
8658,625
8659,575
8660,-25
8661,623
8662,673
8663,-200
8664,625
8665,398
8666,-75
8667,625
8668,673
8669,625
8670,625
8671,-25
8672,-127
8673,675
8674,550
8675,675
8676,423
8677,400
8678,475
8679,675
8680,-25
8681,675
8682,425
8683,423
8684,475
8685,675
8686,150
8687,550
8688,621
8689,525
8690,623
8691,575
8692,-125
8693,-125
8694,342
8695,-75
8696,625
8697,-75
8698,675
8699,400
8700,625
8701,350
8702,223
8703,400
8704,675
8705,625
8706,525
8707,675
8708,-300
8709,550
8710,423
8711,425
8712,-175
8713,575
8714,675
8715,625
8716,673
8717,-25
8718,675
8719,-125
8720,675
8721,-29
8722,-125
8723,625
8724,550
8725,398
8726,675
8727,675
8728,-75
8729,375
8730,673
8731,-125
8732,400
8733,675
8734,675
8735,673
8736,550
8737,625
8738,-125
8739,625
8740,423
8741,675
8742,625
8743,525
8744,-125
8745,675
8746,573
8747,623
8748,625
8749,-25
8750,675
8751,675
8752,525
8753,625
8754,473
8755,575
8756,675
8757,-125
8758,625
8759,573
8760,-125
8761,675
8762,673
8763,425
8764,350
8765,371
8766,625
8767,375
8768,521
8769,675
8770,675
8771,623
8772,400
8773,673
8774,619
8775,100
8776,571
8777,625
8778,573
8779,525
8780,625
8781,675
8782,675
8783,675
8784,375
8785,675
8786,673
8787,548
8788,625
8789,521
8790,-25
8791,675
8792,-125
8793,425
8794,675
8795,675
8796,400
8797,675
8798,675
8799,625
8800,625
8801,525
8802,450
8803,619
8804,675
8805,-75
8806,500
8807,-4
8808,-127
8809,625
8810,575
8811,675
8812,475
8813,575
8814,-52
8815,671
8816,575
8817,-177
8818,619
8819,475
8820,575
8821,623
8822,675
8823,625
8824,525
8825,625
8826,675
8827,675
8828,673
8829,373
8830,544
8831,-25
8832,675
8833,675
8834,675
8835,625
8836,300
8837,375
8838,348
8839,625
8840,675
8841,673
8842,-75
8843,673
8844,575
8845,675
8846,675
8847,575
8848,675
8849,575
8850,-75
8851,-177
8852,675
8853,400
8854,425
8855,400
8856,100
8857,425
8858,625
8859,675
8860,675
8861,675
8862,675
8863,573
8864,675
8865,-125
8866,673
8867,675
8868,-175
8869,675
8870,675
8871,148
8872,623
8873,425
8874,550
8875,625
8876,673
8877,575
8878,-125
8879,496
8880,675
8881,675
8882,675
8883,575
8884,625
8885,-127
8886,-125
8887,-25
8888,-227
8889,400
8890,625
8891,425
8892,625
8893,675
8894,298
8895,671
8896,275
8897,-75
8898,-125
8899,675
8900,675
8901,-127
8902,675
8903,-75
8904,625
8905,675
8906,571
8907,-125
8908,600
8909,521
8910,625
8911,400
8912,525
8913,575
8914,675
8915,-125
8916,625
8917,675
8918,525
8919,675
8920,625
8921,675
8922,619
8923,523
8924,400
8925,675
8926,-25
8927,523
8928,575
8929,575
8930,425
8931,619
8932,-175
8933,275
8934,396
8935,273
8936,550
8937,425
8938,475
8939,625
8940,675
8941,675
8942,575
8943,525
8944,623
8945,-29
8946,625
8947,-2
8948,300
8949,621
8950,517
8951,-27
8952,523
8953,675
8954,673
8955,675
8956,675
8957,75
8958,675
8959,-75
8960,625
8961,425
8962,423
8963,619
8964,498
8965,-75
8966,575
8967,675
8968,621
8969,673
8970,625
8971,625
8972,675
8973,550
8974,525
8975,625
8976,625
8977,675
8978,548
8979,675
8980,575
8981,396
8982,623
8983,625
8984,348
8985,675
8986,623
8987,494
8988,673
8989,-25
8990,573
8991,548
8992,575
8993,575
8994,0
8995,625
8996,625
8997,-125
8998,500
8999,675
9000,675
9001,475
9002,600
9003,-125
9004,550
9005,-25
9006,-150
9007,621
9008,400
9009,625
9010,75
9011,675
9012,673
9013,525
9014,569
9015,675
9016,675
9017,621
9018,573
9019,673
9020,-25
9021,573
9022,573
9023,623
9024,-29
9025,350
9026,-25
9027,-125
9028,675
9029,525
9030,619
9031,675
9032,575
9033,469
9034,575
9035,550
9036,-200
9037,575
9038,-81
9039,623
9040,400
9041,625
9042,625
9043,-125
9044,-127
9045,625
9046,675
9047,-75
9048,525
9049,525
9050,673
9051,-52
9052,675
9053,-75
9054,-125
9055,675
9056,398
9057,675
9058,675
9059,-125
9060,675
9061,673
9062,675
9063,675
9064,525
9065,675
9066,573
9067,575
9068,675
9069,623
9070,675
9071,625
9072,673
9073,-81
9074,350
9075,575
9076,675
9077,675
9078,473
9079,675
9080,625
9081,525
9082,-175
9083,-127
9084,575
9085,675
9086,473
9087,675
9088,248
9089,-129
9090,-125
9091,675
9092,675
9093,675
9094,675
9095,675
9096,625
9097,519
9098,571
9099,625
9100,675
9101,523
9102,673
9103,675
9104,625
9105,675
9106,675
9107,373
9108,275
9109,325
9110,575
9111,400
9112,625
9113,50
9114,675
9115,675
9116,498
9117,325
9118,623
9119,675
9120,425
9121,623
9122,400
9123,625
9124,675
9125,525
9126,-75
9127,675
9128,675
9129,525
9130,625
9131,625
9132,675
9133,625
9134,525
9135,-127
9136,673
9137,625
9138,625
9139,675
9140,675
9141,475
9142,625
9143,525
9144,550
9145,525
9146,-125
9147,625
9148,675
9149,623
9150,675
9151,525
9152,273
9153,625
9154,673
9155,625
9156,619
9157,475
9158,675
9159,-75
9160,675
9161,675
9162,625
9163,525
9164,-77
9165,423
9166,675
9167,-25
9168,-25
9169,623
9170,525
9171,673
9172,523
9173,625
9174,675
9175,-27
9176,425
9177,525
9178,675
9179,475
9180,623
9181,675
9182,350
9183,573
9184,-25
9185,575
9186,-75
9187,675
9188,-125
9189,150
9190,573
9191,671
9192,575
9193,-27
9194,375
9195,-79
9196,-125
9197,675
9198,-75
9199,298
9200,623
9201,675
9202,675
9203,675
9204,-75
9205,675
9206,625
9207,575
9208,673
9209,625
9210,575
9211,675
9212,675
9213,375
9214,673
9215,-75
9216,675
9217,-75
9218,569
9219,625
9220,673
9221,525
9222,-125
9223,623
9224,673
9225,-127
9226,625
9227,625
9228,344
9229,625
9230,671
9231,675
9232,623
9233,-25
9234,575
9235,675
9236,-75
9237,-125
9238,-25
9239,673
9240,675
9241,675
9242,625
9243,625
9244,573
9245,623
9246,675
9247,675
9248,-75
9249,623
9250,625
9251,575
9252,575
9253,675
9254,400
9255,575
9256,625
9257,-25
9258,675
9259,475
9260,575
9261,-25
9262,498
9263,425
9264,673
9265,525
9266,675
9267,-25
9268,675
9269,400
9270,573
9271,398
9272,625
9273,675
9274,300
9275,575
9276,573
9277,625
9278,625
9279,523
9280,500
9281,-175
9282,-77
9283,623
9284,-27
9285,625
9286,-125
9287,625
9288,675
9289,175
9290,550
9291,150
9292,625
9293,675
9294,375
9295,675
9296,669
9297,525
9298,-225
9299,-75
9300,71
9301,623
9302,675
9303,675
9304,475
9305,625
9306,550
9307,398
9308,675
9309,625
9310,675
9311,425
9312,675
9313,675
9314,325
9315,498
9316,525
9317,675
9318,248
9319,450
9320,-27
9321,573
9322,675
9323,573
9324,325
9325,669
9326,625
9327,375
9328,473
9329,625
9330,-125
9331,673
9332,675
9333,525
9334,0
9335,675
9336,400
9337,-200
9338,-125
9339,673
9340,-25
9341,550
9342,675
9343,625
9344,623
9345,250
9346,525
9347,675
9348,550
9349,675
9350,575
9351,675
9352,525
9353,623
9354,625
9355,550
9356,498
9357,675
9358,625
9359,575
9360,-77
9361,623
9362,423
9363,525
9364,523
9365,675
9366,671
9367,525
9368,675
9369,-200
9370,625
9371,275
9372,575
9373,-77
9374,-125
9375,-125
9376,675
9377,-27
9378,673
9379,600
9380,473
9381,575
9382,375
9383,573
9384,-75
9385,375
9386,-25
9387,423
9388,-75
9389,671
9390,-125
9391,325
9392,623
9393,573
9394,400
9395,673
9396,-125
9397,223
9398,-75
9399,675
9400,623
9401,-27
9402,525
9403,673
9404,625
9405,475
9406,619
9407,623
9408,-75
9409,673
9410,575
9411,548
9412,450
9413,-75
9414,-177
9415,425
9416,571
9417,673
9418,625
9419,675
9420,675
9421,625
9422,673
9423,248
9424,675
9425,623
9426,673
9427,675
9428,675
9429,250
9430,675
9431,675
9432,573
9433,-75
9434,623
9435,550
9436,575
9437,625
9438,625
9439,671
9440,550
9441,675
9442,669
9443,-75
9444,-25
9445,575
9446,498
9447,625
9448,675
9449,623
9450,675
9451,523
9452,398
9453,-75
9454,623
9455,425
9456,675
9457,623
9458,625
9459,-75
9460,425
9461,673
9462,-125
9463,675
9464,-75
9465,675
9466,525
9467,-125
9468,575
9469,675
9470,625
9471,625
9472,625
9473,573
9474,-77
9475,375
9476,375
9477,450
9478,-125
9479,-75
9480,623
9481,673
9482,400
9483,-25
9484,625
9485,575
9486,625
9487,675
9488,675
9489,673
9490,675
9491,-25
9492,473
9493,-29
9494,467
9495,675
9496,675
9497,525
9498,573
9499,400
9500,669
9501,575
9502,-77
9503,275
9504,625
9505,525
9506,575
9507,550
9508,-175
9509,421
9510,623
9511,625
9512,-27
9513,671
9514,525
9515,500
9516,-75
9517,625
9518,625
9519,675
9520,-75
9521,673
9522,625
9523,675
9524,675
9525,675
9526,673
9527,575
9528,675
9529,375
9530,625
9531,175
9532,-77
9533,373
9534,525
9535,-25
9536,525
9537,673
9538,300
9539,548
9540,525
9541,625
9542,-125
9543,623
9544,675
9545,625
9546,675
9547,-79
9548,675
9549,-152
9550,673
9551,-52
9552,473
9553,675
9554,623
9555,525
9556,525
9557,575
9558,673
9559,-125
9560,675
9561,673
9562,523
9563,625
9564,523
9565,475
9566,675
9567,325
9568,525
9569,675
9570,675
9571,575
9572,350
9573,675
9574,-125
9575,-175
9576,-75
9577,675
9578,623
9579,396
9580,625
9581,625
9582,-79
9583,675
9584,423
9585,673
9586,625
9587,-25
9588,673
9589,675
9590,-77
9591,-125
9592,625
9593,573
9594,425
9595,525
9596,-75
9597,-125
9598,550
9599,625
9600,-179
9601,-75
9602,675
9603,625
9604,625
9605,250
9606,423
9607,573
9608,-150
9609,325
9610,675
9611,-125
9612,-125
9613,525
9614,425
9615,673
9616,575
9617,675
9618,621
9619,475
9620,675
9621,675
9622,573
9623,625
9624,625
9625,625
9626,-125
9627,-200
9628,675
9629,-229
9630,675
9631,350
9632,425
9633,675
9634,625
9635,623
9636,625
9637,-125
9638,625
9639,675
9640,675
9641,673
9642,673
9643,575
9644,673
9645,-175
9646,625
9647,671
9648,675
9649,325
9650,675
9651,625
9652,575
9653,621
9654,625
9655,675
9656,675
9657,575
9658,375
9659,673
9660,-125
9661,350
9662,-175
9663,-75
9664,371
9665,473
9666,550
9667,675
9668,673
9669,675
9670,673
9671,625
9672,675
9673,323
9674,550
9675,425
9676,-125
9677,675
9678,-29
9679,673
9680,375
9681,625
9682,-127
9683,675
9684,673
9685,-125
9686,523
9687,-25
9688,575
9689,475
9690,625
9691,550
9692,675
9693,675
9694,-75
9695,-125
9696,673
9697,-27
9698,625
9699,398
9700,673
9701,525
9702,625
9703,575
9704,400
9705,623
9706,675
9707,575
9708,625
9709,673
9710,623
9711,575
9712,-127
9713,625
9714,425
9715,625
9716,400
9717,-29
9718,573
9719,-77
9720,675
9721,421
9722,-77
9723,675
9724,575
9725,675
9726,525
9727,-77
9728,100
9729,675
9730,675
9731,675
9732,623
9733,625
9734,-27
9735,675
9736,425
9737,675
9738,575
9739,350
9740,400
9741,500
9742,450
9743,-25
9744,-179
9745,575
9746,673
9747,675
9748,625
9749,675
9750,573
9751,575
9752,525
9753,-125
9754,500
9755,-127
9756,675
9757,675
9758,625
9759,625
9760,625
9761,675
9762,575
9763,-75
9764,350
9765,-227
9766,-25
9767,-25
9768,-202
9769,398
9770,675
9771,350
9772,550
9773,573
9774,625
9775,548
9776,-125
9777,573
9778,-75
9779,673
9780,-27
9781,675
9782,675
9783,623
9784,673
9785,673
9786,550
9787,675
9788,423
9789,625
9790,675
9791,550
9792,325
9793,375
9794,673
9795,-125
9796,473
9797,675
9798,673
9799,675
9800,-127
9801,625
9802,623
9803,675
9804,-25
9805,475
9806,550
9807,-77
9808,675
9809,550
9810,425
9811,375
9812,673
9813,575
9814,675
9815,573
9816,625
9817,-125
9818,446
9819,575
9820,675
9821,325
9822,575
9823,-75
9824,625
9825,673
9826,673
9827,675
9828,621
9829,423
9830,675
9831,625
9832,350
9833,675
9834,675
9835,673
9836,625
9837,550
9838,623
9839,550
9840,625
9841,625
9842,625
9843,525
9844,623
9845,675
9846,475
9847,425
9848,675
9849,375
9850,675
9851,519
9852,373
9853,625
9854,75
9855,623
9856,675
9857,625
9858,675
9859,675
9860,575
9861,-25
9862,475
9863,675
9864,-125
9865,423
9866,675
9867,-102
9868,250
9869,-175
9870,673
9871,398
9872,565
9873,194
9874,625
9875,673
9876,675
9877,675
9878,675
9879,675
9880,675
9881,625
9882,-127
9883,175
9884,625
9885,675
9886,675
9887,675
9888,-75
9889,571
9890,525
9891,-175
9892,521
9893,575
9894,623
9895,525
9896,-77
9897,625
9898,675
9899,675
9900,425
9901,675
9902,350
9903,675
9904,619
9905,675
9906,625
9907,625
9908,-202
9909,573
9910,675
9911,673
9912,675
9913,673
9914,575
9915,398
9916,673
9917,200
9918,575
9919,625
9920,575
9921,-125
9922,550
9923,575
9924,-77
9925,-75
9926,675
9927,-75
9928,573
9929,675
9930,675
9931,675
9932,675
9933,673
9934,623
9935,0
9936,675
9937,625
9938,675
9939,-75
9940,469
9941,675
9942,500
9943,575
9944,675
9945,675
9946,-100
9947,575
9948,573
9949,675
9950,673
9951,-127
9952,673
9953,675
9954,350
9955,523
9956,296
9957,575
9958,73
9959,675
9960,675
9961,625
9962,621
9963,675
9964,-77
9965,623
9966,625
9967,525
9968,575
9969,473
9970,675
9971,425
9972,675
9973,475
9974,675
9975,675
9976,575
9977,625
9978,400
9979,625
9980,673
9981,623
9982,625
9983,-125
9984,375
9985,675
9986,600
9987,625
9988,525
9989,-100
9990,675
9991,675
9992,550
9993,475
9994,675
9995,523
9996,675
9997,573
9998,621
9999,423
10000,573
[[(4, 4), 0, -25], [(3, 4), 2, 50], [(3, 3), 2, 50], [(3, 2), 2, 250], [(3, 1), 0, 250], [(2, 1), 2, -25], [(2, 0), 0, -25], [(1, 0), 0, 150]]