1,-479
2,-129
3,-784
4,-588
5,-226
6,-202
7,-249
8,-79
9,-183
10,65
11,-439
12,184
13,-179
14,-649
15,-225
16,-695
17,-200
18,-237
19,-354
20,-524
21,-431
22,-285
23,-127
24,617
25,-389
26,-333
27,-112
28,-131
29,-466
30,-370
31,194
32,-185
33,-31
34,-250
35,-127
36,73
37,-152
38,-156
39,-283
40,-175
41,226
42,-281
43,-268
44,-202
45,50
46,-177
47,-125
48,-206
49,-125
50,-780
51,-511
52,-364
53,-181
54,-135
55,15
56,-389
57,-200
58,-318
59,-331
60,-104
61,-202
62,375
63,-1421
64,-851
65,-77
66,-135
67,-256
68,-328
69,-312
70,-229
71,196
72,-125
73,-468
74,-241
75,144
76,-341
77,-626
78,-64
79,90
80,-125
81,-641
82,-538
83,-252
84,-125
85,-343
86,496
87,-89
88,-129
89,-204
90,473
91,-87
92,-302
93,-289
94,-41
95,19
96,-187
97,-389
98,-160
99,-125
100,-154
101,-252
102,-310
103,-401
104,92
105,273
106,-114
107,-93
108,-177
109,-125
110,223
111,-200
112,-79
113,-568
114,-306
115,-520
116,-131
117,-110
118,169
119,13
120,-6
121,-181
122,36
123,-268
124,40
125,-8
126,-204
127,-43
128,-181
129,319
130,-125
131,-79
132,-150
133,-231
134,98
135,321
136,-314
137,-803
138,271
139,-335
140,-302
141,369
142,209
143,121
144,-225
145,-597
146,248
147,-79
148,46
149,-200
150,-521
151,221
152,61
153,125
154,371
155,219
156,-150
157,-237
158,496
159,344
160,92
161,117
162,-206
163,-77
164,-31
165,-177
166,167
167,469
168,-412
169,-127
170,261
171,363
172,-200
173,363
174,-179
175,621
176,-381
177,-206
178,67
179,471
180,271
181,363
182,-204
183,-75
184,-589
185,346
186,-231
187,361
188,-75
189,623
190,-126
191,-202
192,-202
193,-177
194,67
195,-100
196,-497
197,-281
198,-204
199,-254
200,-125
201,-77
202,-254
203,267
204,363
205,-127
206,-125
207,669
208,61
209,-75
210,473
211,323
212,223
213,-177
214,-229
215,-181
216,-75
217,0
218,371
219,-35
220,-152
221,-252
222,-89
223,-127
224,-127
225,473
226,398
227,-127
228,321
229,-254
230,-204
231,48
232,167
233,371
234,-175
235,346
236,221
237,265
238,-131
239,244
240,267
241,-160
242,265
243,-85
244,523
245,-133
246,-1059
247,-277
248,-285
249,567
250,623
251,-227
252,325
253,340
254,-358
255,-179
256,-31
257,423
258,346
259,146
260,673
261,192
262,-175
263,625
264,-100
265,-127
266,-535
267,-631
268,-302
269,-127
270,-125
271,-181
272,-252
273,-185
274,-125
275,223
276,-125
277,273
278,-79
279,-129
280,225
281,-129
282,273
283,73
284,340
285,-125
286,-254
287,-16
288,100
289,-125
290,11
291,-129
292,115
293,-250
294,-133
295,-129
296,-177
297,-125
298,-127
299,194
300,-77
301,-185
302,-83
303,-12
304,521
305,71
306,421
307,-283
308,371
309,-77
310,-200
311,550
312,-175
313,-106
314,-233
315,323
316,675
317,-525
318,469
319,365
320,467
321,-131
322,523
323,23
324,596
325,-391
326,-77
327,421
328,267
329,375
330,-206
331,498
332,171
333,367
334,-75
335,198
336,271
337,-127
338,-39
339,-152
340,448
341,315
342,498
343,-277
344,471
345,419
346,267
347,-58
348,-127
349,417
350,215
351,-487
352,575
353,-193
354,246
355,417
356,400
357,123
358,-162
359,-52
360,411
361,373
362,269
363,-127
364,192
365,-75
366,-52
367,-158
368,-225
369,-125
370,109
371,442
372,-402
373,313
374,471
375,-177
376,365
377,169
378,361
379,-25
380,625
381,17
382,-125
383,517
384,217
385,-127
386,446
387,140
388,525
389,211
390,-327
391,546
392,575
393,-237
394,244
395,421
396,-127
397,-100
398,-127
399,519
400,-227
401,321
402,569
403,575
404,-125
405,200
406,-79
407,-306
408,223
409,-283
410,-127
411,-225
412,421
413,-75
414,-77
415,367
416,-141
417,-133
418,-177
419,-285
420,523
421,-129
422,173
423,425
424,275
425,523
426,248
427,667
428,-79
429,448
430,325
431,198
432,317
433,-179
434,275
435,-127
436,-75
437,475
438,675
439,73
440,-177
441,-81
442,-108
443,498
444,-75
445,-177
446,190
447,69
448,675
449,375
450,98
451,-150
452,-125
453,-125
454,-175
455,21
456,473
457,-104
458,-127
459,-127
460,-227
461,-125
462,375
463,-127
464,425
465,546
466,675
467,-52
468,-129
469,-75
470,-75
471,-312
472,569
473,-77
474,-175
475,525
476,548
477,-204
478,623
479,571
480,371
481,221
482,-524
483,371
484,519
485,375
486,471
487,-179
488,146
489,-202
490,471
491,325
492,-231
493,-354
494,575
495,525
496,-77
497,523
498,-104
499,575
500,-204
501,-127
502,623
503,-229
504,-175
505,517
506,144
507,623
508,625
509,-77
510,523
511,671
512,-125
513,469
514,423
515,275
516,348
517,196
518,-127
519,-125
520,-125
521,675
522,-175
523,-83
524,-104
525,623
526,-237
527,350
528,-125
529,623
530,548
531,-179
532,523
533,471
534,346
535,-200
536,325
537,375
538,-79
539,94
540,400
541,-77
542,623
543,-125
544,-129
545,-327
546,-181
547,369
548,275
549,525
550,423
551,369
552,-75
553,323
554,400
555,248
556,298
557,344
558,575
559,625
560,348
561,473
562,523
563,498
564,450
565,19
566,244
567,-77
568,-27
569,398
570,-75
571,625
572,298
573,573
574,348
575,221
576,325
577,623
578,0
579,-200
580,-12
581,150
582,-160
583,369
584,521
585,473
586,-131
587,71
588,-125
589,-79
590,171
591,-129
592,298
593,-177
594,-25
595,463
596,425
597,-210
598,-75
599,-125
600,575
601,525
602,523
603,-79
604,-125
605,-125
606,-125
607,523
608,675
609,-250
610,-127
611,-127
612,625
613,569
614,623
615,375
616,-460
617,475
618,575
619,-181
620,-200
621,621
622,575
623,-125
624,523
625,-381
626,-125
627,-150
628,575
629,625
630,-127
631,-200
632,-158
633,550
634,367
635,425
636,525
637,675
638,-125
639,-75
640,675
641,-131
642,446
643,-150
644,-127
645,296
646,671
647,673
648,-81
649,450
650,673
651,-200
652,475
653,-25
654,423
655,525
656,423
657,419
658,621
659,342
660,375
661,573
662,275
663,473
664,223
665,244
666,675
667,625
668,73
669,625
670,-127
671,375
672,675
673,-225
674,-202
675,-75
676,467
677,675
678,623
679,671
680,400
681,-25
682,-210
683,369
684,525
685,-200
686,675
687,-75
688,-125
689,400
690,-27
691,625
692,-77
693,-75
694,-125
695,625
696,219
697,525
698,396
699,546
700,471
701,-125
702,446
703,675
704,675
705,419
706,623
707,-125
708,-75
709,523
710,500
711,-77
712,525
713,675
714,-125
715,673
716,373
717,575
718,-25
719,-175
720,417
721,-29
722,675
723,575
724,425
725,348
726,523
727,-25
728,548
729,-127
730,273
731,248
732,675
733,-177
734,567
735,-75
736,367
737,675
738,-200
739,-75
740,373
741,625
742,-81
743,600
744,625
745,525
746,-125
747,548
748,-75
749,573
750,675
751,394
752,-125
753,573
754,673
755,200
756,-202
757,-127
758,373
759,-52
760,675
761,21
762,675
763,573
764,623
765,-127
766,198
767,673
768,623
769,675
770,573
771,625
772,223
773,523
774,-79
775,671
776,625
777,673
778,496
779,521
780,248
781,475
782,-75
783,-75
784,-127
785,425
786,675
787,523
788,-279
789,575
790,-79
791,246
792,-152
793,675
794,-125
795,675
796,625
797,623
798,625
799,-6
800,425
801,523
802,-77
803,-81
804,625
805,-200
806,-77
807,-127
808,423
809,-2
810,623
811,-75
812,-125
813,575
814,425
815,575
816,625
817,421
818,673
819,473
820,-79
821,-125
822,575
823,146
824,350
825,425
826,625
827,625
828,625
829,625
830,400
831,375
832,-129
833,571
834,-79
835,523
836,-133
837,675
838,573
839,-83
840,675
841,275
842,-27
843,475
844,625
845,-125
846,375
847,625
848,675
849,375
850,-252
851,575
852,625
853,575
854,498
855,-77
856,625
857,-127
858,396
859,673
860,400
861,573
862,550
863,246
864,569
865,623
866,-81
867,475
868,675
869,546
870,573
871,-75
872,673
873,475
874,375
875,-75
876,669
877,525
878,575
879,675
880,-125
881,575
882,375
883,-25
884,548
885,375
886,575
887,573
888,425
889,675
890,346
891,423
892,571
893,473
894,625
895,575
896,571
897,-77
898,675
899,-133
900,473
901,523
902,625
903,675
904,373
905,625
906,619
907,425
908,-75
909,675
910,623
911,625
912,625
913,625
914,-127
915,675
916,-125
917,623
918,373
919,375
920,571
921,544
922,-75
923,-125
924,-125
925,471
926,-81
927,575
928,400
929,-25
930,673
931,400
932,675
933,-75
934,573
935,425
936,625
937,625
938,671
939,-125
940,325
941,623
942,673
943,623
944,523
945,675
946,675
947,125
948,575
949,400
950,675
951,675
952,623
953,575
954,675
955,-175
956,675
957,-125
958,498
959,621
960,675
961,300
962,675
963,-75
964,498
965,400
966,-125
967,671
968,675
969,673
970,550
971,673
972,194
973,344
974,450
975,523
976,425
977,625
978,350
979,573
980,525
981,-127
982,-152
983,671
984,525
985,-250
986,675
987,675
988,675
989,425
990,523
991,550
992,-125
993,575
994,673
995,673
996,621
997,-75
998,-29
999,600
1000,621
1001,-125
1002,625
1003,500
1004,-225
1005,625
1006,425
1007,425
1008,625
1009,623
1010,573
1011,573
1012,573
1013,625
1014,675
1015,525
1016,623
1017,-181
1018,-75
1019,423
1020,575
1021,523
1022,419
1023,575
1024,-125
1025,-77
1026,-75
1027,575
1028,300
1029,-125
1030,500
1031,350
1032,-79
1033,425
1034,625
1035,673
1036,-200
1037,525
1038,675
1039,498
1040,575
1041,425
1042,550
1043,675
1044,-125
1045,350
1046,625
1047,375
1048,300
1049,425
1050,625
1051,-25
1052,625
1053,-125
1054,673
1055,425
1056,248
1057,623
1058,625
1059,473
1060,-200
1061,575
1062,625
1063,625
1064,673
1065,-52
1066,675
1067,-127
1068,575
1069,500
1070,671
1071,-227
1072,623
1073,400
1074,675
1075,-125
1076,675
1077,571
1078,400
1079,623
1080,-77
1081,675
1082,250
1083,400
1084,673
1085,-175
1086,675
1087,523
1088,525
1089,625
1090,-27
1091,375
1092,625
1093,675
1094,298
1095,350
1096,675
1097,625
1098,-25
1099,348
1100,500
1101,-79
1102,-125
1103,523
1104,473
1105,625
1106,625
1107,375
1108,675
1109,573
1110,-175
1111,675
1112,675
1113,423
1114,675
1115,619
1116,475
1117,498
1118,625
1119,-125
1120,625
1121,573
1122,198
1123,625
1124,525
1125,525
1126,675
1127,621
1128,625
1129,625
1130,425
1131,375
1132,573
1133,625
1134,625
1135,425
1136,675
1137,575
1138,350
1139,673
1140,-25
1141,671
1142,675
1143,673
1144,675
1145,673
1146,398
1147,-125
1148,625
1149,375
1150,675
1151,500
1152,600
1153,675
1154,600
1155,275
1156,425
1157,625
1158,675
1159,523
1160,675
1161,623
1162,673
1163,675
1164,675
1165,573
1166,625
1167,625
1168,350
1169,575
1170,675
1171,471
1172,521
1173,575
1174,623
1175,625
1176,425
1177,-29
1178,675
1179,673
1180,-27
1181,425
1182,625
1183,521
1184,425
1185,398
1186,-175
1187,-125
1188,623
1189,675
1190,625
1191,350
1192,571
1193,675
1194,-125
1195,675
1196,-25
1197,175
1198,425
1199,625
1200,675
1201,625
1202,525
1203,625
1204,625
1205,-75
1206,675
1207,675
1208,675
1209,623
1210,425
1211,671
1212,-25
1213,-27
1214,550
1215,675
1216,525
1217,675
1218,448
1219,625
1220,625
1221,675
1222,673
1223,-75
1224,673
1225,300
1226,548
1227,546
1228,675
1229,675
1230,-75
1231,675
1232,-125
1233,673
1234,573
1235,675
1236,550
1237,-175
1238,525
1239,675
1240,525
1241,621
1242,675
1243,475
1244,-227
1245,675
1246,-125
1247,371
1248,673
1249,675
1250,625
1251,675
1252,625
1253,625
1254,675
1255,625
1256,675
1257,675
1258,625
1259,621
1260,625
1261,675
1262,550
1263,-75
1264,523
1265,-27
1266,-125
1267,625
1268,675
1269,673
1270,496
1271,675
1272,625
1273,625
1274,625
1275,273
1276,675
1277,-125
1278,675
1279,625
1280,675
1281,623
1282,398
1283,625
1284,673
1285,475
1286,400
1287,675
1288,-25
1289,446
1290,425
1291,625
1292,475
1293,675
1294,-75
1295,-25
1296,423
1297,673
1298,625
1299,475
1300,623
1301,575
1302,675
1303,-125
1304,-125
1305,450
1306,675
1307,550
1308,675
1309,-75
1310,675
1311,625
1312,673
1313,625
1314,675
1315,550
1316,675
1317,625
1318,400
1319,425
1320,625
1321,546
1322,375
1323,-75
1324,575
1325,573
1326,569
1327,673
1328,623
1329,300
1330,500
1331,571
1332,675
1333,400
1334,673
1335,425
1336,619
1337,675
1338,573
1339,398
1340,623
1341,475
1342,675
1343,625
1344,525
1345,675
1346,675
1347,400
1348,675
1349,-25
1350,525
1351,617
1352,675
1353,675
1354,425
1355,500
1356,625
1357,425
1358,675
1359,550
1360,-77
1361,598
1362,523
1363,469
1364,-29
1365,675
1366,575
1367,675
1368,623
1369,-175
1370,550
1371,671
1372,-129
1373,548
1374,575
1375,623
1376,623
1377,-102
1378,673
1379,675
1380,625
1381,675
1382,625
1383,398
1384,623
1385,525
1386,675
1387,625
1388,675
1389,675
1390,675
1391,471
1392,500
1393,625
1394,675
1395,669
1396,675
1397,-75
1398,-75
1399,625
1400,673
1401,350
1402,675
1403,625
1404,671
1405,625
1406,0
1407,675
1408,625
1409,673
1410,675
1411,623
1412,625
1413,625
1414,623
1415,575
1416,425
1417,671
1418,423
1419,623
1420,623
1421,550
1422,-77
1423,673
1424,625
1425,675
1426,675
1427,-125
1428,298
1429,500
1430,525
1431,-75
1432,-179
1433,625
1434,573
1435,675
1436,621
1437,250
1438,-75
1439,-52
1440,675
1441,400
1442,573
1443,575
1444,675
1445,675
1446,675
1447,673
1448,-175
1449,600
1450,625
1451,625
1452,625
1453,348
1454,575
1455,673
1456,623
1457,400
1458,575
1459,675
1460,400
1461,675
1462,675
1463,-75
1464,675
1465,625
1466,675
1467,-29
1468,625
1469,675
1470,625
1471,-125
1472,675
1473,425
1474,623
1475,-27
1476,625
1477,575
1478,-100
1479,450
1480,-125
1481,675
1482,525
1483,625
1484,-25
1485,425
1486,625
1487,675
1488,625
1489,23
1490,525
1491,625
1492,623
1493,623
1494,625
1495,625
1496,625
1497,300
1498,675
1499,625
1500,425
1501,575
1502,-125
1503,675
1504,621
1505,471
1506,523
1507,-125
1508,525
1509,675
1510,575
1511,625
1512,-125
1513,-75
1514,200
1515,-75
1516,423
1517,675
1518,546
1519,623
1520,673
1521,569
1522,675
1523,675
1524,673
1525,625
1526,425
1527,623
1528,675
1529,625
1530,675
1531,625
1532,473
1533,573
1534,-125
1535,675
1536,623
1537,625
1538,575
1539,446
1540,475
1541,450
1542,-75
1543,-81
1544,-125
1545,-125
1546,623
1547,-77
1548,675
1549,571
1550,675
1551,273
1552,-125
1553,625
1554,675
1555,675
1556,-25
1557,671
1558,525
1559,375
1560,575
1561,623
1562,-25
1563,-104
1564,525
1565,673
1566,-200
1567,673
1568,673
1569,625
1570,625
1571,450
1572,421
1573,675
1574,625
1575,573
1576,396
1577,546
1578,673
1579,-125
1580,625
1581,425
1582,373
1583,625
1584,675
1585,350
1586,623
1587,569
1588,271
1589,675
1590,675
1591,-202
1592,373
1593,625
1594,675
1595,396
1596,673
1597,575
1598,675
1599,673
1600,573
1601,73
1602,675
1603,-75
1604,625
1605,625
1606,550
1607,425
1608,625
1609,-125
1610,-75
1611,675
1612,673
1613,575
1614,-127
1615,600
1616,575
1617,625
1618,-129
1619,400
1620,-75
1621,525
1622,-125
1623,296
1624,675
1625,673
1626,550
1627,575
1628,-125
1629,471
1630,375
1631,625
1632,-127
1633,-125
1634,675
1635,-75
1636,521
1637,-129
1638,623
1639,675
1640,673
1641,573
1642,625
1643,625
1644,-2
1645,673
1646,623
1647,575
1648,525
1649,-75
1650,273
1651,573
1652,-25
1653,675
1654,675
1655,525
1656,-77
1657,675
1658,625
1659,-29
1660,-75
1661,500
1662,675
1663,625
1664,675
1665,625
1666,673
1667,625
1668,573
1669,571
1670,573
1671,523
1672,625
1673,675
1674,673
1675,573
1676,400
1677,575
1678,548
1679,675
1680,75
1681,548
1682,350
1683,675
1684,625
1685,-229
1686,625
1687,-227
1688,575
1689,675
1690,525
1691,575
1692,623
1693,-79
1694,-27
1695,525
1696,675
1697,625
1698,623
1699,575
1700,673
1701,675
1702,473
1703,671
1704,675
1705,475
1706,625
1707,673
1708,373
1709,348
1710,275
1711,-75
1712,448
1713,575
1714,423
1715,550
1716,675
1717,623
1718,673
1719,400
1720,-77
1721,625
1722,575
1723,621
1724,-75
1725,675
1726,675
1727,625
1728,575
1729,446
1730,-129
1731,621
1732,-177
1733,575
1734,-125
1735,673
1736,575
1737,548
1738,575
1739,525
1740,-125
1741,350
1742,575
1743,625
1744,400
1745,425
1746,675
1747,673
1748,-75
1749,575
1750,623
1751,575
1752,425
1753,623
1754,425
1755,-125
1756,296
1757,623
1758,675
1759,373
1760,523
1761,621
1762,675
1763,675
1764,521
1765,675
1766,625
1767,675
1768,675
1769,-25
1770,525
1771,571
1772,673
1773,675
1774,675
1775,-75
1776,-75
1777,675
1778,475
1779,675
1780,675
1781,-29
1782,194
1783,625
1784,623
1785,675
1786,673
1787,350
1788,625
1789,375
1790,675
1791,525
1792,575
1793,625
1794,-25
1795,198
1796,-127
1797,250
1798,675
1799,621
1800,-125
1801,673
1802,573
1803,525
1804,573
1805,-250
1806,-125
1807,675
1808,675
1809,675
1810,-75
1811,625
1812,521
1813,548
1814,-75
1815,625
1816,248
1817,625
1818,525
1819,675
1820,675
1821,400
1822,523
1823,475
1824,673
1825,-125
1826,525
1827,675
1828,-125
1829,625
1830,623
1831,575
1832,675
1833,-75
1834,625
1835,-75
1836,-125
1837,673
1838,625
1839,-25
1840,400
1841,-125
1842,675
1843,469
1844,625
1845,621
1846,-75
1847,-175
1848,300
1849,-77
1850,675
1851,675
1852,525
1853,473
1854,-50
1855,571
1856,625
1857,675
1858,-177
1859,573
1860,325
1861,523
1862,400
1863,-127
1864,200
1865,623
1866,-125
1867,675
1868,575
1869,398
1870,375
1871,673
1872,625
1873,-125
1874,375
1875,525
1876,-125
1877,675
1878,675
1879,575
1880,575
1881,623
1882,-75
1883,623
1884,-75
1885,675
1886,573
1887,525
1888,-27
1889,623
1890,675
1891,575
1892,625
1893,675
1894,625
1895,475
1896,375
1897,675
1898,525
1899,-175
1900,625
1901,675
1902,575
1903,675
1904,625
1905,523
1906,-125
1907,675
1908,625
1909,675
1910,623
1911,525
1912,625
1913,548
1914,675
1915,373
1916,523
1917,-75
1918,625
1919,625
1920,675
1921,675
1922,-75
1923,675
1924,625
1925,523
1926,575
1927,625
1928,675
1929,-202
1930,475
1931,675
1932,675
1933,575
1934,675
1935,525
1936,625
1937,675
1938,-125
1939,-25
1940,575
1941,675
1942,-75
1943,675
1944,675
1945,525
1946,575
1947,525
1948,625
1949,625
1950,273
1951,-127
1952,675
1953,523
1954,675
1955,675
1956,623
1957,600
1958,-33
1959,-125
1960,675
1961,525
1962,625
1963,675
1964,573
1965,-27
1966,675
1967,625
1968,525
1969,625
1970,675
1971,-125
1972,-25
1973,623
1974,575
1975,625
1976,623
1977,575
1978,373
1979,675
1980,575
1981,623
1982,625
1983,625
1984,625
1985,675
1986,675
1987,471
1988,425
1989,673
1990,625
1991,625
1992,675
1993,675
1994,-125
1995,423
1996,625
1997,-131
1998,425
1999,23
2000,471
2001,625
2002,675
2003,625
2004,675
2005,523
2006,675
2007,675
2008,675
2009,625
2010,625
2011,675
2012,625
2013,523
2014,671
2015,350
2016,521
2017,675
2018,375
2019,550
2020,675
2021,-25
2022,675
2023,625
2024,625
2025,675
2026,625
2027,523
2028,-75
2029,419
2030,-75
2031,575
2032,-75
2033,475
2034,-25
2035,-125
2036,475
2037,675
2038,-29
2039,673
2040,625
2041,675
2042,673
2043,525
2044,675
2045,-29
2046,-127
2047,675
2048,671
2049,-379
2050,675
2051,675
2052,623
2053,350
2054,675
2055,575
2056,373
2057,-127
2058,425
2059,675
2060,625
2061,575
2062,250
2063,623
2064,675
2065,525
2066,-125
2067,-127
2068,671
2069,675
2070,675
2071,-25
2072,575
2073,625
2074,575
2075,625
2076,575
2077,625
2078,573
2079,-27
2080,550
2081,675
2082,-104
2083,425
2084,475
2085,-125
2086,323
2087,575
2088,675
2089,675
2090,448
2091,-127
2092,671
2093,619
2094,675
2095,-27
2096,673
2097,621
2098,673
2099,625
2100,148
2101,675
2102,675
2103,675
2104,673
2105,675
2106,-75
2107,675
2108,673
2109,675
2110,523
2111,-177
2112,575
2113,350
2114,625
2115,675
2116,625
2117,625
2118,675
2119,673
2120,-75
2121,675
2122,400
2123,623
2124,675
2125,-125
2126,573
2127,375
2128,675
2129,-75
2130,673
2131,675
2132,623
2133,-27
2134,575
2135,350
2136,-127
2137,548
2138,673
2139,675
2140,400
2141,671
2142,425
2143,675
2144,675
2145,675
2146,623
2147,-125
2148,-75
2149,575
2150,625
2151,625
2152,296
2153,621
2154,673
2155,675
2156,-125
2157,-27
2158,673
2159,575
2160,575
2161,575
2162,623
2163,575
2164,675
2165,625
2166,525
2167,-202
2168,675
2169,625
2170,-75
2171,675
2172,500
2173,675
2174,523
2175,675
2176,-75
2177,-100
2178,373
2179,348
2180,673
2181,-127
2182,673
2183,398
2184,-50
2185,-125
2186,525
2187,575
2188,675
2189,675
2190,-75
2191,425
2192,675
2193,675
2194,-175
2195,-125
2196,625
2197,-75
2198,-125
2199,519
2200,625
2201,521
2202,323
2203,-127
2204,673
2205,400
2206,575
2207,525
2208,-127
2209,575
2210,-125
2211,-77
2212,-175
2213,525
2214,148
2215,675
2216,-25
2217,396
2218,-25
2219,423
2220,-125
2221,625
2222,625
2223,-127
2224,673
2225,675
2226,623
2227,675
2228,573
2229,-75
2230,625
2231,325
2232,525
2233,675
2234,475
2235,625
2236,675
2237,348
2238,-75
2239,575
2240,-125
2241,625
2242,275
2243,675
2244,400
2245,675
2246,673
2247,675
2248,623
2249,-125
2250,475
2251,575
2252,625
2253,575
2254,525
2255,575
2256,-77
2257,-125
2258,-77
2259,-275
2260,675
2261,-125
2262,675
2263,675
2264,675
2265,573
2266,673
2267,623
2268,425
2269,623
2270,425
2271,-75
2272,573
2273,473
2274,573
2275,575
2276,675
2277,473
2278,675
2279,673
2280,525
2281,675
2282,-125
2283,675
2284,625
2285,625
2286,323
2287,-125
2288,575
2289,473
2290,375
2291,475
2292,623
2293,573
2294,625
2295,523
2296,669
2297,625
2298,623
2299,-125
2300,623
2301,475
2302,-125
2303,525
2304,623
2305,298
2306,673
2307,425
2308,625
2309,575
2310,625
2311,575
2312,625
2313,623
2314,575
2315,675
2316,475
2317,621
2318,675
2319,-75
2320,675
2321,675
2322,-75
2323,373
2324,-75
2325,-75
2326,450
2327,300
2328,525
2329,623
2330,525
2331,625
2332,298
2333,623
2334,-125
2335,625
2336,396
2337,673
2338,675
2339,573
2340,575
2341,623
2342,250
2343,675
2344,625
2345,669
2346,623
2347,575
2348,675
2349,625
2350,-175
2351,623
2352,623
2353,-75
2354,400
2355,675
2356,675
2357,673
2358,-75
2359,-25
2360,-75
2361,248
2362,-125
2363,525
2364,471
2365,625
2366,375
2367,-75
2368,625
2369,519
2370,573
2371,-127
2372,675
2373,398
2374,673
2375,575
2376,350
2377,673
2378,-125
2379,-177
2380,-350
2381,625
2382,675
2383,575
2384,425
2385,673
2386,625
2387,623
2388,300
2389,573
2390,448
2391,675
2392,400
2393,-77
2394,325
2395,419
2396,300
2397,625
2398,425
2399,546
2400,-2
2401,673
2402,673
2403,-129
2404,-75
2405,673
2406,-200
2407,675
2408,500
2409,-75
2410,-125
2411,619
2412,575
2413,446
2414,673
2415,573
2416,675
2417,675
2418,675
2419,675
2420,675
2421,573
2422,625
2423,625
2424,625
2425,673
2426,675
2427,575
2428,675
2429,423
2430,575
2431,525
2432,675
2433,525
2434,623
2435,498
2436,625
2437,525
2438,-75
2439,425
2440,423
2441,525
2442,675
2443,673
2444,675
2445,675
2446,571
2447,525
2448,473
2449,625
2450,548
2451,625
2452,-75
2453,675
2454,-177
2455,575
2456,250
2457,675
2458,673
2459,675
2460,575
2461,623
2462,-125
2463,675
2464,-125
2465,625
2466,425
2467,675
2468,-77
2469,675
2470,625
2471,675
2472,400
2473,-75
2474,673
2475,-125
2476,625
2477,600
2478,575
2479,625
2480,623
2481,-25
2482,425
2483,-75
2484,475
2485,625
2486,348
2487,123
2488,673
2489,675
2490,625
2491,675
2492,-125
2493,400
2494,673
2495,-125
2496,71
2497,250
2498,621
2499,-75
2500,473
2501,398
2502,523
2503,400
2504,-125
2505,523
2506,571
2507,425
2508,625
2509,400
2510,625
2511,621
2512,623
2513,673
2514,573
2515,-125
2516,675
2517,-127
2518,325
2519,675
2520,623
2521,575
2522,-4
2523,571
2524,673
2525,546
2526,673
2527,625
2528,625
2529,625
2530,671
2531,675
2532,625
2533,500
2534,523
2535,675
2536,673
2537,625
2538,673
2539,675
2540,675
2541,573
2542,-79
2543,-125
2544,400
2545,575
2546,-125
2547,675
2548,0
2549,548
2550,275
2551,675
2552,675
2553,625
2554,473
2555,573
2556,548
2557,625
2558,673
2559,675
2560,-75
2561,-27
2562,575
2563,475
2564,425
2565,675
2566,525
2567,675
2568,-127
2569,675
2570,350
2571,671
2572,525
2573,-75
2574,573
2575,675
2576,625
2577,675
2578,625
2579,675
2580,623
2581,573
2582,-175
2583,623
2584,-27
2585,-127
2586,425
2587,548
2588,673
2589,675
2590,550
2591,-77
2592,675
2593,475
2594,-27
2595,-125
2596,675
2597,625
2598,675
2599,525
2600,575
2601,625
2602,675
2603,673
2604,525
2605,673
2606,525
2607,675
2608,675
2609,500
2610,-77
2611,623
2612,-77
2613,625
2614,673
2615,473
2616,675
2617,-125
2618,625
2619,575
2620,675
2621,469
2622,-50
2623,675
2624,-200
2625,-25
2626,525
2627,250
2628,625
2629,350
2630,675
2631,475
2632,675
2633,-75
2634,525
2635,300
2636,625
2637,325
2638,673
2639,519
2640,675
2641,-125
2642,673
2643,575
2644,675
2645,350
2646,-27
2647,-77
2648,575
2649,625
2650,625
2651,621
2652,673
2653,673
2654,675
2655,575
2656,-125
2657,675
2658,425
2659,523
2660,675
2661,500
2662,673
2663,425
2664,-125
2665,375
2666,-125
2667,625
2668,525
2669,573
2670,673
2671,-127
2672,350
2673,-75
2674,675
2675,573
2676,-79
2677,573
2678,675
2679,-25
2680,675
2681,-175
2682,400
2683,-29
2684,250
2685,675
2686,675
2687,673
2688,675
2689,500
2690,475
2691,575
2692,675
2693,675
2694,400
2695,-75
2696,675
2697,498
2698,571
2699,673
2700,375
2701,625
2702,175
2703,675
2704,675
2705,-125
2706,-77
2707,598
2708,675
2709,-25
2710,-75
2711,675
2712,675
2713,671
2714,463
2715,675
2716,425
2717,675
2718,625
2719,496
2720,375
2721,-25
2722,623
2723,523
2724,-125
2725,-75
2726,575
2727,23
2728,498
2729,675
2730,-175
2731,523
2732,400
2733,675
2734,-125
2735,-125
2736,-129
2737,298
2738,350
2739,675
2740,675
2741,673
2742,246
2743,475
2744,-127
2745,625
2746,575
2747,673
2748,-127
2749,550
2750,225
2751,425
2752,569
2753,675
2754,148
2755,198
2756,-25
2757,675
2758,496
2759,625
2760,621
2761,425
2762,625
2763,575
2764,575
2765,675
2766,-175
2767,400
2768,673
2769,673
2770,525
2771,-75
2772,525
2773,675
2774,250
2775,571
2776,675
2777,525
2778,665
2779,623
2780,625
2781,673
2782,-77
2783,475
2784,619
2785,623
2786,475
2787,419
2788,-75
2789,598
2790,375
2791,625
2792,673
2793,675
2794,523
2795,675
2796,223
2797,471
2798,523
2799,550
2800,625
2801,-125
2802,673
2803,521
2804,550
2805,673
2806,525
2807,-31
2808,298
2809,575
2810,-125
2811,-125
2812,-75
2813,623
2814,-75
2815,625
2816,673
2817,25
2818,625
2819,671
2820,675
2821,673
2822,-125
2823,675
2824,675
2825,-75
2826,-25
2827,625
2828,-77
2829,675
2830,675
2831,-75
2832,625
2833,623
2834,675
2835,671
2836,375
2837,675
2838,-100
2839,675
2840,-77
2841,671
2842,675
2843,675
2844,-25
2845,567
2846,675
2847,675
2848,-27
2849,675
2850,523
2851,-75
2852,-229
2853,475
2854,573
2855,521
2856,625
2857,623
2858,323
2859,523
2860,625
2861,625
2862,-127
2863,623
2864,-75
2865,-25
2866,525
2867,623
2868,296
2869,523
2870,-125
2871,-127
2872,525
2873,346
2874,500
2875,573
2876,425
2877,625
2878,525
2879,675
2880,675
2881,573
2882,675
2883,219
2884,573
2885,673
2886,-29
2887,675
2888,625
2889,625
2890,-125
2891,625
2892,625
2893,675
2894,675
2895,673
2896,675
2897,671
2898,-75
2899,-75
2900,523
2901,500
2902,-125
2903,-125
2904,623
2905,-125
2906,675
2907,-75
2908,400
2909,621
2910,675
2911,675
2912,675
2913,425
2914,675
2915,375
2916,-75
2917,-125
2918,673
2919,-75
2920,-129
2921,450
2922,675
2923,-127
2924,575
2925,525
2926,400
2927,675
2928,623
2929,550
2930,675
2931,473
2932,675
2933,-125
2934,550
2935,475
2936,400
2937,-25
2938,675
2939,625
2940,675
2941,525
2942,523
2943,675
2944,625
2945,175
2946,625
2947,623
2948,675
2949,550
2950,625
2951,675
2952,373
2953,625
2954,625
2955,500
2956,675
2957,623
2958,675
2959,575
2960,425
2961,571
2962,575
2963,573
2964,-27
2965,350
2966,-125
2967,-125
2968,621
2969,575
2970,675
2971,623
2972,575
2973,-175
2974,525
2975,-81
2976,425
2977,-125
2978,675
2979,675
2980,675
2981,623
2982,675
2983,623
2984,-175
2985,-125
2986,625
2987,675
2988,675
2989,-125
2990,-79
2991,675
2992,675
2993,675
2994,425
2995,675
2996,625
2997,625
2998,-127
2999,521
3000,294
3001,171
3002,-579
3003,675
3004,-75
3005,525
3006,-75
3007,625
3008,398
3009,525
3010,425
3011,617
3012,625
3013,625
3014,-75
3015,173
3016,-175
3017,475
3018,673
3019,-31
3020,675
3021,-27
3022,-75
3023,523
3024,675
3025,-79
3026,675
3027,625
3028,-127
3029,400
3030,525
3031,625
3032,675
3033,-27
3034,-125
3035,-125
3036,-25
3037,325
3038,675
3039,675
3040,-81
3041,675
3042,550
3043,625
3044,675
3045,569
3046,675
3047,621
3048,623
3049,675
3050,625
3051,675
3052,575
3053,525
3054,573
3055,-125
3056,-75
3057,575
3058,675
3059,673
3060,675
3061,-77
3062,673
3063,-150
3064,673
3065,625
3066,675
3067,675
3068,675
3069,625
3070,100
3071,625
3072,550
3073,348
3074,625
3075,373
3076,675
3077,625
3078,675
3079,423
3080,525
3081,675
3082,-100
3083,625
3084,-125
3085,675
3086,-75
3087,671
3088,425
3089,75
3090,623
3091,623
3092,71
3093,525
3094,-25
3095,625
3096,675
3097,425
3098,425
3099,575
3100,625
3101,575
3102,448
3103,-75
3104,673
3105,475
3106,-152
3107,625
3108,625
3109,625
3110,675
3111,425
3112,-77
3113,675
3114,675
3115,575
3116,-27
3117,675
3118,575
3119,-75
3120,523
3121,400
3122,675
3123,625
3124,-77
3125,675
3126,523
3127,400
3128,625
3129,675
3130,673
3131,673
3132,-75
3133,625
3134,-25
3135,625
3136,-77
3137,348
3138,-125
3139,575
3140,675
3141,-125
3142,-25
3143,521
3144,623
3145,625
3146,573
3147,675
3148,675
3149,625
3150,675
3151,675
3152,575
3153,471
3154,623
3155,548
3156,225
3157,673
3158,675
3159,400
3160,671
3161,575
3162,323
3163,625
3164,350
3165,675
3166,673
3167,675
3168,150
3169,623
3170,623
3171,675
3172,-125
3173,423
3174,621
3175,625
3176,-75
3177,-25
3178,-125
3179,-75
3180,625
3181,675
3182,671
3183,323
3184,369
3185,625
3186,625
3187,-225
3188,625
3189,575
3190,673
3191,675
3192,569
3193,425
3194,675
3195,-125
3196,-175
3197,625
3198,-77
3199,-75
3200,673
3201,675
3202,673
3203,400
3204,675
3205,675
3206,625
3207,425
3208,673
3209,575
3210,675
3211,-27
3212,625
3213,675
3214,625
3215,375
3216,621
3217,573
3218,523
3219,525
3220,350
3221,675
3222,525
3223,425
3224,671
3225,623
3226,625
3227,625
3228,675
3229,625
3230,-25
3231,675
3232,525
3233,625
3234,625
3235,625
3236,575
3237,-125
3238,375
3239,475
3240,623
3241,673
3242,450
3243,675
3244,625
3245,-177
3246,521
3247,475
3248,675
3249,-200
3250,-125
3251,675
3252,621
3253,100
3254,675
3255,398
3256,375
3257,675
3258,475
3259,525
3260,-27
3261,373
3262,675
3263,675
3264,625
3265,673
3266,675
3267,675
3268,623
3269,571
3270,675
3271,625
3272,-125
3273,625
3274,675
3275,623
3276,523
3277,300
3278,-77
3279,675
3280,675
3281,23
3282,675
3283,675
3284,-25
3285,675
3286,675
3287,675
3288,675
3289,475
3290,675
3291,575
3292,-175
3293,525
3294,-75
3295,675
3296,625
3297,673
3298,-125
3299,675
3300,575
3301,573
3302,675
3303,246
3304,623
3305,-25
3306,675
3307,673
3308,300
3309,400
3310,673
3311,625
3312,623
3313,200
3314,525
3315,-75
3316,673
3317,675
3318,675
3319,675
3320,523
3321,-125
3322,-125
3323,525
3324,575
3325,425
3326,625
3327,675
3328,675
3329,425
3330,550
3331,575
3332,625
3333,625
3334,575
3335,-75
3336,273
3337,400
3338,425
3339,675
3340,625
3341,196
3342,550
3343,548
3344,675
3345,-25
3346,675
3347,625
3348,673
3349,675
3350,573
3351,-75
3352,-75
3353,-75
3354,675
3355,625
3356,573
3357,-125
3358,-29
3359,573
3360,675
3361,425
3362,-75
3363,675
3364,625
3365,425
3366,625
3367,675
3368,623
3369,-75
3370,250
3371,623
3372,375
3373,550
3374,621
3375,400
3376,-125
3377,623
3378,675
3379,523
3380,-175
3381,675
3382,-179
3383,-29
3384,425
3385,625
3386,625
3387,625
3388,675
3389,-152
3390,575
3391,675
3392,525
3393,671
3394,625
3395,675
3396,625
3397,350
3398,575
3399,623
3400,500
3401,625
3402,675
3403,673
3404,-75
3405,625
3406,675
3407,675
3408,-200
3409,523
3410,625
3411,625
3412,675
3413,623
3414,-25
3415,523
3416,-175
3417,625
3418,625
3419,625
3420,-127
3421,323
3422,-125
3423,675
3424,423
3425,375
3426,-25
3427,675
3428,675
3429,675
3430,200
3431,575
3432,625
3433,675
3434,-75
3435,675
3436,575
3437,625
3438,675
3439,573
3440,675
3441,-77
3442,675
3443,-125
3444,675
3445,-125
3446,-29
3447,573
3448,675
3449,673
3450,625
3451,675
3452,525
3453,675
3454,425
3455,675
3456,573
3457,673
3458,319
3459,425
3460,675
3461,575
3462,-100
3463,675
3464,348
3465,25
3466,-125
3467,50
3468,673
3469,-125
3470,-125
3471,425
3472,623
3473,623
3474,473
3475,-75
3476,623
3477,673
3478,525
3479,573
3480,675
3481,675
3482,675
3483,675
3484,575
3485,625
3486,675
3487,675
3488,621
3489,-75
3490,675
3491,675
3492,-125
3493,375
3494,-29
3495,575
3496,575
3497,575
3498,675
3499,621
3500,525
3501,675
3502,673
3503,675
3504,523
3505,471
3506,675
3507,625
3508,669
3509,-125
3510,675
3511,675
3512,375
3513,325
3514,675
3515,523
3516,625
3517,675
3518,675
3519,675
3520,-125
3521,673
3522,625
3523,671
3524,623
3525,625
3526,573
3527,625
3528,-75
3529,400
3530,675
3531,623
3532,-75
3533,675
3534,350
3535,575
3536,675
3537,525
3538,373
3539,673
3540,575
3541,573
3542,-25
3543,625
3544,-106
3545,671
3546,673
3547,575
3548,675
3549,625
3550,625
3551,373
3552,-127
3553,-127
3554,-125
3555,-77
3556,675
3557,625
3558,675
3559,623
3560,348
3561,621
3562,-125
3563,623
3564,675
3565,675
3566,575
3567,625
3568,625
3569,-200
3570,546
3571,400
3572,325
3573,675
3574,375
3575,348
3576,-77
3577,625
3578,625
3579,625
3580,525
3581,473
3582,675
3583,623
3584,623
3585,-27
3586,673
3587,673
3588,575
3589,675
3590,575
3591,375
3592,625
3593,623
3594,575
3595,-79
3596,675
3597,675
3598,-25
3599,625
3600,475
3601,525
3602,575
3603,425
3604,-75
3605,675
3606,575
3607,675
3608,100
3609,373
3610,675
3611,673
3612,673
3613,300
3614,673
3615,625
3616,475
3617,400
3618,298
3619,325
3620,521
3621,-125
3622,425
3623,425
3624,675
3625,225
3626,625
3627,523
3628,675
3629,625
3630,625
3631,475
3632,675
3633,-27
3634,675
3635,675
3636,673
3637,-125
3638,400
3639,625
3640,673
3641,-25
3642,625
3643,298
3644,675
3645,-75
3646,623
3647,621
3648,-125
3649,675
3650,-75
3651,350
3652,625
3653,573
3654,625
3655,-200
3656,375
3657,575
3658,425
3659,-75
3660,575
3661,625
3662,675
3663,625
3664,-2
3665,550
3666,625
3667,448
3668,575
3669,675
3670,625
3671,625
3672,300
3673,421
3674,623
3675,546
3676,575
3677,623
3678,573
3679,675
3680,-27
3681,625
3682,625
3683,-75
3684,625
3685,675
3686,623
3687,625
3688,523
3689,675
3690,-75
3691,625
3692,-127
3693,675
3694,575
3695,346
3696,498
3697,-125
3698,625
3699,623
3700,575
3701,425
3702,625
3703,623
3704,675
3705,625
3706,675
3707,525
3708,675
3709,625
3710,525
3711,-125
3712,525
3713,625
3714,675
3715,675
3716,625
3717,-75
3718,625
3719,675
3720,-127
3721,625
3722,623
3723,625
3724,673
3725,673
3726,675
3727,675
3728,675
3729,-125
3730,675
3731,675
3732,-175
3733,-129
3734,573
3735,300
3736,625
3737,675
3738,675
3739,675
3740,675
3741,573
3742,-125
3743,-75
3744,375
3745,675
3746,-125
3747,373
3748,675
3749,-75
3750,575
3751,-127
3752,-27
3753,673
3754,675
3755,675
3756,623
3757,-125
3758,625
3759,150
3760,575
3761,-127
3762,671
3763,423
3764,625
3765,675
3766,425
3767,-125
3768,575
3769,575
3770,675
3771,675
3772,671
3773,625
3774,471
3775,-125
3776,525
3777,675
3778,675
3779,-127
3780,425
3781,-175
3782,675
3783,625
3784,675
3785,625
3786,625
3787,675
3788,373
3789,525
3790,550
3791,675
3792,-25
3793,675
3794,675
3795,625
3796,-77
3797,-27
3798,-77
3799,625
3800,675
3801,400
3802,625
3803,675
3804,575
3805,-25
3806,675
3807,-125
3808,-127
3809,675
3810,575
3811,300
3812,425
3813,473
3814,673
3815,625
3816,675
3817,623
3818,-77
3819,375
3820,675
3821,673
3822,623
3823,625
3824,550
3825,575
3826,623
3827,-75
3828,671
3829,471
3830,625
3831,-175
3832,275
3833,500
3834,425
3835,625
3836,525
3837,673
3838,625
3839,548
3840,675
3841,625
3842,-125
3843,-125
3844,-75
3845,-127
3846,675
3847,675
3848,-75
3849,523
3850,523
3851,573
3852,398
3853,475
3854,471
3855,525
3856,375
3857,675
3858,675
3859,675
3860,525
3861,-75
3862,275
3863,675
3864,675
3865,400
3866,-125
3867,-177
3868,350
3869,496
3870,-27
3871,675
3872,673
3873,550
3874,400
3875,675
3876,623
3877,575
3878,623
3879,675
3880,675
3881,675
3882,623
3883,675
3884,496
3885,675
3886,-127
3887,673
3888,575
3889,625
3890,675
3891,-125
3892,625
3893,675
3894,273
3895,375
3896,-25
3897,-325
3898,275
3899,-127
3900,473
3901,673
3902,473
3903,623
3904,-75
3905,675
3906,425
3907,675
3908,-125
3909,-150
3910,625
3911,675
3912,675
3913,675
3914,675
3915,675
3916,575
3917,350
3918,521
3919,575
3920,671
3921,-75
3922,-127
3923,-75
3924,675
3925,675
3926,400
3927,673
3928,625
3929,573
3930,625
3931,675
3932,500
3933,325
3934,-75
3935,625
3936,500
3937,-127
3938,575
3939,675
3940,675
3941,675
3942,-125
3943,625
3944,525
3945,675
3946,675
3947,-127
3948,671
3949,425
3950,-25
3951,675
3952,675
3953,523
3954,525
3955,623
3956,675
3957,623
3958,623
3959,625
3960,625
3961,575
3962,673
3963,575
3964,675
3965,-125
3966,450
3967,623
3968,475
3969,-75
3970,398
3971,575
3972,625
3973,350
3974,575
3975,475
3976,525
3977,-75
3978,623
3979,669
3980,673
3981,675
3982,575
3983,250
3984,-75
3985,-25
3986,623
3987,673
3988,673
3989,573
3990,575
3991,398
3992,473
3993,675
3994,623
3995,525
3996,400
3997,625
3998,-125
3999,625
4000,273
4001,500
4002,675
4003,-27
4004,525
4005,673
4006,75
4007,673
4008,500
4009,625
4010,525
4011,-227
4012,573
4013,675
4014,475
4015,-127
4016,675
4017,475
4018,675
4019,675
4020,-177
4021,675
4022,375
4023,575
4024,300
4025,-125
4026,675
4027,473
4028,675
4029,671
4030,625
4031,675
4032,375
4033,150
4034,671
4035,675
4036,173
4037,673
4038,675
4039,550
4040,473
4041,-75
4042,575
4043,625
4044,575
4045,621
4046,675
4047,400
4048,525
4049,623
4050,425
4051,-100
4052,475
4053,673
4054,425
4055,-125
4056,673
4057,621
4058,325
4059,625
4060,675
4061,675
4062,625
4063,623
4064,625
4065,675
4066,-125
4067,675
4068,625
4069,675
4070,625
4071,-125
4072,625
4073,-50
4074,-52
4075,675
4076,675
4077,-252
4078,625
4079,-50
4080,573
4081,-27
4082,675
4083,623
4084,400
4085,623
4086,575
4087,571
4088,675
4089,673
4090,675
4091,625
4092,465
4093,675
4094,623
4095,525
4096,675
4097,623
4098,625
4099,675
4100,348
4101,-75
4102,575
4103,623
4104,-129
4105,546
4106,673
4107,-125
4108,675
4109,-27
4110,425
4111,-302
4112,675
4113,-225
4114,573
4115,-27
4116,625
4117,623
4118,675
4119,446
4120,575
4121,-125
4122,-75
4123,-75
4124,275
4125,675
4126,623
4127,673
4128,600
4129,-127
4130,-125
4131,573
4132,425
4133,625
4134,-75
4135,550
4136,515
4137,675
4138,675
4139,625
4140,525
4141,675
4142,675
4143,675
4144,-125
4145,625
4146,675
4147,-125
4148,675
4149,625
4150,675
4151,548
4152,300
4153,675
4154,675
4155,-125
4156,-27
4157,550
4158,675
4159,623
4160,575
4161,-127
4162,673
4163,673
4164,-125
4165,625
4166,-2
4167,673
4168,673
4169,625
4170,-127
4171,550
4172,-25
4173,625
4174,673
4175,623
4176,575
4177,-75
4178,675
4179,575
4180,575
4181,621
4182,-125
4183,675
4184,623
4185,-77
4186,573
4187,525
4188,398
4189,575
4190,623
4191,625
4192,423
4193,623
4194,500
4195,625
4196,475
4197,675
4198,675
4199,675
4200,173
4201,675
4202,675
4203,675
4204,-225
4205,675
4206,623
4207,300
4208,473
4209,673
4210,521
4211,625
4212,-27
4213,321
4214,475
4215,500
4216,675
4217,-125
4218,575
4219,623
4220,625
4221,425
4222,675
4223,675
4224,575
4225,575
4226,675
4227,523
4228,-27
4229,675
4230,298
4231,675
4232,575
4233,675
4234,575
4235,425
4236,675
4237,675
4238,-175
4239,625
4240,675
4241,425
4242,673
4243,350
4244,100
4245,625
4246,625
4247,573
4248,550
4249,-127
4250,-25
4251,573
4252,425
4253,675
4254,575
4255,623
4256,473
4257,-75
4258,400
4259,673
4260,-127
4261,625
4262,-25
4263,569
4264,575
4265,-125
4266,675
4267,-27
4268,425
4269,475
4270,623
4271,623
4272,621
4273,623
4274,625
4275,675
4276,625
4277,-75
4278,-2
4279,575
4280,675
4281,400
4282,-200
4283,-202
4284,-75
4285,625
4286,373
4287,523
4288,525
4289,625
4290,525
4291,675
4292,675
4293,675
4294,625
4295,623
4296,425
4297,473
4298,-75
4299,573
4300,625
4301,623
4302,675
4303,623
4304,521
4305,675
4306,-75
4307,521
4308,675
4309,625
4310,673
4311,625
4312,575
4313,575
4314,675
4315,-75
4316,498
4317,575
4318,625
4319,673
4320,-179
4321,673
4322,621
4323,575
4324,-25
4325,675
4326,575
4327,-77
4328,625
4329,-75
4330,623
4331,-75
4332,-179
4333,-29
4334,625
4335,473
4336,669
4337,348
4338,400
4339,625
4340,625
4341,425
4342,673
4343,-125
4344,625
4345,-127
4346,675
4347,673
4348,-200
4349,425
4350,621
4351,673
4352,625
4353,623
4354,675
4355,675
4356,673
4357,425
4358,396
4359,575
4360,-27
4361,675
4362,296
4363,521
4364,575
4365,400
4366,623
4367,675
4368,625
4369,675
4370,675
4371,-25
4372,675
4373,225
4374,625
4375,-125
4376,673
4377,-125
4378,573
4379,-200
4380,571
4381,400
4382,425
4383,-225
4384,623
4385,673
4386,423
4387,-125
4388,673
4389,675
4390,675
4391,675
4392,675
4393,550
4394,-2
4395,575
4396,623
4397,475
4398,423
4399,350
4400,675
4401,-202
4402,673
4403,625
4404,571
4405,673
4406,675
4407,325
4408,675
4409,525
4410,525
4411,675
4412,675
4413,-27
4414,623
4415,625
4416,675
4417,675
4418,675
4419,425
4420,-75
4421,575
4422,525
4423,500
4424,523
4425,523
4426,194
4427,173
4428,475
4429,-25
4430,575
4431,548
4432,673
4433,-125
4434,625
4435,675
4436,-127
4437,-25
4438,669
4439,675
4440,550
4441,673
4442,575
4443,675
4444,673
4445,-125
4446,675
4447,-25
4448,621
4449,675
4450,550
4451,675
4452,575
4453,525
4454,300
4455,675
4456,623
4457,675
4458,675
4459,523
4460,-202
4461,425
4462,675
4463,675
4464,-175
4465,625
4466,673
4467,250
4468,-125
4469,675
4470,621
4471,-125
4472,675
4473,673
4474,-200
4475,-127
4476,625
4477,525
4478,625
4479,675
4480,625
4481,375
4482,673
4483,525
4484,625
4485,-125
4486,-125
4487,523
4488,625
4489,575
4490,-75
4491,425
4492,675
4493,-125
4494,675
4495,-127
4496,625
4497,623
4498,473
4499,-125
4500,550
4501,625
4502,675
4503,675
4504,-25
4505,425
4506,-100
4507,675
4508,675
4509,625
4510,625
4511,673
4512,325
4513,-125
4514,546
4515,-75
4516,675
4517,623
4518,373
4519,-127
4520,-127
4521,250
4522,675
4523,575
4524,575
4525,621
4526,573
4527,-27
4528,621
4529,675
4530,275
4531,373
4532,675
4533,675
4534,673
4535,673
4536,673
4537,675
4538,675
4539,-75
4540,525
4541,-27
4542,573
4543,675
4544,348
4545,-27
4546,625
4547,675
4548,-125
4549,-175
4550,675
4551,675
4552,-125
4553,-25
4554,425
4555,675
4556,425
4557,548
4558,525
4559,-75
4560,-25
4561,623
4562,625
4563,625
4564,423
4565,-27
4566,575
4567,625
4568,623
4569,675
4570,625
4571,625
4572,625
4573,675
4574,-75
4575,-125
4576,625
4577,525
4578,625
4579,-77
4580,675
4581,-75
4582,-75
4583,675
4584,673
4585,400
4586,625
4587,669
4588,575
4589,675
4590,-27
4591,-77
4592,675
4593,398
4594,625
4595,425
4596,-125
4597,675
4598,625
4599,675
4600,675
4601,673
4602,525
4603,575
4604,675
4605,425
4606,575
4607,425
4608,675
4609,525
4610,675
4611,348
4612,600
4613,575
4614,525
4615,-200
4616,-125
4617,425
4618,669
4619,550
4620,425
4621,400
4622,675
4623,623
4624,675
4625,675
4626,-27
4627,425
4628,573
4629,375
4630,-75
4631,400
4632,625
4633,625
4634,675
4635,550
4636,-75
4637,567
4638,675
4639,625
4640,675
4641,-125
4642,575
4643,400
4644,525
4645,675
4646,500
4647,625
4648,521
4649,673
4650,623
4651,525
4652,625
4653,625
4654,575
4655,-25
4656,425
4657,625
4658,523
4659,675
4660,675
4661,675
4662,625
4663,575
4664,523
4665,673
4666,675
4667,-77
4668,221
4669,621
4670,625
4671,673
4672,675
4673,-125
4674,625
4675,0
4676,325
4677,-75
4678,673
4679,400
4680,625
4681,623
4682,675
4683,525
4684,675
4685,575
4686,-29
4687,623
4688,521
4689,425
4690,146
4691,675
4692,-75
4693,675
4694,519
4695,575
4696,625
4697,471
4698,-125
4699,523
4700,675
4701,623
4702,575
4703,575
4704,625
4705,525
4706,373
4707,-75
4708,675
4709,675
4710,-54
4711,675
4712,625
4713,625
4714,625
4715,-127
4716,621
4717,-125
4718,448
4719,125
4720,-125
4721,673
4722,575
4723,-77
4724,619
4725,675
4726,625
4727,-125
4728,523
4729,673
4730,425
4731,675
4732,675
4733,448
4734,573
4735,675
4736,425
4737,425
4738,-75
4739,623
4740,400
4741,675
4742,-125
4743,525
4744,675
4745,475
4746,-75
4747,625
4748,575
4749,-125
4750,625
4751,425
4752,-75
4753,475
4754,675
4755,675
4756,-77
4757,450
4758,-175
4759,-75
4760,525
4761,-27
4762,625
4763,625
4764,625
4765,673
4766,400
4767,-75
4768,575
4769,625
4770,348
4771,-125
4772,675
4773,671
4774,325
4775,575
4776,675
4777,-29
4778,344
4779,-100
4780,675
4781,625
4782,473
4783,575
4784,-75
4785,675
4786,350
4787,623
4788,-29
4789,571
4790,675
4791,675
4792,473
4793,625
4794,400
4795,475
4796,675
4797,675
4798,525
4799,673
4800,571
4801,675
4802,675
4803,475
4804,425
4805,625
4806,-175
4807,623
4808,673
4809,-79
4810,475
4811,425
4812,550
4813,475
4814,673
4815,525
4816,675
4817,575
4818,425
4819,-100
4820,375
4821,675
4822,625
4823,675
4824,-75
4825,-75
4826,673
4827,150
4828,673
4829,475
4830,-250
4831,673
4832,-75
4833,623
4834,525
4835,523
4836,398
4837,675
4838,-75
4839,675
4840,673
4841,673
4842,675
4843,425
4844,575
4845,521
4846,-129
4847,675
4848,675
4849,550
4850,625
4851,625
4852,421
4853,300
4854,525
4855,398
4856,673
4857,-25
4858,671
4859,525
4860,425
4861,675
4862,675
4863,575
4864,625
4865,575
4866,575
4867,-75
4868,-127
4869,675
4870,675
4871,-75
4872,375
4873,-125
4874,-75
4875,450
4876,675
4877,675
4878,675
4879,673
4880,575
4881,-125
4882,-125
4883,675
4884,623
4885,675
4886,675
4887,-125
4888,625
4889,-125
4890,375
4891,525
4892,625
4893,675
4894,523
4895,675
4896,675
4897,675
4898,625
4899,625
4900,675
4901,675
4902,-75
4903,675
4904,621
4905,-75
4906,575
4907,675
4908,421
4909,673
4910,675
4911,675
4912,675
4913,625
4914,625
4915,-27
4916,523
4917,675
4918,623
4919,673
4920,625
4921,525
4922,623
4923,523
4924,675
4925,675
4926,623
4927,675
4928,-125
4929,575
4930,673
4931,625
4932,-75
4933,-125
4934,625
4935,675
4936,675
4937,625
4938,473
4939,623
4940,400
4941,425
4942,675
4943,-27
4944,625
4945,573
4946,-75
4947,-125
4948,675
4949,625
4950,675
4951,475
4952,525
4953,625
4954,575
4955,625
4956,525
4957,625
4958,675
4959,675
4960,-125
4961,675
4962,675
4963,525
4964,425
4965,675
4966,546
4967,-75
4968,423
4969,675
4970,-2
4971,600
4972,675
4973,-75
4974,425
4975,675
4976,625
4977,525
4978,525
4979,623
4980,675
4981,100
4982,623
4983,621
4984,625
4985,625
4986,-54
4987,625
4988,675
4989,675
4990,575
4991,675
4992,623
4993,350
4994,-125
4995,673
4996,625
4997,675
4998,625
4999,573
5000,623
5001,621
5002,475
5003,-25
5004,-125
5005,-125
5006,275
5007,623
5008,673
5009,-25
5010,-127
5011,-125
5012,550
5013,675
5014,675
5015,425
5016,675
5017,-29
5018,623
5019,673
5020,675
5021,-75
5022,-127
5023,400
5024,671
5025,673
5026,475
5027,321
5028,525
5029,271
5030,575
5031,671
5032,671
5033,625
5034,-200
5035,675
5036,575
5037,675
5038,423
5039,675
5040,675
5041,-27
5042,675
5043,425
5044,625
5045,675
5046,625
5047,625
5048,675
5049,623
5050,623
5051,598
5052,-125
5053,-75
5054,625
5055,523
5056,475
5057,375
5058,325
5059,-179
5060,625
5061,-50
5062,625
5063,675
5064,-125
5065,373
5066,625
5067,250
5068,-75
5069,623
5070,571
5071,525
5072,575
5073,425
5074,673
5075,673
5076,575
5077,623
5078,-100
5079,675
5080,425
5081,298
5082,575
5083,675
5084,673
5085,525
5086,-29
5087,448
5088,400
5089,-25
5090,-127
5091,671
5092,625
5093,448
5094,675
5095,400
5096,473
5097,-83
5098,-125
5099,575
5100,673
5101,-125
5102,675
5103,-125
5104,398
5105,675
5106,675
5107,500
5108,100
5109,675
5110,625
5111,623
5112,625
5113,675
5114,525
5115,300
5116,625
5117,625
5118,525
5119,623
5120,425
5121,625
5122,473
5123,573
5124,625
5125,575
5126,675
5127,675
5128,675
5129,673
5130,-177
5131,-125
5132,425
5133,575
5134,473
5135,673
5136,-127
5137,-75
5138,550
5139,-125
5140,675
5141,-127
5142,675
5143,548
5144,-125
5145,673
5146,375
5147,-77
5148,675
5149,675
5150,571
5151,625
5152,521
5153,673
5154,675
5155,675
5156,675
5157,675
5158,500
5159,525
5160,673
5161,669
5162,550
5163,350
5164,675
5165,525
5166,673
5167,423
5168,425
5169,475
5170,-75
5171,625
5172,673
5173,473
5174,-125
5175,67
5176,625
5177,425
5178,525
5179,-175
5180,625
5181,625
5182,625
5183,575
5184,625
5185,-75
5186,425
5187,675
5188,675
5189,575
5190,623
5191,-125
5192,675
5193,400
5194,675
5195,425
5196,446
5197,623
5198,573
5199,673
5200,625
5201,675
5202,623
5203,625
5204,673
5205,623
5206,471
5207,573
5208,523
5209,625
5210,675
5211,475
5212,675
5213,575
5214,675
5215,425
5216,675
5217,625
5218,323
5219,425
5220,-75
5221,573
5222,421
5223,675
5224,-200
5225,575
5226,625
5227,-150
5228,575
5229,-77
5230,675
5231,675
5232,625
5233,375
5234,673
5235,-125
5236,619
5237,675
5238,675
5239,673
5240,442
5241,-79
5242,675
5243,425
5244,675
5245,400
5246,675
5247,-29
5248,673
5249,-25
5250,575
5251,675
5252,675
5253,575
5254,-25
5255,625
5256,675
5257,75
5258,625
5259,675
5260,675
5261,623
5262,573
5263,423
5264,-131
5265,625
5266,675
5267,675
5268,575
5269,625
5270,573
5271,623
5272,-27
5273,498
5274,675
5275,-75
5276,625
5277,373
5278,675
5279,-325
5280,675
5281,675
5282,-29
5283,-77
5284,625
5285,675
5286,625
5287,625
5288,-125
5289,-75
5290,475
5291,398
5292,525
5293,473
5294,675
5295,625
5296,625
5297,375
5298,448
5299,-75
5300,625
5301,625
5302,523
5303,673
5304,675
5305,625
5306,350
5307,-127
5308,-75
5309,-75
5310,675
5311,675
5312,-127
5313,623
5314,625
5315,625
5316,671
5317,675
5318,-252
5319,-125
5320,-77
5321,675
5322,675
5323,225
5324,400
5325,675
5326,575
5327,675
5328,625
5329,-204
5330,573
5331,675
5332,350
5333,425
5334,525
5335,675
5336,675
5337,675
5338,400
5339,673
5340,-127
5341,675
5342,625
5343,-129
5344,-125
5345,675
5346,575
5347,575
5348,-25
5349,675
5350,100
5351,623
5352,623
5353,675
5354,475
5355,-125
5356,625
5357,621
5358,625
5359,575
5360,500
5361,675
5362,623
5363,375
5364,673
5365,448
5366,625
5367,525
5368,-75
5369,625
5370,471
5371,623
5372,623
5373,521
5374,575
5375,-125
5376,623
5377,623
5378,-75
5379,675
5380,675
5381,675
5382,675
5383,673
5384,525
5385,675
5386,473
5387,348
5388,625
5389,573
5390,625
5391,623
5392,-75
5393,675
5394,573
5395,398
5396,673
5397,625
5398,671
5399,575
5400,-125
5401,671
5402,-29
5403,225
5404,575
5405,625
5406,625
5407,-125
5408,673
5409,525
5410,525
5411,-100
5412,-127
5413,625
5414,-25
5415,671
5416,-25
5417,-125
5418,423
5419,625
5420,498
5421,550
5422,398
5423,398
5424,623
5425,671
5426,675
5427,350
5428,675
5429,675
5430,625
5431,-125
5432,673
5433,473
5434,575
5435,-75
5436,675
5437,625
5438,550
5439,475
5440,675
5441,223
5442,625
5443,675
5444,675
5445,575
5446,625
5447,150
5448,625
5449,350
5450,523
5451,671
5452,-50
5453,-75
5454,-25
5455,398
5456,673
5457,575
5458,675
5459,575
5460,675
5461,375
5462,625
5463,575
5464,675
5465,425
5466,625
5467,-75
5468,625
5469,500
5470,675
5471,575
5472,623
5473,-127
5474,-125
5475,673
5476,675
5477,675
5478,623
5479,675
5480,673
5481,525
5482,673
5483,248
5484,550
5485,575
5486,-25
5487,625
5488,-25
5489,344
5490,671
5491,675
5492,625
5493,675
5494,494
5495,675
5496,575
5497,675
5498,625
5499,623
5500,625
5501,-27
5502,500
5503,425
5504,625
5505,673
5506,625
5507,-27
5508,675
5509,575
5510,-125
5511,-75
5512,523
5513,675
5514,673
5515,448
5516,675
5517,575
5518,675
5519,675
5520,-25
5521,-125
5522,-75
5523,-75
5524,675
5525,625
5526,500
5527,675
5528,675
5529,573
5530,575
5531,525
5532,-127
5533,298
5534,623
5535,675
5536,-75
5537,675
5538,625
5539,296
5540,675
5541,573
5542,675
5543,671
5544,498
5545,350
5546,675
5547,575
5548,623
5549,573
5550,525
5551,673
5552,523
5553,-127
5554,-75
5555,675
5556,575
5557,625
5558,625
5559,175
5560,625
5561,625
5562,548
5563,-125
5564,675
5565,675
5566,423
5567,319
5568,-127
5569,671
5570,-77
5571,273
5572,500
5573,573
5574,623
5575,423
5576,675
5577,671
5578,623
5579,625
5580,675
5581,350
5582,623
5583,623
5584,625
5585,573
5586,471
5587,675
5588,523
5589,400
5590,344
5591,675
5592,675
5593,575
5594,425
5595,500
5596,675
5597,673
5598,425
5599,575
5600,619
5601,673
5602,675
5603,625
5604,675
5605,675
5606,348
5607,-77
5608,673
5609,625
5610,675
5611,-77
5612,419
5613,548
5614,400
5615,675
5616,525
5617,523
5618,525
5619,623
5620,-75
5621,75
5622,675
5623,575
5624,-125
5625,673
5626,625
5627,625
5628,400
5629,350
5630,575
5631,400
5632,575
5633,-125
5634,675
5635,-127
5636,425
5637,673
5638,375
5639,619
5640,475
5641,673
5642,325
5643,-127
5644,575
5645,546
5646,623
5647,-125
5648,673
5649,673
5650,675
5651,575
5652,625
5653,250
5654,-75
5655,-200
5656,675
5657,525
5658,675
5659,500
5660,275
5661,675
5662,473
5663,350
5664,-127
5665,423
5666,525
5667,675
5668,500
5669,-125
5670,-125
5671,673
5672,673
5673,-125
5674,575
5675,-125
5676,225
5677,525
5678,525
5679,675
5680,675
5681,675
5682,521
5683,625
5684,523
5685,-175
5686,425
5687,623
5688,575
5689,321
5690,625
5691,671
5692,675
5693,675
5694,50
5695,673
5696,675
5697,673
5698,-75
5699,-25
5700,525
5701,673
5702,-175
5703,675
5704,100
5705,400
5706,-100
5707,-75
5708,625
5709,475
5710,523
5711,425
5712,575
5713,398
5714,625
5715,423
5716,625
5717,675
5718,625
5719,-25
5720,669
5721,-125
5722,575
5723,625
5724,625
5725,675
5726,623
5727,621
5728,350
5729,625
5730,675
5731,675
5732,671
5733,675
5734,623
5735,375
5736,673
5737,569
5738,525
5739,625
5740,625
5741,575
5742,-77
5743,-125
5744,623
5745,25
5746,675
5747,625
5748,675
5749,625
5750,498
5751,-25
5752,675
5753,625
5754,-75
5755,673
5756,625
5757,671
5758,-75
5759,675
5760,425
5761,-75
5762,675
5763,-75
5764,-125
5765,673
5766,625
5767,325
5768,625
5769,675
5770,675
5771,475
5772,625
5773,425
5774,675
5775,625
5776,673
5777,573
5778,400
5779,625
5780,-77
5781,-179
5782,546
5783,575
5784,423
5785,523
5786,675
5787,-127
5788,346
5789,473
5790,625
5791,623
5792,425
5793,675
5794,398
5795,598
5796,525
5797,675
5798,675
5799,673
5800,675
5801,675
5802,621
5803,675
5804,625
5805,500
5806,673
5807,623
5808,573
5809,425
5810,575
5811,625
5812,375
5813,475
5814,348
5815,-125
5816,673
5817,675
5818,-27
5819,600
5820,623
5821,350
5822,675
5823,625
5824,673
5825,400
5826,675
5827,375
5828,671
5829,575
5830,625
5831,-29
5832,-75
5833,675
5834,573
5835,-2
5836,400
5837,423
5838,675
5839,623
5840,675
5841,625
5842,625
5843,575
5844,425
5845,671
5846,625
5847,675
5848,-125
5849,573
5850,375
5851,625
5852,623
5853,675
5854,525
5855,675
5856,675
5857,525
5858,125
5859,675
5860,-125
5861,523
5862,-77
5863,523
5864,473
5865,575
5866,625
5867,673
5868,675
5869,573
5870,675
5871,498
5872,573
5873,573
5874,573
5875,675
5876,625
5877,625
5878,325
5879,675
5880,-125
5881,673
5882,100
5883,-125
5884,675
5885,623
5886,525
5887,425
5888,475
5889,625
5890,575
5891,598
5892,-50
5893,-77
5894,-125
5895,625
5896,-129
5897,675
5898,475
5899,675
5900,475
5901,675
5902,-81
5903,500
5904,675
5905,250
5906,-125
5907,673
5908,571
5909,671
5910,-150
5911,-25
5912,675
5913,425
5914,675
5915,675
5916,500
5917,525
5918,623
5919,673
5920,-77
5921,621
5922,525
5923,475
5924,-125
5925,675
5926,-75
5927,675
5928,221
5929,25
5930,-75
5931,425
5932,-127
5933,375
5934,673
5935,523
5936,-179
5937,675
5938,625
5939,-127
5940,675
5941,375
5942,675
5943,625
5944,575
5945,575
5946,675
5947,673
5948,275
5949,675
5950,300
5951,475
5952,575
5953,675
5954,525
5955,-129
5956,-175
5957,575
5958,100
5959,-27
5960,625
5961,673
5962,475
5963,550
5964,523
5965,298
5966,673
5967,669
5968,575
5969,673
5970,621
5971,675
5972,423
5973,675
5974,675
5975,-127
5976,300
5977,625
5978,400
5979,673
5980,400
5981,675
5982,-77
5983,675
5984,275
5985,675
5986,623
5987,-25
5988,525
5989,625
5990,523
5991,673
5992,-175
5993,525
5994,673
5995,75
5996,550
5997,-125
5998,625
5999,573
6000,675
6001,-125
6002,-27
6003,675
6004,573
6005,-77
6006,625
6007,-25
6008,675
6009,675
6010,673
6011,-125
6012,625
6013,525
6014,625
6015,675
6016,625
6017,-75
6018,425
6019,573
6020,325
6021,398
6022,675
6023,-75
6024,425
6025,-125
6026,675
6027,573
6028,400
6029,550
6030,575
6031,525
6032,348
6033,675
6034,623
6035,-175
6036,625
6037,-77
6038,675
6039,375
6040,525
6041,-25
6042,373
6043,675
6044,525
6045,625
6046,375
6047,623
6048,625
6049,671
6050,675
6051,673
6052,-25
6053,675
6054,625
6055,550
6056,625
6057,675
6058,325
6059,675
6060,675
6061,-100
6062,-127
6063,-25
6064,573
6065,-77
6066,575
6067,548
6068,575
6069,625
6070,675
6071,675
6072,275
6073,675
6074,473
6075,675
6076,-75
6077,675
6078,625
6079,-125
6080,675
6081,523
6082,675
6083,473
6084,475
6085,-200
6086,-77
6087,671
6088,675
6089,675
6090,673
6091,675
6092,521
6093,425
6094,675
6095,375
6096,573
6097,623
6098,-29
6099,198
6100,525
6101,198
6102,625
6103,625
6104,373
6105,625
6106,621
6107,675
6108,-125
6109,400
6110,425
6111,673
6112,673
6113,525
6114,625
6115,675
6116,625
6117,575
6118,673
6119,675
6120,675
6121,473
6122,-131
6123,523
6124,625
6125,373
6126,-125
6127,575
6128,625
6129,-75
6130,675
6131,675
6132,-75
6133,423
6134,-77
6135,625
6136,675
6137,675
6138,-125
6139,525
6140,496
6141,675
6142,573
6143,400
6144,625
6145,625
6146,675
6147,675
6148,525
6149,-125
6150,571
6151,400
6152,-300
6153,400
6154,423
6155,623
6156,500
6157,-77
6158,-125
6159,675
6160,-175
6161,550
6162,673
6163,673
6164,398
6165,673
6166,673
6167,423
6168,625
6169,275
6170,625
6171,-125
6172,675
6173,673
6174,623
6175,-200
6176,-125
6177,575
6178,423
6179,675
6180,-75
6181,623
6182,525
6183,575
6184,675
6185,-175
6186,598
6187,625
6188,275
6189,423
6190,198
6191,625
6192,-127
6193,675
6194,675
6195,525
6196,573
6197,675
6198,400
6199,625
6200,675
6201,623
6202,675
6203,575
6204,-25
6205,625
6206,625
6207,623
6208,625
6209,425
6210,-27
6211,575
6212,-125
6213,523
6214,-125
6215,525
6216,673
6217,675
6218,675
6219,675
6220,625
6221,-102
6222,625
6223,625
6224,623
6225,300
6226,675
6227,573
6228,525
6229,298
6230,623
6231,625
6232,625
6233,675
6234,625
6235,573
6236,623
6237,625
6238,-27
6239,675
6240,400
6241,625
6242,675
6243,-77
6244,623
6245,-27
6246,525
6247,-125
6248,675
6249,-177
6250,625
6251,623
6252,523
6253,425
6254,675
6255,675
6256,525
6257,-75
6258,675
6259,625
6260,573
6261,625
6262,-125
6263,623
6264,-27
6265,673
6266,575
6267,-77
6268,675
6269,675
6270,675
6271,623
6272,673
6273,350
6274,575
6275,-77
6276,623
6277,573
6278,675
6279,575
6280,675
6281,675
6282,73
6283,675
6284,673
6285,525
6286,625
6287,673
6288,625
6289,-75
6290,673
6291,625
6292,-75
6293,573
6294,675
6295,-127
6296,425
6297,675
6298,675
6299,523
6300,673
6301,575
6302,675
6303,671
6304,25
6305,675
6306,675
6307,498
6308,675
6309,275
6310,675
6311,475
6312,675
6313,575
6314,325
6315,475
6316,523
6317,500
6318,623
6319,623
6320,675
6321,675
6322,400
6323,-27
6324,675
6325,675
6326,-125
6327,675
6328,673
6329,625
6330,-75
6331,150
6332,-127
6333,675
6334,673
6335,-125
6336,-125
6337,675
6338,675
6339,625
6340,-77
6341,-75
6342,675
6343,621
6344,475
6345,-175
6346,623
6347,623
6348,625
6349,675
6350,675
6351,500
6352,675
6353,625
6354,621
6355,525
6356,625
6357,575
6358,625
6359,300
6360,400
6361,623
6362,550
6363,425
6364,475
6365,675
6366,625
6367,500
6368,575
6369,625
6370,625
6371,675
6372,525
6373,-177
6374,475
6375,-75
6376,575
6377,675
6378,675
6379,-25
6380,625
6381,675
6382,625
6383,-75
6384,575
6385,-25
6386,625
6387,475
6388,-125
6389,-75
6390,525
6391,675
6392,-77
6393,375
6394,625
6395,425
6396,575
6397,575
6398,398
6399,573
6400,521
6401,375
6402,625
6403,625
6404,623
6405,-25
6406,675
6407,425
6408,621
6409,675
6410,-125
6411,-127
6412,500
6413,625
6414,573
6415,-79
6416,575
6417,625
6418,573
6419,675
6420,273
6421,673
6422,575
6423,473
6424,625
6425,671
6426,400
6427,575
6428,250
6429,450
6430,-25
6431,575
6432,675
6433,575
6434,675
6435,-27
6436,398
6437,675
6438,625
6439,-77
6440,625
6441,-2
6442,675
6443,623
6444,-125
6445,675
6446,621
6447,525
6448,400
6449,-125
6450,-175
6451,621
6452,675
6453,625
6454,525
6455,625
6456,375
6457,575
6458,196
6459,525
6460,675
6461,250
6462,398
6463,575
6464,575
6465,525
6466,575
6467,-125
6468,675
6469,575
6470,625
6471,-75
6472,625
6473,398
6474,296
6475,144
6476,525
6477,623
6478,625
6479,675
6480,550
6481,-75
6482,675
6483,575
6484,673
6485,673
6486,667
6487,625
6488,571
6489,673
6490,671
6491,571
6492,425
6493,548
6494,425
6495,675
6496,425
6497,42
6498,675
6499,-125
6500,673
6501,-35
6502,675
6503,450
6504,625
6505,425
6506,621
6507,375
6508,673
6509,625
6510,-125
6511,673
6512,625
6513,675
6514,250
6515,675
6516,575
6517,675
6518,675
6519,400
6520,575
6521,625
6522,673
6523,-200
6524,425
6525,-75
6526,575
6527,575
6528,475
6529,625
6530,550
6531,675
6532,625
6533,675
6534,675
6535,525
6536,675
6537,523
6538,675
6539,-50
6540,625
6541,575
6542,-79
6543,675
6544,-127
6545,250
6546,425
6547,350
6548,525
6549,73
6550,675
6551,150
6552,675
6553,675
6554,573
6555,673
6556,625
6557,373
6558,-125
6559,675
6560,348
6561,398
6562,425
6563,225
6564,550
6565,-81
6566,-77
6567,675
6568,-127
6569,675
6570,573
6571,625
6572,675
6573,300
6574,373
6575,623
6576,473
6577,425
6578,-125
6579,-75
6580,-75
6581,675
6582,625
6583,521
6584,625
6585,448
6586,621
6587,575
6588,673
6589,575
6590,675
6591,344
6592,-75
6593,675
6594,-125
6595,575
6596,-75
6597,625
6598,625
6599,521
6600,575
6601,523
6602,675
6603,-125
6604,621
6605,225
6606,675
6607,673
6608,500
6609,621
6610,623
6611,623
6612,523
6613,475
6614,475
6615,625
6616,573
6617,-125
6618,625
6619,519
6620,675
6621,575
6622,675
6623,475
6624,673
6625,-79
6626,673
6627,521
6628,675
6629,400
6630,425
6631,146
6632,625
6633,575
6634,523
6635,446
6636,675
6637,475
6638,675
6639,-75
6640,623
6641,675
6642,-125
6643,546
6644,-125
6645,625
6646,250
6647,571
6648,571
6649,625
6650,675
6651,575
6652,675
6653,-75
6654,-102
6655,425
6656,673
6657,-229
6658,619
6659,575
6660,575
6661,575
6662,-77
6663,675
6664,675
6665,-75
6666,350
6667,-25
6668,-6
6669,673
6670,675
6671,675
6672,375
6673,673
6674,350
6675,625
6676,-200
6677,675
6678,398
6679,625
6680,-25
6681,-75
6682,623
6683,623
6684,-25
6685,675
6686,675
6687,-125
6688,625
6689,675
6690,400
6691,548
6692,625
6693,623
6694,675
6695,525
6696,-75
6697,550
6698,-75
6699,575
6700,575
6701,-75
6702,-75
6703,675
6704,671
6705,621
6706,625
6707,625
6708,350
6709,-75
6710,675
6711,525
6712,575
6713,675
6714,550
6715,571
6716,-75
6717,550
6718,675
6719,625
6720,525
6721,575
6722,-75
6723,675
6724,625
6725,573
6726,675
6727,673
6728,-75
6729,-127
6730,-75
6731,425
6732,625
6733,398
6734,475
6735,525
6736,675
6737,348
6738,-4
6739,625
6740,621
6741,575
6742,625
6743,675
6744,575
6745,675
6746,625
6747,575
6748,675
6749,-125
6750,525
6751,425
6752,625
6753,-2
6754,675
6755,321
6756,623
6757,575
6758,675
6759,623
6760,348
6761,521
6762,425
6763,625
6764,548
6765,623
6766,623
6767,573
6768,673
6769,675
6770,675
6771,625
6772,348
6773,673
6774,521
6775,625
6776,525
6777,425
6778,625
6779,-77
6780,-175
6781,248
6782,575
6783,671
6784,575
6785,575
6786,675
6787,275
6788,623
6789,675
6790,348
6791,525
6792,675
6793,500
6794,675
6795,675
6796,375
6797,675
6798,575
6799,675
6800,675
6801,425
6802,-125
6803,498
6804,525
6805,296
6806,525
6807,-75
6808,-25
6809,525
6810,523
6811,625
6812,673
6813,398
6814,675
6815,675
6816,675
6817,-125
6818,550
6819,675
6820,525
6821,-77
6822,-75
6823,625
6824,296
6825,675
6826,425
6827,525
6828,625
6829,373
6830,573
6831,548
6832,575
6833,625
6834,675
6835,675
6836,675
6837,496
6838,321
6839,575
6840,250
6841,-54
6842,675
6843,-79
6844,623
6845,675
6846,671
6847,675
6848,-129
6849,675
6850,-75
6851,571
6852,675
6853,673
6854,400
6855,425
6856,525
6857,523
6858,525
6859,500
6860,-75
6861,573
6862,573
6863,673
6864,525
6865,473
6866,575
6867,673
6868,573
6869,675
6870,425
6871,675
6872,675
6873,675
6874,575
6875,623
6876,675
6877,525
6878,573
6879,275
6880,425
6881,673
6882,-75
6883,525
6884,146
6885,623
6886,548
6887,373
6888,475
6889,675
6890,675
6891,573
6892,475
6893,398
6894,625
6895,625
6896,-25
6897,346
6898,625
6899,625
6900,248
6901,673
6902,550
6903,525
6904,569
6905,350
6906,675
6907,-127
6908,623
6909,575
6910,621
6911,-75
6912,525
6913,625
6914,623
6915,-75
6916,675
6917,675
6918,625
6919,-125
6920,625
6921,-125
6922,-75
6923,625
6924,-79
6925,500
6926,625
6927,625
6928,346
6929,-125
6930,675
6931,675
6932,-100
6933,548
6934,150
6935,625
6936,675
6937,623
6938,-75
6939,675
6940,675
6941,575
6942,675
6943,669
6944,375
6945,523
6946,673
6947,623
6948,523
6949,625
6950,675
6951,675
6952,575
6953,575
6954,673
6955,-125
6956,675
6957,575
6958,675
6959,575
6960,675
6961,-27
6962,675
6963,625
6964,621
6965,350
6966,625
6967,675
6968,525
6969,675
6970,-250
6971,-75
6972,-25
6973,575
6974,675
6975,573
6976,325
6977,625
6978,625
6979,-125
6980,-125
6981,673
6982,225
6983,675
6984,675
6985,548
6986,625
6987,675
6988,-175
6989,673
6990,625
6991,625
6992,621
6993,573
6994,-125
6995,625
6996,625
6997,675
6998,-125
6999,625
7000,671
7001,-27
7002,625
7003,-129
7004,-25
7005,550
7006,-127
7007,675
7008,-75
7009,498
7010,673
7011,675
7012,575
7013,521
7014,675
7015,625
7016,-25
7017,675
7018,575
7019,-75
7020,-75
7021,675
7022,625
7023,673
7024,673
7025,673
7026,-27
7027,675
7028,-75
7029,625
7030,523
7031,673
7032,675
7033,673
7034,423
7035,675
7036,675
7037,573
7038,675
7039,-127
7040,625
7041,-125
7042,-50
7043,-175
7044,-75
7045,523
7046,673
7047,-125
7048,675
7049,-77
7050,675
7051,-127
7052,571
7053,-175
7054,500
7055,623
7056,625
7057,673
7058,525
7059,675
7060,471
7061,625
7062,-79
7063,625
7064,671
7065,246
7066,625
7067,475
7068,623
7069,575
7070,348
7071,-77
7072,375
7073,675
7074,575
7075,673
7076,-75
7077,575
7078,550
7079,675
7080,625
7081,248
7082,573
7083,-25
7084,450
7085,500
7086,675
7087,675
7088,300
7089,-56
7090,525
7091,675
7092,675
7093,548
7094,675
7095,396
7096,675
7097,575
7098,675
7099,623
7100,-100
7101,623
7102,675
7103,625
7104,675
7105,625
7106,475
7107,623
7108,-125
7109,-75
7110,675
7111,673
7112,673
7113,625
7114,571
7115,675
7116,400
7117,675
7118,625
7119,625
7120,525
7121,-100
7122,675
7123,425
7124,675
7125,571
7126,675
7127,400
7128,625
7129,325
7130,-200
7131,298
7132,523
7133,375
7134,625
7135,-177
7136,398
7137,-125
7138,-175
7139,675
7140,623
7141,671
7142,400
7143,-25
7144,425
7145,621
7146,350
7147,425
7148,675
7149,675
7150,623
7151,575
7152,625
7153,673
7154,675
7155,273
7156,625
7157,-125
7158,675
7159,575
7160,623
7161,675
7162,325
7163,575
7164,675
7165,675
7166,400
7167,625
7168,675
7169,-175
7170,625
7171,-25
7172,669
7173,625
7174,675
7175,621
7176,350
7177,675
7178,625
7179,675
7180,675
7181,-79
7182,675
7183,325
7184,675
7185,-75
7186,-127
7187,525
7188,573
7189,550
7190,573
7191,625
7192,625
7193,-125
7194,375
7195,575
7196,675
7197,671
7198,398
7199,675
7200,673
7201,575
7202,625
7203,-25
7204,423
7205,675
7206,-52
7207,675
7208,575
7209,675
7210,675
7211,575
7212,675
7213,425
7214,675
7215,-75
7216,-125
7217,-77
7218,550
7219,675
7220,425
7221,673
7222,425
7223,500
7224,675
7225,675
7226,675
7227,575
7228,575
7229,598
7230,-175
7231,-27
7232,-125
7233,250
7234,-79
7235,675
7236,675
7237,675
7238,625
7239,623
7240,-179
7241,-25
7242,623
7243,-77
7244,623
7245,671
7246,573
7247,675
7248,573
7249,425
7250,673
7251,-75
7252,-75
7253,625
7254,571
7255,375
7256,675
7257,671
7258,-125
7259,425
7260,-75
7261,0
7262,673
7263,675
7264,675
7265,-100
7266,623
7267,675
7268,-75
7269,-75
7270,625
7271,-75
7272,-27
7273,348
7274,350
7275,673
7276,625
7277,-27
7278,-27
7279,-327
7280,375
7281,575
7282,675
7283,623
7284,-125
7285,675
7286,-75
7287,623
7288,675
7289,423
7290,-25
7291,675
7292,-125
7293,573
7294,-75
7295,625
7296,625
7297,675
7298,375
7299,298
7300,-125
7301,625
7302,675
7303,623
7304,425
7305,623
7306,525
7307,675
7308,623
7309,675
7310,-200
7311,623
7312,-56
7313,525
7314,-125
7315,-25
7316,-125
7317,675
7318,575
7319,498
7320,623
7321,573
7322,-75
7323,523
7324,546
7325,300
7326,625
7327,525
7328,625
7329,675
7330,675
7331,673
7332,523
7333,325
7334,675
7335,-125
7336,-125
7337,575
7338,675
7339,675
7340,-125
7341,675
7342,-127
7343,675
7344,375
7345,675
7346,546
7347,575
7348,550
7349,623
7350,546
7351,-125
7352,525
7353,675
7354,675
7355,675
7356,625
7357,673
7358,373
7359,675
7360,400
7361,525
7362,625
7363,675
7364,625
7365,675
7366,-29
7367,675
7368,675
7369,675
7370,675
7371,673
7372,575
7373,625
7374,-77
7375,-125
7376,623
7377,675
7378,575
7379,-77
7380,675
7381,525
7382,425
7383,275
7384,575
7385,398
7386,625
7387,373
7388,575
7389,675
7390,675
7391,525
7392,673
7393,-27
7394,675
7395,400
7396,575
7397,573
7398,-75
7399,525
7400,625
7401,673
7402,675
7403,623
7404,525
7405,500
7406,523
7407,673
7408,625
7409,675
7410,675
7411,675
7412,625
7413,523
7414,-125
7415,625
7416,400
7417,675
7418,-127
7419,275
7420,675
7421,575
7422,550
7423,625
7424,575
7425,494
7426,625
7427,675
7428,675
7429,500
7430,675
7431,625
7432,475
7433,-125
7434,671
7435,675
7436,625
7437,-75
7438,-125
7439,625
7440,275
7441,573
7442,-125
7443,675
7444,623
7445,675
7446,673
7447,-75
7448,573
7449,-75
7450,675
7451,621
7452,625
7453,398
7454,548
7455,-75
7456,673
7457,671
7458,675
7459,625
7460,675
7461,523
7462,373
7463,375
7464,398
7465,425
7466,625
7467,425
7468,575
7469,675
7470,625
7471,-75
7472,675
7473,625
7474,673
7475,400
7476,575
7477,675
7478,675
7479,425
7480,675
7481,675
7482,-25
7483,675
7484,675
7485,675
7486,675
7487,573
7488,625
7489,621
7490,675
7491,673
7492,625
7493,-125
7494,-77
7495,-77
7496,575
7497,675
7498,673
7499,-79
7500,475
7501,575
7502,523
7503,-29
7504,350
7505,-77
7506,-27
7507,-75
7508,525
7509,-125
7510,348
7511,525
7512,573
7513,525
7514,575
7515,475
7516,625
7517,675
7518,625
7519,523
7520,423
7521,621
7522,448
7523,-75
7524,675
7525,500
7526,673
7527,625
7528,675
7529,575
7530,675
7531,23
7532,-125
7533,623
7534,675
7535,623
7536,625
7537,673
7538,-150
7539,-200
7540,575
7541,-125
7542,575
7543,675
7544,625
7545,225
7546,-27
7547,525
7548,623
7549,625
7550,-125
7551,625
7552,675
7553,-425
7554,625
7555,675
7556,348
7557,675
7558,298
7559,398
7560,475
7561,325
7562,548
7563,575
7564,673
7565,475
7566,625
7567,675
7568,625
7569,-175
7570,675
7571,675
7572,623
7573,569
7574,575
7575,625
7576,571
7577,425
7578,-75
7579,-127
7580,575
7581,675
7582,675
7583,275
7584,-150
7585,675
7586,-125
7587,-127
7588,350
7589,-75
7590,400
7591,548
7592,675
7593,675
7594,473
7595,525
7596,500
7597,675
7598,675
7599,550
7600,671
7601,350
7602,425
7603,550
7604,-77
7605,625
7606,525
7607,-25
7608,675
7609,400
7610,-200
7611,475
7612,-75
7613,625
7614,673
7615,-77
7616,425
7617,575
7618,300
7619,575
7620,625
7621,-125
7622,625
7623,323
7624,675
7625,350
7626,675
7627,575
7628,675
7629,673
7630,473
7631,348
7632,673
7633,625
7634,675
7635,675
7636,525
7637,675
7638,625
7639,675
7640,-29
7641,675
7642,673
7643,675
7644,675
7645,575
7646,625
7647,-177
7648,675
7649,675
7650,475
7651,675
7652,275
7653,675
7654,50
7655,573
7656,398
7657,675
7658,625
7659,625
7660,-75
7661,673
7662,-125
7663,523
7664,275
7665,573
7666,675
7667,625
7668,-125
7669,675
7670,625
7671,675
7672,625
7673,-25
7674,675
7675,548
7676,-175
7677,271
7678,675
7679,625
7680,423
7681,675
7682,475
7683,675
7684,550
7685,575
7686,600
7687,673
7688,450
7689,523
7690,675
7691,675
7692,571
7693,525
7694,675
7695,-75
7696,-27
7697,625
7698,575
7699,-75
7700,673
7701,675
7702,523
7703,-25
7704,525
7705,475
7706,425
7707,675
7708,625
7709,675
7710,523
7711,675
7712,675
7713,-127
7714,675
7715,623
7716,625
7717,675
7718,675
7719,625
7720,675
7721,-127
7722,473
7723,673
7724,675
7725,298
7726,671
7727,475
7728,350
7729,375
7730,625
7731,-175
7732,373
7733,673
7734,-125
7735,-125
7736,675
7737,675
7738,675
7739,625
7740,569
7741,525
7742,675
7743,525
7744,675
7745,-75
7746,-125
7747,675
7748,575
7749,475
7750,675
7751,623
7752,-25
7753,525
7754,675
7755,100
7756,573
7757,475
7758,675
7759,573
7760,-125
7761,675
7762,-25
7763,398
7764,400
7765,373
7766,423
7767,675
7768,623
7769,48
7770,625
7771,675
7772,521
7773,-75
7774,675
7775,525
7776,425
7777,-25
7778,-229
7779,175
7780,623
7781,625
7782,625
7783,675
7784,-75
7785,675
7786,673
7787,225
7788,-52
7789,625
7790,-25
7791,675
7792,450
7793,623
7794,-25
7795,473
7796,448
7797,-75
7798,573
7799,675
7800,625
7801,325
7802,350
7803,623
7804,675
7805,675
7806,623
7807,425
7808,550
7809,-125
7810,375
7811,675
7812,548
7813,673
7814,-75
7815,675
7816,675
7817,473
7818,625
7819,625
7820,625
7821,-177
7822,625
7823,525
7824,425
7825,675
7826,675
7827,675
7828,673
7829,-125
7830,623
7831,425
7832,623
7833,-100
7834,625
7835,375
7836,675
7837,575
7838,673
7839,350
7840,625
7841,675
7842,675
7843,673
7844,400
7845,625
7846,-127
7847,675
7848,-129
7849,-127
7850,-125
7851,675
7852,548
7853,473
7854,-125
7855,523
7856,-125
7857,498
7858,525
7859,675
7860,675
7861,69
7862,523
7863,-125
7864,625
7865,350
7866,350
7867,675
7868,621
7869,425
7870,573
7871,673
7872,325
7873,269
7874,373
7875,523
7876,625
7877,625
7878,575
7879,675
7880,623
7881,-125
7882,525
7883,-27
7884,575
7885,675
7886,550
7887,625
7888,675
7889,575
7890,675
7891,-77
7892,-75
7893,573
7894,525
7895,525
7896,571
7897,675
7898,473
7899,623
7900,623
7901,625
7902,575
7903,575
7904,525
7905,625
7906,675
7907,-125
7908,521
7909,573
7910,73
7911,625
7912,525
7913,675
7914,673
7915,675
7916,525
7917,-27
7918,-100
7919,623
7920,673
7921,623
7922,625
7923,-125
7924,-75
7925,519
7926,-225
7927,675
7928,500
7929,575
7930,-33
7931,625
7932,-77
7933,-125
7934,575
7935,-52
7936,-29
7937,673
7938,675
7939,398
7940,248
7941,-102
7942,-125
7943,575
7944,-79
7945,-79
7946,675
7947,675
7948,571
7949,673
7950,-54
7951,625
7952,625
7953,625
7954,575
7955,-75
7956,421
7957,675
7958,625
7959,421
7960,675
7961,675
7962,-125
7963,675
7964,575
7965,575
7966,673
7967,425
7968,525
7969,623
7970,548
7971,-100
7972,675
7973,673
7974,-2
7975,671
7976,450
7977,625
7978,675
7979,675
7980,400
7981,673
7982,425
7983,-125
7984,675
7985,675
7986,675
7987,-125
7988,675
7989,675
7990,675
7991,-75
7992,-125
7993,375
7994,675
7995,675
7996,475
7997,623
7998,625
7999,-125
8000,675
8001,575
8002,525
8003,625
8004,573
8005,-327
8006,675
8007,-77
8008,625
8009,675
8010,-75
8011,575
8012,575
8013,575
8014,225
8015,396
8016,475
8017,575
8018,625
8019,675
8020,325
8021,575
8022,675
8023,-125
8024,575
8025,673
8026,673
8027,525
8028,573
8029,625
8030,-75
8031,675
8032,623
8033,675
8034,675
8035,625
8036,675
8037,525
8038,675
8039,675
8040,625
8041,-125
8042,675
8043,675
8044,344
8045,623
8046,-75
8047,675
8048,623
8049,675
8050,675
8051,675
8052,623
8053,675
8054,-77
8055,575
8056,673
8057,675
8058,675
8059,500
8060,525
8061,675
8062,675
8063,575
8064,-79
8065,621
8066,375
8067,350
8068,-75
8069,-125
8070,-2
8071,573
8072,-77
8073,675
8074,-75
8075,-125
8076,-25
8077,425
8078,625
8079,423
8080,400
8081,350
8082,623
8083,-77
8084,-31
8085,525
8086,675
8087,575
8088,675
8089,675
8090,-75
8091,675
8092,400
8093,223
8094,-227
8095,525
8096,625
8097,625
8098,400
8099,525
8100,623
8101,-75
8102,-75
8103,519
8104,625
8105,350
8106,-200
8107,475
8108,-75
8109,675
8110,-177
8111,669
8112,521
8113,675
8114,623
8115,675
8116,625
8117,673
8118,573
8119,675
8120,525
8121,525
8122,-125
8123,446
8124,-77
8125,623
8126,675
8127,471
8128,575
8129,625
8130,625
8131,471
8132,525
8133,673
8134,473
8135,573
8136,-125
8137,675
8138,398
8139,575
8140,575
8141,675
8142,625
8143,-27
8144,625
8145,673
8146,675
8147,675
8148,400
8149,673
8150,625
8151,675
8152,-75
8153,625
8154,425
8155,673
8156,673
8157,375
8158,673
8159,-131
8160,-125
8161,475
8162,-125
8163,675
8164,675
8165,675
8166,673
8167,496
8168,675
8169,625
8170,400
8171,-25
8172,625
8173,-125
8174,296
8175,673
8176,673
8177,525
8178,473
8179,250
8180,398
8181,525
8182,625
8183,625
8184,-75
8185,-125
8186,675
8187,673
8188,-27
8189,573
8190,625
8191,675
8192,-127
8193,675
8194,375
8195,523
8196,525
8197,625
8198,675
8199,625
8200,675
8201,623
8202,625
8203,623
8204,598
8205,675
8206,-175
8207,625
8208,675
8209,675
8210,669
8211,-25
8212,675
8213,675
8214,623
8215,525
8216,675
8217,675
8218,675
8219,-125
8220,673
8221,675
8222,523
8223,-125
8224,675
8225,275
8226,375
8227,625
8228,525
8229,498
8230,675
8231,675
8232,625
8233,675
8234,400
8235,-29
8236,675
8237,-225
8238,400
8239,344
8240,-75
8241,675
8242,346
8243,-25
8244,673
8245,625
8246,675
8247,623
8248,-77
8249,625
8250,575
8251,623
8252,-77
8253,-25
8254,675
8255,625
8256,348
8257,475
8258,425
8259,623
8260,525
8261,675
8262,-75
8263,575
8264,-77
8265,450
8266,-31
8267,475
8268,675
8269,575
8270,625
8271,625
8272,623
8273,625
8274,350
8275,-75
8276,-25
8277,-75
8278,675
8279,623
8280,-25
8281,375
8282,675
8283,675
8284,675
8285,675
8286,323
8287,625
8288,-175
8289,575
8290,673
8291,-25
8292,150
8293,575
8294,550
8295,625
8296,525
8297,544
8298,-252
8299,400
8300,675
8301,675
8302,498
8303,319
8304,675
8305,675
8306,673
8307,373
8308,573
8309,523
8310,675
8311,625
8312,571
8313,675
8314,-125
8315,675
8316,475
8317,300
8318,621
8319,673
8320,625
8321,-175
8322,675
8323,625
8324,375
8325,525
8326,625
8327,-25
8328,675
8329,675
8330,575
8331,675
8332,673
8333,-125
8334,625
8335,675
8336,575
8337,-75
8338,421
8339,373
8340,575
8341,525
8342,375
8343,675
8344,421
8345,-127
8346,398
8347,-177
8348,625
8349,421
8350,623
8351,-127
8352,473
8353,675
8354,-125
8355,625
8356,625
8357,675
8358,425
8359,275
8360,-125
8361,673
8362,575
8363,523
8364,300
8365,575
8366,675
8367,500
8368,675
8369,625
8370,675
8371,669
8372,573
8373,425
8374,75
8375,671
8376,400
8377,675
8378,621
8379,573
8380,575
8381,675
8382,621
8383,675
8384,-29
8385,573
8386,625
8387,-75
8388,521
8389,-75
8390,-127
8391,523
8392,-77
8393,625
8394,425
8395,625
8396,-200
8397,675
8398,575
8399,473
8400,675
8401,400
8402,575
8403,525
8404,475
8405,350
8406,573
8407,571
8408,525
8409,625
8410,673
8411,671
8412,575
8413,675
8414,675
8415,498
8416,625
8417,675
8418,675
8419,675
8420,625
8421,623
8422,575
8423,523
8424,675
8425,625
8426,675
8427,-77
8428,623
8429,300
8430,621
8431,396
8432,675
8433,625
8434,673
8435,398
8436,675
8437,675
8438,675
8439,673
8440,-179
8441,525
8442,675
8443,573
8444,675
8445,625
8446,575
8447,623
8448,275
8449,675
8450,548
8451,675
8452,575
8453,400
8454,625
8455,425
8456,-200
8457,-125
8458,623
8459,675
8460,675
8461,394
8462,525
8463,325
8464,525
8465,-125
8466,525
8467,575
8468,673
8469,623
8470,673
8471,675
8472,675
8473,325
8474,669
8475,500
8476,-75
8477,475
8478,673
8479,-177
8480,425
8481,673
8482,-75
8483,-25
8484,-129
8485,675
8486,675
8487,400
8488,675
8489,573
8490,448
8491,669
8492,400
8493,575
8494,473
8495,273
8496,625
8497,625
8498,-200
8499,573
8500,573
8501,675
8502,675
8503,573
8504,-25
8505,675
8506,625
8507,621
8508,400
8509,625
8510,625
8511,523
8512,625
8513,525
8514,-75
8515,673
8516,525
8517,675
8518,675
8519,675
8520,673
8521,673
8522,621
8523,625
8524,425
8525,675
8526,675
8527,573
8528,575
8529,675
8530,623
8531,623
8532,-77
8533,675
8534,525
8535,521
8536,625
8537,150
8538,473
8539,400
8540,619
8541,675
8542,-125
8543,148
8544,575
8545,573
8546,-300
8547,550
8548,-125
8549,625
8550,625
8551,-227
8552,625
8553,275
8554,623
8555,625
8556,675
8557,423
8558,373
8559,625
8560,675
8561,625
8562,0
8563,675
8564,675
8565,625
8566,625
8567,548
8568,675
8569,375
8570,-25
8571,675
8572,275
8573,619
8574,375
8575,675
8576,675
8577,396
8578,-200
8579,471
8580,-177
8581,-175
8582,625
8583,675
8584,573
8585,525
8586,398
8587,-25
8588,323
8589,494
8590,625
8591,525
8592,673
8593,575
8594,196
8595,25
8596,675
8597,675
8598,275
8599,675
8600,625
8601,525
8602,575
8603,673
8604,575
8605,673
8606,621
8607,150
8608,625
8609,-75
8610,623
8611,450
8612,-25
8613,-125
8614,275
8615,521
8616,-25
8617,675
8618,675
8619,675
8620,-25
8621,675
8622,-125
8623,575
8624,573
8625,675
8626,675
8627,675
8628,625
8629,675
8630,675
8631,625
8632,-125
8633,200
8634,-175
8635,575
8636,675
8637,-127
8638,625
8639,-125
8640,675
8641,675
8642,575
8643,625
8644,675
8645,-27
8646,575
8647,-75
8648,525
8649,-75
8650,400
8651,675
8652,350
8653,625
8654,675
8655,550
8656,573
8657,-75
8658,625
8659,625
8660,675
8661,675
8662,-52
8663,673
8664,673
8665,525
8666,525
8667,675
8668,423
8669,625
8670,673
8671,675
8672,675
8673,675
8674,673
8675,596
8676,300
8677,625
8678,623
8679,675
8680,625
8681,-79
8682,525
8683,625
8684,675
8685,350
8686,623
8687,673
8688,625
8689,-75
8690,521
8691,625
8692,546
8693,-77
8694,675
8695,675
8696,-125
8697,-125
8698,350
8699,523
8700,-125
8701,673
8702,675
8703,575
8704,473
8705,675
8706,675
8707,-106
8708,575
8709,425
8710,673
8711,625
8712,625
8713,550
8714,673
8715,575
8716,-125
8717,673
8718,523
8719,-25
8720,675
8721,-125
8722,675
8723,675
8724,675
8725,498
8726,675
8727,473
8728,675
8729,525
8730,-125
8731,625
8732,671
8733,625
8734,675
8735,525
8736,625
8737,523
8738,671
8739,675
8740,-75
8741,-25
8742,523
8743,675
8744,575
8745,523
8746,573
8747,200
8748,675
8749,-125
8750,625
8751,675
8752,675
8753,673
8754,-125
8755,548
8756,675
8757,523
8758,473
8759,-125
8760,671
8761,-125
8762,275
8763,475
8764,673
8765,400
8766,475
8767,675
8768,-25
8769,375
8770,525
8771,625
8772,398
8773,523
8774,569
8775,-75
8776,-81
8777,623
8778,673
8779,625
8780,675
8781,625
8782,-175
8783,-31
8784,550
8785,-75
8786,673
8787,600
8788,625
8789,675
8790,625
8791,275
8792,-125
8793,525
8794,675
8795,625
8796,523
8797,523
8798,500
8799,175
8800,-75
8801,-77
8802,625
8803,-75
8804,525
8805,-75
8806,673
8807,473
8808,625
8809,675
8810,625
8811,400
8812,423
8813,-75
8814,625
8815,425
8816,673
8817,623
8818,675
8819,673
8820,625
8821,675
8822,575
8823,425
8824,625
8825,623
8826,675
8827,625
8828,548
8829,675
8830,425
8831,575
8832,575
8833,675
8834,521
8835,-75
8836,-125
8837,425
8838,675
8839,473
8840,673
8841,675
8842,350
8843,300
8844,-175
8845,575
8846,-75
8847,550
8848,573
8849,423
8850,623
8851,250
8852,523
8853,571
8854,673
8855,625
8856,673
8857,675
8858,-125
8859,621
8860,425
8861,525
8862,325
8863,298
8864,-127
8865,548
8866,625
8867,675
8868,671
8869,250
8870,621
8871,673
8872,400
8873,325
8874,300
8875,675
8876,623
8877,-125
8878,548
8879,675
8880,425
8881,525
8882,546
8883,575
8884,673
8885,673
8886,625
8887,673
8888,-27
8889,400
8890,675
8891,325
8892,621
8893,675
8894,471
8895,400
8896,675
8897,-125
8898,673
8899,673
8900,625
8901,625
8902,625
8903,623
8904,523
8905,-127
8906,673
8907,675
8908,525
8909,498
8910,375
8911,625
8912,425
8913,475
8914,625
8915,625
8916,248
8917,575
8918,625
8919,625
8920,398
8921,375
8922,675
8923,625
8924,625
8925,525
8926,-125
8927,75
8928,396
8929,-225
8930,675
8931,573
8932,573
8933,300
8934,375
8935,625
8936,425
8937,-75
8938,-75
8939,675
8940,350
8941,321
8942,400
8943,575
8944,-175
8945,625
8946,623
8947,673
8948,-75
8949,423
8950,621
8951,325
8952,375
8953,675
8954,425
8955,475
8956,625
8957,475
8958,675
8959,675
8960,425
8961,673
8962,673
8963,475
8964,525
8965,621
8966,675
8967,471
8968,675
8969,623
8970,575
8971,-75
8972,-25
8973,673
8974,-125
8975,675
8976,675
8977,-125
8978,675
8979,623
8980,673
8981,375
8982,-25
8983,575
8984,575
8985,673
8986,523
8987,625
8988,-125
8989,673
8990,625
8991,-125
8992,675
8993,-75
8994,398
8995,-27
8996,675
8997,548
8998,571
8999,523
9000,-75
9001,-75
9002,675
9003,400
9004,523
9005,625
9006,675
9007,425
9008,675
9009,675
9010,523
9011,673
9012,675
9013,525
9014,625
9015,521
9016,400
9017,675
9018,675
9019,-225
9020,467
9021,575
9022,625
9023,-175
9024,348
9025,525
9026,675
9027,625
9028,675
9029,623
9030,-150
9031,675
9032,673
9033,623
9034,625
9035,521
9036,519
9037,675
9038,-200
9039,575
9040,221
9041,625
9042,425
9043,-125
9044,525
9045,671
9046,519
9047,521
9048,675
9049,623
9050,-125
9051,525
9052,673
9053,-75
9054,400
9055,625
9056,623
9057,675
9058,425
9059,625
9060,673
9061,275
9062,625
9063,623
9064,675
9065,625
9066,425
9067,675
9068,523
9069,675
9070,675
9071,575
9072,-25
9073,675
9074,375
9075,673
9076,625
9077,675
9078,-100
9079,475
9080,400
9081,575
9082,-181
9083,-75
9084,673
9085,625
9086,448
9087,-127
9088,675
9089,675
9090,-25
9091,673
9092,673
9093,525
9094,625
9095,673
9096,-27
9097,-25
9098,-79
9099,-125
9100,-175
9101,-75
9102,-25
9103,675
9104,675
9105,423
9106,571
9107,625
9108,675
9109,675
9110,625
9111,675
9112,675
9113,573
9114,525
9115,625
9116,-75
9117,400
9118,300
9119,550
9120,675
9121,675
9122,-127
9123,375
9124,-127
9125,-125
9126,675
9127,675
9128,425
9129,-127
9130,673
9131,-129
9132,675
9133,673
9134,625
9135,623
9136,-100
9137,673
9138,675
9139,675
9140,675
9141,175
9142,-350
9143,671
9144,675
9145,623
9146,550
9147,475
9148,623
9149,675
9150,575
9151,625
9152,675
9153,175
9154,200
9155,673
9156,625
9157,625
9158,625
9159,673
9160,550
9161,625
9162,275
9163,675
9164,671
9165,-25
9166,675
9167,575
9168,623
9169,625
9170,675
9171,498
9172,525
9173,200
9174,525
9175,673
9176,675
9177,625
9178,350
9179,673
9180,623
9181,-125
9182,-252
9183,425
9184,500
9185,575
9186,675
9187,573
9188,621
9189,-75
9190,-125
9191,475
9192,575
9193,-75
9194,-79
9195,300
9196,675
9197,-75
9198,475
9199,548
9200,671
9201,-125
9202,673
9203,-175
9204,350
9205,675
9206,573
9207,521
9208,375
9209,375
9210,675
9211,625
9212,675
9213,675
9214,673
9215,548
9216,625
9217,673
9218,675
9219,675
9220,675
9221,498
9222,546
9223,675
9224,-179
9225,0
9226,425
9227,625
9228,375
9229,-133
9230,-125
9231,-125
9232,475
9233,275
9234,625
9235,475
9236,-77
9237,675
9238,-125
9239,-31
9240,575
9241,675
9242,525
9243,673
9244,621
9245,350
9246,250
9247,673
9248,446
9249,675
9250,675
9251,675
9252,575
9253,-200
9254,350
9255,300
9256,625
9257,-125
9258,500
9259,498
9260,394
9261,-75
9262,675
9263,475
9264,675
9265,375
9266,523
9267,525
9268,673
9269,525
9270,-75
9271,473
9272,675
9273,625
9274,673
9275,625
9276,575
9277,573
9278,675
9279,623
9280,425
9281,-127
9282,623
9283,675
9284,671
9285,548
9286,-125
9287,-75
9288,-75
9289,575
9290,625
9291,625
9292,525
9293,575
9294,448
9295,621
9296,675
9297,550
9298,-127
9299,246
9300,425
9301,625
9302,675
9303,375
9304,675
9305,525
9306,-175
9307,675
9308,500
9309,675
9310,523
9311,-25
9312,525
9313,623
9314,675
9315,625
9316,675
9317,575
9318,448
9319,569
9320,-75
9321,625
9322,-129
9323,625
9324,675
9325,673
9326,673
9327,671
9328,625
9329,673
9330,525
9331,675
9332,448
9333,-75
9334,675
9335,-131
9336,623
9337,448
9338,425
9339,400
9340,223
9341,623
9342,625
9343,-175
9344,575
9345,675
9346,625
9347,675
9348,675
9349,-25
9350,525
9351,675
9352,425
9353,-75
9354,625
9355,625
9356,-125
9357,675
9358,400
9359,675
9360,150
9361,675
9362,-75
9363,673
9364,675
9365,675
9366,273
9367,-27
9368,150
9369,-127
9370,575
9371,573
9372,469
9373,400
9374,673
9375,673
9376,575
9377,-31
9378,625
9379,675
9380,675
9381,373
9382,573
9383,-75
9384,625
9385,625
9386,500
9387,673
9388,-200
9389,675
9390,496
9391,673
9392,675
9393,-25
9394,675
9395,675
9396,525
9397,673
9398,550
9399,575
9400,675
9401,575
9402,623
9403,625
9404,673
9405,400
9406,198
9407,-129
9408,400
9409,375
9410,625
9411,673
9412,-125
9413,675
9414,675
9415,-125
9416,-31
9417,523
9418,675
9419,-125
9420,525
9421,473
9422,625
9423,625
9424,-75
9425,-25
9426,-125
9427,425
9428,525
9429,573
9430,498
9431,425
9432,525
9433,669
9434,675
9435,675
9436,-125
9437,400
9438,675
9439,675
9440,675
9441,675
9442,625
9443,400
9444,625
9445,-27
9446,675
9447,423
9448,-125
9449,-200
9450,523
9451,625
9452,398
9453,625
9454,625
9455,625
9456,673
9457,425
9458,625
9459,675
9460,-77
9461,675
9462,471
9463,625
9464,-75
9465,-33
9466,-125
9467,-125
9468,675
9469,573
9470,675
9471,623
9472,675
9473,425
9474,623
9475,625
9476,275
9477,675
9478,625
9479,500
9480,625
9481,673
9482,675
9483,675
9484,-75
9485,-125
9486,573
9487,296
9488,671
9489,-27
9490,-125
9491,625
9492,675
9493,625
9494,621
9495,675
9496,473
9497,525
9498,621
9499,473
9500,675
9501,373
9502,575
9503,-133
9504,425
9505,675
9506,675
9507,625
9508,525
9509,675
9510,425
9511,673
9512,350
9513,546
9514,673
9515,573
9516,398
9517,423
9518,575
9519,350
9520,675
9521,623
9522,675
9523,300
9524,-79
9525,-31
9526,525
9527,550
9528,675
9529,625
9530,623
9531,575
9532,-100
9533,323
9534,575
9535,246
9536,675
9537,525
9538,675
9539,575
9540,669
9541,675
9542,375
9543,673
9544,625
9545,621
9546,625
9547,-75
9548,425
9549,-175
9550,623
9551,675
9552,625
9553,575
9554,-125
9555,-175
9556,425
9557,675
9558,575
9559,675
9560,-77
9561,575
9562,675
9563,673
9564,273
9565,621
9566,625
9567,-125
9568,625
9569,546
9570,675
9571,675
9572,625
9573,425
9574,523
9575,-25
9576,673
9577,625
9578,523
9579,523
9580,675
9581,348
9582,-75
9583,221
9584,675
9585,-75
9586,675
9587,500
9588,500
9589,-125
9590,-2
9591,550
9592,375
9593,675
9594,625
9595,575
9596,673
9597,-125
9598,625
9599,673
9600,675
9601,-125
9602,675
9603,675
9604,673
9605,473
9606,675
9607,675
9608,575
9609,675
9610,523
9611,371
9612,675
9613,675
9614,675
9615,673
9616,675
9617,-29
9618,525
9619,-75
9620,300
9621,673
9622,-29
9623,-202
9624,625
9625,-125
9626,525
9627,-27
9628,571
9629,675
9630,675
9631,625
9632,-75
9633,425
9634,675
9635,625
9636,675
9637,675
9638,-75
9639,350
9640,625
9641,-75
9642,623
9643,-77
9644,471
9645,548
9646,425
9647,675
9648,-75
9649,673
9650,-125
9651,373
9652,525
9653,150
9654,446
9655,673
9656,423
9657,675
9658,-75
9659,675
9660,625
9661,625
9662,-75
9663,-125
9664,-25
9665,-25
9666,525
9667,-125
9668,575
9669,623
9670,-75
9671,-125
9672,573
9673,625
9674,625
9675,675
9676,675
9677,571
9678,-75
9679,675
9680,-127
9681,625
9682,425
9683,575
9684,-125
9685,625
9686,623
9687,575
9688,621
9689,-325
9690,-81
9691,675
9692,-125
9693,625
9694,-125
9695,675
9696,525
9697,673
9698,575
9699,621
9700,675
9701,675
9702,673
9703,675
9704,675
9705,325
9706,625
9707,523
9708,625
9709,425
9710,625
9711,575
9712,-225
9713,450
9714,675
9715,500
9716,471
9717,-25
9718,575
9719,623
9720,675
9721,621
9722,-125
9723,675
9724,396
9725,623
9726,350
9727,675
9728,250
9729,623
9730,475
9731,-125
9732,-125
9733,675
9734,675
9735,348
9736,571
9737,-29
9738,675
9739,673
9740,675
9741,675
9742,625
9743,625
9744,625
9745,675
9746,273
9747,546
9748,675
9749,625
9750,675
9751,-125
9752,150
9753,348
9754,-75
9755,675
9756,675
9757,475
9758,350
9759,475
9760,425
9761,-127
9762,-125
9763,621
9764,625
9765,625
9766,200
9767,675
9768,-75
9769,-127
9770,675
9771,673
9772,425
9773,473
9774,675
9775,-125
9776,673
9777,621
9778,625
9779,-75
9780,623
9781,371
9782,675
9783,400
9784,375
9785,675
9786,673
9787,675
9788,673
9789,675
9790,675
9791,625
9792,625
9793,-75
9794,575
9795,-75
9796,621
9797,625
9798,423
9799,250
9800,273
9801,-125
9802,-77
9803,473
9804,625
9805,673
9806,675
9807,675
9808,-75
9809,325
9810,425
9811,400
9812,525
9813,-177
9814,625
9815,673
9816,623
9817,625
9818,-125
9819,621
9820,569
9821,625
9822,523
9823,675
9824,623
9825,625
9826,675
9827,675
9828,525
9829,-175
9830,-79
9831,625
9832,675
9833,-127
9834,525
9835,675
9836,669
9837,675
9838,675
9839,673
9840,625
9841,673
9842,623
9843,673
9844,-25
9845,550
9846,475
9847,617
9848,675
9849,500
9850,-129
9851,523
9852,675
9853,-27
9854,575
9855,625
9856,675
9857,575
9858,671
9859,675
9860,-125
9861,675
9862,575
9863,375
9864,621
9865,625
9866,675
9867,473
9868,675
9869,625
9870,425
9871,671
9872,669
9873,675
9874,-125
9875,-75
9876,525
9877,573
9878,525
9879,675
9880,625
9881,675
9882,325
9883,675
9884,671
9885,575
9886,621
9887,398
9888,675
9889,348
9890,625
9891,325
9892,573
9893,396
9894,623
9895,400
9896,-25
9897,525
9898,-27
9899,675
9900,675
9901,400
9902,248
9903,675
9904,675
9905,673
9906,442
9907,-75
9908,621
9909,398
9910,675
9911,475
9912,671
9913,571
9914,-29
9915,-127
9916,525
9917,425
9918,475
9919,575
9920,-179
9921,675
9922,675
9923,575
9924,675
9925,400
9926,575
9927,373
9928,675
9929,-125
9930,675
9931,500
9932,675
9933,575
9934,673
9935,548
9936,-27
9937,400
9938,675
9939,675
9940,-2
9941,675
9942,573
9943,625
9944,675
9945,673
9946,675
9947,-125
9948,625
9949,-75
9950,525
9951,494
9952,675
9953,575
9954,425
9955,-50
9956,625
9957,425
9958,625
9959,675
9960,425
9961,675
9962,625
9963,675
9964,675
9965,525
9966,-125
9967,-125
9968,-75
9969,523
9970,675
9971,575
9972,225
9973,625
9974,575
9975,625
9976,173
9977,675
9978,625
9979,-227
9980,625
9981,-75
9982,-125
9983,-27
9984,-125
9985,-229
9986,425
9987,675
9988,671
9989,625
9990,575
9991,675
9992,-75
9993,-177
9994,671
9995,350
9996,350
9997,673
9998,675
9999,623
10000,675
[[(4, 4), 0, -25], [(3, 4), 2, 50], [(3, 3), 2, 50], [(3, 2), 2, 250], [(3, 1), 0, 250], [(2, 1), 0, -25], [(1, 1), 0, -25], [(0, 1), 2, 150]]